# browser_rnd sample v1
ua: Mozilla/5.0 (X11; Ubuntu; Linux i686; rv:28.0) Gecko/20100101 Firefox/28.0
appName: Netscape
appVersion: 5.0 (X11)
platform: Linux i686
vendor: 
oscpu: Linux i686
cpuClass: 
language: en-US
hardwareConcurrency: 
deviceMemory: 
screen: 1024x768x24
date: Sat Jun 13 2026 11:31:56 GMT+0000 (UTC)
epoch: 1781350316296
count: 4096
---
0.8320381814739586
0.5010091765830458
0.7542204021451494
0.38507463691192034
0.3431866088845431
0.232160061930345
0.842455996866582
0.5706113921113009
0.4217608918012745
0.4054847428591456
0.5667311293012686
0.279776391502778
0.2936880675593092
0.5971643926345864
0.3871824596947149
0.40082347702848264
0.6659891296918475
0.33278508010776653
0.49619558170036926
0.9433262412634196
0.7247081491435788
0.7559585505567148
0.3804826132572915
0.1623541747545334
0.7522348059320518
0.9802173414328083
0.3090869983258283
0.2785362141523945
0.7839725237376234
0.2973104767027873
0.12869350133919122
0.16684466087105987
0.9049689421065199
0.8847522434858546
0.5689107519588048
0.12228431027011766
0.49903900338064944
0.9064537408949839
0.11273290069093567
0.8272733325763354
0.006075411273075204
0.9324929768435808
0.3711751863698657
0.9433534872123686
0.5176549513582906
0.417555793991474
0.8161184448686676
0.3289696584345866
0.8467135364496123
0.5723069948906461
0.6716855429303655
0.7454094025620195
0.5439765554911088
0.3379270249199191
0.7420126634520275
0.05459525034176693
0.701995549006498
0.3312763969199525
0.9620667375246067
0.33527394518967224
0.2870560066132227
0.5666267200787458
0.49820003465972484
0.048248498337148504
0.16988519590541695
0.47962347425362795
0.2964213633167049
0.366650115544212
0.9880031934196022
0.28012233931000186
0.0789026895496936
0.05384908281302425
0.46572392256133044
0.942767723692482
0.9230293284536968
0.8194550258336374
0.8422277984289548
0.20765813894270446
0.7223403517335693
0.9129583843768854
0.6137905998935048
0.8081702786991033
0.02499516898268661
0.824916945355626
0.8831683391855144
0.768989608264558
0.9729416052777944
0.3571922772817231
0.22730122979285827
0.024622353194989177
0.32374928960137905
0.9965928713055499
0.1439141363042099
0.7971399361854655
0.8271118288519288
0.480382393734042
0.8182550073535183
0.1416337005309417
0.5493096270052094
0.6774625577719803
0.16312680463658535
0.8188344454594889
0.09146497075285742
0.4256422183353653
0.8285325407964845
0.18657731743267092
0.031209668075452557
0.7632556546107514
0.15166701819395223
0.1152698445280308
0.3324245252172153
0.07249421172552784
0.8236529576105793
0.027246998977868198
0.9139993251221046
0.012167941061685839
0.3863333909743052
0.03587394377825304
0.04610071328736964
0.7592141811225057
0.5405959437077398
0.8174835348224347
0.7512247121846239
0.0011229407206020392
0.6471192168788995
0.2877124404103436
0.9273495639194014
0.3255492532892714
0.7310948704231269
0.3735260409734198
0.48179331715374907
0.13873522310567266
0.7643936500947036
0.17319896260002854
0.3669205633223044
0.010965540962552756
0.9918074659390402
0.578744731416414
0.04263053176109066
0.39513161137552844
0.5924133746024266
0.9987644630598832
0.5555988438883231
0.9935819253292102
0.022770118907886827
0.16441113960721465
0.12153399694681233
0.658786504580628
0.9755710685148536
0.12714248796196348
0.8242481560205543
0.6049461275414965
0.005542159094484189
0.4641623102023449
0.8041319864224207
0.880527705368644
0.5237871067859609
0.39592626976428114
0.09866115301127865
0.5058092310865934
0.04244634437397754
0.9898150678957915
0.11885202516865556
0.41486887956899776
0.2634503237078022
0.8750542369588685
0.5981229268033417
0.3580550440685272
0.8483116083330082
0.9261865633615782
0.7338059582349219
0.21882479270813227
0.4803145097036404
0.185879703019443
0.15659424283166612
0.777940545174242
0.13612487150511887
0.8925775384456647
0.3094977932401235
0.8183659341683974
0.3207568140116024
0.8544816479413816
0.7954205980417277
0.6058035118092918
0.38799739679332623
0.5685742498364684
0.26126064370005064
0.20266839837065265
0.9678038709505598
0.42187209388169367
0.42647345342452947
0.7773937455382826
0.9528526038695563
0.03182572432549835
0.9353288060085364
0.05631537292314104
0.45833264837696497
0.2837569957422854
0.814629757714325
0.3319840901730735
0.6622411583800005
0.9054521731286878
0.45245134935159914
0.9896067662184136
0.4578515454516987
0.4825064983814914
0.17849631475430527
0.34241745647819344
0.40568990056879795
0.6627410968188838
0.722953586657913
0.677132765627311
0.5592685669623038
0.9239908181954913
0.05828470139456199
0.8022461307928657
0.3569906303147792
0.6867872287150473
0.3871523215770839
0.06476792582700974
0.9220523024853405
0.7419383085597466
0.3297436833083164
0.7551196336931643
0.7928350077198728
0.9327325428048159
0.6850316642721683
0.055241839182459285
0.31819239607320493
0.7824715719913036
0.49305460462272843
0.20157739854311307
0.6952020854328095
0.2902626454093381
0.5090849906429457
0.3324428461571849
0.9013656147297558
0.4314780518622252
0.6155968403113046
0.5684024093983798
0.5789043965705972
0.9940157096118045
0.14422994952509072
0.23461074081523736
0.26571352335625886
0.2574714955162226
0.5574887797936404
0.7756921202654422
0.23569897286037345
0.6795603834172943
0.4487023383509171
0.83657502624781
0.6106384779290199
0.19260025223217037
0.358811080512227
0.18680310065368155
0.3363696713495219
0.9325985996973638
0.47983522282561564
0.6511947271403691
0.07802377322686471
0.22445885004064015
0.9174183826383753
0.9763250961239309
0.08218678942588842
0.4290499349538336
0.8186296202935577
0.6101561876539483
0.5782843811983526
0.8213589563981692
0.3362454115637038
0.7012415820702834
0.34715053276050023
0.013673422603457941
0.09702289138059028
0.2342849735951622
0.6716545111676541
0.5637162337806227
0.5690142330239478
0.11043214926139988
0.002424233958234878
0.3148832368499348
0.4817612266421176
0.15352828469684632
0.3211183609137557
0.7042090536393353
0.24324847575282738
0.4776738217298643
0.36436399828755217
0.74341463713268
0.1187821865383808
0.3867638246205263
0.5833899396446308
0.629365363714554
0.789500951236606
0.9932968467014999
0.9575505774171884
0.9724959261171493
0.7920139571382131
0.04159179527294543
0.5543486820783318
0.44523420114109025
0.2557009101501698
0.999651706975909
0.034230050673378476
0.2471833849108388
0.3004972724221011
0.3442659853995932
0.13533669739973575
0.15979782596573666
0.435527238385391
0.10554337973788674
0.5415693904169856
0.12051476710639353
0.30773631540854185
0.15992018046320822
0.4367243201508374
0.18478079614800313
0.18971373539505576
0.4647890781209103
0.47813327498726976
0.4641380545656333
0.6671849438552973
0.41324634805794014
0.88514968016345
0.1295123833468219
0.08919265110325059
0.754055834778482
0.8309882928668972
0.8510714514266983
0.477774321791538
0.06978065450378756
0.3508390703509171
0.10949827058516626
0.7589831381955501
0.6351340967293018
0.5348409089655045
0.6582510882801236
0.37338838458886436
0.5879537296190938
0.8614140753368562
0.04235825147019723
0.5517302670486759
0.7368035640721762
0.1446152398188707
0.48652246515011044
0.8001933007835831
0.0020611831616544896
0.7185916958451521
0.6537856112905618
0.42980144637748485
0.44144773240928503
0.16287716506320427
0.745732097776223
0.2857271720937121
0.04631102090421679
0.08418384161115622
0.16618490221787874
0.1848459490130212
0.011572917088294776
0.21351081453101806
0.5025753883811961
0.9536561720959962
0.9801037328669253
0.35180237558424277
0.892644172913643
0.373724348636588
0.8413886437850332
0.5030537124589377
0.938857237574149
0.7881036108755646
0.024701664419591318
0.8706760598299388
0.20889783577736354
0.5997136041364746
0.8686051313831527
0.26109693852888416
0.017821351519663797
0.4014577908373861
0.5714437929536303
0.8379853996372623
0.6259366717214228
0.01789441114778012
0.431604267384755
0.1011564009684599
0.20620476847260516
0.3095652974543469
0.5716621408569313
0.42612198210864494
0.9359208204323413
0.193626877816938
0.10714058411937055
0.4934216931906886
0.34967370037017065
0.9682156720974918
0.7684560741513757
0.4612782088805284
0.6540525167742611
0.6930207941740899
0.3137280324882339
0.7907883684286175
0.049296923008404936
0.07482389465641692
0.6804809037907814
0.2197739819991048
0.2290642797332988
0.03430693213452718
0.7158692030722804
0.49958054342918623
0.1367130861661503
0.8892168838656759
0.497906599394737
0.15852645866612847
0.7449792773056754
0.8790152655327369
0.7142829776053237
0.7363692409787782
0.09564799093915022
0.5774301673737059
0.3007035465061627
0.646068934690371
0.08679990900440637
0.5918666738701401
0.5572871041786418
0.062293643095179596
0.5274385111210841
0.8324212200427777
0.25941086657541723
0.010525605658995851
0.7927805917799772
0.5482843544561884
0.8584916121232088
0.13629064230661925
0.00821867690302791
0.2756053319438333
0.7285441339012427
0.47094778137668636
0.06594166274771507
0.8184309627315184
0.5559596716945092
0.878639587181133
0.935425022411211
0.39312067589806965
0.39279838871097517
0.7684185335548016
0.6674800045376769
0.10667796622315706
0.5979919113637184
0.08622803421001968
0.21127669300282337
0.010728532886678965
0.876202826124897
0.5633313448478136
0.6647328670755055
0.07541337348150456
0.8906905668721881
0.6909451712406334
0.8608871977729075
0.5612550546079614
0.47438346996909175
0.9152495380536246
0.2563514080314876
0.43209403287644454
0.29245964621637366
0.10260865750705517
0.9326635192589234
0.6484807375700576
0.9200898013997446
0.4117524186534667
0.14733962853414373
0.40844890847147053
0.6905973133567909
0.32783164231143525
0.278649279531508
0.6613839358444525
0.3421421206898272
0.762674529528371
0.19661556166170802
0.5107394458967902
0.445136950489617
0.8062358489655798
0.062467697009759515
0.4426446688248852
0.8279552917661427
0.9261441670947486
0.3097504871653777
0.6699832640769422
0.7350929005088502
0.15541706136248146
0.09252133866337231
0.26531480524765527
0.24979549138547963
0.08282750554200446
0.79954278406853
0.17104748689956406
0.5922672079366121
0.26606950328439427
0.3281039921580178
0.6215611852917676
0.26492609682558776
0.0247845752722734
0.6870823212556558
0.9895180624395553
0.6577737846325975
0.43867490392476827
0.15608175946384795
0.5773875459480651
0.6497991030117259
0.7753431963560427
0.6659620647504333
0.4152510932526292
0.9464359832841325
0.5031629408963229
0.2857990466608039
0.6972418487286953
0.37844804649230335
0.5063973738740676
0.7022925857298549
0.09151256260540275
0.1542139975372644
0.11294902556592534
0.35986596286473715
0.7924150462694182
0.10523887933842746
0.06953609949715489
0.49317634913950503
0.8486127409263369
0.29381840704646955
0.6547558165147498
0.628483257493445
0.9971376410269351
0.9621350460523633
0.7074090885259612
0.2562975638144508
0.9609414412778408
0.693665712608697
0.4656247165370284
0.2849612864448843
0.9262801694812975
0.8306329308882344
0.7617355979080567
0.5732840194854271
0.7063103559797873
0.6453327682552032
0.29852344840322376
0.3100888309328612
0.9185640619031235
0.4985240404286786
0.44436239996898586
0.25949717586251564
0.3565089188562358
0.23466575430121794
0.2279561808677728
0.9230084011134925
0.6191888695346474
0.3616399621609203
0.9877775118599912
0.4829067131091631
0.9779795899594826
0.14170029275309126
0.43698230759781276
0.9862541686227014
0.40578240610188054
0.5807365756546806
0.7414856437004237
0.6047057865469968
0.6715191935077497
0.44454872905257437
0.5770501344362008
0.9626086013644982
0.4115796986493584
0.8536736688440948
0.030651719548345446
0.4643233364653123
0.12991227294585783
0.7124111890084641
0.6420518086432372
0.27143438425456623
0.14973737657114028
0.21304621994922357
0.8434187396511523
0.08148945000653363
0.6424029523041639
0.9228660996191352
0.5480056933763389
0.14213755769786862
0.9926894310824397
0.509423519891067
0.6633061667463698
0.9980104016730019
0.9249112305122038
0.9885970136041912
0.8597723347875587
0.3124182861414456
0.01045080264219711
0.49035258200018417
0.013095201721996075
0.7319092427665224
0.4049003245021928
0.9287116126132713
0.3562105155708408
0.16896541944911503
0.9217749595389718
0.6352818127071503
0.5266070643513217
0.0665884694484794
0.8398011144186943
0.969809214840184
0.37517943058019765
0.17825131159330931
0.16207170908362867
0.15656142726785793
0.6147805177517282
0.14767091540342925
0.3978998969876749
0.11195308669349857
0.12979324738270115
0.7050828284427655
0.3219915312810643
0.8266768151798928
0.042455266372456446
0.6101750188143719
0.5805958207362241
0.9447039066035047
0.43733445244592295
0.5665650016907178
0.4605826540727086
0.54187097426454
0.9822666987510474
0.20868090020525365
0.6149341718632527
0.7483702559335814
0.552232074460362
0.9191335512749548
0.0469271376703041
0.7823124043351685
0.36205911893350495
0.6731434232106447
0.19532181739722254
0.16563296936362237
0.04451119294707573
0.32631251726755317
0.534162209424439
0.3789646315806111
0.5722230942600768
0.7630083842554987
0.7033310712987699
0.9786989887455587
0.9151197118923423
0.10485315653042382
0.8197931540012426
0.24731368752906524
0.8493633109030632
0.7422882490740992
0.28449802937395496
0.7771413963364364
0.3895390226264104
0.2969105462801589
0.09620385874968451
0.998109736072872
0.9027034812799638
0.7482536938098091
0.41102195903096317
0.5515817556968264
0.08108445373177553
0.8659139530007681
0.8452713860881133
0.5852791053644719
0.5996340763301802
0.7763968396335047
0.8092716928884455
0.49837083266299775
0.4653020353404911
0.963787341792567
0.9809909186616362
0.40116286590983463
0.7768094640314887
0.25432305702050084
0.8810055303119362
0.5704242940672084
0.8568676320681479
0.36717621125567546
0.3940170840205246
0.4792386065504295
0.4932006965310808
0.42722698275468873
0.9972106480405976
0.5593693150535117
0.33039472607486764
0.430337091743488
0.4020279971206676
0.7144810355699729
0.29150996847383814
0.027609409732856194
0.2934683973208633
0.744158521300083
0.27655723977707436
0.15234570582005602
0.8598184669805129
0.26151821507921436
0.28435320496947625
0.9518910726175202
0.8457518388865146
0.3913074726669419
0.5349335381393555
0.20628053853867911
0.9330283407170691
0.5207394060922835
0.13161706255154826
0.9165796392339567
0.3555615430244754
0.641911809106273
0.2949778138056617
0.02803736189022843
0.7894123940425044
0.37251074385199234
0.2253963023810407
0.3166462958382048
0.7233060582199236
0.5706007049384766
0.20652512165902925
0.3124317814134634
0.7115578532026252
0.5696551902041936
0.6489181245213552
0.7587679157767642
0.1388332618845186
0.45158231274689375
0.3912365715428767
0.514245237557159
0.3849562182090909
0.4483527963140751
0.7258595789996048
0.9920912369176675
0.5680188551003146
0.5169378951484036
0.29639041674183775
0.20187140312643148
0.3653349433554256
0.3676177001727474
0.22646411348979412
0.20917535774861118
0.7643182223337351
0.7423207354747711
0.5824258375278253
0.3612187595803692
0.9791560397494548
0.5375080188468764
0.5468639768298386
0.9397685677398933
0.1841878807992794
0.44521607113652384
0.48564526912799777
0.9975258092256183
0.1611869993900351
0.14622481405055732
0.42801414332722443
0.010076023033518955
0.4352828819883664
0.7309182524629468
0.347481693440713
0.6327451903607677
0.9830511129712859
0.9462566411694708
0.030644514318165172
0.2901742458033195
0.1363362931854375
0.07138155705448967
0.25173715363807136
0.5461528022388951
0.876662782107866
0.7097255548427129
0.43263632270537633
0.2022289806991847
0.3176270544315012
0.5521006761766575
0.9611987694201042
0.8558383633653116
0.8064544585802516
0.21309119299104662
0.8652291765643606
0.21217255808361057
0.7409424952194317
0.5721772957811017
0.5950382214865655
0.7887334876461248
0.8943013253836173
0.6613689092545185
0.2544648687090002
0.7774967684824406
0.7679417691283008
0.03272894514517388
0.7384015119826044
0.736833649750593
0.2510498976938602
0.7120184490683149
0.8842742169429954
0.4738179120480611
0.6558262299107368
0.2987963792534658
0.9255945448011834
0.9472702806650832
0.018556978909336275
0.5086590871857364
0.24761338226290996
0.27286997530286605
0.40922344682484235
0.4699057647701472
0.6882715187630343
0.9438891338336088
0.8761450828266217
0.3847678485370384
0.4020555199574326
0.19458239779557585
0.5671906368555072
0.7444418537692374
0.6100316403041136
0.027991304423787722
0.5153806453501614
0.14751679728823974
0.396244456737773
0.8058982989818391
0.5542441594625823
0.9129885566326543
0.07883115614193126
0.4558931240695855
0.8370810846400512
0.10190579992180893
0.5836163457013477
0.2889899930401507
0.47432088875365497
0.2657928375128552
0.6786162498036155
0.14096100815588097
0.8744573832751048
0.225346903665526
0.8897955377782624
0.051527520373483515
0.47657832478572837
0.44950866414487856
0.41158355661792845
0.9777778877781478
0.696297916059326
0.1528565796292326
0.3500712696632535
0.10165673293502464
0.071938893815096
0.05837676404124892
0.19247432534183662
0.13609699796848906
0.7941002194006781
0.8830122923507372
0.48336092259485963
0.6603430570091845
0.029285545068875374
0.9949967921946824
0.30630857124191435
0.9222396021672521
0.7070565674513019
0.36482925022981594
0.3190664594350643
0.7337372843217552
0.7302142056161967
0.8858480124993433
0.7709653307575722
0.055593028028488756
0.8888001030921392
0.3757140295195722
0.14323017439079255
0.6182195374621277
0.11124970172361603
0.08671468823365625
0.7960153849181326
0.4578645738089483
0.06981711327963236
0.3506509636070023
0.28039601265321457
0.5607777381397032
0.5724313415720955
0.06317266379503628
0.7792127628064168
0.9027485321467956
0.6194323383984848
0.0727777294817058
0.477582661351463
0.04737674660914981
0.48117431323470505
0.181293057358058
0.5320510122612575
0.12366168931406751
0.661273151007315
0.3855064031041997
0.7067747510531055
0.44197459764418623
0.15031326415574198
0.19371962860281167
0.6757908843877289
0.22720410716480477
0.9461190242346122
0.336346110098972
0.45233836175739717
0.9488418002288702
0.4192341936786811
0.9562758082401954
0.399365217901829
0.5100011940633826
0.7360424902902732
0.4125836105389571
0.7997671353607521
0.12084016359897454
0.21700107701771565
0.1602579162279869
0.020567751834795645
0.026583357924918283
0.2037479124925824
0.7789780113017942
0.8921650320782657
0.3863174818808772
0.7363832404615923
0.11557045854689507
0.04193167497553252
0.5059595829284047
0.1010140999125595
0.6776259522151336
0.5708724574838225
0.31727393646352176
0.09769001796321175
0.8698602007937906
0.6427045288176154
0.46454099206644905
0.7001474084105036
0.40015339241612347
0.26664143257416906
0.6114569879351286
0.6313186269473073
0.198804781801445
0.7983253841480664
0.6130708786532982
0.2623511709021442
0.4923903207906043
0.45776639195845803
0.011040504961504993
0.15792174133561399
0.25271264749836353
0.4688109154949459
0.9052172168009658
0.5369179441670321
0.1016847478851387
0.2615769605814763
0.6305447752777632
0.8951010647002854
0.8945898670523653
0.5474562414168856
0.8254841414357211
0.0451507354115489
0.6270117741661818
0.9756985415734222
0.41665348144642245
0.8695327631467833
0.014830976589945255
0.5112570132905823
0.7640983259083709
0.15291947983233178
0.08203474022003499
0.6354874754163795
0.7125837426613206
0.9634315302235763
0.3576891666659122
0.9644590005589837
0.5765270383432365
0.18575910375584204
0.8312740675033681
0.9040465359651256
0.14966587894501682
0.9742591807127715
0.6446827874119838
0.5166412602154175
0.675283454601968
0.0904152434342016
0.609540161938607
0.8612274117537135
0.33878864884182214
0.3165840613112806
0.030094016530054057
0.686739384355552
0.2516760164576808
0.3967439913259285
0.9847869202865442
0.5080261541923036
0.08436662440472242
0.24499771894902544
0.17371610526526993
0.7744147720114101
0.47515780773632543
0.48387189640388495
0.6745418465120185
0.0527780399200064
0.09348573024980966
0.7269948390823041
0.46600535299843837
0.8901765010557098
0.7679323272388457
0.40452258286849296
0.3760690424035421
0.29555783636879496
0.4028833050026832
0.3447229021594025
0.19079418833999517
0.5856617836436568
0.5024718919713554
0.7714157891254341
0.020421310630718836
0.6771920891676007
0.9964186895586962
0.8545076227506353
0.6607215297168006
0.7754814245182718
0.7196046844184388
0.4596459439145286
0.6105377909625239
0.8092892937817806
0.3356911698680827
0.2830605822870005
0.6105366319706388
0.892036481713211
0.7148271765757066
0.12894546305082344
0.0535431517634507
0.5516945476653298
0.7764607347754623
0.6892753061641451
0.38343268881723247
0.46471219880187775
0.5904977731133586
0.8197398613128389
0.6474047947435003
0.9537745974750899
0.09352854367997887
0.9705176969669267
0.6955666286526515
0.5648559670203283
0.12156795190146763
0.12690049623835797
0.13210408762843762
0.6259398105691022
0.5867330786356323
0.34231778237642463
0.013921023378635544
0.8079448574215461
0.5325074371727314
0.7051014646679996
0.46547810507802967
0.35780924610867726
0.49071824235871175
0.3703681605234629
0.8326645998877742
0.8543495931472971
0.033079363178442955
0.10968653585218546
0.7338879744750801
0.04942496010555797
0.6611296226310457
0.6837361088010806
0.3831675644527114
0.6001008819547511
0.2106217773489082
0.22695272391812982
0.8578702547589088
0.27192178678897305
0.7598953708304934
0.7481951933854271
0.5628279241865076
0.4990644053893746
0.6264918058925141
0.7977566144804588
0.0029272586615755047
0.024059274526343044
0.4122477288128792
0.328582801585134
0.11786511267587851
0.7079308392266987
0.2143286147778367
0.7883496533113173
0.8556129923896583
0.5010213108672756
0.05814143580995501
0.5190897993470915
0.36523709650386205
0.9954269706064677
0.3277914964835721
0.6123486832169247
0.17507057095581913
0.9418902416044863
0.4707255189541719
0.470388490169521
0.9888373666211787
0.6071543088335118
0.5354292527135857
0.4577480487951452
0.280177790653549
0.8722015772148242
0.1645244830280077
0.19250541302639712
0.6951279391287756
0.5274613521264027
0.5103373003194075
0.22287938385768002
0.3824565753182947
0.30798545827468715
0.1659852167841166
0.062344745772180965
0.7633645086604952
0.8297558998376482
0.6122584396594719
0.8152254533455146
0.924903059824744
0.7377011892798465
0.8690458325997242
0.9147690378954303
0.7755702738091335
0.05666338616197464
0.009783898901944532
0.8169942017741258
0.33689418392566484
0.9484710795191879
0.9483828387679206
0.8461432253547633
0.06141465974121385
0.8214378111209677
0.44031060095101493
0.7713592980807003
0.865327254408272
0.01301993768529175
0.5529926451224376
0.1092483309907788
0.6431526900339396
0.07203123739003503
0.9554110802389824
0.593273589680188
0.39214878825777055
0.003726302409170379
0.25276400246423814
0.7284710044130822
0.7157820896964208
0.7092283617007435
0.24927228663665735
0.8587613011170248
0.3984284615046988
0.2501916734456948
0.4606971306173451
0.7141751930973123
0.9475735510336722
0.5002521070327465
0.4178593386459576
0.976595710494316
0.4851350650415882
0.2067342652812858
0.3034262920444296
0.005162195448867757
0.13613114745793098
0.4792468858893876
0.24646085800799045
0.4962681912213769
0.1107701058210473
0.24621309340498576
0.16270172231177937
0.5181254248211293
0.0051384088621762025
0.27604529460668237
0.37327170202134285
0.05615507658994101
0.45601572375278954
0.9465891161801597
0.3604873986626841
0.9330058595733943
0.17694693190169097
0.06462495604498808
0.9266695692416784
0.725788555094898
0.5755529426913206
0.686629145700399
0.7103306399452449
0.09315482853128598
0.6061634932839659
0.07266145687757819
0.48384186855206646
0.7461377187337449
0.24720666506148592
0.6171593623255794
0.9076600117030652
0.14921002497846936
0.009391801805303635
0.8435837019446611
0.4484186939757939
0.9218061286628035
0.17857339126069105
0.3242742431391986
0.9816677010381842
0.8255913016848845
0.07628556503958206
0.6925380714713143
0.19476858579372847
0.1690523557205178
0.48128837885879927
0.750907373944495
0.2814326040867092
0.4385221326497514
0.4970684476239914
0.047667457748713504
0.576613017195529
0.9735391374895642
0.5730879172607138
0.19317018600847002
0.7189403577717361
0.5444834356255877
0.09167797702680969
0.6181113510102911
0.6476161007622601
0.7617181234981485
0.9178235446113606
0.43786525853467073
0.24165661082807743
0.3480055740462674
0.5756889364891333
0.5801336695003929
0.6916055359660906
0.43975594708977306
0.2635839049598183
0.3575799673035339
0.7573098775220959
0.24770516537013898
0.7481729657494982
0.22278404898165094
0.9100811653247641
0.6039081559775911
0.28908096070360323
0.5297670087024391
0.9835398741803917
0.14947261131877454
0.13665030412407908
0.7444991004141268
0.3646674956726489
0.17624706038759663
0.8184565340013397
0.6962180787731712
0.945068017226768
0.42571685036250206
0.3842902400892114
0.14204990984598764
0.022166082799475406
0.46964985944341564
0.014665556898692644
0.12933673731004236
0.09104621380922207
0.6495734789012897
0.9145161795871811
0.3832420731819315
0.9998645457005036
0.9359532611591368
0.21159214541682925
0.221616907999725
0.25523976689961625
0.4829824509194899
0.65817181524564
0.3047741300871927
0.358757952227035
0.10118099394585178
0.29505491460118594
0.8647332458017222
0.931701457270353
0.34754171862985084
0.8784046589088802
0.926661263388049
0.04233923062230294
0.44175003011757263
0.7928576870327108
0.434649442580919
0.5885922740534194
0.7570429866324
0.3784229800870703
0.12463003136911344
0.8086144604903642
0.20556238868877108
0.08404179573252257
0.44915096296145895
0.9928055061088352
0.44059581544373594
0.6272826138873617
0.8518905150405937
0.2529997498370914
0.4318882112893405
0.38749645433711966
0.21420827396281028
0.7680502694049011
0.635246358681043
0.5888597480881959
0.3516922512728302
0.2697555144779836
0.6739466879165801
0.4400830601989547
0.025576918826234918
0.6590507877565089
0.17699702191042987
0.2891660560631696
0.052069998595170475
0.5496148291989942
0.1780909659342561
0.024430149158667258
0.7420407146593614
0.22451753937681274
0.2691332454875186
0.40716232246869477
0.08418584811751995
0.9612615552063832
0.5235033433668614
0.7565547856874039
0.7967041337344317
0.9315468771611648
0.056763557838854894
0.42422686134658405
0.615673599711758
0.914315084615147
0.9763069022508671
0.793467054991454
0.9627403790359215
0.8741047359697182
0.38647942188703066
0.117434940611022
0.4403919382631005
0.051477652381192396
0.061999994849794904
0.3709136121409846
0.44000119154136275
0.5882514297083699
0.38004083480357664
0.4318056392309262
0.5159925610965975
0.8675003486216508
0.11011956713155535
0.3314166195389747
0.07889477317119753
0.6867632930354769
0.70099415163845
0.01667195619638484
0.3907093965080741
0.10262434052204605
0.7750399781840357
0.052764422672905154
0.8079380342548449
0.2858073732818973
0.6431282047688849
0.9613310520655917
0.71077539978083
0.008153459126450158
0.7868130540982247
0.4371101241019504
0.5813893184808124
0.44632590343784495
0.4196750630565599
0.5151301367071605
0.24987288035289346
0.8318143249332173
0.4359561318524058
0.8708342044565516
0.4133680749483555
0.10278623280288868
0.28216171872268825
0.8271450851999164
0.1520239880771721
0.12056029425229797
0.5460939285842535
0.3153277452838905
0.31486748872748194
0.2019529088996811
0.3478189340712766
0.9906072135486585
0.3293271408759464
0.6884756163135615
0.9383608353221723
0.9388521417458204
0.20006651719306712
0.02433786291923068
0.2644533200033179
0.9272349609018671
0.20594605898495044
0.3474358521141314
0.641469492914453
0.9496318078487113
0.07834738079277725
0.9109851315279799
0.0916891690248105
0.8966267071419696
0.2497574786611273
0.7481808779389345
0.3513523311839758
0.5403360229820856
0.0984249480639855
0.8682463131736644
0.027486122141949787
0.665870794531307
0.9830637262615657
0.9294568151151137
0.894282040805741
0.10410622127982638
0.26099426472505727
0.7732029160487335
0.858839035884189
0.6245290195373195
0.4137765459426729
0.42288297796650454
0.6973772491530241
0.1322848800314136
0.8663021674672862
0.15239202681630393
0.2655660915956144
0.38015005840085947
0.07847839913999088
0.011200263485214301
0.5203997197867256
0.4540023608110346
0.013049701659436641
0.7564913753010429
0.3560916249940418
0.6194687274927057
0.13876736830739078
0.4875569629277936
0.9527494287900979
0.7277778521014462
0.7150312314371098
0.40362018699704805
0.06412985969930829
0.27044781769366855
0.2222920246370843
0.01348862001871487
0.4295633533356814
0.34529087883914
0.4519166261127616
0.8139119507491848
0.2851757023552013
0.25031811327071485
0.9498826083060237
0.9232479383203903
0.7708249142824982
0.15747925198620893
0.22058282116052375
0.4080154562070456
0.8817088948052092
0.3347735505513407
0.34018439668239153
0.07214089306586635
0.497389587815371
0.6831201396223026
0.4034008471390106
0.29218022095741136
0.9360179715191776
0.9334770449122349
0.5332000635231671
0.07652565351045482
0.42783338205525645
0.7100500656068439
0.01988479616961958
0.9025827885942492
0.8795497887398327
0.8070340084396848
0.5241467481342774
0.043130150723471594
0.310030386556453
0.44918062906360545
0.17810875227828105
0.0315498611699343
0.3776915429328347
0.010588989920221503
0.8490344512598069
0.6353449192280874
0.49136551692487007
0.6514655048686556
0.7922980881629388
0.20833469513266667
0.0988908885471298
0.5992024520683751
0.41337178214557757
0.5741471889714899
0.8814886848249598
0.34797570465828953
0.883001296255751
0.6571029998652516
0.7470207671954583
0.880163333716873
0.9054054574767336
0.9213125505595573
0.7115169104902666
0.12323882990130886
0.02624867468590475
0.30478453696221675
0.9858952064623007
0.2473940616988649
0.4852997032945171
0.7425705651190181
0.8435902727290734
0.08199866325291305
0.7681041030672592
0.5614467115144983
0.134842111853251
0.8831039954236348
0.6916619084378014
0.9983603958521333
0.6346881464848716
0.9195516120455309
0.07101599774871226
0.8458463162857671
0.7642394963576147
0.8618476634015783
0.7568206433616657
0.7598428251962954
0.6086120178239058
0.7558158956484372
0.10837401672763303
0.07881584670949604
0.5699214170073803
0.44214415469951607
0.7722624003291605
0.09782477190648664
0.4400409911333939
0.6432900129032249
0.9736774921055457
0.6171404507332928
0.15535960841894525
0.5808136148001897
0.3956332954884151
0.2422528731386644
0.004566285853253693
0.9090564782245267
0.12072183991144125
0.3505819686925026
0.6005274328780332
0.9551874100126859
0.04071199197369013
0.8599319403782116
0.4986110386906142
0.7409874147271199
0.6012094839654479
0.934706015480894
0.9463520698989576
0.028348006765183675
0.7417598982780111
0.5481248468409412
0.883141567078908
0.6783078514077765
0.41619114872746454
0.38216873156378917
0.9736614828622836
0.9425550032669
0.13365528101559754
0.8916900500715621
0.15507643218256928
0.9166733350947346
0.5477441695621968
0.48511911784854633
0.9055320484091387
0.27601318850727474
0.23921718985952845
0.6814129422886482
0.2002994497585493
0.5879178755565081
0.48729360830997615
0.7913733797920799
0.9119435575595779
0.9481394609600435
0.0051255879037021
0.14118720984927524
0.23218297972509527
0.4246285439102654
0.32698299395815356
0.1070175757399382
0.545647377375707
0.808484325498044
0.7778439801153008
0.2617027296584933
0.0695277843100367
0.4697030779976217
0.7305003794449011
0.748094555292367
0.48815442998290504
0.6944644060056344
0.16095058294953002
0.5882958039171909
0.7578254354517332
0.7410464348884657
0.3497663034222147
0.014031803066845927
0.23474890442971974
0.9930624149008878
0.945284677970133
0.060618551606161475
0.28775007541499387
0.011563083764920878
0.5038898621000126
0.6054662407077498
0.5974342166387457
0.9916505178655406
0.05331391687596543
0.7517831314400553
0.41478502700738096
0.11460062916877212
0.1867990553150286
0.959122028817918
0.15471719998428402
0.5530934828407943
0.6891292431288741
0.6046373837210328
0.8338911989192385
0.4350015206115565
0.7199516342981358
0.7223981741714225
0.0271370790019968
0.9002879762700426
0.13547339874884123
0.5128281991251523
0.2131232072559539
0.49591889301606584
0.6165329654610888
0.840321589001547
0.6074452758215805
0.5452939858646921
0.8892093461955106
0.3443085685519549
0.8400993317713475
0.801552839503042
0.47354663848742085
0.9775222959645578
0.12434225165038348
0.6482149489409831
0.07663511779444032
0.7549448530382807
0.8852318760712089
0.34596324294819913
0.9582048024350588
0.24788670124476242
0.1686778575820853
0.34098249854875573
0.3400506999208813
0.8898802800208425
0.5356240279441323
0.44811566898903177
0.20502363776042942
0.4745455176427271
0.5610212256950093
0.80120244369297
0.636984052995293
0.3203111378933654
0.5035394538125464
0.8233163202466713
0.19003101502684472
0.4528522824638891
0.18950662256012307
0.1112177245055711
0.6434817180412034
0.8133318167038496
0.663350805417473
0.051192353276573344
0.8984919344714526
0.9390088508837623
0.6968612886727162
0.18754533864811906
0.7028708202869803
0.7825048614639621
0.8208736036979121
0.8503740273998772
0.3525585364232232
0.33699420448774153
0.1455218572911653
0.31584258492200257
0.5113984346521845
0.516812461587594
0.8689916407254833
0.8200345771472864
0.815250373603802
0.306452605484415
0.03974520483341981
0.07655974702652701
0.9821546691146528
0.5356454609742044
0.8334799548732871
0.5584443892260216
0.7371718321612492
0.7641976076537468
0.33362031886403976
0.6964347348050484
0.9786856617669809
0.6674863346057288
0.5629320341696801
0.3186954725992396
0.26237242972139907
0.001987932177295093
0.3038872220869341
0.11098651534680082
0.859702765602169
0.6999420746116426
0.06669716145489313
0.6117527057309269
0.35975634831563663
0.8932316076531194
0.41646933721095203
0.2731631716595573
0.02629427329929024
0.6987836626389538
0.7547341465092562
0.4169878719373984
0.8964477723854326
0.4112746134105415
0.5656253832575439
0.4933011009058007
0.9130456803774649
0.343647900118364
0.08328817088424256
0.9103529445466703
0.21951787563237302
0.9319302093605752
0.3146272105293829
0.8455513165774191
0.11447501035235286
0.8780582807139522
0.3602961784918113
0.8703487296643865
0.06247990025415351
0.042905154244288424
0.016869836172519803
0.925929582668439
0.5881892375163497
0.5214208181086503
0.7144278878605489
0.17194526119233944
0.8429586119195311
0.8327794201980038
0.9463197373736717
0.4971460387470039
0.1261682490203152
0.4406513122471898
0.4816680602797656
0.028609959040719612
0.6679401940430929
0.8821949721982527
0.8162077907850894
0.8053710216343721
0.5355824191309195
0.6290901832556263
0.5133467793650806
0.8926000271365193
0.6130090956808308
0.4299106896919679
0.3148731610877641
0.604093167275235
0.22055018518737268
0.290361125191122
0.15952341351955457
0.17367533313722439
0.09197794876144993
0.436378976623083
0.5376643112185774
0.17022599931822935
0.1062417353845263
0.5748299398090911
0.9316311434837758
0.18638785157144755
0.38331661448897947
0.5175006528732905
0.44380326580880636
0.8476192742554587
0.09673525006017669
0.7663196311380359
0.09828770409721521
0.9861039197662184
0.629787003622838
0.9712143662321193
0.7171196952403561
0.903131446102092
0.5080316948548494
0.2667380539939517
0.7181792150136735
0.003915961977288052
0.8776896783168585
0.369576797539117
0.6595607059979718
0.7304194087061441
0.16763468937828074
0.9762746368088839
0.8639226526355935
0.6405993275851363
0.9721283810345227
0.4389896373429808
0.9963828525697404
0.6866016775038313
0.12210151680610237
0.9168219131119713
0.04081386036179835
0.22977092112478126
0.374699012311973
0.201229927095383
0.7219325769490985
0.096951459383248
0.14397152236946187
0.1962786726102016
0.05436691018374995
0.03040569469517307
0.22000919543547148
0.5979398549830477
0.3649211216040791
0.21277573521885684
0.4794782865360512
0.6613903991519879
0.8305512731406355
0.15886738994362748
0.1774345102206174
0.07123230884317966
0.30210042744081733
0.15763654296921625
0.5284516792842436
0.8367839033783401
0.942632976746823
0.6206095629181793
0.9345179437419258
0.8230682539140604
0.9992461892869197
0.14707095097888656
0.3978161142135884
0.9978518098941588
0.8485260653409644
0.8517033311373752
0.3684185731448544
0.7260625135373954
0.30835420044210593
0.5169656784089424
0.5200913100590371
0.47514341188365516
0.09256044461273749
0.43034812203954464
0.7218158570255273
0.10837393860783906
0.1999563897897254
0.3457427704806424
0.778301647384152
0.5379182757087407
0.9755726274221829
0.8685213629721703
0.3496757367747565
0.885336223511318
0.5594627202694612
0.70551269523862
0.8287005546805452
0.4545185496208479
0.44722532060659625
0.6439238165664896
0.8532847381070956
0.7604859280422833
0.9264351659403091
0.8273507703292455
0.5627159445935674
0.5772163963779253
0.22446251145096086
0.8823763749980771
0.6679584902383646
0.4686434191491291
0.30570021210562615
0.7158535323696807
0.8995232909636913
0.5491928093708756
0.39000576254888486
0.3508249648244788
0.42083078587715395
0.2837035229659086
0.4292057604532088
0.998131024458505
0.3506523301507054
0.9813040010831809
0.9747984407852529
0.6711093982523874
0.6251293685257483
0.263791787244097
0.09752920405716192
0.042391547348206826
0.04803346324009983
0.19629164583972414
0.2783039393448433
0.9146528448771705
0.5273448906309445
0.956442749761762
0.47994230832535845
0.6312746486647437
0.176890833525982
0.8880932625261003
0.9305641639927064
0.9882277970001465
0.17369919182729998
0.5364563884953741
0.5019396999921538
0.7250892756740752
0.004887284151972038
0.793908832969911
0.9499243201788107
0.4709549566972592
0.012319050240643947
0.5990891565821973
0.6991369504174437
0.1001126052105511
0.9489285651851884
0.7266801279298504
0.30033087570978323
0.8126915212415727
0.5975218019635479
0.08123554689049317
0.16644440709121588
0.8971063794095112
0.3710319875541923
0.5656388140323348
0.7021079979327707
0.05396445313763287
0.21261907852813278
0.033256864896963
0.481423392904037
0.3652067749490412
0.044666632355681024
0.05257977634858124
0.7001197499561794
0.47760588937294923
0.47764475201410783
0.21411301312762743
0.7307304874983696
0.3363438521322767
0.48297070784157003
0.49151555858853235
0.24322341190754815
0.8522459855720013
0.2584135387830935
0.7324538839051831
0.018556651822190018
0.21534730441919692
0.5702529316232563
0.6993686014736942
0.278920712564411
0.17782032730628128
0.44331643343350935
0.20632640952819536
0.0859672305747704
0.5208943088701398
0.18818356765760402
0.8053573377274758
0.11711319417517241
0.09324755442306476
0.4042590439874696
0.16415357605252234
0.9200489901690654
0.26245608635127016
0.7780817049788036
0.7467322207480688
0.5668674899774715
0.35643359303894273
0.2081494692905449
0.6596418148787795
0.4817704429674047
0.6883989198101708
0.030705145348123186
0.5585182147890343
0.10009747483853693
0.05675896807525205
0.8953415735689956
0.3232725195226951
0.9314621742084772
0.19039666415487955
0.14494880878286975
0.8049198460643763
0.5460688971616559
0.470205091792539
0.39144017246546436
0.3230347052691942
0.980822550664377
0.39931013096609536
0.34685809119180444
0.7500452010422367
0.0706331917129367
0.7172761576633845
0.8688742760703775
0.9570544175260297
0.25035599683227583
0.7576902698171648
0.6103635971683895
0.11560484468412457
0.44409643168977775
0.6338725275901457
0.6246445083892711
0.8507772136738027
0.7611493443593614
0.104060998818152
0.7711430041662781
0.5232422460594863
0.8516298440137399
0.5152720704435876
0.7906513777545126
0.9813605237716668
0.9398929711190297
0.05413812187086453
0.47501693559384117
0.9691516766419512
0.7501280324337483
0.6433757795132162
0.44301003333389666
0.001931328296469359
0.7660527944305132
0.2141405205272625
0.6522845617992382
0.9286400718595119
0.5254213249717439
0.7573735829529027
0.9267584132125846
0.5883660849344904
0.9400993058487136
0.5113499461794179
0.45940545630553853
0.9382888882601973
0.9537481742298695
0.8779870398910585
0.4623643670467993
0.7812487225831465
0.2017001516006749
0.1770754440112562
0.8794339552586239
0.7533724096125968
0.7213942133558267
0.14544473943140468
0.35043869601865074
0.5456631800964029
0.17678220022630453
0.16717892070476403
0.4226120780607987
0.42818852685221176
0.5064040675488446
0.5813471324664967
0.34105967073876275
0.02147662830622521
0.38236943013642744
0.055318043793086136
0.6185275179231619
0.9169584973470567
0.37627206941747615
0.9345763676608894
0.9841159474743305
0.18676969639162366
0.26810325664861157
0.6840625897724242
0.2412427379579234
0.0429517009429059
0.5055183431501159
0.02140825640687527
0.02707352530566942
0.907069923084006
0.4233508191005685
0.10904054062387047
0.4588015846861727
0.9334917865029005
0.4670562344460989
0.21998170714168097
0.17657337401624174
0.5930446420216854
0.32880827228465836
0.6212703066274092
0.34851949183518494
0.26850042756758563
0.6012577374327904
0.029282731477314305
0.7902659639150853
0.9393096335009647
0.28150468475969137
0.8828352782616699
0.469463693751351
0.9402348945855785
0.21662264964736766
0.8527984742906549
0.31528872389960627
0.4670096997825831
0.372113223205105
0.4610567050920561
0.4335296777650134
0.971875729396163
0.625958203166248
0.41699819886162925
0.539792889925657
0.8428275334538476
0.6434756351556419
0.2963216036297349
0.6665199297548416
0.7926208411727198
0.27197505942305955
0.4847970740878311
0.97392589685273
0.19707696895000926
0.8092464485112884
0.8887215356019159
0.8006315226229952
0.21694204873796807
0.44620618483011076
0.774159016860597
0.926675574665516
0.9135370686915953
0.1615629076111751
0.23865874254906838
0.38975856467580694
0.7256605896256014
0.35515453199715574
0.2419951742383759
0.09498250320532975
0.6136830221825464
0.5466472207283977
0.8265757985644719
0.8890158564555557
0.896497702755683
0.5375761852234445
0.14351382911582422
0.731526510741172
0.3079704808892245
0.5372469674111011
0.16696500632142797
0.08988998908490153
0.08175658903154459
0.886804947210919
0.5271783959808533
0.7075939461854128
0.9368291805852698
0.18082038208781803
0.7218139291715251
0.45242416561432464
0.6807918492749726
0.7820245562879661
0.07542946182141275
0.037431509118186934
0.774022332421343
0.9523723400106641
0.20864314289825558
0.025842851774270925
0.604922934775427
0.08239509968745673
0.45132732270740084
0.6804935132946486
0.41502807398898356
0.7908474415794137
0.5882925030518268
0.8990228132938309
0.7824475236055581
0.9879395364969984
0.561271082868194
0.6879880176218868
0.32309900715220596
0.347986714024055
0.2676121977139815
0.3722164003184907
0.8014114548363171
0.021096754264100293
0.393950759340605
0.010128931247647133
0.1556563597852233
0.828553693189497
0.3022149486738951
0.2914336286382032
0.03779103694637709
0.6328475124584328
0.34568849626066545
0.5304996832098542
0.3436747311346954
0.05083645655409175
0.6344452806866757
0.23688916412747962
0.8667443104050957
0.1873191230791752
0.19232522011533437
0.14393504919901923
0.6467138461861817
0.60633182471106
0.6517226315774676
0.5069205738442312
0.8045875054068305
0.32877567609504976
0.11780892198391368
0.9443272399725878
0.6562536438316452
0.24751795226719753
0.6004138875865584
0.08878386823267692
0.6791525967330048
0.984899548246326
0.4596407714254014
0.8387626875111207
0.46998868463343235
0.8826215030362062
0.6403922433783605
0.057732869240400664
0.17618272571095495
0.5102707719283962
0.08133567272466025
0.1543954918943301
0.009738329641445831
0.8062856975362537
0.5754382020776633
0.0957885107512586
0.35942132419073436
0.7239503826658159
0.5320528646566017
0.05446400223976833
0.7056289666315779
0.04504555432897517
0.5446392198752573
0.07160421126345096
0.012051300726971137
0.8450740462249274
0.4035534501527458
0.8298567405513511
0.5192043403413499
0.9465163524392017
0.20994395212735917
0.8728338200952291
0.8971407124828206
0.5803621658303483
0.5446407327008392
0.382633851247867
0.5281204791376627
0.39120201637223784
0.22502773215080518
0.9324082546958099
0.28475093286582387
0.8674527183793779
0.043239642364863884
0.46791033737272314
0.5450812076373787
0.2558290262848779
0.020625232187864495
0.1401268907597143
0.3433636564563254
0.02796313187831223
0.13627180625895163
0.5105074674207517
0.49367077496854284
0.007112755992662478
0.19148661736767336
0.08097042621913031
0.24328305671206563
0.33418741574181854
0.4574819726678325
0.06277845732113496
0.5137395360388981
0.5548619531282719
0.02011367112936313
0.7915409902398727
0.06966931134973187
0.24333477422297178
0.28337255971416986
0.22001453584079367
0.018999342159376043
0.7433280927702034
0.9224317186461469
0.4760359575252202
0.8928596544248912
0.8032159816703316
0.6874023283380503
0.5598382057524514
0.17948442192702152
0.10970535610953425
0.8505539831776259
0.8731618127479087
0.5936332817697958
0.9832838169348856
0.7626054065966017
0.42198925023817446
0.5515343267586482
0.7886879133198518
0.9377944775610669
0.21539410073146426
0.2910763954703569
0.9349335897540787
0.32278700032513297
0.5949100808057639
0.8279551466627775
0.6919905378696346
0.9210855963823322
0.9719898295529003
0.4707036320853897
0.43497040661304254
0.7424520097171868
0.7255368777090518
0.9310151310569014
0.34173879185791134
0.125956801609856
0.8171586825629262
0.1604919442225886
0.01614896304108482
0.8456228943154803
0.018702307036191024
0.9209310617786546
0.9866352342955749
0.04923057468293068
0.5147989222079531
0.7524835154504625
0.5386925023929714
0.0037027601019665735
0.04255642191918518
0.4425015652519989
0.879807556637052
0.824591960782471
0.6612048408389436
0.31761357699501236
0.20669694413989947
0.8525403315539566
0.7064118822060363
0.6825437184075877
0.8472452688480594
0.10618779631913333
0.4771512614117819
0.511419773255606
0.2833265609493728
0.2888525960900188
0.7274196008598555
0.06078905336202567
0.5257309669740166
0.15541207202682727
0.09076208482524262
0.4182889818417368
0.00870734913990856
0.6561618210255002
0.15248151021985878
0.1268953527080947
0.8991723659105914
0.16603348544359453
0.0025684985599415677
0.9318980190982841
0.47442449414153054
0.2804028720224172
0.7518059826938895
0.3862302733654366
0.012241716936815972
0.11282159791498925
0.6741635676928671
0.5195044422947629
0.4585299637892657
0.7653571829762706
0.3505130237004821
0.02708343671292124
0.9902282945233485
0.6588278063641276
0.43185912842467833
0.46774375278631464
0.47496675774047237
0.7080697310076304
0.4146945553632698
0.7719627621818732
0.7440107433396725
0.9064771649839298
0.12675150402869384
0.9575890995632169
0.5413158085903131
0.7444050014225908
0.45833694602865727
0.32563168948196286
0.9890552009408076
0.027627796086944323
0.24260209001862554
0.5661298992553699
0.4187718767116839
0.08489858688258889
0.08751130527523499
0.14254317839764552
0.45734557727539016
0.057753589992151855
0.3929390825748237
0.04282556886608935
0.3282547845712027
0.9510601895808479
0.7482382897039233
0.48632718348101855
0.4311522268706649
0.38940670221614015
0.39878674720337504
0.45789052653133977
0.39656204197492584
0.5722847973258075
0.4944332893546117
0.003987365919109753
0.9775452085717288
0.7501162556532023
0.3884283601067873
0.07046685774441475
0.33646939425990896
0.6535278395817077
0.34233864318073326
0.2874637324508872
0.5125584208446337
0.699879197218206
0.6106089882726052
0.5142407948916193
0.11468511391728275
0.4739007590905603
0.027848760878120826
0.14521704556838821
0.5739109788840437
0.9333996346804015
0.9025846058371415
0.14815931068141008
0.611564843334443
0.026343408622703457
0.2331345536304239
0.5564916278220351
0.9311917862589251
0.9222332215602025
0.004423571169632989
0.6699031297747428
0.5264926824821546
0.8585291347854661
0.598973639663302
0.5309125162232422
0.41241386850264106
0.6819921633084671
0.16096677596949371
0.33977213882411794
0.03283524727778209
0.525159144701655
0.08919203426567601
0.34607344800335105
0.07584462254660673
0.6997679267303787
0.7028528409992625
0.4126398494063598
0.9363745936161234
0.811802308060032
0.5236242446556704
0.8857717007772244
0.6060180055114927
0.3069272035217071
0.5480143344697882
0.6256328568037188
0.3411263379182873
0.140436535864079
0.34599742719546445
0.05154626091995451
0.06283525633938525
0.0324377702952966
0.815051603767091
0.8391916883480105
0.07644956209408571
0.8168481789538625
0.9431462516612018
0.4701754549637247
0.3626602855396047
0.7218804143637519
0.9898901890868579
0.17916920034921868
0.3893540961609041
0.03004540136277889
0.08196449515062698
0.96979012294251
0.12031576773804187
0.45730303866494426
0.3371282383026608
0.27762288007037295
0.6559121463941312
0.7638421876508286
0.28049982407008267
0.5472590868898439
0.7308865118869703
0.5630733758666308
0.4974800629972074
0.4599572341218695
0.11567989950501223
0.030768842418655296
0.17959773462947182
0.7995025389319202
0.8202361661769371
0.23288649209203405
0.462722128322842
0.9760724185713711
0.8830358695553331
0.08846549958296623
0.23150116244088415
0.041390124533000505
0.44314354193504557
0.5630832942358387
0.3695478624897701
0.6231756721220629
0.7393417894681532
0.5487147305855665
0.271811932815165
0.5828795614022323
0.6579647849145862
0.027436318169998808
0.8037372432720923
0.3579114170827584
0.45983267228296154
0.5392695679509479
0.7912201674713564
0.8880523833543331
0.35672777511787757
0.678559138468683
0.556047644187671
0.745466492625085
0.6791420302789899
0.32863326433266615
0.9734080949247689
0.5887028060954395
0.47956481219391944
0.6110953565767859
0.02123212870991642
0.34330685443781883
0.5493686163447365
0.07394687249544518
0.8155343877191957
0.5751361775667055
0.9923899302998174
0.4718439178332656
0.6815914441995122
0.3672017209858618
0.6945909066854329
0.6021409440215024
0.8977053620103196
0.6368329874652064
0.2567271751390626
0.05197645350341462
0.3664659411670743
0.23719165694612188
0.21573569669708692
0.38450784196996657
0.6178392297210448
0.3756349805311212
0.670595970998789
0.24650328647261555
0.22907366210418012
0.8511566559841766
0.749706753427354
0.11485052569362553
0.9583295376101353
0.3641094599794569
0.7093597242345764
0.9161442214387816
0.6321009372524716
0.6836407506968828
0.8366801721233504
0.5513642806901354
0.10091440815798092
0.7717480648949674
0.7454443945219505
0.4367603037706189
0.38345154528375536
0.0575890405214603
0.09947231323143502
0.5324076167703765
0.4561574558405518
0.9316562197272403
0.2758325321226368
0.9715029584415527
0.013561037031121548
0.18665368778795455
0.988886855590367
0.32631868076121784
0.923946718023883
0.5703896365621504
0.436239728551555
0.7508365367442609
0.03568194496788113
0.835724854671989
0.09894716255782843
0.7254331164527325
0.4514180030413708
0.6735939863502671
0.9308794184768681
0.8955908237566909
0.38054673734466116
0.6973432280822648
0.3059198933146915
0.544460068184413
0.20470885312519105
0.21010406761435163
0.7567221979281085
0.56819939270347
0.44681432163784673
0.8316499487775242
0.23503667448521104
0.43337219372520464
0.9209491000710268
0.18715868567407756
0.35115605113011383
0.4872803368318437
0.4587063527226791
0.76753043528524
0.8088195780530053
0.1649660475657786
0.25689472539747815
0.7593874740525629
0.041953777697661954
0.0907156002221795
0.07224006684561257
0.11260832869868442
0.8809169450395226
0.8072493782806953
0.20061098052759785
0.36422602756504086
0.9284537964417028
0.8823849687655928
0.42146321880640625
0.7697458030554788
0.20935563620098618
0.44081097837256666
0.8626109199603829
0.1064154073909026
0.5728604163564003
0.7477111438944091
0.046097970084421735
0.1077064003190491
0.2731161225506439
0.3313299655319888
0.21285592135785314
0.8642424695858265
0.13057022042445854
0.27317214656253175
0.3919995064852808
0.6836367911282862
0.6859365491163775
0.717380424298001
0.5800242933614845
0.8401770400823239
0.7984304665454313
0.3549372132911125
0.8258360169755149
0.36502358308392924
0.21125199847598564
0.6236876239511685
0.9794539713689216
0.528562409987157
0.7098357265413944
0.631782469029494
0.3553960134470382
0.9487814957805849
0.6321753184481924
0.3599921067024935
0.5861660651864089
0.32301530088383057
0.6555694796579666
0.5274426206032076
0.4969293921110769
0.6251291361116124
0.9804257181299542
0.6156782270887017
0.9193749980175469
0.236191468474808
0.2592963078203504
0.937555052356547
0.980928372725579
0.8839086409017192
0.8781113103936018
0.3103227139307899
0.5548918889451019
0.45457344444894
0.4866112526001869
0.8463522622876931
0.23775470890515704
0.711005323536952
0.996271946595422
0.6103201114378671
0.4318271195321527
0.7009362794349536
0.616552733661538
0.4082592959553938
0.8545193578716511
0.17252380771376508
0.884088499257473
0.7717411849032314
0.06999846102781881
0.6271479284875222
0.054484880836629834
0.2795520046964657
0.4446206527170786
0.7343766583169794
0.6726650353317869
0.7195802907579497
0.2644512019927564
0.7099603133301141
0.6152558807653502
0.23523280778486222
0.6213476498247944
0.9149419105919279
0.40728983464307644
0.5235483105189428
0.07349607913495881
0.37244733772269534
0.1555384063159696
0.356279747818674
0.01695456786075955
0.1184456342804725
0.0120817333720028
0.18056720055090658
0.1666717417436916
0.303746091344158
0.6842583795437901
0.32242558602102867
0.5386126110011316
0.7467258966332831
0.140927963241959
0.36412239210062347
0.849037664270808
0.19975768992090337
0.33001850148364276
0.5956226745871936
0.3026456217992951
0.9370343727267741
0.41861979490807066
0.0506295182060883
0.32820391707230734
0.3974635474071978
0.7944224493556474
0.5293504347202358
0.938455521082422
0.5235316913256061
0.8260920891561464
0.18297129215706998
0.040504000432030285
0.1255139973353061
0.17020645015164015
0.6889209316183802
0.20354401753357998
0.0701329509836629
0.23367317616898464
0.7813613195833375
0.10271695071467135
0.34374473876605605
0.2530839896206487
0.9179397103325506
0.10103684982328454
0.07235951697615628
0.33625120372067463
0.16169063159426966
0.2057450951333598
0.3942780463095794
0.726210387972564
0.9360773018008461
0.94111650005413
0.6758535561075056
0.49426327769875045
0.17151344537459323
0.516653611824926
0.9368646294288182
0.8461730087689687
0.503308212801149
0.037770051164326746
0.5092112337231328
0.23441352836425466
0.6038283643430641
0.40547798114545763
0.8911224024927044
0.5094137950673678
0.43577338282332356
0.9822581494055223
0.47879120133317343
0.41402652260711836
0.19881111449690425
0.06320611817861677
0.35832849037585823
0.8279901302557805
0.008422407512141183
0.6847113794622833
0.6231541874175351
0.3029421034528492
0.8936554388307391
0.32734060926764774
0.7454207534234566
0.5935802333561994
0.529591846958517
0.6252603784070677
0.3747904911836575
0.08685808452851718
0.23067783667091712
0.2814482225431566
0.5638650299182436
0.25863957052161635
0.12267579183032329
0.00610595880515874
0.8267910651865337
0.5460267838864791
0.08384292627615075
0.445102092905852
0.626044327714273
0.3136142913394432
0.00004501307094639806
0.7459352020849411
0.8521188152189968
0.9132120111583478
0.11386545282148242
0.6206235055671673
0.611826230229579
0.1891181344131243
0.7643707265958205
0.5080903065780539
0.17313621316376215
0.16481238067893955
0.6120451315206513
0.7130291032900474
0.22796483041875193
0.061978892791156204
0.5225096786947151
0.20389580116751016
0.7290455606425844
0.24905751239863783
0.6429906683788308
0.0895899720462453
0.4329932269496163
0.1940607272531184
0.8471062035903998
0.6625509462012236
0.9388980215057645
0.005183104982619646
0.6463892153860339
0.2954086910027284
0.45026332088808163
0.6827687234957353
0.8710681451259777
0.40899320828051045
0.7078278131514293
0.7774914503659612
0.9079775057856124
0.19142083880644523
0.5417884181241435
0.7521417800628958
0.050072182272802634
0.7411392058979167
0.27416771197071965
0.9782032326020375
0.5598708442717594
0.8312270495306351
0.7655456366134225
0.9634400218969774
0.3782555770911401
0.5479093776123867
0.24510218095192582
0.10300723242729826
0.02040629460798793
0.6431617153711541
0.18889388443754196
0.9741332808408151
0.0922499369895533
0.5594424642623166
0.4185142672891248
0.953213996446671
0.033656291674559746
0.7340049733483889
0.28076384896418627
0.7241964877903735
0.14871358523208011
0.9709064219829631
0.23868282389751605
0.06841975708654768
0.7187688043700012
0.3807438421352314
0.45527611328742934
0.17861873389430305
0.01051879464085248
0.6313115073514566
0.983485718393275
0.6235868335829572
0.289290581848483
0.026789064310297372
0.9894439966913676
0.0050316145324375006
0.5267499494520058
0.23873223338228067
0.030765963419727926
0.2944468225036251
0.35262948285833007
0.34905366171789687
0.7876168106345517
0.8153636805246388
0.9416690467347197
0.23334416866446384
0.8015165138340559
0.8451327410162962
0.9498121151896373
0.21229958787058256
0.7153202834604457
0.8504270647874642
0.31780471408994715
0.32968206229650654
0.2275402399532379
0.4419465580618901
0.7456932990863142
0.5771587458461072
0.47515013590405086
0.23634219246864896
0.9083211177857711
0.8795251998550675
0.8412412768588545
0.9471679860722239
0.029773320860216224
0.6782344352396489
0.2473751657191492
0.1917075144948065
0.2638226176709788
0.5068167040214274
0.8352038044740496
0.6968113036669985
0.43777942350746
0.03868978719577909
0.5679060544643046
0.8144197627804091
0.10875111671850113
0.7060224988372412
0.6892148532930401
0.5162360000133962
0.5541676719279328
0.13772918402580858
0.16628605360640136
0.32705159997822475
0.272531521956048
0.34533668846649956
0.21238718302589166
0.9775176760068579
0.8057014681847405
0.7973789616646619
0.7363600535524969
0.9096924376907557
0.21062234659197743
0.26613933020553093
0.09803843415817903
0.1524855815522571
0.30626299596563644
0.6049737416502062
0.862277976701936
0.49915909485717747
0.9006272053698553
0.4201128087255819
0.3389828455574082
0.36533276961862116
0.5630538175291103
0.9377545195158306
0.5724890055800818
0.18348215219171005
0.14862345064877924
0.2354232159729016
0.10089202869846314
0.698705328303003
0.20434092464892073
0.40598490843326585
0.2443826691019969
0.07057450302456902
0.5908645878620157
0.1533729064579643
0.9013806073522135
0.2571767982365252
0.13890431037756001
0.7809915979412158
0.832233305478012
0.7599883364010352
0.9260123676737362
0.5269305802046909
0.19247328036477396
0.4420142440187793
0.8073426537150757
0.7245354191462084
0.6411038428531266
0.7966666877113434
0.16305490291375824
0.3225448619256296
0.6941096155604501
0.7411418411444443
0.4353930126403863
0.8859192624957544
0.11936536403811782
0.7355958448609929
0.9200670279850407
0.3166480490689201
0.07634236498605984
0.788208752582108
0.4494209611293202
0.183239053245705
0.39248871679926556
0.6962649464198563
0.0589693307802287
0.7282558706431327
0.8378863471371455
0.6946669404023218
0.46423744559612823
0.3351839338643504
0.5107641964803152
0.53583896290214
0.19144182893283657
0.4790697879047745
0.4786732020960255
0.9087658132747413
0.5033984611065717
0.959792223573599
0.6336058082927462
0.01995121135106115
0.8411487576922659
0.522487969387197
0.3140690428704602
0.10536934778080098
0.36214391965688175
0.8065689093890055
0.6230963223124817
0.6200218700517741
0.2974306573150871
0.9329311807830565
0.5284109123599079
0.8605023831961021
0.27313204183469275
0.9383715592339585
0.7694290250220812
0.8160085317877014
0.4456199068868131
0.6968898339177668
0.3155182273225394
0.11453209276740961
0.2851251896708292
0.9294701805217924
0.6209029988347394
0.03349518050741962
0.10913610853343259
0.397098636491775
0.2038356477612091
0.6778910256646332
0.014783762570690806
0.3961879222317154
0.14112775148274537
0.5940258011806044
0.6885175806956412
0.23124470684948728
0.9138635754532908
0.283247789687913
0.6817242603986305
0.42652850895077143
0.6660935424189894
0.30758880654451193
0.13254490993961854
0.056615826420674975
0.3455324443710983
0.9380319104712175
0.5869976662174932
0.7251966269048893
0.3837636527972649
0.5861587363886597
0.5266133191661923
0.40209474624625274
0.5431770588718597
0.581218691393414
0.44514457313167444
0.5404178135529116
0.3088450430374977
0.20720112250653977
0.8335095707242375
0.6389060339697415
0.7357674627789317
0.2982809303131845
0.22998317048296602
0.6889638099963363
0.9753932496608821
0.10604717612770598
0.5717501101360893
0.7515215341685043
0.8000522003524522
0.5982129820626211
0.44428641698999694
0.2457896968106641
0.3199082261713756
0.8260442729154518
0.4666363552053303
0.40013081664735506
0.7442705342275034
0.5065341792780653
0.9735045533334418
0.7146892270365015
0.47757701692143295
0.5053885272649731
0.3591835456420881
0.21608278242617873
0.06008975698946717
0.4781772867675419
0.9336894382399975
0.7463742969567022
0.46431969306695264
0.5295458258680039
0.9080794528569779
0.5217048392970656
0.040423796386191535
0.38416857731025633
0.17377662959930074
0.7203851844645336
0.967294745023118
0.22816745581662645
0.8698290297826962
0.9159054665053075
0.4107895116169765
0.0760055542647946
0.34238165741388527
0.7572373838904422
0.7165202338662372
0.2454065705523727
0.992241456836593
0.41696710942098536
0.8718566944334795
0.28163881202394747
0.6792668347994447
0.9772117192464699
0.16026691844500662
0.46254193440712443
0.806415492519878
0.10393496298517146
0.4008483736582251
0.8369640224398944
0.9416345099431167
0.07219361690995729
0.4168795339864305
0.6018147494576748
0.8523799796475561
0.44800832402715607
0.409447220788984
0.5067305010047662
0.12540344051318097
0.5069680632433949
0.7256826252243366
0.8903854748270323
0.12354502082397756
0.7753406449314287
0.10586475215225077
0.8987725420759977
0.8916242008784677
0.9163762250296064
0.8696270725828184
0.4133162558898189
0.7651207114110022
0.5526544695619221
0.6587293264397639
0.22546965655652385
0.8581900577617086
0.5147403550766699
0.2923335579803512
0.03448559784335958
0.31165912986817645
0.43707761489024866
0.010449148803558073
0.9163421918918756
0.16699942585080485
0.5839627746072508
0.8821892801502651
0.014341385389553873
0.9988764811625027
0.28160678668601813
0.4377067348289079
0.3356883262331941
0.9867263613439826
0.35670560694081277
0.6461542330985479
0.7033985477129998
0.9349108770603647
0.53760479155029
0.2067409487031059
0.10916896878228521
0.8613551378975896
0.8610572403478959
0.7459329925162135
0.9403876120614928
0.16617274585673458
0.7457378540252134
0.9210728379314361
0.8132464911125107
0.06463517668798502
0.543091904012288
0.6191686590433333
0.03396034825682115
0.9229435565199013
0.056759044598719055
0.40933159498512195
0.03138388853685836
0.3706127997393709
0.7337284169366606
0.15831501496067613
0.45685876979372275
0.5798793506179472
0.9735440665669919
0.250836935287836
0.03091030376757098
0.9003956535459247
0.27629479920130307
0.16984299931367097
0.631453924822925
0.11657547481036734
0.7557858769601673
0.2865938866494243
0.5644593405753219
0.9553066074162057
0.8812043807284318
0.5864381019370211
0.4355603328941955
0.11334834416938766
0.17875415852598275
0.7133567042365241
0.5498864796719287
0.9965827873036827
0.02415013421460932
0.15484459512016902
0.3074327168221678
0.5673909941928237
0.5875260360204387
0.6084175858137651
0.6325715253356908
0.18177630368219444
0.454223381473814
0.5720130767220711
0.0788510867165425
0.06445824432245639
0.43809418046007265
0.9827769684004578
0.8840128941922432
0.11801314634347437
0.6283629069496975
0.29220738503651233
0.9152003412516898
0.09123792535596198
0.7667586424308347
0.7103512673409708
0.14061930959156432
0.7422658733529788
0.6385409927180207
0.47772730706235433
0.9914509722084779
0.5235644629529502
0.279208610262234
0.9308745632622232
0.7366057055434475
0.4887969768230812
0.44809247579303124
0.8159032671398215
0.782946597779095
0.5756309641493434
0.0007004118100017998
0.774150358686813
0.6348993283351695
0.1539287837078709
0.5035932750035468
0.17501926114502153
0.09990518633917467
0.7453560171242632
0.6787377991937471
0.5033096639060459
0.20996231080244243
0.11829630489204157
0.03869410827289832
0.32182005184045204
0.24453967382624886
0.5410616119039805
0.37966115560781843
0.4247316307389356
0.18643714696163805
0.8367393005600392
0.6363164957690072
0.1732594940707214
0.919704560757356
0.024618384796512793
0.9705514921884927
0.16228319494711618
0.4875209172912772
0.7559895653360241
0.8656165387907543
0.30514535720071945
0.7679746763125676
0.45621421426181363
0.4278556132853829
0.1435336106556092
0.9969749680422547
0.07031015566623133
0.06012296635988501
0.6903377742557887
0.6700621963283614
0.575902810595397
0.16413886201257177
0.39560055361622504
0.48867611093162944
0.9752422723616424
0.5534560346199565
0.8891569310302921
0.1814783782990862
0.3070882302727894
0.8143713997442668
0.9982835798059918
0.22761533879429463
0.3296164537173256
0.9390329439971258
0.16465652112709894
0.7363462268903156
0.9171016816611722
0.1731545729915145
0.7921416385491337
0.9962508611548366
0.8859840826990022
0.17016657529111923
0.24541924329605724
0.49727011347808225
0.9200268882217355
0.22429331387419282
0.18917056821602518
0.5501211647212528
0.4996256773486806
0.5669632320029286
0.7085304125485592
0.9801690326043667
0.25693020454574866
0.45412116487771836
0.18373696821383523
0.7566246717948393
0.9762919753504965
0.0464263018262796
0.20538617748310573
0.832979153784382
0.5386518929089036
0.8899838070534624
0.91142474040074
0.9208721411821754
0.4688342148533754
0.14217150225767605
0.0029923184414264448
0.39713259742519014
0.3863144055096466
0.5552877196052176
0.3534502540541611
0.052518019525064075
0.5828798385584932
0.6301602283712969
0.5634101561829659
0.9307180560382865
0.15470454946263057
0.28251985747128927
0.03430300121961527
0.07747714840467712
0.6017098667059582
0.8268573010128982
0.1340055084443903
0.6222300330434976
0.5736851934484923
0.07564483328352001
0.8102670781724423
0.24843293827821766
0.4904941436169489
0.8762191789735796
0.5711573507317939
0.7738124768090188
0.09279308761727945
0.4632858404901109
0.09648082920557344
0.2580431836363487
0.590040785382118
0.5919190451562786
0.8700819473489051
0.7829035300708748
0.9641789697367926
0.534095528352067
0.13018983201341827
0.8087500700239559
0.16021599609959258
0.6712149718568831
0.1234292207676837
0.80118717982721
0.3490462237093652
0.5957229389402575
0.11785035971935187
0.643100286542173
0.1831905728028007
0.34686737400714795
0.8813070731905417
0.19975844589430325
0.9827442261954419
0.6487829627120815
0.3637389831046206
0.2884817423201733
0.08666936333900332
0.793511977853049
0.13539036135535398
0.21940816889119874
0.18367290823779858
0.11723453455343535
0.7277247700833163
0.02018295703684836
0.2972597216672792
0.8548947299825977
0.3997706035109442
0.4349336111567518
0.24115443665676806
0.5265737660946531
0.009860513391034997
0.796681482419846
0.7841356197176119
0.9083747028133958
0.6112025012160177
0.9123812666421088
0.46742850485740994
0.07124809462508608
0.10944879533136076
0.1710676259677648
0.003153154806023628
0.9331012351894378
0.8214038093746463
0.18812801132603285
0.44892735388582583
0.26269815850505085
0.0562396856262386
0.43250958795381755
0.9015742235061137
0.09827178888053512
0.9040647042165015
0.4487068784373862
0.28198697612265766
0.09943308451904365
0.26141569494986205
0.48166646922127554
0.8935541233236881
0.43787661807283895
0.7492227728530079
0.540283657087406
0.8281503765818085
0.45054597902533466
0.586020966456656
0.19395511926797582
0.9665497562172896
0.42833627815841835
0.667660049789095
0.6866908295640836
0.27421956026926053
0.5940753157964216
0.07449024592659181
0.27457746839471675
0.32880438157583014
0.535438748915205
0.9779782016699784
0.04492459140586613
0.5322122472299023
0.10161910926300421
0.4509342924634502
0.859214052644503
0.2580652425188481
0.04698195251610193
0.9990083228955517
0.47701176007963464
0.2643795441529825
0.5106073946926044
0.7258380675813932
0.36429069568243366
0.0616905272206516
0.7575281061824404
0.920211227314981
0.16715238343540384
0.5684410286495177
0.4756400902800093
0.5108274928975318
0.3407237359682257
0.3083015346384538
0.32167614440599934
0.27272501900904966
0.9630445482888921
0.6081932888077616
0.34029557641614716
0.8891614048384909
0.33505089003103805
0.741136618104473
0.34225856859838377
0.9737156113060109
0.5702976249874997
0.7246482623813479
0.320817089464314
0.9396050106687215
0.01185346057355463
0.5332630965370658
0.5098686089146897
0.16668677587281544
0.9788400087265924
0.8128575895795712
0.7430826601911341
0.26134070683876154
0.04137624260751105
0.7948031032338408
0.3601245851014735
0.33040612863495145
0.7502278840442674
0.9995793759684837
0.024264956573692764
0.09757291413848013
0.5062515292516209
0.49233007609187973
0.46507682212473134
0.3791027179453551
0.04476096150279263
0.9069432590773024
0.34058737952841256
0.9054829322145401
0.8312333990307307
0.19059185176743376
0.12516446191332298
0.7265932401538129
0.5173117651389596
0.037270480692613295
0.17258262972208194
0.47019013266098597
0.48984833612987233
0.2767165088266791
0.8781273258078693
0.5369923468316405
0.46077438243863744
0.06420486588544438
0.16925986304260832
0.9103758136171591
0.9918688497297803
0.5770576302050526
0.39127996788488206
0.6346640017478344
0.8260392479671891
0.06531116488453659
0.022586854055580474
0.17322584881733016
0.905515823502578
0.5268347947506282
0.5535535282315707
0.796069582819479
0.9973999394662603
0.9812968749077209
0.29369338188176
0.8663484167733491
0.9182963880540691
0.3027257073987315
0.8337121165591536
0.3961692624495101
0.45229840108641284
0.8370138267013767
0.38220199705126556
0.524323248508508
0.19038311444656464
0.5785664557560881
0.2211495960004375
0.6320329798728098
0.684314729028303
0.5093959136702015
0.08009243592363557
0.6575381058292084
0.5044409863125553
0.8143156544411932
0.31567329631381835
0.7963169801301866
0.0183080758229085
0.0774890024781062
0.40150617650565756
0.18096956185198143
0.9658084925855405
0.23843921082835529
0.3826807126039803
0.3232623599510859
0.19661429443344325
0.039729380650725066
0.6298969179684121
0.07056349029864817
0.25693878426826655
0.9338715853008102
0.4401355623192543
0.5798719453418751
0.8652072285867537
0.9336270855341587
0.7739337533669017
0.34487217881497345
0.7000075278373268
0.687710123198168
0.6937494429004302
0.624921471773969
0.3387297101010879
0.1430101944689579
0.8735627508084877
0.7196038677063749
0.6315934061549546
0.5147984433222973
0.8867752467741412
0.4084616674401199
0.27330010418500783
0.9279863534787397
0.8476338392333748
0.5327412046629452
0.843337564210839
0.01535521431774789
0.38081858351620135
0.13446711361559527
0.12600129048878195
0.9627779149050878
0.8244985426900119
0.7878848117481206
0.09248852425949794
0.976804683770428
0.034073745857620796
0.7592885496477894
0.5299578985312859
0.9165869687387102
0.14698534750994263
0.41347814974945074
0.9362383088824929
0.8799650752738014
0.19338997016978066
0.8485644146546044
0.9639081711936892
0.86264609418612
0.4931586858492264
0.08556998792450932
0.393756646718311
0.21975110654760943
0.3665746845636876
0.2652483009057307
0.34517668468488594
0.5506116601141989
0.8042679847248381
0.21177080580143426
0.18982884292700297
0.8005470046287035
0.3913397709112666
0.4114082972316755
0.4249543210216912
0.8274556722752612
0.9612926224521358
0.9240592339014605
0.5840041816818236
0.4164060551521589
0.16729715394400668
0.996454562158542
0.1147914308561172
0.7420122136440143
0.40148971099838204
0.17809470358073987
0.03916070352528478
0.576233188402123
0.2674099001991086
0.5544513360814073
0.1232108136607496
0.11833503456258132
0.11635027048692603
0.3066929865535185
0.2333927405941275
0.18410669130463375
0.9953053113318013
0.18316981413068945
0.5313464158516341
0.633022480586011
0.7223704237943884
0.6251203100062283
0.16912741762907235
0.334895212765735
0.7048557698808853
0.22753778357054322
0.18651429190330837
0.6816658304367008
0.5460439001817753
0.9358627651174629
0.383376568829082
0.6353266954195067
0.4484342764915842
0.8801426187470337
0.042621840794098476
0.5695775672362878
0.9144817680967049
0.030526940762557908
0.5130300325968328
0.7106648274946328
0.27025019081360346
0.9214437832942834
0.8263217361764428
0.811955498961239
0.09306609586960723
0.5365281649416166
0.7190965879706162
0.8071501172507011
0.7111721225290579
0.07235091852628217
0.6578166892702352
0.5786393332470827
0.5615433188800493
0.7062226656893118
0.7237991876933625
0.6503609527248586
0.341443611388037
0.6818239880975215
0.5052213809175631
0.5686157044438994
0.5699640342677857
0.9961397583338237
0.4644301929204604
0.9696515629755037
0.3876982819361495
0.7221516994211729
0.601387783753217
0.8494279674753696
0.16587499431411012
0.533970467720792
0.6178732123630046
0.34882286196182755
0.7706805364949096
0.31456429194836255
0.20210000976367337
0.4466471512847703
0.13416999721636313
0.8209686252144153
0.49969770535355784
0.3131824281442107
0.12007806229737372
0.2578370394571312
0.31454522456389256
0.7185599915394438
0.5410056475468477
0.2674208714433194
0.09173254184912916
0.8131498170111284
0.582872328098599
0.28254087682959783
0.274966443289667
0.8012307259497758
0.8231881859301099
0.40884180576900475
0.20202485022180694
0.5145636905855668
0.49161351752668614
0.0035960737828214517
0.30440395060053826
0.659092460115497
0.6144380084303475
0.9005504675753309
0.011090398005813462
0.5558467003462825
0.20902600743875266
0.793785522494073
0.42143121184508214
0.5262247649036019
0.7499376504998079
0.6382842934993047
0.5083616352857437
0.6821846746721335
0.7153505181726331
0.05088356903659019
0.34079165280513135
0.7734733952270872
0.14056980382587592
0.6025070709777551
0.5727397874557855
0.9168760844977177
0.754829572949875
0.58105706732524
0.2368426444573124
0.4865686198654501
0.4582515954131302
0.27406696517493534
0.7011572834968771
0.18000824143099892
0.6077420580447006
0.07119442902596496
0.5007128093981457
0.2903984172745966
0.8237711384445205
0.7188608043895096
0.6390565265219883
0.5146164180879916
0.8043934837215988
0.8728192810732148
0.8700790087228257
0.20459248313471712
0.9385329344352367
0.6891610511832529
0.416691613111448
0.8304820990260285
0.3474679089195727
0.5702447650195612
0.5604691036521917
0.5655737739703579
0.3516181585751601
0.3392616070770178
0.5451588070228257
0.3257266190859056
0.2591482116420929
0.05562484399253487
0.2769970220613557
0.30023342083253546
0.8035660575961823
0.40309869179178204
0.37606256006180816
0.9963565241842973
0.5194103327546549
0.08355891225320633
0.23543602303882438
0.08638546170564121
0.838282946545698
0.9315030417378781
0.8787227888410283
0.8939167698057081
0.7118983614135062
0.5279056484484543
0.5715366672778407
0.18515771091672262
0.12448477303223471
0.9367397804889285
0.3388300288499341
0.0414081294882549
0.9437862760919564
0.8134629067403427
0.7674957068037439
0.980474715020986
0.17807963846698005
0.5419920941848786
0.7324545694434281
0.16762505521241577
0.8560327996459027
0.24516931123306873
0.9744820665629511
0.5107894487172371
0.4268966099456172
0.4834450273477464
0.7793158558962368
0.6700701012167193
0.7904356070680778
0.2074841765175498
0.36012609412445373
0.5282196332118773
0.8091668472157816
0.06262555440622575
0.9292183291859655
0.46660123510589735
0.42989105380001
0.45660196364649386
0.8598787343071704
0.8702452486287853
0.34716341562745034
0.8966553541714687
0.7855601461139916
0.6459684681504405
0.47826577500991185
0.9781573504676385
0.9611462461905065
0.17912320484008926
0.38740624909583454
0.06407239040611978
0.7198207641626373
0.07739583807043471
0.1962861821444546
0.13307732679367912
0.39910720127784804
0.25417549644599835
0.4488380006747339
0.49387750966209265
0.6809338411483533
0.3893648409264935
0.8598525722410943
0.064236505095281
0.8931179241627225
0.5721073799734068
0.870377580046052
0.6954625395087695
0.4534517097408388
0.9777561575239477
0.45718352613162017
0.5865719305358245
0.3026125109703268
0.7605113849313754
0.6992572421833007
0.17707582265563326
0.8684074969282171
0.9535051823572415
0.1911973035730079
0.03331352888021377
0.8314035794735753
0.059713659540302944
0.5115496763175033
0.1504817967508829
0.7207812155534193
0.1899281632477916
0.6035361126019277
0.780986677262077
0.15929043004875
0.058118812950180065
0.10629129473945476
0.36947039889784916
0.3974763226849882
0.8798750035946439
0.38663996859956773
0.4258428053736867
0.629880316884489
0.23620965790718873
0.2646079097964247
0.1998731058364368
0.46971251315390894
0.2628647679813825
0.20027590860441502
0.8343746387227989
0.8735295607632635
0.10435788902417142
0.015249155079454235
0.2687413813808307
0.7537415037900029
0.4323606806661028
0.058929030490494916
0.5405720883782906
0.49431035929126677
0.9696020782624909
0.09793783170875436
0.2903440067845654
0.5937916288435531
0.3833402628171356
0.10646171114457748
0.2125750635726631
0.6999098694336755
0.6165492090453195
0.5659404239546452
0.9166396095165771
0.3711477711576977
0.7103171968556533
0.8444470634779205
0.16137968096987065
0.0033675895945614043
0.437555959246525
0.7192650470579308
0.7098803520292786
0.4932729040626802
0.6159711821660382
0.1305829938566364
0.11425370738228724
0.375557414932735
0.7973460960362234
0.8098932428505051
0.5850034461795636
0.36687713525813914
0.14054187134624252
0.5135930017426398
0.7255178960097841
0.47732050491151057
0.6672200363649734
0.21045140175234145
0.3194662686192654
0.10884102684342678
0.7721432332154063
0.7210201352833286
0.547349269051569
0.850155329323093
0.8140131223321967
0.9877287110334017
0.9781818396735249
0.9988989561022696
0.8481546180154796
0.3663202818948569
0.43326258208066604
0.1943711733466058
0.07895846405512541
0.07244731105906987
0.3512103888695277
0.9279891496407288
0.40784458045146965
0.1916608872021861
0.5969262689008471
0.11361104319736814
0.5316109812402443
0.4666912837361642
0.7518637472823246
0.346176297045804
0.4063841755913149
0.41283161665690227
0.7989691395287953
0.9546507670165012
0.5339887419426896
0.1804004603519367
0.7728783569154211
0.4640533543118983
0.4504053138834312
0.9826730606465637
0.3844340331637648
0.6213798227765389
0.00008759641622380077
0.8383355314620813
0.8483136149311056
0.711528405949584
0.46526092756583315
0.8394296770416029
0.143534676435775
0.4918710529305719
0.3859259570478847
0.14892061738351692
0.7188314398057529
0.7079032630791109
0.9541431829253869
0.45643348177547916
0.21837204565215296
0.8174444474033118
0.1952752975968366
0.6763692976602248
0.14801338234430006
0.2471495546643908
0.7592156040620092
0.25952428652333426
0.5282663864759114
0.23263231111379956
0.03623314077513484
0.6075009211595801
0.4873716678180291
0.052289026442800646
0.4849157225959768
0.7286132548451687
0.4363613462179704
0.25495119879381667
0.5137944873695419
0.4546528151878476
0.937710380401148
0.30278405057569846
0.9935844840516119
0.2497956429140158
0.6301561710110352
0.9033874490039878
0.4935780312590119
0.8860951184247325
0.6044928706964985
0.18884450178144951
0.6335783473526728
0.03441911621552096
0.4386224453988766
0.8145021694982112
0.5218634488031082
0.12535423604526874
0.6948718433950408
0.996557576670563
0.11002079245045382
0.6715139330224977
0.058561617181473236
0.4850623046727254
0.437095950493781
0.6108512618493219
0.4540383176181546
0.4777465555825441
0.1583489713542484
0.1299911997663532
0.4128593305643439
0.5201036447010348
0.45801437589518523
0.857261537130346
0.6885454774031488
0.5084647185656131
0.43081226973924336
0.2770152730421155
0.6132931308274946
0.01533234003577344
0.28355905701687123
0.7100016687519288
0.9742642679826957
0.290030913987795
0.25607864106136835
0.2289569976566963
0.2505496306175351
0.4527709224397607
0.9897157385956086
0.43425036242827786
0.8966261965250357
0.5965127753536944
0.18210510037455663
0.10133359468680025
0.9841073210987785
0.7385554036779124
0.7584517431782719
0.32990895409292986
0.9208101408316022
0.8225639730567514
0.4624286793641996
0.9741415685811479
0.15464134903487747
0.2617892667677416
0.7239007514374366
0.8139084200349265
0.7395293324640719
0.835521772312775
0.8960340286265722
0.13898914017741892
0.391606674004808
0.10336098797534155
0.4709523036557254
0.16126850281758176
0.1960745354865283
0.885670993431904
0.6809538569493033
0.9444339711715558
0.43865550214166227
0.7736311503237424
0.9714023257553303
0.3463159348247601
0.13026993747202886
0.07858081703814945
0.19175866929415197
0.8059329327789929
0.6695455223567689
0.10789542172208633
0.9928209720732637
0.6754670909759833
0.7449978261133282
0.1634205378442466
0.8410918516761297
0.1968099001922884
0.017195176713729166
0.19852970435167205
0.2652940063023774
