# browser_rnd sample v1
ua: Mozilla/5.0 (Windows; U; Windows NT 6.0; en-US; rv:1.9) Gecko/2008052906 Firefox/3.0
appName: Netscape
appVersion: 5.0 (Windows; en-US)
platform: Win32
vendor: 
oscpu: Windows NT 6.0
cpuClass: 
language: en-US
hardwareConcurrency: 
deviceMemory: 
screen: 1024x768x32
date: Fri Jun 12 2026 06:42:24 GMT-0700 (Pacific Daylight Time)
epoch: 1781271744429
count: 4096
---
0.9001401860234012
0.7071155826236915
0.27712465004902465
0.6511664724536218
0.9050590877609954
0.4471971633316374
0.34915140664944966
0.27712066251032175
0.5973402335467732
0.5202870480542031
0.09424537742717798
0.43255217258765233
0.582390679868505
0.9250144540919492
0.027664511421189752
0.055156830881539554
0.07296434807461516
0.8468117406441666
0.27432354481300225
0.6443147476481855
0.918363196339772
0.4165584125125408
0.7925930430032782
0.6226609594174174
0.6279745443608888
0.37500688326671416
0.5064510051215974
0.45800648011445044
0.7281642432869075
0.13069138436563665
0.07026129644059098
0.7349710668568981
0.10111596773006482
0.7039043538192428
0.0031473077422166096
0.1986971827600602
0.9200266346995586
0.9604570453642388
0.09887577381316082
0.03227226649771464
0.41713935913805344
0.35632471025143275
0.3423597134461338
0.27499457151141926
0.9994140415847212
0.1379084191586064
0.04533603208782899
0.34037499672026494
0.16120778961392768
0.5725296433821621
0.5514675531205216
0.05077599875019201
0.2341563445953233
0.31990519984066024
0.6550654062270951
0.46984555992075316
0.2615185108779714
0.4977343585549582
0.8278222995958381
0.08441290747976349
0.1875660603463929
0.3431614944384088
0.4543931873015603
0.5642697807932122
0.112171547517258
0.6267612269941467
0.5403545020420909
0.411269176785821
0.5765668726162193
0.13682552184029584
0.7750191536242417
0.29843140328801443
0.7183160488776448
0.6191154405015359
0.4067788851462506
0.7952546966592464
0.6618655119714532
0.5308719440473076
0.12009199740025067
0.4771860744393879
0.695605750381909
0.8477646734574692
0.9909287550956034
0.12521524575390075
0.6271986483129001
0.9485887312711909
0.641432731174627
0.8358125865436117
0.20599476359858437
0.29490343361202254
0.914751320053118
0.3819402113131657
0.6546854512850911
0.22143942304113562
0.7474343110980198
0.09262224823214738
0.16190490321019402
0.6579833531215361
0.4294944189491041
0.8515691279802763
0.6533174755958012
0.014582053537920414
0.11116885186564684
0.5546078547557041
0.2807959713711152
0.7792912412550893
0.2406169591792361
0.5111783735606342
0.8476170253774992
0.6013262217160661
0.5982335585905166
0.8269136123112343
0.8221698872288041
0.7623553530139866
0.7309532962628951
0.7623293933319063
0.683495170349163
0.974809194453384
0.8838666983122806
0.4269068832308285
0.08904050678171271
0.38846177704524654
0.9766635356769375
0.9383595152986165
0.7583407392737965
0.5351726946518187
0.7788649226672129
0.3536332633266981
0.025899625966852136
0.6965618366764182
0.20050057851471426
0.2611967354376161
0.7323715454264687
0.8405213295841966
0.5338329291445598
0.9134365064117285
0.4952110941067225
0.839851878461496
0.556925362194221
0.17347958748520464
0.4282790429083393
0.1599439761346536
0.6412969885215951
0.3525237865602474
0.06446392548933488
0.5823066326378992
0.3936015425483007
0.22176361787331744
0.5761976908732368
0.8168795476139309
0.9052136313764231
0.09725837192203635
0.38581571781285506
0.048447497532544626
0.38380071834349216
0.9165953344963935
0.9110302468539938
0.5611080192130564
0.7974043283668747
0.6529604465233909
0.500357704852851
0.5896269099652394
0.17424966062727887
0.2452352318727249
0.5791603184091664
0.45764842734924527
0.37044788185763156
0.4619975354700666
0.6490325509179977
0.8801100866321944
0.4429505808951094
0.7628109178440948
0.06158344643141145
0.030844742319277252
0.24656156474959634
0.2719456350643661
0.422236370914413
0.6062353506719506
0.5115059079275254
0.43768169850834526
0.07048760975389134
0.651920904831091
0.452002210003588
0.8146025554052683
0.33013589731996307
0.36193433584710033
0.9064785551347005
0.6767957880897136
0.1263150427941684
0.4082865591282051
0.11651863688966413
0.8466344205216635
0.1257324343509041
0.6138933346981578
0.5143192898197604
0.20682150789215836
0.7723360398051227
0.9428743336934485
0.30738655039892615
0.8526367963546907
0.46270345356697506
0.8496369862454151
0.22439202973599448
0.7368336633922562
0.6337662276904227
0.001790150092547127
0.5175572774973667
0.9613915033979515
0.7200534488455629
0.27181553234223377
0.2046287007010703
0.5783362773523757
0.7784586887592381
0.6785578505283048
0.5774513499987445
0.8761007705761107
0.07560491242163825
0.6519770543224461
0.20434460730323178
0.6484029946705789
0.08620182678185806
0.5932392893897973
0.009928692616819168
0.8693792730805969
0.16036113188046863
0.2071056880773181
0.5287458834073668
0.5317165678159567
0.58365467809587
0.49471105270744975
0.09796589698270775
0.14378609072252557
0.8757716325469048
0.6122072664576499
0.5796598329348948
0.5272883436850739
0.9519504195635293
0.024379256272217376
0.18457267546382183
0.10867724128026301
0.20593180869605432
0.512223633005626
0.1070198691863895
0.8556392277834601
0.6639998570863636
0.6296136980884508
0.9744780128230508
0.3741603858175018
0.10674778409597441
0.14655669593238263
0.5656360494454045
0.4522233669427844
0.45852566882938284
0.8651822273228004
0.8571177742785242
0.5129327255277151
0.8040980229554584
0.9494836526104148
0.22178241394351494
0.022875735905007355
0.10785883668365048
0.5709670301018307
0.5204548169938383
0.8907835604209877
0.08302253062187004
0.23974465466247163
0.9041326400151052
0.28706484663240783
0.6865288522328729
0.6642439252887014
0.37516277496321593
0.11654258156315844
0.39997141097126054
0.36258393413412693
0.5435748703446275
0.5847319519392915
0.7976781398255415
0.5348058714026842
0.5587049592022537
0.9122553001280446
0.9001435676816575
0.8975259067008325
0.8964374571028598
0.2724979399525381
0.4643328269106707
0.2812118001636147
0.538839476153502
0.45436654341165195
0.6719469810556347
0.7951673990565145
0.09565626480805167
0.5850190451276331
0.6425605948113069
0.2764424472116265
0.586081909359984
0.48669384575223607
0.8206119510800804
0.5562670917514227
0.9244154599729988
0.887272862899986
0.5635469577828902
0.8012440347139431
0.6346567194699608
0.7559714037347962
0.1929883286073395
0.8164137493093904
0.9567924974291625
0.4935556819394695
0.36162124742302804
0.7334411262317913
0.301468640570828
0.5707460734465801
0.8355580582904214
0.9495542916393079
0.9599387172988143
0.4789726285385658
0.6952636130268578
0.5315001716608808
0.08262551848808997
0.5344068167696603
0.5176944202348999
0.5536627942832327
0.20232701501495876
0.15920151044218034
0.31812417339352883
0.0006245485284543939
0.9970434294630444
0.7531285901894201
0.9021989289217462
0.9318321048152878
0.5625974842699571
0.16431213032099334
0.8070856232273977
0.5796627888237068
0.19666568130731454
0.06951207565443251
0.19514747752939876
0.9320688872622878
0.5835325772489903
0.2824217848330568
0.904400675508628
0.137110954106769
0.31282697503211765
0.12270040342875865
0.3570767234622121
0.759073655200378
0.8656927788868298
0.49896854811215097
0.180935203392534
0.5144905127969296
0.5582935020359613
0.28575428882389264
0.2075420722455913
0.6212868214654595
0.4452442873499939
0.90738343560722
0.9775488578931297
0.30538286864980424
0.8545108732468433
0.78106659119035
0.00507851636527612
0.3264821239660127
0.050509883747269946
0.4169428161434018
0.831643972756159
0.6084021550944467
0.5035906925555537
0.5245977692101871
0.33459557445236954
0.1891888057133767
0.38177393937829895
0.4335821159749087
0.8459142571055874
0.7423868707454055
0.1745671270437673
0.499713337727999
0.38423738622590153
0.863223364665716
0.808873436427197
0.9394524434705932
0.7063243629403114
0.1620923209380083
0.2234547706312654
0.7114046436994902
0.9437397524869047
0.962612795393117
0.13110554062897606
0.6470007833216842
0.30635180571332454
0.06266470137219804
0.6166390418872679
0.02167419315503538
0.7063145869799251
0.584189817785075
0.2939835347605173
0.15335569438633323
0.18452216860790527
0.4111780660068879
0.9771303902784697
0.41686676480093776
0.7060937854827851
0.09514200735723788
0.20737210596927147
0.2707992867203265
0.23226912089712815
0.39351566349066724
0.5232133802354102
0.5077275794087062
0.9731631652050325
0.7987956725559545
0.0595332071955742
0.9591068233127329
0.37915036726577866
0.5148768023144404
0.9190222029812531
0.31296882767028356
0.7382182488878968
0.34191576031814197
0.7716138358790399
0.5355353851775193
0.21245084241413692
0.8421902297829327
0.30657367805402336
0.6271255947015485
0.7688726584448957
0.9768033281890158
0.48710701726014516
0.08824263984609815
0.738204245470967
0.1267157288830255
0.038788854882122026
0.523482759543506
0.6696506764690738
0.041471409769781364
0.24081719390643563
0.2689169507461614
0.7406644595031772
0.7951148212883098
0.8830349096435194
0.7928539003929075
0.2276951949314353
0.27118096826002325
0.20186109270762964
0.890400381601829
0.4472577345826504
0.04727207941214251
0.7147180975911582
0.36899335922862253
0.13622208040532846
0.804617757416309
0.13523571055330763
0.005085378855047673
0.45604723185177376
0.5491480028038204
0.9704593294150955
0.04142311496369244
0.6777526743302441
0.9979916133283911
0.9764842589694617
0.389866783100817
0.13274094860919738
0.45894502885538235
0.3803834521988819
0.006455209007453555
0.19915495846088582
0.4103394955234242
0.6639916269712087
0.6134302580099832
0.9342743759881931
0.7748677299712019
0.7490536023750319
0.05719130531243788
0.4605254392911027
0.5733131675002289
0.6234404333759394
0.11165833324676022
0.36599909551365717
0.24275855110104205
0.8045818378969518
0.4632806875839812
0.18994236355492555
0.4087331108755038
0.5489590117673687
0.9469354106250404
0.5295085841537407
0.3118901025358338
0.3854472009653427
0.8412176126255736
0.4261219088123672
0.40718985381665795
0.3754924366076645
0.17713290765891143
0.46813248630621773
0.8771957418464601
0.4845526196921214
0.5659595534658823
0.4810083412018382
0.930973793853105
0.5869280603479886
0.010055984608991708
0.7671306446873151
0.7962190798851944
0.9200519117985857
0.5246474524061573
0.6043296428058048
0.2546149416098521
0.2545066923863697
0.16913261939806556
0.115617962298598
0.4190642117853035
0.6524778442454503
0.26320939097407803
0.6821495634586409
0.20631380711625436
0.4500506289529206
0.1461269905876923
0.787251558802992
0.6196275984511056
0.017702876969927894
0.8266286404605608
0.5514476515973623
0.5235446093646093
0.9285397318265459
0.2666577614259181
0.2467113903430822
0.06639288538393218
0.39526368618851526
0.8436576564877786
0.7627582413359385
0.28611206802436484
0.2245671151404406
0.7443029494862821
0.33900556516476876
0.7210700537228627
0.08158056644943545
0.6567589738343285
0.872899913110966
0.03994311444880749
0.5572052880032343
0.1490723101843704
0.7686315762334887
0.8033599593776818
0.3876032762799724
0.5480546320210284
0.5998263082218516
0.4748947883305862
0.18781436434715126
0.9660288516368873
0.8256247502613048
0.7101257519904759
0.2304142552492967
0.3620649016187609
0.42163012008709366
0.7698592473610034
0.12532322498294002
0.16984032719310949
0.5655252907942652
0.6272520880422884
0.7383206506321499
0.0760179939359088
0.45173074765903865
0.968447685240653
0.32351519111887916
0.991042330554271
0.9002947304905967
0.8224738310069247
0.6389665061770762
0.11851168050899619
0.6722777243913438
0.9985339289341437
0.7648493401927738
0.29979389196481354
0.3072136694280334
0.85745493680149
0.4499959774698662
0.48730834859188465
0.8578002964428133
0.1989391752403601
0.07534873270160547
0.28290714823698104
0.11279153261445873
0.20739935899678263
0.7417992318697064
0.9670445010235252
0.7711352113577776
0.4665391963645463
0.5650866287236858
0.33993214155488816
0.5587197690547454
0.026474813598157176
0.9918720688720501
0.9976361149109073
0.4636633218746784
0.38707496047360035
0.8388023427975865
0.37407792493877023
0.10689988864964461
0.047330708868757454
0.8003205985007392
0.994161038870559
0.7618866414199365
0.9629483321969943
0.3711775997858603
0.9037515732079262
0.6905773643988373
0.8529917580085671
0.48604215514442506
0.16899967190188558
0.2723769700288263
0.8012837618018036
0.6913047200128584
0.670495942046936
0.8686127142276129
0.009408110774602463
0.33311359817530095
0.15701523029557163
0.4871273919743081
0.8755372927281334
0.07087811470284866
0.6691076324526334
0.08992112518541318
0.7969436783178858
0.006918795163384783
0.9945547636939459
0.821337637185669
0.2239343848092935
0.8606400549292913
0.7757165023553154
0.5251117480711947
0.5290835245754277
0.909545537504113
0.25305229376176086
0.6656651665314702
0.1980173687729483
0.8696121578485735
0.3996075940958004
0.17235788367281413
0.6966418867341477
0.4939842281648662
0.37801512482557686
0.7849724738597539
0.12458409640281809
0.43164370989125145
0.8345673038395565
0.19452953885267776
0.42575179496250903
0.8066588819408324
0.5341749309082003
0.6456023680124546
0.49429908624489793
0.05380817382655412
0.2355344753449986
0.6946192383907343
0.9879178166738947
0.7778218168009304
0.5075843630425629
0.5032124206109674
0.04025802143261281
0.7911790068237782
0.3963381175073034
0.3864927272792431
0.3504129476715635
0.02934353783909749
0.46544090795136006
0.3331995307165321
0.31978739870377526
0.7425163375920032
0.7543025547547095
0.8679954270286565
0.0053009891747002325
0.2194287528274066
0.6244190474506413
0.935746291351285
0.6627600436227342
0.31139523484098586
0.29750177677388234
0.45344639243775586
0.5653657683515231
0.19379002833689885
0.12829177166083505
0.7975200717307354
0.5997081197172257
0.12730737591498398
0.300443789190726
0.7725503716170609
0.8652282060828375
0.46281010737898487
0.685623188287398
0.542056209620874
0.13301475632524773
0.7712669745022368
0.06396638150593492
0.5927598721808425
0.555932746044192
0.7742242708734275
0.7683129010749588
0.05085647353983136
0.464465513079538
0.7004524260945669
0.0851257174086969
0.5721180077601145
0.43128414137944315
0.8008540544684043
0.4217738326419219
0.5872342413713562
0.042440887781362346
0.0164147312655053
0.3328586943812609
0.8996136477723223
0.9742161056033066
0.21292332303905293
0.9875246490871415
0.5049373539443575
0.042031301658029596
0.9713842075954678
0.5552005298718471
0.030079920271586014
0.8614729208632469
0.6544883496661225
0.28897785807860077
0.37358026150913226
0.6413556420959711
0.3572065726641289
0.7938388413235772
0.970667583364637
0.4148851898233189
0.39351261084849154
0.08120501348718878
0.6029161757953639
0.7073647297885759
0.1714395289589088
0.5317853122584538
0.8259241436529505
0.23752121918108593
0.6651181310156925
0.8154602547377048
0.8979811659574788
0.7544107382365548
0.20514140250629698
0.14994633836393623
0.5585104085495671
0.5229950348157097
0.9775441998529091
0.019243308466376452
0.12714084403722004
0.2888641337057003
0.4468828841185435
0.6183737681328844
0.17258529877704132
0.7762124346219527
0.9003448559203328
0.8426834116250183
0.4350712429729007
0.9030592008327187
0.4475130897863131
0.5979772139608038
0.7768904663339797
0.9338362652927034
0.10435647416940763
0.5720251718624121
0.6827049127648038
0.7318494165101974
0.040211428694088225
0.378478876887811
0.23456584971040995
0.12275218754373174
0.6729665304628806
0.16099781687245163
0.5461738005732896
0.13505384900009298
0.06035611540930663
0.32839245774679715
0.3567275104737686
0.5448161681973515
0.9542149775587369
0.08084887089137638
0.8567797391934013
0.7190761205782832
0.9597411350969847
0.7828070755534708
0.846838756345877
0.22616501577275905
0.4732592833131952
0.03982383669350731
0.014024132034271664
0.060976730679960345
0.4596723418486197
0.5447577584491765
0.45290612586069345
0.6193710564386953
0.6747345730134222
0.3728727350032931
0.553728009224409
0.7482805237175677
0.6374742978114466
0.42596352488971445
0.03453127697611302
0.296722393636071
0.5145400234526896
0.15236501261785573
0.20327357358458775
0.597799942078864
0.09093906219806347
0.5027144192253861
0.5018500641569603
0.22290985567678057
0.17058276439411735
0.32059400643397007
0.005998597353937374
0.1667560198401713
0.07524808337708655
0.012688735432326403
0.8333900921716053
0.34540194796647605
0.3920105169921154
0.3948522586068295
0.34677498957663067
0.9194776608448435
0.7568983956742675
0.0684815770735101
0.6298779938664456
0.4907890259162352
0.25646432167521194
0.5458587731769841
0.9608025448574773
0.6629609108128526
0.9791645944596997
0.6136262927232968
0.911027623303138
0.8053779381356705
0.35488253290531746
0.10031966585499519
0.2576493796583377
0.11456943023319988
0.18362767939183666
0.29688961455893803
0.11234047857804574
0.22831852733576463
0.6733872023491158
0.7684033047507758
0.5425702680093399
0.7151571848010566
0.38230196372246783
0.19062207660581365
0.4889495978628514
0.7355429330601772
0.6917844376585628
0.1469112819784495
0.9671338091121107
0.05089477621817817
0.32489145990834134
0.5289449054182682
0.3835381461282519
0.34279931464130553
0.4682095976258627
0.2989264703858896
0.29119021240370446
0.49708073559229826
0.2557068425760295
0.8915544455927564
0.06536394354026664
0.10606090124694112
0.729448873657
0.460719259470614
0.7882104909974144
0.9472188520767626
0.9047743916351471
0.5089257077759372
0.09742120514514108
0.6075918905562584
0.23646833439603532
0.17669356000732206
0.8760285286941828
0.7406428217332041
0.6076680091359374
0.6146959003987504
0.4387707949864379
0.6659513189978121
0.9446817673774048
0.41315330637030034
0.30501726596620904
0.15196963943580566
0.6985956456111112
0.021009435941570342
0.7390701078081081
0.25821611961447766
0.7284885062971398
0.45167132174746616
0.9857301497315099
0.05566266862266722
0.5712714157624671
0.3426058019526872
0.5323339187400369
0.8927047363571695
0.6896125852308284
0.6128412230752109
0.7880392338820594
0.6289860873843031
0.05210446356069798
0.545431020215414
0.2869575301866918
0.9204823842124024
0.3187743562351709
0.11119411913210309
0.8938010381313616
0.2066313998256275
0.9802362365985217
0.7455545834749683
0.519033250841566
0.5239294506253996
0.030225844605725416
0.5920608754781618
0.5350816042981457
0.6502977782466804
0.13895687958825265
0.4341726601756505
0.42599161800443053
0.37065394135929963
0.8386813135038219
0.15116155811672816
0.1999717309321698
0.8465072305522536
0.9330324142945332
0.5544790021340541
0.747598718499052
0.17102953330738835
0.19817381303634107
0.88770325424874
0.6380239073552063
0.19593571023515988
0.4564738553775961
0.10618477028192141
0.811340415871363
0.6276404279715545
0.2723694611728201
0.2917671741912803
0.24734206958422722
0.20754184134613884
0.8452792663361053
0.20346863144799499
0.9692253681569641
0.5149140093303493
0.15587050725506135
0.016766895931877968
0.6753553788348992
0.5607741746294644
0.05968052342313368
0.7621381401468011
0.8830375470403964
0.8772228797894562
0.8160381431727447
0.837758410521272
0.7153073313369174
0.2491381182460276
0.4904254415470397
0.241783855201265
0.36506973291312983
0.5837373598943438
0.774866954875827
0.8463835690057963
0.8304915864238064
0.6684042862774042
0.03362688846976758
0.11870740633276766
0.7313692852485756
0.7283097051229359
0.8004417036257467
0.18322802868635146
0.8882653820444604
0.7627389688484268
0.5287101150090395
0.015404774281031486
0.8745273126237781
0.6126712669991063
0.1275077708626734
0.8583750684371227
0.9358723195398228
0.5920383553030609
0.7039894283680671
0.6623857984217678
0.5130426237624811
0.3012240381093494
0.9766868278087486
0.46093640812391334
0.1001052601721073
0.9337475495472316
0.024405413947505283
0.11811165973221072
0.3242915019728383
0.985707547493108
0.3918686986061095
0.8083413646023482
0.9428408544796398
0.7824457333219197
0.08595427234753239
0.9228309879940236
0.9181348557178161
0.6480224640327262
0.6653107024381604
0.8361655016875605
0.8544769610347844
0.8604786878835256
0.4513400522316864
0.11209642304008782
0.8581936759328497
0.7594924182058937
0.8699757936101693
0.2792800693227141
0.3173041553030671
0.5029198882937899
0.07138150222253303
0.26574234598988444
0.18782425597125152
0.004844751626032928
0.2686407626859151
0.9451036799106135
0.12084242871876805
0.5301415223572996
0.6867043597536986
0.0181054985212723
0.1678244549692247
0.2691919953061426
0.6193056164907855
0.6297369880445362
0.8611747033581891
0.9712765962548052
0.8542507031907948
0.7052693774867247
0.18290199112439764
0.3762949723360631
0.6464355267379213
0.9777621568786645
0.3063078972474207
0.7518534118551518
0.49313635650912324
0.07511390685499075
0.02393636605470295
0.3163889608302265
0.19756663645116135
0.8364880189352821
0.4595933370491654
0.7088836001057913
0.09438772697152797
0.2359514307484376
0.003065399280934078
0.9518539394957284
0.8548066892582888
0.905422334609503
0.4032373053195081
0.5466851370457111
0.9890892662599565
0.2695305519087806
0.6086276834271582
0.4390105677446212
0.020762106004461822
0.7317523169390189
0.25393333281467534
0.5967213256750683
0.3194728237453929
0.18418865819578079
0.656992393667739
0.8543226768311065
0.7484225110122292
0.3526146992397624
0.8126471645997049
0.49473728198407574
0.6074801643061069
0.1339348328149721
0.14830745654133903
0.7632878866846222
0.8345339822607297
0.13493664083484203
0.7405859433838423
0.13847493072716988
0.06532985232365773
0.07924411753886618
0.28319729559382134
0.7202973856898247
0.9459924524935669
0.6136287102247442
0.3433825909886491
0.539247922585136
0.04261987112414756
0.31534441483576536
0.3474418667755752
0.9377462720176227
0.7987882002518314
0.37891103976048035
0.29552690902190026
0.4306576347634149
0.2544969634273202
0.5437773632490814
0.42166756775583436
0.6126755310111675
0.6590330292051194
0.31355418174031957
0.8870744616196389
0.747731540009395
0.6854242632366806
0.4130143601825793
0.12308186073938476
0.6492270844838578
0.6856011120299174
0.730815678035398
0.6246644558556631
0.3397652178556232
0.3130782568872942
0.703909044082705
0.8362823196080987
0.765193113093135
0.8839148960425286
0.21385370180149055
0.26887810736390694
0.5301491664118692
0.04690650212340852
0.5857674176239953
0.14017194842327318
0.22094070766751694
0.6904072927050727
0.20739899944907336
0.6399684311015081
0.38646181517284495
0.525876986460366
0.6188168866358248
0.3880115044629515
0.6589933859267716
0.45719131724373185
0.6624664094725786
0.7739929820509269
0.8141098301092915
0.6699509187813968
0.42885556773984446
0.6476403226529177
0.7925506571325495
0.35646855695996793
0.2848871341569028
0.26138062734994005
0.8367969997505227
0.12980973856621558
0.22986286376488285
0.45889684395212105
0.9312266123158327
0.4742076568256287
0.18844307801497462
0.8499636585810393
0.6771031884069111
0.029367831228205743
0.6203529057778243
0.11527011358322037
0.5822892367085784
0.11262408918395705
0.0033844960296690596
0.6445065119735697
0.5004540417433785
0.6456020841344013
0.3292517043350426
0.4268135783288769
0.6156812506625619
0.570992343993355
0.7411122283009696
0.4847622338867851
0.9357634747447574
0.9202297047298277
0.8370796609469694
0.17135211350835822
0.731104123528734
0.9243220374039176
0.9658056673141193
0.33408813069051135
0.7360294261184116
0.9477653235816993
0.04822048352605224
0.6910139292300465
0.21544622324228868
0.5694289335425572
0.07377780148488677
0.7606517180598505
0.19216464840466096
0.8344887218086521
0.4400575831159733
0.3411184429966081
0.22883644061295205
0.557932250636861
0.7313385631540738
0.8432582076349403
0.16334366604090966
0.5728545856901166
0.3647597034775426
0.7484513137729998
0.10760461614413719
0.9857095220249862
0.7719477874344891
0.0838309068325257
0.8371468436355781
0.8258752926448835
0.4294964361460424
0.08595785125393984
0.4224299072148022
0.9583402267195424
0.10343883871916104
0.15857556859467858
0.5827833747005712
0.7660081090222264
0.13086537998601644
0.8208862413101781
0.7799584159970716
0.9020693334128959
0.4260943528150435
0.5898603276317427
0.5106739468338669
0.3630780944672767
0.16931184372744057
0.6434118237019347
0.6061713426033313
0.239822352571455
0.8123553824789882
0.6708418352617479
0.6016745285225128
0.7657678027313712
0.11932254503546447
0.532773214838332
0.3997847528678583
0.7018026158232784
0.44894493983482053
0.2248695944818193
0.5192226221534774
0.6712052301512599
0.38117442066449847
0.16795235358679383
0.19396245622469332
0.7902025039464345
0.09218739481164517
0.03169920423137207
0.46768700371954997
0.8271810495138322
0.5900199490947696
0.1399288680304669
0.21462312033972086
0.167559707740904
0.037304968951380024
0.0025458960844291223
0.7102024055664492
0.061526632684311466
0.908090033146897
0.672540684715445
0.973622752880215
0.9882896395944247
0.6524724335483545
0.4360097503336864
0.6092703340316834
0.48318378795586714
0.8757959557313195
0.8089815688584951
0.28509405705942736
0.44292547490584233
0.7784114526346481
0.9369037437356647
0.30340715794635764
0.7494977974549817
0.7475113593705768
0.2709674351006781
0.9432237391854096
0.03459690392346482
0.5443057319280699
0.8300157253069292
0.3831208461149881
0.5442647774180694
0.4878157850030199
0.4476020353211776
0.049748999180166065
0.357278886897466
0.4008180938814887
0.15083601633309918
0.17949767600903144
0.6610646710022018
0.8539807728600162
0.22097391525079446
0.22945452816748824
0.39534181347880526
0.42099094542421767
0.5452812317917289
0.5286798522049352
0.3364111870180796
0.24047996406767636
0.5855153134546435
0.22195132605195256
0.6139339345806127
0.16981142989751885
0.6604462652199427
0.1255157069797045
0.7272498377859141
0.2113043771285238
0.26815472306015853
0.5880184173182744
0.35972778800947247
0.6932220070686135
0.8584151310854522
0.8296632800337604
0.6773353969529395
0.8958640222626493
0.8062940058667788
0.5187887854240811
0.3415616127424247
0.42735852013506304
0.3351622267122285
0.5374290168093109
0.16701998262728024
0.6742573183364167
0.7906415631465853
0.9860609541925823
0.21050688456125088
0.07879620303126544
0.9765751921071962
0.48262236002226644
0.09098304941399438
0.8276893785007158
0.22993271354258105
0.7220170820927861
0.5088934969110861
0.7765855304867382
0.5336305646607726
0.07970784721605217
0.2584345468620812
0.07982038339766351
0.24456843219659652
0.7666291989794161
0.5078237420466636
0.04685859511593149
0.9487535039251663
0.6725357646268316
0.7603223565449196
0.20482560724665588
0.5462038324815112
0.5710346672470125
0.7027061916501424
0.41078784693401793
0.9153929101031301
0.8019326050900423
0.09807561546021282
0.1279478164797676
0.41031776053661184
0.895162072287281
0.9863409374576272
0.656677723116208
0.0028430847912114254
0.8554328347631763
0.7184146430911355
0.1943238819088845
0.09879436989071555
0.9878889147768141
0.7690872985289121
0.08697130886884463
0.9283431905549688
0.2124327321069679
0.8487592064746292
0.531866361347471
0.9395482177352327
0.78801219792554
0.5656453588400095
0.2909523560641486
0.8084858292435531
0.24804815407720693
0.7777661758946683
0.6839816328990334
0.520224249320697
0.13431342377405653
0.8179824790858983
0.2439247185504808
0.4719660328740234
0.8089568961117947
0.9755276573459306
0.9379056264078273
0.7030034148268159
0.2229988756033653
0.973936034614345
0.7836497468568323
0.1657016517166715
0.024507329501906372
0.6979612131792385
0.02443853211819247
0.41754579926962787
0.8007967228969075
0.0910238288520353
0.7648235745435363
0.23635670908320516
0.5663743776126482
0.9699232049201435
0.11485966069793363
0.43910203214756127
0.831992220799188
0.48499306906542017
0.4423749357754624
0.6192988341089338
0.7200440451554966
0.09157632577963393
0.29080369211110024
0.6088244029045667
0.6276819668161813
0.19263954008203066
0.8843651557970414
0.2170219918535209
0.8814078227482262
0.06254306465349602
0.9128797035624192
0.2033091269149514
0.6755287474721292
0.2684279298698886
0.46527142327196236
0.49906577847363764
0.3417483076244874
0.5683758934578262
0.5638140277342203
0.41040048026292897
0.6582981388335992
0.18444472653393174
0.7404346657919214
0.9054625529461469
0.47439704235377267
0.4238755843210974
0.49189833898868873
0.11828879191389918
0.39945802853696244
0.8532149311997231
0.2524530704620387
0.8857437699526994
0.6863460539949632
0.6177890072738239
0.7305241007126692
0.4749327358789883
0.724122409494678
0.04291359656143068
0.07030284653880792
0.6555364352270838
0.7480942371052277
0.35341755418590426
0.3195847789284394
0.9248379194204428
0.47362070977408854
0.20450393475324646
0.11196719007180522
0.002781278944210208
0.36500987676294994
0.7296674278339783
0.3045269180947727
0.6802225302743772
0.16197370335030925
0.9803326988474272
0.5513547271500574
0.7256037845189064
0.10349046247703608
0.9570730536075882
0.4388314469688043
0.8336013460344691
0.012557705811171438
0.9137144251759336
0.8602889544978414
0.5338692288091522
0.03520114129534402
0.2533249644951877
0.7657062732001192
0.5688197105887124
0.3632376005269017
0.12903572506658734
0.2863495293377203
0.4964530126529608
0.7126731621502614
0.8128332752977568
0.5047717952978965
0.17756814745346916
0.6782507197374645
0.0019107140018257418
0.8173470241231358
0.3662577134050157
0.33954320526875825
0.49485801475468205
0.9195200553664016
0.8384094905684141
0.6551223123347637
0.08891919147406391
0.9332120800147488
0.3650078925331115
0.24871522435642246
0.12473773700346225
0.09132937731649715
0.36534922474835485
0.16489395969095744
0.8364583689731038
0.696080477845301
0.25985393347831653
0.05172595615312481
0.552747345781773
0.7758150574862734
0.3829807002886826
0.013946259905949443
0.8382397221266958
0.9793552020082198
0.8138162781150304
0.07259507686931232
0.8651167241568051
0.7672981535441445
0.6352361895919195
0.7656970747700863
0.660962084804658
0.886526844651385
0.9421012550584683
0.9294417039929558
0.3917411553444724
0.44717282684880044
0.3847752491464418
0.11045642884712314
0.5076923004373376
0.6605335224688293
0.1563196669900696
0.3771480814151227
0.4051149560400521
0.4419541127760108
0.11004142178006993
0.5217194518310379
0.23848457071056162
0.6344416013177261
0.12863963572216708
0.7743520793089748
0.6550194195815607
0.5667869690674402
0.9570187797725065
0.18717843123001332
0.5177699435477328
0.024228512712143324
0.45790444748932035
0.7880492945560965
0.1334965127191715
0.48019805202837484
0.6527193661010574
0.4527356124003261
0.10804686447437828
0.6144487413540831
0.9697473516730647
0.19908645021018012
0.7146394009602343
0.725871480411458
0.8374327587321333
0.2677974479050145
0.5794045536507738
0.6375646328317338
0.13273395858993298
0.9218272150681001
0.5637310748998496
0.087229641932559
0.022769239916060502
0.370132030077609
0.9544097973918246
0.39772267596235833
0.4225638095698917
0.6012714042309232
0.4602624877826855
0.43060054812503223
0.6325275346273787
0.19857068443728376
0.05788905802085598
0.4397570057672959
0.716362219440463
0.40090919581494877
0.42936124573799017
0.46275278502791395
0.8334187118668633
0.7718350629549378
0.5911366920421717
0.3142013254488836
0.04909374857683746
0.8445915109598399
0.326162223680585
0.07857943875443929
0.11267693729596773
0.02177096068572415
0.200080740894778
0.23909006203419936
0.31412853129312135
0.8256975887969112
0.2676513196831465
0.2247121700963004
0.8095891105041769
0.31927018731695733
0.056937464251740955
0.2093306320582683
0.7399925867670228
0.14688140271353667
0.05651362395501258
0.454846705451317
0.057973874214293675
0.1811615308824006
0.7248859087642215
0.3544275499952476
0.2253336000434406
0.2036776441029342
0.9915172077822416
0.6025610597909727
0.8466417232523449
0.39635242086334566
0.32529376417104405
0.5953400397433923
0.8641331130447474
0.6752490912986473
0.7089637862124183
0.24740763229561924
0.15486737858996036
0.0595021565641326
0.2770256879141314
0.9012538893229015
0.24319678449658422
0.3355562463451741
0.9497375864988037
0.9000604680220565
0.36990540177727393
0.2505081962238149
0.12736552154401692
0.6970494549616042
0.3439534277289581
0.34823046870819263
0.39648356432861587
0.08229895289116573
0.44358080367006647
0.3480866037196144
0.24408327458196422
0.22224653237584202
0.1305946566248153
0.6584322112821545
0.9754463222017793
0.7276093322178478
0.4949853470977168
0.21572817067561267
0.38817869400367155
0.8922074426279668
0.15658599023691178
0.3449750886097942
0.26750077512738335
0.5781847910797221
0.8163112452216171
0.7483110500620046
0.4368321385489049
0.9623798773822532
0.7715807322550932
0.045997613639324975
0.9229061936756671
0.5041061945519965
0.4888532458032626
0.5176515606593902
0.7760942556470676
0.04636044115871196
0.7607680942429953
0.8214632360763207
0.22431440878245235
0.920483816323029
0.0662103188439318
0.5052741102321395
0.1328457538577561
0.28856018953744567
0.4986864839455054
0.06577049630431198
0.1925638306955847
0.7283420270581229
0.03171857111451892
0.160681621113827
0.8655583886367025
0.2422535702996096
0.9495334797400603
0.3337541887014197
0.8797902229224932
0.45502777021497476
0.9871460611450517
0.2734078307318596
0.9833884468755689
0.7537918652919431
0.09600365840227931
0.193358819335828
0.7443858016120454
0.5199242378847729
0.7796812499511626
0.39713230688191603
0.41313406409283415
0.40376242824222464
0.6286853129712721
0.46826581066096695
0.2523375341745826
0.8012510437489441
0.024246170848983284
0.8141400643693807
0.2835875032620453
0.3058749876759712
0.978047801579823
0.4837555221263703
0.09947620012272917
0.9297320002517401
0.7281653905340538
0.2784062875522616
0.2468137366052534
0.3143562282053477
0.021050213857505162
0.17908529345591628
0.69916728910254
0.9849118045292433
0.9752224631739077
0.02558811245800341
0.10588652639313267
0.9406340161981541
0.044402998914378045
0.19966503399483582
0.8299751575365457
0.5199029264594988
0.8761344803033468
0.7882042039766821
0.26861330882669976
0.5300922372286981
0.796513710899898
0.3323112146999063
0.5878313623860691
0.09034401082492982
0.24247663433890354
0.8042835826140932
0.796780084492712
0.4996778571875792
0.7101479424499921
0.8968609128340863
0.03723888402701547
0.7133507516756208
0.6910876145683423
0.057765084507730435
0.07044749280779106
0.6871412862109008
0.6278369670953721
0.9574268329952352
0.2060431045924448
0.9322409457653948
0.1359871350335079
0.23892841000026943
0.3368295794171563
0.1126911283147155
0.6120631683946192
0.4665747533744954
0.31830087379652006
0.4128144819835917
0.874837135868691
0.16313816682529225
0.6632861582915321
0.7038448652817964
0.6722545458971195
0.7057046114466253
0.40977916189248875
0.24696993640157472
0.7269774434227573
0.6361822878829627
0.06396029983985418
0.7842565949394427
0.4906195768650562
0.6349163427117351
0.7206142219973591
0.3894387161213835
0.9300675424859183
0.0044857602738122004
0.8195921224528216
0.3773030221981246
0.4788536568043119
0.015642007065677088
0.5096625751714143
0.9034182352810474
0.7523655067197123
0.8784812467340186
0.2600399196060209
0.6252090092541909
0.747748271073619
0.419325100351706
0.1850753588834153
0.940885193063848
0.027675420236108916
0.7674175733932437
0.5290402544230839
0.874493920579347
0.8217345155025821
0.4854285931212421
0.8956269424677016
0.6333702806038511
0.06999447798533365
0.6138875234373798
0.10073797187121891
0.2285200616495464
0.18039155949436547
0.0420527506185453
0.9773290894337213
0.31897563250415684
0.6748909563372982
0.46635612666410864
0.06751754442274105
0.6179243650796157
0.958952034622118
0.9524442089619065
0.8998621588300662
0.7814161188921903
0.16464463639700244
0.7779706237432997
0.468666813113649
0.6897146901714837
0.38983511355828493
0.8006771901728116
0.6073545286659947
0.4268658309813841
0.6841803722498945
0.06993351123699221
0.17940471119622825
0.06581180758594662
0.8172386588488489
0.7797885917960047
0.39804111519433083
0.5743910572292511
0.20482663254671485
0.9477197344322776
0.12980374174408482
0.7718185916080319
0.36682170556054794
0.3956476922008757
0.737332834160393
0.285750901895523
0.9429298342836796
0.70841938188776
0.8731389379676211
0.8867973352537015
0.6025085753567292
0.8498421700541948
0.6488277660621328
0.41034671643048226
0.15035596191140432
0.027487239319558987
0.7731942787640327
0.7148368671501493
0.7524457891723373
0.21486133551681086
0.577795610755818
0.771101920180258
0.4839105662999038
0.4631801320444353
0.3300578188732617
0.029190154469434737
0.3361430834942758
0.7648581002909849
0.871666454222758
0.6670530902665692
0.4107086292424884
0.7669637041786475
0.41393690104475755
0.18976422730989972
0.2748296601647391
0.07527066602736021
0.2720550826541198
0.1184337555666547
0.3565251570578958
0.23816945205141238
0.42652464253125244
0.18474322056382064
0.8170572503852339
0.7545854954711438
0.06285247016636109
0.530032124828162
0.5541581752379919
0.6111838313949297
0.6594488621487292
0.8971260780930981
0.8615806683534725
0.9215225384059202
0.7689150718072998
0.6986040571848636
0.7988350994590894
0.21344998009836236
0.3693348860879483
0.14696003562640236
0.5095477853881442
0.7909240458066741
0.5498838238368281
0.3401223188434579
0.5676938345292515
0.38256395804411925
0.33901327205683895
0.31005112172577387
0.9280296819301331
0.9816283838446974
0.6836635201951947
0.5626436651753222
0.2103697479529837
0.3807463065841523
0.9444039122908666
0.5639329496982873
0.8569222898770026
0.4096097713740253
0.7840943404829919
0.9605747398294103
0.16772001124671287
0.29497052370081234
0.9966075177577758
0.06187510685600495
0.34125103514794886
0.8796655686089132
0.6473462505198359
0.2561181885391317
0.4257162694219402
0.66102923505823
0.8787360260502077
0.5857123469446025
0.5209095321657282
0.738932062973741
0.8715679986518132
0.6636801953062416
0.6615370498130817
0.7998200071660575
0.7470128831385299
0.47827579528634556
0.5598634154696651
0.20551011906453742
0.644321719447324
0.40302069707354626
0.7888911016348811
0.10413124758541004
0.81567470422447
0.9062074544141862
0.04685112755604526
0.2354820037819575
0.3423343687624961
0.036927611229325974
0.8596030550946668
0.7642100713436158
0.9952053607254427
0.7539392569955593
0.44961214466297517
0.04160052260690883
0.8380973519930874
0.5591959818779897
0.5284924349821464
0.6703931521823208
0.40343402098190195
0.6996180804825222
0.4546745415523965
0.6269318302327247
0.6578455471423101
0.4086938933099242
0.5385773058032994
0.4810817449015605
0.5190278862438024
0.27375742639442935
0.2747327569859488
0.9467329993710132
0.3854469131581393
0.8352957362300895
0.9336341421746077
0.09434218799699112
0.9969114997057911
0.9513978715737833
0.25564708096775823
0.561845852506114
0.9567341310387006
0.2934646826289008
0.9551445533436731
0.011413229315080264
0.41514352660940657
0.5785567186499723
0.3650957925060708
0.8968879243484533
0.7388091775866549
0.7892651411194648
0.8306607908285865
0.3304011933508094
0.4727820710686206
0.6837486177754062
0.3949114615162268
0.46652236523553425
0.5388525400814951
0.35658671334858383
0.9106207798008086
0.35844460858417093
0.40827031425608895
0.47535820526695394
0.9591326788930225
0.6830873775593695
0.9369678748931279
0.08836078838404482
0.8606440742127043
0.08062906761084954
0.657873234132646
0.5756459575224856
0.6198022589883783
0.10886701782083641
0.587593632041138
0.398551139223414
0.8663402139019682
0.9739340353209207
0.023696930587084553
0.7921687752320011
0.7225432306764237
0.26628417245659897
0.38401288830736335
0.4406996508762734
0.057660309979378765
0.9044925194419863
0.8708216663460471
0.47739614607586134
0.7739440412215272
0.36929732397223825
0.6304924266184414
0.858808342999445
0.6098234782931501
0.0964450281279382
0.1230799463553911
0.2773036467987604
0.44278398365757843
0.5892819974836238
0.616582654483242
0.29633940513300405
0.22784925275012224
0.41066904928473336
0.07701090245504827
0.31972434227931534
0.5171303091469542
0.7186784818484244
0.2381092278384933
0.33911374441495634
0.9717270692958376
0.4216651559394078
0.3035221346853878
0.14324019266119803
0.39933804247805393
0.3456867974461786
0.5593879060322903
0.8178900841973448
0.629254317412193
0.03088118841054832
0.15679035800348695
0.9173938697034928
0.9709840292250643
0.9032903781289516
0.4611938544760821
0.6464051655957245
0.09357410208877892
0.6047557442463214
0.6599320877037097
0.7550028773493679
0.9097661507724507
0.20588949155506497
0.7690164960117317
0.6206568743279365
0.452443833146987
0.8757619274993769
0.7869755409576389
0.16735687685964418
0.7903992431784154
0.3368259026808281
0.5061312988876001
0.8552111205455988
0.7462662244572491
0.09473313219710933
0.410665114427636
0.9630795527168048
0.5515388423443353
0.00007981207333662699
0.1660196843466324
0.7823140630462467
0.6019135740593321
0.17275152100395286
0.43562957811616965
0.14143628472447722
0.16076394128713212
0.6994204620605606
0.14866843426981902
0.8895906173282524
0.19937687047314823
0.8008809664836095
0.8864453528557669
0.5808689550573521
0.5596501278507471
0.35829155414049585
0.7552795211076903
0.6221105930072934
0.2782707377710354
0.7860253767282102
0.9701259594476657
0.5735388800150881
0.22096429610425183
0.24371283341269667
0.3859221205228227
0.12460403335585157
0.14122571254490424
0.09119377788153449
0.38256913351389177
0.5066594858078094
0.9000121433005781
0.30747896110222295
0.8346575278103453
0.7496064244816779
0.8611988876909475
0.3184533807970946
0.37849249290516285
0.2413996659726816
0.4121699064137162
0.3079371128957067
0.8266685671560668
0.507315413961931
0.14973433418892257
0.6228518776983388
0.3743895572031464
0.9901392087811752
0.5186312148522393
0.32562434220318315
0.1919246394823062
0.8829404142540798
0.5932044177550877
0.2955902780381653
0.10403661127870467
0.7428575526114655
0.25240065492803476
0.536046093911329
0.3199137371707289
0.6973257993777042
0.21406329488593556
0.504727417666295
0.5960824434126503
0.5434370713810656
0.2665651685472593
0.3528770791051049
0.7899724000489142
0.9366295097725408
0.5641440255467676
0.9316975026557571
0.4932517554144489
0.16666220016820465
0.03687444211814317
0.30486575476241473
0.32174530600840867
0.7268380047949031
0.8070301921414813
0.29192181444645415
0.482693433329789
0.9966954913583389
0.0006617881222709121
0.2597237008551645
0.4403053290799568
0.8788988785689265
0.49653363338097056
0.9777960494157721
0.8570052733845754
0.1578121871157896
0.9641363996724834
0.8582810718061086
0.5004656316737958
0.6802525033378586
0.008309279544055248
0.31233426307200773
0.4754662548987202
0.1981740781419301
0.3600786369662189
0.27218940728428587
0.9648147206682524
0.8585436211510762
0.8316384667803429
0.15175081002419244
0.645007321517937
0.8774243760809478
0.18796929301266374
0.6484530612448182
0.08000610110975404
0.8932947025174642
0.17841205222506806
0.8252616448048571
0.6904525150055528
0.8588846005026011
0.7185841175629217
0.8540705863499406
0.3458334497569122
0.1013215532765821
0.6163443424968589
0.6503859500162225
0.23356108766641603
0.3571345745236465
0.29508515011859926
0.384067057005552
0.42162266656030745
0.17167332359438225
0.6834492989095103
0.5120296431408746
0.4504024003920113
0.041757312308318584
0.8126396417591155
0.5461988842169923
0.3644722254995345
0.07587725877387219
0.690810292739034
0.2436317210368304
0.8265943292564091
0.7480293486171553
0.7085982135206835
0.2856122321582074
0.3438726687790754
0.5292701446218104
0.17067430018235763
0.7986550605132758
0.179936920596934
0.7953384352055812
0.5452632620352689
0.26273625438187886
0.22723701598184798
0.42919739055885564
0.6769023840436508
0.45070240303888576
0.9699721441690505
0.9641092361979287
0.5172790142933131
0.04769247563151746
0.6808728651267706
0.9458609358044572
0.8948072102236183
0.510539417650489
0.1640012235390289
0.4320188950842453
0.4656743837995587
0.5445014552267118
0.6809277262611932
0.1915973614081623
0.26740890215535384
0.29830548815760083
0.1790908477893065
0.2202831129161481
0.2305898437212488
0.008368303851690073
0.5788387743164688
0.6443675797231437
0.5951408827823476
0.35919387284142656
0.6695992147088851
0.9507944240845573
0.42471980457416514
0.26932767562832494
0.11581812227325894
0.751238999805882
0.3160364633298576
0.16088226272346995
0.17975339580819394
0.9648937935433104
0.9595013469673285
0.025530291591478904
0.030905181344458077
0.3876416818988394
0.42342776141001315
0.7609952152389962
0.9308093980138533
0.1045566779691045
0.9060810130186615
0.31945145998562774
0.15711697825433324
0.09817974455850942
0.22818789397637407
0.18287942233525578
0.2623257045776124
0.7067749354920887
0.523090469709535
0.5603034930384647
0.1502280037723427
0.2947790980014213
0.4225481394270223
0.48797334198378683
0.49708209473798837
0.6119158531474249
0.5332626956364355
0.7059328209065538
0.24471058924010058
0.8379529236926785
0.1525208281073981
0.7830521744784403
0.24917453211946294
0.23683922219672282
0.9809195565817374
0.46748329266679944
0.6813673181947271
0.6769660110025116
0.055959573555567244
0.6506297646625121
0.4448177053409258
0.013554408472501223
0.2523624884170428
0.6501067854237645
0.7011864027718242
0.47467934860368477
0.473287909214938
0.7407983295002396
0.5753863162920242
0.7441976698917471
0.0911968323861082
0.9930024549444177
0.2499516586511873
0.39285604418233055
0.28792763748330874
0.5127875101796596
0.9522263642729825
0.6731120780736574
0.6906220255685589
0.12206590535252881
0.7881379560744293
0.4637100520914418
0.1034581122854571
0.3645238940312445
0.9827676332152598
0.3268102589547325
0.19471794570224965
0.47842938032629523
0.8506235944331112
0.22347873036552957
0.7145378290933796
0.6384722148766717
0.7374688462454473
0.4226021230717909
0.1907592778893482
0.3361743352878095
0.2507510069477791
0.5338005204611598
0.07861932751455236
0.2420397123682695
0.32712647874293344
0.39666794196710553
0.02458896977379932
0.27249766439129963
0.07326655003250548
0.7666792405284587
0.24548887722987
0.8708244938550435
0.860078627098517
0.3523588892321675
0.021081934910089917
0.7036128151388826
0.8506711191414625
0.7788158459940404
0.9516621684684725
0.07298955069918323
0.9988351552924927
0.4795056187111135
0.9417304657917457
0.34966690796857414
0.5675127554740577
0.3510892898214809
0.8366671127226663
0.6430434737446279
0.385665300432551
0.24551648429026374
0.26138230019263986
0.7419552799078055
0.3871521434195506
0.01896741818617753
0.4882451462535027
0.08330918458546333
0.45667417543685673
0.9090466070941557
0.09616298855406258
0.13571468139590182
0.24553272191122855
0.469629362567364
0.7735022538489313
0.1213617645886329
0.4138991637381313
0.15701888042446
0.864613304904954
0.4417763293019351
0.7064863021204772
0.931580669467925
0.16304091912057428
0.5217169888913776
0.3749575920400392
0.9157783194278395
0.014073609818569088
0.04035994838385759
0.7231056836928267
0.2325421742793642
0.005104285856263324
0.6800514461622129
0.9697770857836367
0.6371610469948146
0.3943456769249808
0.5902903245902963
0.19971530351733913
0.4513942255810188
0.9567638782754213
0.7382356650813403
0.9039394345616404
0.6102590174018904
0.11066391383443086
0.19691746519800846
0.4989714166820005
0.33995728874261544
0.02918175492249364
0.20846150830891363
0.25816969251323396
0.09966165744030098
0.9380066454531274
0.5520214645032883
0.28862277655125723
0.9403901402384902
0.9539790326413787
0.3447451282371875
0.543501422893564
0.3609560704360094
0.6287791446773378
0.9089836841503833
0.37246332106893776
0.07398715092914421
0.8277412008806476
0.7500864249200015
0.7816495957838023
0.8342666029247076
0.6958995180316323
0.006505175451857137
0.40000795888257523
0.627155549343493
0.24169215532192112
0.9575667996645291
0.1301220704876659
0.06661526292426301
0.5033185426412604
0.3041537218159597
0.5994227314243687
0.8103542749761888
0.3535678404677721
0.973665943513066
0.821601208833179
0.16388419935028997
0.7460048824794797
0.143020808615552
0.9282406606116368
0.815775409490922
0.6087209309926203
0.022079133724825062
0.4371268116958862
0.8231614856481303
0.6514270261489785
0.6947696527444853
0.2863944614444559
0.5495496095795668
0.06748758305402003
0.9763163213778925
0.7826114257734026
0.24625139483518155
0.48456277064118625
0.8123556066465638
0.6860973770092702
0.36425665602794643
0.5458477673241945
0.2193642373321545
0.8882195780059585
0.48513058039021095
0.18846812232383248
0.14570013611821664
0.5231035610353262
0.9675223862758922
0.02641020748863565
0.9186925687053513
0.9001418580129543
0.02013122352372143
0.24243622353371275
0.1355997835275532
0.3438787961261417
0.9324834602984949
0.04675344342220422
0.9548859024896428
0.8842954729954092
0.6216324942107854
0.06977809406863511
0.7491510996840933
0.7532134869029228
0.48590089182010077
0.022153841623873682
0.992182093580074
0.8114821433202554
0.7960416174884081
0.5772560418246653
0.0699730081559099
0.3568084256094949
0.49970383194085
0.7097323328908722
0.4291988805021928
0.24353485147764997
0.3668456465296791
0.6582013009046459
0.10650781623647243
0.8833652917674051
0.8617447830564705
0.2710506476593034
0.21812956257240146
0.489984603199904
0.9915153904589648
0.7413468632028162
0.4316820159829642
0.8807125398929517
0.6515474395784832
0.6401886725298066
0.7906892861068121
0.25477848246519796
0.6650425760686581
0.7174069500328
0.5172082459905555
0.6304983015886739
0.7968285046988827
0.15433383996636874
0.5790929694790247
0.04258012192178173
0.5108915349395482
0.8254343654752686
0.8758095796761456
0.17598138070415015
0.1365746722558715
0.6539141523351079
0.8703463326862118
0.844184086522668
0.4101468155002893
0.3309868576375825
0.37464747348315275
0.6074517518118001
0.06645599628483956
0.5093058193263653
0.9821310239710254
0.8705752099501257
0.26963769115306746
0.07813387106274805
0.33323459293493163
0.9998115438349936
0.19235697887219982
0.2811468044531198
0.9985653613127736
0.3551641059485051
0.9798210757596532
0.2473347643259307
0.26911361898039543
0.6468480308328676
0.6678066063468512
0.9712876992533197
0.5541217483906092
0.6937304082347596
0.36320392937364665
0.9012200623203752
0.404583617637874
0.4867297235378649
0.14108843345888278
0.0714110197234682
0.4039820518641777
0.44160458112558587
0.6640865388532342
0.1503065714018138
0.2977548146104636
0.8632568675835588
0.487812295757577
0.8663500679395749
0.7691123199494336
0.9376199067046128
0.3804077636908434
0.020678023750760777
0.21121341003296257
0.017397568678646058
0.7547285188503275
0.6991389525817108
0.6943378683647528
0.5743655428226232
0.4884735795399513
0.3556621163746796
0.08157746128816623
0.9536409177198986
0.9905661376993052
0.1548247399549243
0.9077001955814328
0.984272399315271
0.36135034505155905
0.33353552915303153
0.20322495496255055
0.5756979859226694
0.8896762852101292
0.370073038650114
0.9193767907066157
0.6610624361586351
0.9317036104105275
0.4332879736117077
0.9894758185854386
0.236082591952963
0.42426195779557496
0.9255982502079344
0.3484453927902711
0.7860932725081035
0.8998641092511235
0.930476536454889
0.4245085089339403
0.09410240566586325
0.8909755779388939
0.028449900688040874
0.7157733849046628
0.27912885190195913
0.03790217702506604
0.2552017048169618
0.06929281578904756
0.926792074367491
0.04766528576829676
0.9411861141433968
0.1913142468663891
0.34306783650832595
0.890491440289298
0.79423604668989
0.7348201363233694
0.2873195695046351
0.2660516702398176
0.864965411933949
0.03409186170812528
0.0221605427520708
0.4233434744721887
0.9693371793578323
0.18591207669492316
0.1553966871905892
0.8761155962686283
0.7335885768822296
0.713154070778938
0.5432460688485763
0.41999459496035807
0.6737759620415011
0.48888928422797906
0.4742254890672045
0.12797906937402082
0.6255210285977109
0.9477767270657173
0.4595406426478209
0.677725801061996
0.3991112848137328
0.8663811357873766
0.21851137104253227
0.44705969732057516
0.7509276948416326
0.15519942554775645
0.8665084305337462
0.30339720905221856
0.6342425911544393
0.17255779084653777
0.8880745091511617
0.9082805934631881
0.2207513244480266
0.04417439114502564
0.20934623066311964
0.6599785824522018
0.36877173717441036
0.3520660767712023
0.57159052653882
0.10511648244415239
0.05486538475705027
0.3426093826972033
0.45161301561739164
0.7645565581401585
0.7827049597976901
0.49594994740930975
0.9749918700480216
0.8392576666854477
0.13633297336409445
0.8975862499962032
0.6245359638185902
0.1886004670185396
0.4545263855686372
0.3578373028840195
0.05906110548477872
0.3066728154901105
0.06880295419600135
0.6360361289691324
0.02652383302404604
0.7612674744953954
0.6696746942890064
0.4436739787355164
0.18074731456935855
0.7058519446231994
0.14407463595914993
0.12435277047338633
0.5924191885911199
0.6265286936351202
0.6614534378285816
0.038286535846403735
0.8827368846074855
0.44401082385770596
0.8768619123981
0.7152248760421066
0.2020205707947219
0.45489724210567506
0.866407052997793
0.7820546965492322
0.7258100154460029
0.3670380834983782
0.813788547488002
0.5199691223062229
0.947406106438218
0.8605397095129953
0.5261932252880444
0.6609751552085148
0.8085140037813985
0.6889662201159071
0.5736457112639803
0.6946448740911759
0.628589358467865
0.3245519987991
0.21798317298160064
0.523397422411262
0.8686847858473958
0.546747824658504
0.32594283101250465
0.7782318134291245
0.9970392690086617
0.17518113495447762
0.1454210523291477
0.48671369182870716
0.11134782090176043
0.3561181214146121
0.16478318390292535
0.07115187936550671
0.5165948628718858
0.42577407177649096
0.2721735839102978
0.8472831281129362
0.15752953576820183
0.39432535706061733
0.08509554165334632
0.29241667874553245
0.6613063806876874
0.5212347844505729
0.6301013914477942
0.3568726915509609
0.758510897141258
0.2855099122004633
0.5182528984282385
0.003681666001929318
0.019733799285656106
0.29377090965395214
0.3840830265308188
0.9788948903893709
0.17005386252346688
0.31451381619206853
0.6341097043206785
0.5384881701731331
0.7252342371133743
0.6787111837057789
0.48552323757338267
0.48772465850848845
0.3311323882614198
0.7449014557110624
0.8664888367822899
0.42497491735053206
0.9817693587780698
0.9911749777162925
0.9965764043091374
0.5243755183911626
0.24169906592496737
0.5669731801984811
0.36914954608925776
0.5403397468043466
0.7047639859287355
0.814375068500191
0.417116748302652
0.9718174282308059
0.1840185663072723
0.3515526169946822
0.3592674656464625
0.48533331054778495
0.5465472595318261
0.8003350261632338
0.5964861737232692
0.7632164954755472
0.6820993124672683
0.13532931734972997
0.5554582584942296
0.9170656408535703
0.8259076278131295
0.9338023645778142
0.06205125200403627
0.4863786650804648
0.34375456854279973
0.5135378217839953
0.16737583435755
0.8284069209970647
0.13129274414859804
0.060138679194343014
0.8466007336230477
0.39767809375599383
0.9798240453810361
0.36575426680032097
0.1439166713493638
0.012263872731307579
0.6171857503424126
0.7279682685814695
0.14661425871408618
0.7087516851851204
0.645087559891723
0.8905921206103949
0.6370611394148601
0.19901274559090432
0.2631889923221672
0.6473660990635266
0.3934343128455744
0.2592409221805535
0.49540170760883373
0.8750778793040418
0.888383486288254
0.6053704034864726
0.6153465617330546
0.31436669080461865
0.5693719134102078
0.9388624633039037
0.6055909587063111
0.37448837817929825
0.9952613606972537
0.8829846054452879
0.7792367626150075
0.6025750603792172
0.8507779314032486
0.4720884238512232
0.1426245765377212
0.22843058691488616
0.2638164665314523
0.7050247151895153
0.6843660233045462
0.37266084369326746
0.9101107053952076
0.4287179353868079
0.5386100462391888
0.08894562525933625
0.1056172599627605
0.47905427168379877
0.8893951813819324
0.4005171589787673
0.45903172581702045
0.5736209111801939
0.5581350904682714
0.8864175177410877
0.6851751863765673
0.9244664392767538
0.44772952024434953
0.17486511765897927
0.864560247529125
0.9189355446730254
0.4044886990478209
0.9090688487569104
0.7752656000697422
0.5027637621175562
0.6030039694134479
0.3650854012462116
0.9203184076268673
0.09200065459524243
0.2592931676311021
0.9218237396854275
0.5271046922108145
0.938963368132044
0.3339944373760424
0.010058251653580097
0.10489757979377279
0.8823040536799744
0.9000775647066384
0.0003199145023135008
0.11241357746902125
0.32240895038197315
0.018486726319202784
0.7287928534984323
0.9093780711463344
0.08072838987271747
0.2903248977305337
0.005850938645618697
0.4444007828511749
0.5252707083447531
0.7356342434276857
0.5036277016480076
0.0660324234952756
0.974375540126632
0.28652321144022863
0.8770197792096055
0.4346945648245234
0.9270145098820738
0.97633560792766
0.8367827612216584
0.7602442834059092
0.11025087901966957
0.8567525687624711
0.16388518099748028
0.4932561418023609
0.6831215830946187
0.7811637187219622
0.3310452591693672
0.1576739001946713
0.19108870345104112
0.4553388551746188
0.48038186495037516
0.2283050669048864
0.026339901973732482
0.5753771508328336
0.9953697283763687
0.8287012551195585
0.21659991958589764
0.44810572363270296
0.8007959764277378
0.553288103743551
0.33874864210246036
0.2205454380467986
0.8261739869514212
0.9021784545962507
0.23342344466909037
0.7327560307073007
0.77607687181287
0.6579228971966148
0.9829167585581176
0.052319370747955785
0.46511224734323986
0.030522398148228658
0.30706242242630044
0.9489136712587155
0.4957666485670317
0.5503474070433837
0.1304371740275182
0.9238775161570492
0.9841063152363192
0.49817895904189746
0.5790865929146954
0.9223576912837357
0.37132860406339907
0.12740673170097427
0.07611756223179444
0.5245802464247895
0.09841651245491445
0.05549014280044151
0.5228819378931451
0.23797913178005148
0.06665584205977837
0.9801082824804958
0.7761092668259993
0.4933626084566609
0.35853338068395413
0.3099951411724565
0.761228994728219
0.08599256521698839
0.6515412642954269
0.3912767046384982
0.5982553781233287
0.0963972091589711
0.12167134575023719
0.757196918112437
0.058991175972833876
0.7759331872405718
0.4038903970388842
0.23243978131205945
0.5229393066434773
0.4885582041142249
0.3536457643511395
0.7828252080962628
0.35419380963093894
0.5629706726929379
0.9364578802902296
0.7169764558430387
0.2827150620994817
0.8282180774656394
0.5619145106224377
0.21862746647121578
0.9407760791607169
0.6810714557862304
0.5738893898396349
0.21655842464670438
0.17900065877895022
0.7649079955450735
0.4105653083656393
0.28371877882353835
0.1662960045349806
0.7275400847174551
0.15584991674317883
0.5979163243715591
0.564115550460228
0.06937319105619422
0.8180302121955875
0.9935222914148081
0.25787084457691967
0.7934715117301052
0.6920195113161147
0.7869619729561469
0.22694373188623573
0.42555473404185873
0.5883082869665348
0.3683310132079488
0.13963315874742566
0.9846450657665783
0.544738347527136
0.5172977851872143
0.1705035067940769
0.6540287068632772
0.8764778663857156
0.023522558984730324
0.3549844839190547
0.22739161853991097
0.06508155179215702
0.4701445615946892
0.5197051646423807
0.8864341915740009
0.03927970094292843
0.9734580193517064
0.4569275423156921
0.5039652946658792
0.8581457936121833
0.2627191810697834
0.547578124828021
0.4604212880819769
0.6715520407890352
0.7310960279475406
0.47975836245827075
0.9119505884834783
0.10332831302179102
0.992093001160909
0.05824826154295537
0.5546503703170373
0.879299060549434
0.03535350222131606
0.35539940065896136
0.19223652877747377
0.6053799576096915
0.2915626975993916
0.6149472884377896
0.8333739403580961
0.09017382816760355
0.7882442845569698
0.3876551715640578
0.6200889999001982
0.502013552278415
0.10656439916373517
0.3513347895829426
0.6201320865717438
0.9521571428083936
0.03382667582570675
0.14767143803507132
0.4038523315150615
0.8038483474901439
0.6471625737629387
0.3544148578504053
0.37009316648683666
0.12121328745396343
0.06099143831882603
0.40387913359213046
0.9858116603397217
0.19247248756391588
0.22414496143187546
0.8573279197563828
0.4605705937968989
0.9887042223877194
0.9621213719015216
0.9497046563050678
0.889747109056158
0.7524041926171676
0.9257545407326556
0.7302993875128527
0.5692472682585471
0.6493431981439292
0.22965370506396188
0.44232729757435785
0.009711188908046453
0.5627332157372247
0.3420901297287906
0.008026440034646032
0.1596386694387888
0.6604693513712666
0.2225765164689223
0.6157654074343832
0.4845604786032597
0.3242236787576439
0.7942065260696904
0.4417838211414391
0.8433260413206937
0.3934240908246104
0.5848905702333034
0.48157233549267564
0.5527730828994384
0.4476596023558531
0.7749458395063775
0.3145303068785572
0.638490815380161
0.02781106790134913
0.9480676985864245
0.3804236224777402
0.03208281173174887
0.27921437540802574
0.5585306755067896
0.007296752547715335
0.3942815873845712
0.4894205016836133
0.4995369884825549
0.9978764144538823
0.3184617844264488
0.3886253526577663
0.1859512032711642
0.055137289415212565
0.9005447880754662
0.8825993176265599
0.24923010697624648
0.7075824778180992
0.048982034780926
0.09595492249208948
0.28317653584787983
0.6809246338427686
0.4524504598435928
0.21784847335115798
0.07621692508038569
0.8552363012275157
0.8230881717311227
0.6627192860353355
0.41922231408921407
0.04527096704981037
0.8895442721078738
0.4854284463938635
0.8874627078603007
0.846539014371914
0.6268116490352657
0.8231660136830219
0.9611054660397782
0.7008555196157522
0.3787570310444487
0.3757543393280164
0.47073818694603387
0.15245988541132183
0.8544582442093992
0.5814820002658835
0.6327172958896087
0.989440043259592
0.4609029877407025
0.1973617484727027
0.8737136118527649
0.59507631325772
0.07230006755344442
0.45071256459113607
0.23464643287822085
0.3698537882931099
0.13019813336519814
0.7932247100428845
0.39126832725948923
0.5272737710470309
0.9188030085992838
0.5591735902226982
0.23198265272057306
0.9152286700960887
0.9663298077801739
0.506206981715248
0.49304669696445746
0.769586728739159
0.7859212164910769
0.3001371626747614
0.16713293057789202
0.4677663547685532
0.588608832539263
0.4944277573967356
0.27329204832735055
0.417462182555597
0.1759897078938244
0.4505728010461225
0.10468092440882504
0.18931831238689678
0.9517353531360648
0.9473233339405328
0.25498956967540354
0.8822264541139199
0.8787462742572877
0.9347247616214062
0.5653211955698036
0.4960599794230234
0.2527097132049345
0.0031856860354461114
0.6303496631201015
0.7790372073436462
0.36301420671437734
0.6583072804985959
0.6558994176541488
0.6155406524480819
0.4684196721994892
0.41895947546402146
0.26966272251456114
0.5251012789875648
0.027576749670798373
0.08909861274861153
0.35258967927312634
0.25438982999682636
0.7934350731833634
0.2930785180105646
0.08055686134996476
0.7614401143108103
0.20577476411215945
0.5097152359774499
0.1442403776376432
0.11496184078101468
0.49754127970928863
0.39212303304873974
0.5496897912891584
0.9614836496909499
0.06835880225797963
0.11834753028204537
0.4929197415885659
0.24919942297381614
0.9725426597843854
0.8820791088718365
0.5489057875399141
0.8397741282375568
0.8191268287196392
0.40323817581049426
0.8186922946698393
0.48799801079725447
0.9878673688425187
0.5149811947053234
0.7378894409548661
0.42406099558833776
0.8278787674399661
0.46668428934515904
0.9656576321685117
0.43435163900381646
0.4245045085559257
0.5717193877409045
0.14534724481933237
0.9040682353704225
0.595219310737182
0.22434502540703405
0.3562825023408803
0.7585619309116077
0.006805293386579314
0.11179248259388741
0.7607480829146795
0.6202152095174919
0.6937399834663823
0.6556352833202773
0.29105770730989367
0.783791177441735
0.8016790260380148
0.33078788842141005
0.2186542703154708
0.8055724448877428
0.08011201037998494
0.5309874319998065
0.10051097031521661
0.6002410398725226
0.5047153870482115
0.07637010380964915
0.9076740570458623
0.9443334686262682
0.4226208977439361
0.29176156724099256
0.1066069048214876
0.19623801041911093
0.7827643984778018
0.8235585044902706
0.0860669256785217
0.8600841113651069
0.3386743145440082
0.008586354835381615
0.6005655227388123
0.34450666416414444
0.19250488893136597
0.6600761414448266
0.8360330772892747
0.8971502689458354
0.6868142662953676
0.5939109668408962
0.2941303949092847
0.23191238034048256
0.44453321474685603
0.08255047582071207
0.938718235685075
0.8083056982201474
0.307765035031036
0.6945498737578042
0.9513179234653214
0.0709544547329315
0.03250316144845533
0.6543473235342908
0.001964903548183905
0.2121207556569069
0.8590478114272002
0.9400015587324524
0.15767859334443834
0.18129085651683374
0.4968483258124994
0.8258196437899621
0.42284159529492693
0.7332336170582171
0.6376936938066681
0.47232228324070014
0.4341018041272898
0.27957619950102863
0.842618297522539
0.4677517961902655
0.016981128137847912
0.1888251478833125
0.5355859278243619
0.9333363801549838
0.15219538045159597
0.9658936819041194
0.8809599184114265
0.9187810422268259
0.39675919067582466
0.43457846329391714
0.5219629051139558
0.33496433030681816
0.958271175904263
0.6450627359949124
0.5137747520019922
0.5975773405103303
0.43034447166664336
0.7334047124983231
0.2976128617547711
0.48844940554466987
0.66296756317052
0.37110332799048207
0.23108397428896787
0.4805625633288273
0.36365175457110943
0.7602163127723502
0.015292055608359445
0.9182649167099703
0.8035407543335972
0.35313819505730804
0.3406323623661063
0.995950712883762
0.43722901465403263
0.606028623842056
0.21089692379963165
0.4364826334643679
0.3358555429380936
0.1110144440966766
0.699261824431352
0.13488998912155614
0.08010975286781064
0.39467156367783784
0.33992227506344375
0.8033838555974402
0.1631071658414005
0.5189254936859921
0.9655866618640752
0.8304882949607271
0.01266204288820394
0.3753923724516358
0.563736055484402
0.1500946340705427
0.45830530114942103
0.22531489561589513
0.6435009994566419
0.9055032767015134
0.840465443571641
0.6046306904307504
0.6802025560862824
0.08902591362085621
0.9875515649848261
0.18734303974657684
0.436050269020528
0.13947803093258604
0.9712467987182274
0.5802472385163692
0.3431846827552143
0.6879002367423409
0.8911416649451193
0.3081981370621556
0.6791974432195725
0.2561040749107125
0.9369065904998607
0.44148748326715614
0.9654572389094087
0.733146160847272
0.6295235357458462
0.415532715614502
0.8750157334872211
0.8815924360564702
0.45266669707427254
0.5979611653340624
0.9495617594431953
0.9584414547303558
0.05114268196144722
0.06930679326738143
0.5938387543541626
0.7748344202889734
0.7953710940845264
0.9009194680274855
0.1411347047971181
0.16418659121755208
0.7892060459085093
0.9373191332956535
0.26489944336011473
0.8801330862060653
0.332970656038599
0.7201106825911933
0.6492399932661072
0.40368963937450464
0.444395424418238
0.7267075902882046
0.6249889549429982
0.0032868283707448986
0.2872231427831572
0.5394955881105953
0.4282371961097384
0.661843857089868
0.260561968609743
0.9097001088715454
0.8446669143368033
0.1618062382713129
0.06163987724344644
0.935104289248869
0.26571653003879236
0.7020790501555304
0.2504328574661856
0.7318973305486868
0.601554197717325
0.9100455046549748
0.7167103561055937
0.04831505173568773
0.07103215790663742
0.007368393539789686
0.9783614632585423
0.24136831901616018
0.6202393042521039
0.1900296782645774
0.42443563651157024
0.9178369905607684
0.6089646863104888
0.9910714158970367
0.4571521219707738
0.32684035180321525
0.4483300003838119
0.5087588615125418
0.9842024333471109
0.2836775456777575
0.07304454229442425
0.9033947461524539
0.8659909683321879
0.0032643854536100747
0.4881810710354183
0.4927708939908273
0.7320284796201925
0.726376026475967
0.1430670061004966
0.10925194160347018
0.0465139709625253
0.4330370899399615
0.5538296121972187
0.12074330377834741
0.42521086844353073
0.2547846292120547
0.4213305598080832
0.6633031246585555
0.9840432621571072
0.42116105208049004
0.47266910936599416
0.18491640091847605
0.9344085624180489
0.7056779627900039
0.3921295746769726
0.35795651506489223
0.731023471512282
0.37262397659290236
0.501393550031867
0.7821181712693569
0.8251899768174933
0.5684724796309149
0.29903258725239545
0.6701122345682222
0.4796887332354124
0.9502786261162769
0.575742807232542
0.8851724820212035
0.16107741096701378
0.09833700348315466
0.5844775968294319
0.28243021008608593
0.7409920241855793
0.9215044107920818
0.663580520018755
0.2954720691965895
0.11011915225950053
0.8309756689579927
0.7862153586635211
0.10490331974754974
0.8368280165793047
0.9319318248428069
0.7408357302023629
0.527496976512309
0.18702073662985153
0.862364427388365
0.03513217257973145
0.9725168106685191
0.16258048400927727
0.19451131874217498
0.1598395831872812
0.42606035550305954
0.21286646560244105
0.5067224561476364
0.5489833425331915
0.4447755127953428
0.9270258395911574
0.33220758834857456
0.4295882404959933
0.5670624080442398
0.32446259667674204
0.1959995589707777
0.7665683969914073
0.382879914938705
0.32662371822657565
0.8626005641218759
0.6774634086493887
0.7425339117875358
0.6153333295181137
0.7341611253828264
0.016879551164673434
0.23033244106600115
0.36122609984101284
0.06267444687372214
0.3119415053527814
0.08075050452735755
0.24040083335535056
0.26955158031485593
0.8677545829116862
0.17275511963406187
0.7482362208608027
0.20207590180810298
0.655823009206898
0.6021991158577377
0.06638063921768445
0.5986176759454821
0.548565327675087
0.6026999765798386
0.6422482268955636
0.3831229137644956
0.569512857434494
0.26217764018136724
0.19992367966573565
0.6642730262347126
0.09147292702114018
0.565233352201499
0.1171991938699094
0.4758450950454137
0.33388356450125856
0.7808091425728322
0.9755359792741407
0.36218478170275026
0.0857815800306565
0.11007536078883473
0.6180646568352605
0.8863372840167784
0.3122520676826971
0.8112518778222406
0.235307688302286
0.0182642099990038
0.1899212541125338
0.7260757304883345
0.839128640406255
0.14670720351120725
0.16100150306907324
0.2468864216118838
0.9824821573370673
0.15064186374708266
0.7955913205538616
0.2838074881309822
0.7358598292414816
0.5648985925395432
0.6083793129408739
0.7182610078876085
0.7408968571028182
0.3794090639581247
0.4885960258633787
0.16205936142968458
0.6274249097659361
0.4226712136400702
0.0710029103586185
0.5805764682350898
0.2023269827833547
0.5974065965650691
0.20090313092287926
0.4840085346377445
0.596870222366023
0.4600187246876414
0.6276040411291557
0.9424919790813906
0.9937630776647032
0.7653421492045509
0.19845678546554946
0.6388546375258616
0.6460033736526958
0.634305899448556
0.1195431807509777
0.5370328560698057
0.6466542828532608
0.9445175124588974
0.29927629027079494
0.5146966857254639
0.31200559784626547
0.39240614845050625
0.3976252778640498
0.4853815641754726
0.10014775066583026
0.4304469609261924
0.9663715687253829
0.1184336362290157
0.702806405119766
0.9441209660144615
0.9847478316293968
0.2543334436800685
0.32035622332705116
0.10064795008960181
0.17000685857942655
0.5084703282491692
0.15825171573633723
0.2751623667765203
0.6739130392470372
0.35819811940739876
0.8676846200444728
0.3398854623975359
0.16384381062548448
0.2160098383058533
0.9940965931344179
0.8879793191484091
0.8311346061567362
0.6059279517771656
0.4942467921811854
0.1561512055810681
0.5694951549520167
0.5807133268391733
0.03585409517117988
0.5087100660591026
0.4227711562958444
0.9442548621571722
0.10340408680837565
0.3506589146638016
0.4140203524674675
0.6765090534177255
0.8995311853146383
0.24854072202805566
0.0368169169150796
0.19761666010325052
0.6534565728839216
0.855136997943503
0.014894355093311162
0.753331496279169
0.22628314103848246
0.9577523125840054
0.4176812800503915
0.2556541975165887
0.8375184585806821
0.5996998603570823
0.8569807507613044
0.3705716646767937
0.32801778118967617
0.7607366376292501
0.28398841434066635
0.5090604847583273
0.6216087700774341
0.5245790327495319
0.8560405432731486
0.6480205604984657
0.9509804503939681
0.010262983202334541
0.44892803010051285
0.5845633098179374
0.9729886787750821
0.598995418106657
0.6533078655095461
0.3100860208149212
0.11435138774316689
0.14927632400936763
0.512688836416335
0.6798221602991208
0.36077653980050994
0.9604539993390523
0.8356638089916324
0.44906518839643583
0.23088642527990444
0.21850858669148643
0.646505577108094
0.04902113088078075
0.8608721703217345
0.5377419247963832
0.22593963102886205
0.1832531324274802
0.966632516863868
0.9981842196957214
0.237851206676709
0.43993880228131477
0.947221408184986
0.770911725881359
0.6378806789185241
0.6356692629613623
0.5467491099904519
0.022101140527874485
0.41630533894865884
0.5332764093053297
0.3014520994177663
0.29153053078839486
0.7403021210676107
0.9091826797426573
0.46446677918942425
0.9523685074203443
0.7296301346569599
0.6850256639806434
0.22291315860553784
0.6764765742509292
0.92496787665628
0.9838175550470405
0.8002142751355885
0.053082423446410565
0.4895850214404063
0.5226571564838965
0.4711475899157722
0.6385644410171032
0.3227239007688598
0.7120201605529027
0.6079454006484554
0.7512209679598487
0.557011434851988
0.1959111096445778
0.6228308073032094
0.2672801268709303
0.36241716445757144
0.3376684069263646
0.07569671125071287
0.5230395218303558
0.585718787593858
0.33297119365894345
0.27520556635314763
0.18290712395066355
0.5171314792143397
0.21460534967187705
0.4174074291107678
0.5942481166297844
0.9947030120319565
0.0028029458356388925
0.6780448388460371
0.7173250835680661
0.13227157237109088
0.6504779248107961
0.703032903315274
0.19225149856818535
0.18822883105360044
0.23443812040269274
0.6261735327182616
0.4847618087948775
0.48002627233126527
0.05166198796050869
0.08398272962543774
0.3387335702794291
0.7933070501670804
0.8939858500960157
0.694580798284317
0.9557804205928231
0.43474278384764864
0.795055225850301
0.12091481050895081
0.4208673557408228
0.9340981078629604
0.9701523692421715
0.14815374143888338
0.8977823528959125
0.4137424577638351
0.5025187530762274
0.17091659526121394
0.029431577731788505
0.8127732292901889
0.569050142802648
0.10806405373599903
0.7953078639591815
0.4781099236757166
0.6437490748898788
0.04110493746989219
0.8021153134909842
0.11636424890335728
0.16907771150813977
0.8068386706364794
0.6134152036703611
0.7379864891192095
0.643361429988985
0.36567539985453135
0.2602919148344801
0.019133469485962618
0.9366518649598727
0.014145796457434079
0.5174194759381174
0.45689933846448927
0.9179656800146887
0.4134327343079228
0.8775432635136021
0.7999948988774894
0.15357278972480903
0.965327533974895
0.4122727903387635
0.4996574723758448
0.5190163632204534
0.28283352363313585
0.8682160025604696
0.34451777732374944
0.05680399056627716
0.37471031565237733
0.4148666303763745
0.01834591356684323
0.30721769903783414
0.6915721540093609
0.4342904940248753
0.05104417636255332
0.641447982014154
0.36572435209464593
0.6225379803841463
0.5209491420616605
0.8342651684546531
0.8177416634740289
0.4588442556092416
0.9104513213938297
0.22769891511679263
0.39986355546982777
0.7910601607736701
0.7171354421544571
0.35770467299764475
0.8996004491898332
0.8843906787593662
0.779090411395685
0.8425536357677229
0.5365169076299845
0.7853998913082193
0.785732789001531
0.6646906811682769
0.5509762223219276
0.26437466895898376
0.11443283380468006
0.7170622425917703
0.6057028424319953
0.9165217332724
0.9584282774130911
0.6304245215860057
0.99933834975612
0.22610609274224014
0.6929551531410453
0.44989940981562293
0.12573738102086374
0.5275209608276828
0.5642215643171917
0.687054134830121
0.7035700087362375
0.8334126647215279
0.07979424078368647
0.6380378187789727
0.04786796955691075
0.4423665861208722
0.9291643349132507
0.6288164059815388
0.05847128620090236
0.08729312189187488
0.8697034252868057
0.025304866653713676
0.6599037208960642
0.14053520845542156
0.7759161820313053
0.42920360592253304
0.14302429872060496
0.05285225145411043
0.9688414702272422
0.4696039140709367
0.230873436010001
0.7708174344443938
0.01764921418823584
0.9959347728231216
0.7194520832135061
0.35079892489180564
0.43692513231448826
0.2795814115865567
0.22874282936167
0.36757778532413077
0.09083152108678505
0.039513763037775096
0.9401019245589185
0.0017882947622770429
0.6592766969705534
0.7215208463103479
0.19322199874682477
0.8827495477747928
0.2214216853887373
0.4811547059836131
0.46918477342935394
0.8618895081023299
0.8682979370156246
0.7472453776204431
0.5956945116630304
0.896845730295989
0.26900487929001726
0.07585670398246791
0.9764018302420182
0.13746017486541373
0.2839015563905727
0.24380963390149624
0.26829934988245063
0.12226730581217737
0.043402324947139026
0.17640842968159376
0.20948961327451332
0.7177088484333204
0.39243119947380034
0.3557625019756613
0.23419692782768442
0.062190118622893475
0.2382850968670197
0.8141043055732073
0.10271471350549999
0.31322662995922745
0.13360184043212298
0.6807620442662599
0.02105031466825169
0.43831173323003425
0.37632347161488444
0.5219532684049262
0.6283494871698536
0.6387694590590192
0.014991148875440508
0.38932345894187625
0.7897532855189294
0.2507392231776454
0.4104032723388533
0.5761615422309722
0.3481600301500982
0.1285718822327253
0.42361343018805164
0.5694818811824266
0.8604359665790873
0.5832994978114039
0.8754403613118726
0.5816705495560727
0.8719375138302985
0.9224740775998457
0.6541074744138498
0.34715078435274793
0.4677797219459685
0.5175531129391809
0.7353244672192607
0.5775312278597379
0.6801042786882588
0.11114290497865886
0.4230692936700615
0.5829574886526099
0.8276722481067387
0.7687930515411674
0.31952367175588403
0.08789603741503782
0.017425847208593415
0.47866863323341347
0.8890610745161865
0.19633699051411257
0.8472344269847014
0.9073094726650104
0.993880809316461
0.7944099649424596
0.8148602598431007
0.23081818097472462
0.4478278989475061
0.4176654191496958
0.06024971727998918
0.27820205621547633
0.46013305218894096
0.7557815035391658
0.8465757093364894
0.4472265299876568
0.8222529569427901
0.5192140429490809
0.6200280447620607
0.9830206064979613
0.8286857785722674
0.35031536790965
0.5791680187049195
0.24580736353965027
0.21658290109311829
0.8257056164161086
0.43173456147237943
0.5365159818096171
0.8591721820929868
0.3671875006550158
0.420108886031344
0.8976640450503912
0.554454535628022
0.055253833881602765
0.7562153760556373
0.061781707463614
0.013329772296073239
0.9222444490218423
0.322456642530789
0.3807825331681648
0.07025390176999669
0.291467494418706
0.8673508859482183
0.1370681830781122
0.2147249044094688
0.12410746670218609
0.9528601415757536
0.11078713266795293
0.7733391827015883
0.13750025595552884
0.5949682399475609
0.6575504599136535
0.45985688273848
0.6663633977339384
0.8798875623877718
0.8370405207536282
0.5546586614394587
0.8528276053632988
0.8353442249927858
0.32533089559351724
0.6751726046261748
0.7716230174680571
0.48971114096608637
0.9423693281591098
0.9552948792281512
0.5235321236805268
0.36132957668902577
0.6309578035517841
0.4645230583679243
0.16322843316647373
0.5861789935612906
0.6346964240581933
0.866466414012474
0.5668782336671229
0.514126342681953
0.43974169511629335
0.6415930219958429
0.99039053957216
0.8823055742561089
0.7688610724192121
0.6805182403367124
0.12095776961929927
0.6087489780399725
0.5461499111962721
0.6918352241672071
0.8825380649599299
0.8402116562896894
0.28690857820081683
0.6624324553080312
0.1201875938920961
0.1352012413348328
0.8095612638335654
0.5584400085988024
0.5586590465472697
0.5665454010393226
0.5151301067372942
0.5613898178822205
0.10744051810398003
0.08739920549967428
0.7346616261482746
0.39687202405159894
0.6674165166429307
0.7204156650662789
0.8061345703811917
0.7319141468794683
0.08359088013022253
0.0018724447046853943
0.6097621579929602
0.19250489935131987
0.7838191713573511
0.6408685205438126
0.2642332284987696
0.28413044967140233
0.9452556846822197
0.5382741509136414
0.5663208450758948
0.3858855223068488
0.7382284828776787
0.15093884727918316
0.5424186639180449
0.03266786582219183
0.31151300875674803
0.6837315335563395
0.17294909102158607
0.9001588000556558
0.7034835710238411
0.7453075618658049
0.9492192662126892
0.263739169342881
0.790378631906383
0.9130679786865248
0.4271843903063456
0.21518433343367316
0.7159249598123104
0.11859618571518704
0.35371034102916155
0.5899275189609708
0.9858221977343019
0.8869278516737401
0.2583103074470594
0.38287632248305326
0.5560984378864615
0.24132996570528598
0.6269633409187871
0.4122121479103589
0.7961041869396642
0.5198355315574049
0.904505095854742
0.12829780041911598
0.16492051361861826
0.4406004668839675
0.6082141953211316
0.7587640328209415
0.8042149859650504
0.5002196430679443
0.7776002040827723
0.4310405206204978
0.021086363367723182
0.1924593650542652
0.8340322724132841
0.5200428383322164
0.8111972496157634
