# browser_rnd sample v1
ua: Mozilla/5.0 (Windows NT 5.1; rv:26.0) Gecko/20100101 Firefox/26.0
appName: Netscape
appVersion: 5.0 (Windows)
platform: Win32
vendor: 
oscpu: Windows NT 5.1
cpuClass: 
language: en-US
hardwareConcurrency: 
deviceMemory: 
screen: 1024x768x24
date: Fri Jun 12 2026 15:17:25 GMT+0100 (GMT Standard Time)
epoch: 1781273845482
count: 4096
---
0.2650348872323961
0.7705370747753404
0.6306236118676634
0.62484993274704
0.8326396411129694
0.7559840867027317
0.6251746548859594
0.22245837798108803
0.9851207876416745
0.9155912587792314
0.056573240940888114
0.6641491938902649
0.54462880752599
0.8225271707957111
0.31626126004584054
0.0626767348867433
0.08146762880084235
0.9317357327290592
0.2640588487526033
0.1552876104451122
0.06835255353925385
0.864484286387517
0.23628161760351785
0.12363511498036284
0.6403435682754848
0.8186450175780111
0.133303690400578
0.13685467381922978
0.5781610205873037
0.29199620231776735
0.704761242361185
0.6063557802088415
0.016378363191137058
0.6036810000741498
0.9250050171851495
0.9543632083821693
0.2930268505561542
0.27806371953616993
0.6570745714525816
0.29296619939446245
0.3034354448075869
0.2155739612836346
0.6403813213750197
0.7864115864735284
0.6986684446759289
0.7167319890529203
0.2054505553314928
0.6266026982745364
0.2777127633002151
0.848399000904726
0.018487972313561585
0.49024289979557345
0.962605125915128
0.34539823813536796
0.5891994069199215
0.0657891775668642
0.8169790912266857
0.22600429672209088
0.23720666295128057
0.7393572331732522
0.6710508728657392
0.5663993683148594
0.7055668313844686
0.8109470990606391
0.049851509307106245
0.42704704622977396
0.6343158926558629
0.6758335033141818
0.26655256667679716
0.7530355199639268
0.6626220478335906
0.25069321167860337
0.7390210833709353
0.18079376074035414
0.015047987341839986
0.5500169563974586
0.8152791731564455
0.07518595524902028
0.04558547091885279
0.7255809418385931
0.6523321208226306
0.7938407664592304
0.3625393537800815
0.07022879457445508
0.9828680474692637
0.1296735702857894
0.838002937327554
0.45694210632479915
0.9256219484240893
0.11791164989678105
0.01757984910875221
0.43515376444012865
0.3477345525809158
0.9105338891132139
0.18917206947836063
0.7384847602381721
0.6712271287370984
0.21888727112934314
0.6440679102518851
0.2715624532294907
0.43075135024023903
0.9043455283164226
0.46922749004396946
0.7383037413787491
0.33606240882333216
0.6572252387439484
0.5465774509270753
0.9500242077541473
0.07020366740953421
0.3457776198360507
0.3032909788013384
0.5089601036089413
0.5631786240189195
0.5399246562422777
0.1564427313641893
0.0012670269527880196
0.020926531854729036
0.9185108455178487
0.5260927713434435
0.05328556096630577
0.5607059621398284
0.7541924451429012
0.7527676480008525
0.605840663445499
0.9065304660706924
0.43668832344903186
0.24847030721993912
0.5435683213393537
0.23208874387986445
0.04296780706590886
0.7347655514190615
0.37973924771287537
0.9036218195178831
0.29205247064386264
0.47715066429358133
0.04177649853014542
0.5715177149755977
0.8324605861466154
0.011835913128810827
0.9286396181357444
0.7869239228718067
0.7019241640813413
0.9792229943303721
0.31847544426432106
0.07846671370517
0.9718603250304396
0.3277839569136647
0.893411543856603
0.2142054901306265
0.043180466218527225
0.3327070103457712
0.6180950474112848
0.19523932931568966
0.7953716640369354
0.5855897318063551
0.45955634407355006
0.379922221314402
0.807387065619014
0.3546241610998979
0.4682034984373863
0.021432064768875603
0.16673289909681688
0.48913269025527095
0.5532298001551692
0.41647815826116863
0.9622418403811107
0.3479771781856186
0.8804435887065563
0.8092204464141036
0.41637360882027463
0.06827812189005245
0.19650588653888734
0.1720130070236574
0.754485613048868
0.8590448769716047
0.5407879010902101
0.993373886173362
0.3313676671115251
0.9037315586012158
0.7445374328681029
0.24362127156670987
0.2394365568445629
0.8863978595913535
0.8367690434572647
0.7599061188268779
0.6083379614698238
0.11806756839725152
0.9772701017695743
0.39491013497550254
0.072304269751718
0.7330419341850292
0.8193412293520135
0.4072666996089571
0.42946903653433655
0.44933916551282804
0.268365668066495
0.7368017466101248
0.3464399539355286
0.943095025244988
0.4470296182010305
0.003980734880086323
0.07178379674858504
0.9736739487577405
0.3039911998955823
0.30048645653585104
0.5136788138873188
0.014404068896880173
0.7100231903656241
0.09664221932613137
0.7098407186698578
0.29326329243778315
0.07413007536954197
0.8814331250512287
0.6719311331316434
0.8285082118595742
0.48186802386642646
0.47216793638384325
0.8220077589533674
0.25615099240982986
0.10907130859336556
0.28336290708229184
0.7551779864204627
0.9893542938257363
0.1964167555472226
0.22821763061963296
0.8604689242488088
0.5242272818203673
0.1837332900391767
0.34109261691327974
0.4110280100001066
0.5121711033696631
0.697690713524993
0.6556870287812154
0.09512047135005908
0.5558348351566026
0.9624783629340187
0.35115393146114005
0.6009915072504184
0.553908573388717
0.8603107942659162
0.6871799472403072
0.79151190662355
0.8193927422146174
0.307074169301946
0.7890947685321928
0.20862812601727976
0.12664819011812423
0.8281535785848879
0.9153654441477871
0.13298920754147237
0.30444480984336497
0.22045837357932663
0.44236906101533335
0.19072418377223344
0.9853907444725798
0.9688886481495936
0.43512673830724446
0.5471956216098566
0.6465384934439526
0.6489629135115569
0.337721092086795
0.05665616749304603
0.13162790092010002
0.8920536638419143
0.01340762212032609
0.34708672791020967
0.43234054041152137
0.6156537380495803
0.09197076884304445
0.7110964173437029
0.6241036008828544
0.12832314520596366
0.3406630533569015
0.8466158988557155
0.5013958039613581
0.4074427705502828
0.56510602178857
0.94521742419013
0.6381717535186764
0.31762740057682637
0.36781994367610304
0.36124640779642403
0.31093530207597175
0.7886279154381229
0.9445885809352669
0.11155084688768269
0.9651563128343719
0.003777867494259901
0.9826544933751329
0.7534465212401125
0.6801398384537376
0.4635176901698763
0.639779293588439
0.76765761232147
0.3931199779176876
0.38325488831233745
0.5294921722482792
0.43332362015756754
0.48026553586732257
0.26079638261624116
0.6153894804452775
0.32376530099310286
0.660448054823314
0.6058145605889044
0.9261367928905822
0.9745538456011634
0.08703732314101431
0.7622864125597298
0.042864264112841166
0.9795289799692588
0.9236532028097217
0.4745704561978261
0.3819348731861406
0.755763365259551
0.661716778309231
0.34876373036736985
0.3986044635289443
0.4850719914594549
0.930807938738335
0.6432068860008051
0.9708813841382096
0.2875174954070103
0.5772505703310103
0.8854827452731228
0.3879328021284625
0.5114625980681027
0.3420105403754541
0.6579795710769678
0.5636733256502409
0.1350741101464087
0.5559056560535954
0.520067100616285
0.3237114032180729
0.6657829855376546
0.8882911255508814
0.44216037499525807
0.872617323272566
0.5970573712386422
0.33479763126210804
0.3154221402702647
0.8385161043351019
0.4359468891063646
0.310363778881664
0.07058190597377612
0.6132974724570334
0.5502080241529849
0.9257182509473965
0.6903258827969008
0.05927422877737021
0.600421815306252
0.26863121244226074
0.9319386657628372
0.03690954137791336
0.12036689712825466
0.7856687336958845
0.8903543252089755
0.6232720985883478
0.8880124904032386
0.6658479885517421
0.6265006807557629
0.33716825805028516
0.08984721557986919
0.4645046641678344
0.9617975128964759
0.1644382193793521
0.922861484953307
0.07384888791687749
0.19689598669037245
0.6856931893071886
0.20135256980837346
0.5460990862161066
0.9512225477765455
0.14880883105503628
0.7398233402028462
0.20574820543255823
0.5396182675236368
0.8997802279393982
0.7685964538183218
0.9494298762833119
0.30333978495816327
0.18808162816402918
0.4053686151936099
0.6250168027475717
0.09491580377562714
0.9964643371201353
0.2537796693107094
0.9059976990567973
0.6798286805541379
0.2101642321822641
0.5291738897278083
0.13284251363265787
0.16271803837579768
0.1367802182412866
0.7220820118467361
0.17998077658038936
0.6717791162483584
0.1156235249246651
0.7015539706904084
0.5251807834129308
0.44225590785715785
0.7141268865595711
0.33332424267345606
0.3475326759447912
0.12840487931772648
0.7989420752154383
0.1418928062707394
0.6609012800626255
0.643032433195886
0.590642530206582
0.280956800461996
0.20162954792123156
0.07468528017890619
0.6634879840794737
0.09322903520551162
0.03243712725625425
0.26479953187742444
0.735495838126821
0.8385313980099309
0.5988726863841356
0.44059128068550846
0.009104268826397588
0.748152653233606
0.28034265343632636
0.8941974039255796
0.7690001352447479
0.42381174209165984
0.3146532059658659
0.07455230151036396
0.9212243422577773
0.7411689846550615
0.343166284839974
0.6157128781587583
0.16645653277670647
0.8406797524763687
0.723084581129432
0.76382007438792
0.5404193124882494
0.49268606120500824
0.1840443945882494
0.38461282554070453
0.1256322457242326
0.1089933916375555
0.3681094939249301
0.23438562559502796
0.8412839203813929
0.9397819463122612
0.2854227879345018
0.4595088098230322
0.35178050153144347
0.5425522949091871
0.7421873967172821
0.353105808599222
0.29956701145447084
0.43890796539229104
0.35331180713895416
0.24220952193117185
0.2641081248877898
0.9853278267025256
0.838968842270267
0.004695494604497807
0.0764528004593189
0.8756843280902231
0.922481370987436
0.1225168479160611
0.37759725991177173
0.36611326825095425
0.2963626521982856
0.36624184637427004
0.5988994587928548
0.2669441999811285
0.804002133587071
0.17562225848422952
0.8640871582347074
0.9817507997497436
0.19640280318529657
0.5518966425004895
0.6649409327671987
0.3901826276868712
0.5665392935237117
0.8097593773791868
0.5465226059788647
0.16909143684350547
0.8383205729911446
0.8504032488619503
0.4528583664306862
0.22556636746619563
0.492804887836632
0.7117691707576057
0.8302750895123987
0.27584402553472953
0.05122863938020217
0.028114167187864303
0.06312756596098557
0.2456612522053171
0.7025751093458515
0.6882341140221099
0.3254429376992781
0.09046968643414766
0.8628230837744792
0.4201556904145106
0.47204842483618537
0.8380327966884104
0.38367881706372775
0.24983726416409457
0.16403666718651388
0.14127789438271043
0.590510030019026
0.7823957065097433
0.025962813860290423
0.39587680273512926
0.32236347275238597
0.03660282504639034
0.2659559696125493
0.5248806216188214
0.6713625049833314
0.1268709047816854
0.8549671011181486
0.8618359099537137
0.17444478511733363
0.43167429014139014
0.05766430650880228
0.17416035054100287
0.7973143184417701
0.013329865930645224
0.8350255004624458
0.7601584588160435
0.16864628724824593
0.9612863254713557
0.3974676327346093
0.7259087493180907
0.17199692893641216
0.019548029090264984
0.9773906296746273
0.002355827870033411
0.1835350915443673
0.32858690194961815
0.7113032663716223
0.39829194305699855
0.9556256981844716
0.3630708606547426
0.37423732044018854
0.001514678850954354
0.3894601147907424
0.17896565360487193
0.5929453141592005
0.538298570283124
0.2143416124924229
0.8970415683154263
0.07941623264355013
0.8804201150448829
0.896898980369816
0.9445449187332153
0.3725328864636862
0.7493272503474299
0.9404148960907994
0.9527694243333016
0.5532331884630894
0.8086461643141214
0.10261985302171361
0.3654895820211671
0.4073272053893011
0.7590691821286966
0.9597166768080907
0.751695242636346
0.5501606372105103
0.7537698678092731
0.675064435489484
0.5357920033209572
0.09860413059619655
0.4378425667002056
0.7928649129309162
0.35940990240491855
0.5783877549909918
0.18186503560052736
0.37035853892480763
0.571188322484678
0.8885880350700389
0.6275349543089574
0.7864510471426944
0.4043824254812539
0.3101147631138518
0.4924320769127092
0.12035613601548723
0.24686240358684886
0.7413334436499565
0.6913096495431417
0.08075320150721621
0.03405379083887472
0.5714984387167426
0.222920226966968
0.08412356948054434
0.2025934918751453
0.8614608955504501
0.9442326103120887
0.2303427295666275
0.830952658171863
0.7911547219080814
0.3079981087270832
0.6042697876413351
0.5630041522526495
0.6546527209777769
0.3749759521626791
0.5439899022673279
0.6614893104996747
0.03612443176583524
0.9287292570270668
0.25952909344999653
0.07056434656453614
0.18381558795717956
0.3187544265012138
0.46027519360600144
0.680084278420082
0.014209075831547846
0.7368085806309413
0.4550025990585984
0.07900833025125864
0.6248156510325029
0.9916509618929807
0.5253124717005099
0.9612873226065757
0.671582042731414
0.4890161140298934
0.2414645817376717
0.004820233091731629
0.47569285248076765
0.04648773386606897
0.7889901364947693
0.4825437065693917
0.2645823190254788
0.3770443698038072
0.30514007478851934
0.08444475872941382
0.5232602598573027
0.56039881513876
0.6861365619564062
0.4302635033317179
0.034596325390572114
0.5878554421867008
0.3193598073015922
0.5348793221902041
0.8209951767785243
0.11426073013602023
0.7190163235605668
0.051850488060634525
0.864934603456123
0.8797240311020418
0.09949899776869209
0.46530370990776704
0.18212772449344805
0.8741371966824205
0.507562950520488
0.5263467104816341
0.5486090452560125
0.2091230066940385
0.2526059142356074
0.13740358891578086
0.9418336684039242
0.8348943563852641
0.02375495922968629
0.5763489787413067
0.5459177169905751
0.6936072440366309
0.2631267432558455
0.42204412108607825
0.9924373733491973
0.6361424711214458
0.07654106383856274
0.7938537136254882
0.36074260398345726
0.4458524002003408
0.20613286659658347
0.5499499867204306
0.34553123713168676
0.6106607075167904
0.3637210298576399
0.9026860844224878
0.9144673508791866
0.06400468373367052
0.5294567824836971
0.5040478871104324
0.7249180299919741
0.9754610240842932
0.6571883721840331
0.4301700567020491
0.5464205847364798
0.813497908759601
0.5961430609096312
0.6511280166377487
0.9442820350244739
0.3256474178315636
0.9379410281672428
0.5106952558490815
0.5197515597870159
0.7854940998107135
0.9286204133287809
0.46048050697396115
0.07349557370397153
0.8412269249835048
0.547266378474226
0.7938371946664257
0.16164418090128196
0.5671037980424556
0.3460012290112424
0.40716332650169096
0.6474670573836594
0.8670284463660148
0.6705069028320263
0.6796868359409182
0.016775496330703854
0.20854256591607478
0.4359148148417965
0.40755780887958926
0.4214366944494411
0.7758857995473236
0.7198125826375986
0.35404597123179327
0.6429252457588933
0.5223796249239027
0.05228057907627259
0.3848677946839747
0.42662619515681244
0.27524112043681426
0.43228633006252737
0.3461445432378788
0.9276424126701928
0.000035130899092461476
0.7804273436880944
0.8122191784478967
0.3301489242100508
0.5673249344815581
0.7499288611160799
0.5815362067381097
0.05487525530963733
0.8806821183400423
0.5609651971805085
0.33101562896356695
0.353086299217641
0.023069266029570046
0.7977890464251334
0.15282829271471887
0.500470891902389
0.15770959593986433
0.913815945837425
0.7922068653870052
0.25063705644702305
0.2799096813169205
0.5267260603368689
0.28090264201698256
0.6854507877468912
0.5579028918063574
0.4538086423435985
0.31812593501367714
0.10824562159684281
0.9236328795168702
0.8371896675765765
0.1892832124045597
0.16596834650966807
0.7784975293971677
0.6392460634825639
0.23255151018551878
0.9576155439081198
0.16442603278196832
0.2504247967031107
0.8643070966916553
0.48885497568775815
0.5172628444143038
0.9448489213168579
0.9566514639336123
0.4665145517074787
0.1672837819121228
0.44350661293446836
0.9237548930839505
0.09166070190683939
0.08077166093559351
0.9004835081955896
0.21846410689535656
0.20627737396837287
0.9469296175708081
0.2146125301586752
0.06659686426385425
0.8760955644600005
0.6060123934894418
0.6870795376421469
0.17357339726446097
0.25091246130035294
0.9874075760341586
0.694937248042581
0.82651098277821
0.33377845135108386
0.18049940906273687
0.23114387401652148
0.2846340071237059
0.11171913093191876
0.9965006441189861
0.8736569634811032
0.6018293514380777
0.3531988835412391
0.39603839572787713
0.9892769949614296
0.0574028474914422
0.2613209487220435
0.4551320034401476
0.7523494308953931
0.18456893982253253
0.08679885124686448
0.12130266873631135
0.86409793168077
0.9809332707078998
0.7510222378443553
0.8719054713903974
0.6952755214335582
0.26120308834319594
0.5070802154381583
0.52837685529076
0.9429843149927618
0.2695880384022157
0.675393206804101
0.9029413956530203
0.7919291269457709
0.6078300562375684
0.5306444431103289
0.6584239409975767
0.0010334733719806755
0.2545273556226393
0.48799059388245825
0.7471641137712198
0.29826123015075223
0.9523947147705919
0.839070509851652
0.06163227567360874
0.9596510395592809
0.5223282605365009
0.4221197006479298
0.4771974059479124
0.47298450257771896
0.7266197439688967
0.7755377159286837
0.29659857366307896
0.7421732876253031
0.14839181184343264
0.5205442571439705
0.21602410475396594
0.3753648253954911
0.18030254592587047
0.9460991227529439
0.3243030667545944
0.21792930688926937
0.622793730009076
0.02805014785477311
0.3195660440493726
0.44090592334949363
0.5806341063421335
0.4045122143883503
0.08183340364734792
0.17614948044792367
0.3162355230586351
0.15076958261939533
0.9753407417633949
0.9013330673340951
0.4691961439994293
0.5495330050537782
0.7710131634839749
0.5211262778587714
0.5837517753892489
0.43617162983744506
0.8773509466841091
0.36528262441688153
0.19929266807380408
0.113579638486481
0.6470914954427457
0.13003388188654152
0.8538299672388685
0.27762552477315117
0.8873633470458362
0.12610323947895752
0.22627226063434258
0.8716720055945518
0.34265001267687445
0.06481271101108732
0.300599389889706
0.2974430353794888
0.8427328020328876
0.013175241023356987
0.873497420300173
0.9495534188135786
0.01188326632911263
0.07952499252720235
0.9467448462411052
0.6123060823823463
0.9209279693050162
0.8531541372720413
0.5466169789282016
0.859900579023033
0.8304088310518586
0.6145879918269493
0.29480194769906
0.23498575448537296
0.22091515904958037
0.8575448919611154
0.6187981433711283
0.6455284322310882
0.6357637375428856
0.719290791924658
0.8344898832817453
0.11625923581046094
0.4715561461047809
0.5030129577134494
0.4595741369253008
0.758495548386377
0.7437429035473072
0.59400110215532
0.023738091908679038
0.5809306001699837
0.027176450284010945
0.7208383168140807
0.32996388074924954
0.5540169846038363
0.22573618707717513
0.6934681763710516
0.591063004345519
0.16186190732935957
0.5604602262276124
0.46191884254370885
0.11651995064278131
0.5280902279102447
0.18222037640100153
0.5826281929064827
0.25695106970527837
0.08592089113218881
0.11282820585685427
0.9537293277532096
0.12696080988322
0.6777410233344091
0.7975618986389927
0.9863184076057395
0.2219045831552523
0.9157512648645995
0.41245458888726605
0.2156422330641582
0.4200439781917642
0.6127948538109578
0.2112871650133149
0.7243060671034326
0.018806090146181287
0.10127207529208315
0.6200795405429781
0.6490165535323495
0.3923361300759719
0.298080706359344
0.4909761930281471
0.4730388332365709
0.5772581296821059
0.4448123170099698
0.9127732589844298
0.7684609083133735
0.5945362387289572
0.5549731219750168
0.24193614795736107
0.5455221916897541
0.5975541590026644
0.7337871565844362
0.5658079512161288
0.39067736392594143
0.000008481437626550736
0.7011789923310061
0.6388108536965151
0.13073100553249473
0.5819371018213192
0.04482167265139303
0.44279394075714607
0.8472919093875037
0.19818062779976886
0.9576750932763021
0.9142826098831969
0.6839607240039265
0.1208018914824891
0.47322884142975585
0.05423628309393014
0.03807808636727783
0.23546445533897342
0.5017028107786933
0.5900225814092405
0.40952489311369
0.28149793709101045
0.2917475918600577
0.5946679706370963
0.39097995340154656
0.07635456201770108
0.29472628026644143
0.9850459109643374
0.027205037207794436
0.1973879361309686
0.7924475480661999
0.6185160063442259
0.045340492435572255
0.9073613379265201
0.06426010444381558
0.7866279026909527
0.2638593867048956
0.20481950551970707
0.31570630570304103
0.26485677790761686
0.8247420018154384
0.7564349350364103
0.06847299719473299
0.7189374648429704
0.7615962901837883
0.12566530210541405
0.22016592694284554
0.19121669129405927
0.8158644126308102
0.15053610905085513
0.5224734962977874
0.5945441371762357
0.3439190766001974
0.5430886335453183
0.7975745528173567
0.6265745327884776
0.6197680203778594
0.7840102283522422
0.8151840702151704
0.28395486861167796
0.8312482579677307
0.16819010391302136
0.38641952709587013
0.20372179399999524
0.5920067551078629
0.4204208381693534
0.8957098883386371
0.38833678894279455
0.8472273092898535
0.6451919894981949
0.18825835509917044
0.48113700429916906
0.6379781914580752
0.500498918498272
0.458108527800958
0.6505824008985011
0.30721862388290644
0.3928165224465221
0.5406536308593826
0.3145306404210788
0.37991675700651073
0.17886411214477793
0.8034665509598797
0.3898730861558388
0.5303953965892874
0.3295141444037586
0.6506181293657313
0.48821660554895185
0.7619361391815617
0.7621741880804318
0.5081898450612266
0.494897671988512
0.1668362341864943
0.5801981238786306
0.042476547483550564
0.2664666464473323
0.4095273417175056
0.7713589047217072
0.2774132633073967
0.7608817807823911
0.3810281635347642
0.5121419198634123
0.2240499040220183
0.7750039021251542
0.30991851754669864
0.10059475439120913
0.6124362874745269
0.6055845973452463
0.9831848442195849
0.6976951862379979
0.325068970779251
0.37279190044365995
0.6297028726573164
0.9956765077011807
0.17109085480161101
0.4494192009249406
0.449785738188202
0.6514750304643109
0.7117229462059097
0.42427515889662204
0.7361408944673083
0.8244420912723981
0.9499474508966552
0.29485258277328663
0.0247429164765276
0.43968854775673516
0.8312496615595644
0.13222780283535773
0.7385431321882024
0.8619069186943324
0.6672659466592822
0.29024168243431114
0.34260148649357036
0.5092428940581225
0.7904735088392283
0.3413662307061246
0.11613980508116784
0.5627638430612296
0.975597213909643
0.31326189887025646
0.26517985057321825
0.3342994330971222
0.42219738782288796
0.47288220231948175
0.24884347352955216
0.04390529057424186
0.3829419455689834
0.8590839253163277
0.8730563678563585
0.7279277067663272
0.8433548987503431
0.000052700094171798106
0.9173110562808828
0.7496234231692968
0.01137278213694859
0.7684554608350597
0.8033083098382008
0.916515860954529
0.7588290705236046
0.12508254441433742
0.08871131702383983
0.5221448226056113
0.572026207563877
0.5808439976386002
0.3749094655769529
0.7245938050637972
0.014843769010774888
0.5673362695048189
0.5546043197200253
0.5501559388553094
0.1853701001963305
0.5477967379608867
0.19319289039574072
0.46772496993487833
0.15583420198553055
0.6231153825243773
0.23733880449268596
0.9179755940633725
0.9256536179609457
0.5916742791322654
0.17478463998386118
0.40112332239123605
0.9887026429363899
0.9071373111159152
0.23137399094279254
0.7280304347410959
0.2184453854212447
0.744913889670532
0.18441503588332575
0.8216517469943879
0.4083656189145305
0.4358721844652814
0.8959318426510191
0.01929010775001916
0.47016625209055374
0.8549788734799125
0.7250136395429079
0.17085792422964197
0.9884988262153726
0.9628938648664377
0.5653862624831247
0.9543181495970479
0.5585230888245689
0.5901502696550562
0.3724941307483651
0.7367041062875265
0.09138625003068923
0.726401307789352
0.693795230105536
0.9975946269902587
0.06274946699362549
0.03131707950775653
0.8966353644685978
0.8016470016164053
0.5007792675787227
0.019066659997814983
0.49998238858153876
0.05776731538823021
0.3625599480285273
0.38492114165359925
0.25946492858628234
0.33472398314705887
0.8316724567182276
0.24036619606528375
0.4295741287077789
0.8164870288092938
0.9847239696010265
0.60221327145935
0.932551349892874
0.5753019431234283
0.2209020162137878
0.3415505400888549
0.0003983873888371292
0.7164839695899351
0.8261653780299759
0.9399764951156364
0.22461120376129096
0.10614488278043499
0.052473363196137934
0.8234100121791498
0.8476517824042845
0.3315408231174516
0.13249443508985037
0.7478729126793496
0.5608375356464933
0.26345677586991156
0.7215237171272877
0.696992075517435
0.03524074107243802
0.09101919055461072
0.36087799863537207
0.017570340725287292
0.9053555741557902
0.9815555782087164
0.6908265412879842
0.067426239270024
0.9497034761332224
0.5815954794621886
0.30615428053584237
0.47880491877417464
0.76821231520244
0.4198349893052936
0.3437433903269894
0.2510134751076678
0.3431185781130647
0.8988624653575229
0.11909863384155506
0.27753615051155034
0.48830578562102345
0.9696700692067521
0.38753001253796715
0.5857358080937857
0.34140674221810374
0.7714528750829572
0.09574645230092738
0.5213502286885278
0.7336607818249924
0.4889226982245324
0.8109025161737757
0.34534267030266796
0.4844318982075386
0.4303412720775369
0.3666792988745987
0.22726846489620622
0.4104568993354544
0.8617038096951823
0.6497702472982869
0.4171702367250434
0.11430774720333647
0.44598018464390055
0.8651808902575145
0.4571165166425505
0.42221525388082515
0.2310478395419282
0.06504127044191266
0.6538496985227945
0.6783162942630937
0.005927167085660323
0.20316867407563655
0.675610957252031
0.9705501643818235
0.5021562259360123
0.48640682388947687
0.05906123708259714
0.7628441497042672
0.3556188018624402
0.3338078418351338
0.6163193951069034
0.3388920271580883
0.9638659318147078
0.8260111698578393
0.21748934845646228
0.9247436275908275
0.37494778874548196
0.12971355154359787
0.1906504567824222
0.3505876889237953
0.12599933926724194
0.015912861214617546
0.6291363933976651
0.636523885379329
0.5132997177168545
0.2556477485957217
0.22502963942919174
0.942784391446361
0.12025179401934294
0.37324380774251276
0.8581500151294603
0.911779244894156
0.5557053214178896
0.964616902735367
0.061417563021784916
0.5475037667989627
0.2622728435538386
0.546972156150005
0.656321203197519
0.427260467620162
0.9427649752532331
0.6962770422358823
0.30632676938786496
0.22131194863038584
0.6225977376706631
0.05017586602182278
0.47140886161032425
0.20799523786337315
0.6170011589997458
0.6065518443170475
0.2634932186573308
0.7149921517230532
0.7040852126719596
0.6317322135989897
0.00044733924349626975
0.19186442398009362
0.6182955362679381
0.40737061742592673
0.835358890816041
0.9246260460330693
0.5735178523041532
0.9913305451661095
0.6981931457907311
0.24003997634431307
0.9010667903482633
0.14543204615871452
0.9285216802565417
0.41548977829423706
0.045021307413001366
0.5917136982002064
0.4008670653681653
0.4096910099020138
0.09584525439176483
0.7989001097677595
0.6483087451411917
0.9601716155803883
0.7629586301905953
0.5720549426722039
0.475347898505432
0.5553640864444681
0.18790100344862748
0.8209383207023365
0.8176297453392704
0.2823165945214098
0.2819559528162535
0.016376181030326342
0.15397412658660647
0.5754441475915776
0.3355811557414793
0.008988716479091718
0.6052660189947542
0.44740515801788616
0.4917157738208622
0.08091401338734416
0.965109751826047
0.8701023296841803
0.30101320715919155
0.328701535263894
0.29875210913460404
0.5919716772398032
0.9842740149213793
0.734339935432172
0.41963061429291226
0.8271366421898019
0.21583000478699066
0.5714222245278545
0.5070058468364416
0.9326690137397857
0.2113573426230544
0.11474049327677671
0.36348713359555673
0.402112135701546
0.6545732058103689
0.9741416610051843
0.3278631266939762
0.24658575707379438
0.5294965969611143
0.7572642662559324
0.6565003057308039
0.1092066081898283
0.23843107347777204
0.18081616426042546
0.2656737822647358
0.26422191278014207
0.4805530824497902
0.19634130072510425
0.08754655253201404
0.9891680360023922
0.2419670168752912
0.1739631746421466
0.9341147493925269
0.6665297431649823
0.9053134816540491
0.6963817988187729
0.6862881573633998
0.3707902178565645
0.9254951359802718
0.055439349293989526
0.829376723923502
0.6274256624050005
0.7378099899897101
0.11485994598480209
0.8416053091775959
0.49231257245003346
0.5657590222848752
0.8053066862298391
0.7088806730716135
0.09317964254629885
0.5780218270480825
0.15168922677174212
0.8868860191973621
0.29915064498932975
0.4075698752908282
0.3976936015073572
0.36068028029246124
0.24008826287820562
0.3906142089607455
0.4887954926642878
0.06233031231803554
0.9843633303175181
0.009060490640201424
0.9025567110676808
0.7987067797788606
0.8018377176999675
0.9273712574755704
0.5737941984990047
0.014424666918967155
0.08826324128041185
0.7032112472386755
0.4522497430866289
0.16901229769004222
0.20796308632241078
0.7209790569194751
0.05167752736315878
0.2427432765439137
0.22357629706804183
0.14830409034259417
0.2018058911987618
0.902167895457489
0.7248098748487244
0.7478149249370812
0.09841851341276098
0.15423204008339286
0.7425570272259184
0.18996136067257985
0.6618397885704768
0.8969727675554472
0.040404453951415786
0.10739944345688879
0.16039744292840452
0.6351319805788447
0.9124654649071415
0.5074248928303026
0.03297528652361392
0.7706306475180877
0.9846393053320467
0.3161671444107842
0.8535575759897828
0.30069775341244653
0.41581237092905565
0.7667325385549854
0.42070550825840103
0.4605497777338057
0.3261794403104774
0.06321244881256272
0.026195998078687333
0.8328680408599722
0.2417785653479605
0.25344751574449487
0.05959104100224333
0.7129226681619877
0.8374963577156437
0.525666939985796
0.23929598088969928
0.0660438141455093
0.2852149516533785
0.2075975376119218
0.9257031022116375
0.2432419026451883
0.06943571826007977
0.5913641299624681
0.16830713104495365
0.7311306862807166
0.21962928596687292
0.3334794730797911
0.3662171929764283
0.6039081211044962
0.5267247523929229
0.5864481649211624
0.6802795197276742
0.018001701905889345
0.4605659857742749
0.2069860830008713
0.6250642009135551
0.04408671196251446
0.1858260631013534
0.35558265103796416
0.5902580197767925
0.36653689917421906
0.2857854552594068
0.553110903682689
0.39354474137099127
0.8969692164218649
0.5465438481057846
0.7924156517380879
0.3508432891265105
0.14639555031226203
0.4286486629746159
0.6162876807436887
0.7648131106331555
0.27959565856867497
0.6587886739275348
0.16795761141610321
0.17882533656047717
0.1356778256799377
0.7111137841923317
0.09622047693220492
0.22113716893972002
0.14039436172250286
0.815907385067841
0.8545276978192199
0.3727962204231454
0.9586316613031969
0.5327508299374771
0.3718606706716736
0.5328403407445799
0.9395950999237095
0.8559840498089467
0.29292568323995816
0.8256478684120457
0.8925614033393312
0.2821805460537231
0.9861874681521509
0.6978319233670391
0.49767219713379596
0.26251838431509356
0.30048477475627733
0.9858616063464452
0.7040942851195446
0.987343958788834
0.6144474677287289
0.30063221183694355
0.7969735496995877
0.5058879812272428
0.06766237210445614
0.7714952275739358
0.4249611537665642
0.7710087086910625
0.9885103092288521
0.9197982809085256
0.7716920579969131
0.3170002256358103
0.4408244688966052
0.1907741685586799
0.22744758398829945
0.9279183928396487
0.49999608849015453
0.46265701400108006
0.3713353757494299
0.8345407834187882
0.33888022128268525
0.6731929426878194
0.8096714756703622
0.6899913328728616
0.4548310854430814
0.5562515106138805
0.432850738609733
0.8172240754429572
0.4014228244520084
0.3650330923659755
0.9508439061678047
0.9959747727698045
0.20188795544649518
0.3734070670926787
0.14656053462923535
0.3624528684847227
0.2160330497107409
0.8932037890826031
0.14666883472998915
0.8319610505092911
0.60836658201324
0.5228231826701675
0.1510653558522127
0.8227925230281512
0.7224016346844483
0.35131158739128454
0.4850383331014001
0.9591716954079474
0.6045719716018626
0.8820974056781368
0.5422705885412782
0.8616665147066749
0.6409266484142054
0.5118652911223733
0.17217951342701698
0.0954159431067848
0.7707453513585626
0.5025878667344742
0.33169258836568016
0.839679477351201
0.023442344270274806
0.5185224601198174
0.3694092985138351
0.8666297615694305
0.18860470892453762
0.9650202914510005
0.13920114626020097
0.9729737809140645
0.27373554049549087
0.5622835530764727
0.2506534365451534
0.09490166399442179
0.03025112145731057
0.814745884979872
0.15535406031805354
0.9550262722111695
0.235505884840161
0.29554010809886533
0.4408857637381849
0.2393916776762337
0.6070970012224974
0.955556380133442
0.6584803182598745
0.9832909309814408
0.19542613995816904
0.9878832471483602
0.24564433310844425
0.05654963295873705
0.8514725676516974
0.13096249983428299
0.6216680709206628
0.3820941809646352
0.8989589428836385
0.6775786005158876
0.3317803159739213
0.7960388358419522
0.453566784981675
0.8718418946622597
0.1948135958229561
0.2631888096623135
0.9265860336968105
0.8226140194335713
0.7695960931968213
0.4987717726735349
0.12635906791993412
0.5393632309384521
0.09688757283912564
0.915372886305735
0.02810644395139783
0.20522624003563705
0.5965287780720028
0.21346385833179315
0.721197972100112
0.342092095232046
0.20357489336282486
0.8645797136518583
0.26265964742264925
0.09381291892600863
0.31253538669422143
0.19811128773580722
0.16668297060661785
0.4561855024886975
0.8654442430360844
0.7958454788026964
0.0421302606059335
0.9161360918062602
0.9673358902627301
0.42279972479576866
0.453505898410391
0.6275809791402964
0.7418038061119593
0.7785603480965653
0.4255900645570786
0.9477233040579798
0.7496705067163721
0.9402496576711096
0.13790793502720866
0.8850864645022488
0.18539904092657822
0.48640963401356885
0.26243416647227547
0.7693729937244346
0.2387273543990116
0.9405048340745762
0.08640874449331681
0.24327739669897608
0.4631092843424329
0.35341109951882876
0.0318670651481997
0.4976698169920477
0.7278966388839216
0.5561700897775544
0.43446363551923706
0.5241071444673652
0.34779884406411465
0.8574548415212848
0.47639510344403335
0.04241672758457671
0.28100806935168143
0.7346045742728688
0.9817053832682638
0.6761371585294472
0.8664793888424002
0.3727516028047364
0.37698160087726407
0.8948897013361778
0.4312070572520118
0.7434770369276513
0.496426642675728
0.22029281761952357
0.2399393923254407
0.2825962744839189
0.06752062048372087
0.20082141816734755
0.6826266246120997
0.12608893171334035
0.6519594084910306
0.7010515887261773
0.2989973288142498
0.2938524457928643
0.5362862069661063
0.12202035152347124
0.22501085039332358
0.17287202619715114
0.5676076233218721
0.27196951388729196
0.9125344884399493
0.14456447268569672
0.2120125659737474
0.7405311975203566
0.5214461191572567
0.22546648894891141
0.17678936651094213
0.7944522482177431
0.21246386415081242
0.14610319772859492
0.7822620736918876
0.00924314601054943
0.6793567827538226
0.3797857759691562
0.8950446580692685
0.07867704148749632
0.6507914027096562
0.251251621399718
0.6417371304756257
0.5028521716839683
0.7649210001035799
0.40447464046966475
0.31056533284823207
0.14557188047919578
0.17392572191233313
0.5896367541333754
0.8181919504947027
0.9730834525358811
0.4710634179410754
0.9411664599524611
0.8699030117238661
0.6387579385738161
0.04939262348077933
0.6619138970711705
0.47360096422591147
0.962080548301181
0.7991805246464684
0.30294603355510863
0.7815116920306726
0.7653617211568189
0.13011058579775436
0.6341097075162735
0.3282395308785623
0.9778669619002429
0.6647554964945552
0.43742434908212546
0.60978094676567
0.39460297133699596
0.5913837223989219
0.42353009588787227
0.6053337642496477
0.9857870666726065
0.5870181225792406
0.8708312864258336
0.2822161728435181
0.1930649406372804
0.42576802531095914
0.5176393027213776
0.3439351914458807
0.2198321342024776
0.8728066053908409
0.6995326599389241
0.48242195987982384
0.9255526793677747
0.23096762502050228
0.7173165526887229
0.177676951111704
0.5677577377071342
0.9547871585803925
0.9453779017381754
0.6515451017398566
0.3004463760233701
0.07591689361319609
0.24589625420471883
0.9270675858765691
0.03389918221364474
0.7941879083157101
0.8412845277312874
0.07083313606526387
0.9884551843493689
0.48020499620778745
0.9153982682536774
0.6029785768670404
0.03359066280027889
0.5082030123127818
0.863465561686399
0.7479649861700809
0.6936785003622602
0.7919988438843978
0.29135419265052187
0.6689820102731475
0.5230949585902098
0.632223510397833
0.5767064540170209
0.07980980658545944
0.4058804036405417
0.4996209265720457
0.04763629712930706
0.6601946206720903
0.21894931161982412
0.6770512155644142
0.6090974396339555
0.5142702564671243
0.2128837706873199
0.26193813555674794
0.9526950182204629
0.5062845191423337
0.4106343355221428
0.8912515707849753
0.32262778958054805
0.6838665033106581
0.30199036327545314
0.6927178827119144
0.1786114183416877
0.15629647089158438
0.120471819214505
0.3888020562127692
0.9960480572650326
0.733717278046169
0.029332945091549045
0.18410775277223712
0.8743708384387697
0.35295267863220026
0.6146577266386355
0.05219216889109046
0.586406677148771
0.8165740678906069
0.18606581154596824
0.30439494359872477
0.19476400704023078
0.6540845564479137
0.5193368165357922
0.871131328637695
0.38566714336401675
0.9775647605787
0.8402999425273405
0.5552017084043388
0.22632184251265342
0.04885233862671012
0.0456248927324705
0.6270210078928893
0.13881199946013256
0.9013031020222616
0.3836890661111958
0.5232731517454322
0.5016901741276808
0.7664084030845146
0.07748520577690976
0.08334720823113428
0.4398398593013143
0.24402009475432296
0.6615727759459904
0.7120135261932229
0.04385064107929271
0.12466075897375761
0.12636497914897582
0.09214961857755866
0.47206181697461735
0.5233735725479709
0.3155831467883248
0.5879272697317909
0.13159413662337838
0.5167928090694693
0.4064984840261151
0.27672367468677217
0.4091032943679864
0.7885922797320238
0.7176208344484399
0.6271211766659919
0.2276527808067279
0.8831958886810386
0.5347828518947934
0.2007117431666645
0.04301790034392228
0.5436107576486497
0.12410714187069172
0.39702371111777934
0.7608969454196556
0.26647037130732154
0.60913298193489
0.18373988057258062
0.45591911920048656
0.6458509718942882
0.9294182834792499
0.9584780421588417
0.7040034562004067
0.29715208865239295
0.6692215760042654
0.17375595127030197
0.8015365588074713
0.15330745217555597
0.14740780052249947
0.1233646829981756
0.1380012500564025
0.7078201010887873
0.7935107252062006
0.33622597927631803
0.5131025388565326
0.3425916325523417
0.4999239034387737
0.35291030582192306
0.24510063468221843
0.22324185838036514
0.3364812969337627
0.27034446561975334
0.503975727261371
0.3705922160538313
0.7412274034042526
0.33183869666047805
0.4212125848015391
0.4242124945568081
0.059966225998829614
0.012415106850181212
0.17740756789385626
0.30240716948328195
0.09721701653624026
0.5035204293307731
0.4495642149624073
0.43274397637691364
0.16249420460898745
0.23655833913968216
0.3118583045497276
0.4782042245513537
0.9483678593748425
0.10127718557584742
0.9268166321450121
0.5162607375139823
0.460549718337842
0.31290161461215726
0.13826836668150733
0.4416657221218129
0.1352897179505853
0.46099709928392973
0.3830915986839739
0.958457853176596
0.22565594520369903
0.13340887160115733
0.17569173552774453
0.9026740871135487
0.5158110953255105
0.650217506394556
0.7873129479940546
0.7944781116265996
0.4311865767608638
0.8655055748558158
0.641697123231453
0.456894597857165
0.6524954038484491
0.6988311281966662
0.37926944437156773
0.25806413416512963
0.4128130261644497
0.04365516899795674
0.5039438145448576
0.03491097004028687
0.7594956273869782
0.9665720770767806
0.019804813293581747
0.03834181809211645
0.19649297035423896
0.6590435969214468
0.48933775784415334
0.3035706947113249
0.2876534695994709
0.43243791358787576
0.500541700542417
0.6938914851781044
0.9979067732748708
0.15752800210834605
0.6171747625019733
0.4921960304554487
0.7767494848730998
0.9412038980279019
0.5045453983362361
0.8217628089881376
0.6472478192342869
0.5060057226605431
0.07267642659417162
0.3663169261108382
0.8538103197499126
0.6921859112677212
0.1593338658252329
0.8290897769366853
0.9432732064601614
0.7373600312975547
0.48732565943919737
0.3215821541185755
0.5063792708941977
0.5054081060610207
0.3736401429045375
0.4049621552941296
0.19052088211031037
0.6341387663720792
0.9424076837169886
0.8205050426329551
0.00965657799590025
0.6503314879044997
0.39933348353766884
0.04020937774765909
0.4235994825322914
0.46112212188946977
0.2621628526744396
0.644699751209447
0.13641550120111468
0.2723000305732679
0.30990540439919934
0.19275343749580176
0.07245732510663938
0.9069357788356185
0.41295744283585045
0.6852646644616063
0.528600594013834
0.7018599815073686
0.33692693777755867
0.9461867556335043
0.07253642058817766
0.6448658916685776
0.0748789290887677
0.24396896026287362
0.35951428831520627
0.1821093421539779
0.25588333670070873
0.2592314642459608
0.6737182726548123
0.1730317621011207
0.7021617013979494
0.06789856180610931
0.6654981949938997
0.7992330070778357
0.26279246907154863
0.15373632283725647
0.4519671920172236
0.8440727810847964
0.6388496927649596
0.5902180441868666
0.9760151697785987
0.6513805096915602
0.03301309662172003
0.43886729673009695
0.27757776513898735
0.2445057765964801
0.10610197454367198
0.09970422053551053
0.12103864462378189
0.5410420446829158
0.9036494468340257
0.8191485152515899
0.24393249549318474
0.3339089979606892
0.12754764716815903
0.811708119925216
0.34465517738225804
0.7260794542203621
0.37095813208109896
0.4840093626698647
0.8106759817335537
0.0040890605731837
0.7090965070863392
0.06320149186288593
0.10378684677547756
0.5145681832900857
0.3441638166799561
0.5264942185308241
0.6652118220695897
0.9683869998027282
0.8396113336681188
0.10456393119183471
0.1809392740317438
0.7386065112662291
0.8470898574734249
0.7887910697463895
0.056428586871911435
0.14127969088131365
0.12884823962849923
0.2107668699719838
0.989881950357407
0.3922483109366778
0.10900999826311453
0.9822352354120504
0.6045609668409099
0.9184330592311967
0.14907141302212534
0.08461111876228455
0.2031668974803228
0.9687156197343797
0.23612764917872375
0.1794443894521799
0.8410924611167395
0.01736313687337887
0.7967484931840677
0.7746735407694412
0.08039194554988682
0.28204728184713757
0.9050887940554513
0.026241248730794697
0.9826058393235404
0.7888612031013688
0.24073258829835087
0.5806196232440343
0.12611487169976665
0.808339774592495
0.7699348408374668
0.2710199701651893
0.6924875854637551
0.1593394599456195
0.27333745264050213
0.6685380287770203
0.956324735711704
0.831736619291688
0.5239016741460443
0.4592128405469633
0.8343925651060135
0.6142532943479717
0.13071198763782332
0.36895327247951504
0.5023764847231558
0.930322661392637
0.807471187777413
0.8905131908491594
0.4713752653434776
0.8827564509116244
0.09892035382566478
0.3801729429749653
0.931295334780503
0.587079225195179
0.40408137000441247
0.1865108877560343
0.6145937074050895
0.23374539811395922
0.47213373118353164
0.34962569514300346
0.9113568745207209
0.9610566886988345
0.41490152492081234
0.06639675887727414
0.47549246335300066
0.5434491149901971
0.6793403800077517
0.555846067465638
0.10184940623382466
0.10392049137689352
0.354078531339029
0.17839210321749854
0.22537085439688498
0.5447204545153395
0.645979779034214
0.6637626275865589
0.9959245962488524
0.1570270682430459
0.3558606256225514
0.08455942729603061
0.5162426355985418
0.9181855118580496
0.706907545121972
0.7759455659894351
0.49544289774163475
0.3141856261567959
0.9350048409318079
0.7466509682697081
0.26689347546549114
0.13540711648102566
0.6370970080687663
0.25247008494379086
0.8467195869391154
0.5852623674925952
0.9918743582967877
0.11065086878222974
0.46804245325058136
0.21421870489816375
0.6164838990001043
0.022051561063306968
0.8160781663911156
0.6457831739764794
0.003632177666629599
0.6376676915526853
0.010513800499922232
0.7963848942287409
0.1953604952895267
0.3571091937035823
0.2341171178453365
0.30769109504482495
0.5929370737768496
0.878832996865729
0.790325132017909
0.20774499100717492
0.5767250024488645
0.3354139163785258
0.28759609529482055
0.3964148695958455
0.9155482673361616
0.44186272313011143
0.5945983406375835
0.41099555422291256
0.7819931492454689
0.4609770822567393
0.18784829324230723
0.069404713729738
0.5582452308589794
0.9469373693395096
0.522199751142387
0.01126847801700348
0.5164775604183774
0.1668362597106039
0.09462464116644576
0.8612917002056443
0.8884683518403964
0.8195572204134705
0.9430152532421349
0.7246606757570089
0.8010415628754353
0.17239397097659837
0.4242766262895282
0.9908268057491458
0.047087341986309594
0.018028964429699257
0.2497670611033309
0.9698717340592512
0.6863335187345568
0.9179662388907829
0.9211835669950599
0.7147561680052955
0.025703197151872192
0.04323993527492154
0.9062782440197461
0.4931056259306389
0.6160080207161811
0.5491965884934624
0.12133084842218389
0.7637884718087103
0.5198900826108768
0.8283761136587168
0.5460912361391242
0.1863929037531339
0.25534012520649196
0.17399215240012567
0.08694535236721235
0.14581095441166625
0.4997834474981572
0.35624030628206693
0.12534658159064882
0.509489587942966
0.8516388765420707
0.3646379216134451
0.5410940789292199
0.851510120705071
0.6894206312888997
0.10182668825908137
0.38382818998425694
0.17550886653385833
0.44286646919890515
0.12774558950775983
0.7811525720095609
0.24755362082035548
0.3962400500901151
0.6478078380109982
0.1180813809781791
0.010442007780883888
0.48086913007307
0.8146929934079198
0.000049153552847069903
0.1924892842896091
0.3821454267738378
0.07059071050124455
0.020509910929402797
0.14672475749640668
0.6856261643935497
0.6952105791421754
0.8941912731654436
0.16051775570142035
0.7175411154744016
0.9445976705800758
0.08835820816937334
0.9610051985316362
0.19692324000393813
0.1667711239589883
0.6869802685716626
0.9082949122942644
0.8097449770287778
0.062428905647704314
0.8564851961841478
0.4162697836995042
0.3398562864982605
0.8224388377136411
0.9468207317850034
0.46992027745689746
0.047184833530580894
0.21856239155850476
0.957835804581442
0.7184832289797465
0.5705722255086839
0.8498342937813614
0.8285307988063598
0.5152677372374722
0.750784995829634
0.6542477533269454
0.7655165098708863
0.44789913476409415
0.4186526180577187
0.483871272349934
0.6170594757701582
0.3568149153918645
0.3739488250924724
0.011250172206092923
0.12038116240212016
0.5751969996307139
0.4925469444615761
0.48592182598748535
0.7024174460102165
0.14012704468634762
0.14254385950857895
0.8921007179522417
0.39803325522252864
0.022602308141286054
0.8644610588049015
0.8720658066006065
0.36472746351570606
0.0031521742728444213
0.5762956088187635
0.3745091311866451
0.4191509284521523
0.6801457073271499
0.40110777934270825
0.3630812307337242
0.9983005909844939
0.23948349869782815
0.5829961975731909
0.07759568053706123
0.9570410959055714
0.037217573378293234
0.8567253580154077
0.27883140194992106
0.6536446338134039
0.750745268383492
0.06693438447856259
0.6275978736009279
0.8463287267879787
0.839574378082388
0.7947703508485053
0.8497054429155957
0.026310871770485744
0.3232584471218698
0.24295280346583237
0.6207087134681067
0.9466876617446559
0.4319527169433933
0.6546910422047901
0.16776829749019517
0.27148556634869714
0.5141424944641395
0.09753909539899008
0.4307023767025593
0.4655191823555871
0.6964478034076982
0.5301876689891072
0.25027622214406153
0.2732321145780904
0.18200928208360156
0.6883567835068746
0.4590039821691516
0.39348452708990755
0.7468120750604913
0.4753656946310867
0.9382146093165855
0.247290558263908
0.9474057678637208
0.22362256890913235
0.6748590956369529
0.05679781868108125
0.788830664066263
0.40518844600114523
0.602513722453454
0.8063403566805819
0.11816117601940523
0.11273589186770094
0.5432600195248344
0.040185320266023394
0.806929727893415
0.9066353109310686
0.8805990884776387
0.8666328113140737
0.8647954783662644
0.4295671892657732
0.6882842519504141
0.9844174926996416
0.9871738934079844
0.5269716679334605
0.9159325223136813
0.024899311452871498
0.6811449921012429
0.47981126764032966
0.889502171898733
0.012320150367623572
0.036809145652585085
0.35553705126517077
0.8232001641414756
0.28444188607763077
0.41536152413092664
0.4138116038720039
0.25910950603506333
0.7871707781270102
0.8105073175380214
0.9654574174551829
0.35180370516477777
0.25931188067248434
0.4064414510056201
0.07626229833217213
0.6974413583067514
0.45738632904912513
0.9034687129293572
0.03168820270659001
0.9703111751200629
0.23548349027716897
0.5114406206031105
0.5341936639543882
0.974523737838106
0.9914088859693659
0.12153849036267228
0.19179398513907397
0.8445232810464458
0.7179280493593817
0.058531695588214805
0.9746476917423134
0.035318956481303454
0.6566952457481052
0.9884939135689936
0.9658713891274538
0.4318119462137654
0.34249545964922357
0.011059921649573812
0.9134498008643578
0.3763211519022843
0.6467167123896598
0.7006578799747963
0.8020211872637477
0.664386867366198
0.2815090364947558
0.8777537840775957
0.9064829424838298
0.5911581213000986
0.10987555280434869
0.18899555768408072
0.5637759913291568
0.944146612518628
0.5219799686160098
0.154246692147207
0.204870502727711
0.43285569928693257
0.08424405118330969
0.1988502052130947
0.025889897585347765
0.4217705319485562
0.6453476345635739
0.33106578979086354
0.04547399198646884
0.9904211705010793
0.09203263812283591
0.5474742072705795
0.19489590407673452
0.28270753523419956
0.987652037814324
0.7532445759178622
0.5181120777067314
0.8274015555993128
0.3976932465347405
0.9695120639562862
0.5208379644420381
0.01271808893794757
0.30904476027261174
0.8667149485776698
0.20090700002330275
0.1800733878607994
0.18356421401731882
0.2105909866910276
0.3165834139704382
0.8656257336549882
0.3515442714263862
0.6366357214017554
0.005164666622020753
0.5629200351158433
0.14696289117399497
0.27917586060275523
0.9511222524209832
0.005934333465238639
0.9139424176096539
0.1728130402571304
0.9211946524444511
0.37905290856011653
0.27263228300480513
0.016844547056892978
0.6332594887271529
0.04896727455200611
0.32276781686204503
0.8473695026769218
0.6064765272857905
0.3832327100252204
0.7844479499130275
0.39713986137232027
0.852106905445367
0.9711848483772566
0.42821273796773307
0.43981811580634
0.007578431423166387
0.09514705181564609
0.5302913389899199
0.2131543707745941
0.7907801723978548
0.6133361628367863
0.5039296287487282
0.09469718762421009
0.45723453839254613
0.5106006975405301
0.30399603289019717
0.06400457859579756
0.2797080473482877
0.24910179443343172
0.6796033730058917
0.1269225032452641
0.9379872877985372
0.7082746313904016
0.8582727814874018
0.8003502299906727
0.1059593472914293
0.9418833237259385
0.7852059254704334
0.9600131269325242
0.4538009900223905
0.19971024154022088
0.6125199749851556
0.8391154765417805
0.7449945250527567
0.6623961682572989
0.7358390837842712
0.7323469059534923
0.7010526037561007
0.12017483257948691
0.3094255205309939
0.007567940497148373
0.8312476167356885
0.3897218924730821
0.8360720096191112
0.35660199455773256
0.48030654899823677
0.6080646855954853
0.12426653513961017
0.8269117827137972
0.9339450445350899
0.6684761480632478
0.6326796230310795
0.0675408392880138
0.5402791850760431
0.9705020968772963
0.9808129734344032
0.395551403646477
0.4545675396435883
0.34474872971176873
0.1946881021811515
0.7432923702078903
0.7953996151637682
0.48278241270095446
0.0777415806624161
0.2821815908823597
0.712361408999048
0.4534717432253613
0.9496338136838862
0.5352893831502729
0.10837282684137195
0.9193273794046712
0.879466252238654
0.0888608096162411
0.5343051647305804
0.4798722741681044
0.45494174925251984
0.5920165669972248
0.0791517184048578
0.1638012657987693
0.0752912871324175
0.5942233229071334
0.9159382243391746
0.46766578494124045
0.7333299801674401
0.9117261089414714
0.5317238193067089
0.49604557793033766
0.26079351949409324
0.6369871584857651
0.5694575738104554
0.6966464868739101
0.0511461679831926
0.6092766968183052
0.640119410899862
0.40348914362222277
0.34533973387864836
0.1499132736777411
0.4254886472102384
0.9023309674181775
0.2685424716376874
0.1322522479613476
0.8850469378200878
0.014689304849978546
0.939645683740401
0.004373002267107906
0.40493697806206064
0.2603111923542274
0.1403950607421114
0.2115169063771697
0.28256218521221343
0.5026608687165202
0.22728267897105592
0.5756794999435243
0.02732646627542379
0.6079733642647686
0.19687458266579372
0.5813620937998455
0.576177492114663
0.05564881585842496
0.07403836762938154
0.18933950474798034
0.6720308680779942
0.6262386007223297
0.08257362183117756
0.7544021191675387
0.3338168280072439
0.2630012009767887
0.37903762548045605
0.8583820306805201
0.5588044942815259
0.9539820252071942
0.4830976552953361
0.38637478028271066
0.14102378514761527
0.013798236875999015
0.9215300518329858
0.9719196179809118
0.7640184784655936
0.45778607773746516
0.018025639890737022
0.01600266498592262
0.3318278443147885
0.25589425747365646
0.20725011195249465
0.8450991084230107
0.8390090399931538
0.1296848542958451
0.7291464146267247
0.2150721294972059
0.9486757952217433
0.21302809667958755
0.06825644689063115
0.29059757658434093
0.8469434701426737
0.3355551553747518
0.04287721008661738
0.4338854302869758
0.8728343025148598
0.9076590926972413
0.020156249447357166
0.6218199756497045
0.8846108548667114
0.38681089626216225
0.3357706198852445
0.07724293497639523
0.3166699398287055
0.08718394917161054
0.6306212941614939
0.7479547471085358
0.40554292718555973
0.6580568946659323
0.48201618436078697
0.5961111643006486
0.11921280947374735
0.9011915211759359
0.40310158710161237
0.27104358782636195
0.9108721595833867
0.7233585765402756
0.011842859609361378
0.6301333149635494
0.5364103160946871
0.9274113758595264
0.9296431413963574
0.7452215269925359
0.8243325117672247
0.2337833549418289
0.7597284549809844
0.4861380675710054
0.46747681699622035
0.39401227932753735
0.31671601563954777
0.5082838417007323
0.6178099218045012
0.5088704984504686
0.13132275172961372
0.487803456131636
0.3087460825523639
0.6959072716883276
0.1379586517225615
0.7457356730917292
0.5038479634500437
0.06468537064217583
0.3679899612528085
0.9816315213556788
0.8764321031316396
0.5527212359700769
0.41774523782521855
0.6974809537713512
0.26151558631489624
0.5511142983555707
0.4378772430642853
0.03439051678989791
0.08970507909671022
0.4060772577638333
0.3994819021496694
0.16730670959877458
0.012042786370975778
0.8210566133410862
0.43241529111220034
0.10718029316208655
0.3554884953892046
0.9038581655824136
0.1025382023581819
0.7453190112819419
0.010630683859650714
0.10416974505479037
0.5971572541010194
0.24127784603971036
0.8463836925752337
0.5690993774289713
0.9217201558835906
0.40348681023864175
0.7708421764732343
0.5078238719329277
0.3758623784094147
0.5409186745280276
0.113128037028012
0.001169421212914079
0.7731909556983332
0.37444995651174096
0.08797917549089851
0.31792225477834357
0.0967304977010196
0.9881704369233325
0.7229931095736654
0.2068941427482751
0.5407457433707109
0.4737477002523526
0.7778532856419961
0.8222435882315122
0.17969354175364327
0.8750552141483303
0.8655291121341868
0.909281155236736
0.826346636148361
0.27562363928329847
0.19735551169520327
0.6289625163090734
0.9936706132868696
0.38807653160916467
0.11706159131865823
0.931500655729115
0.25882423833654467
0.8025638985443888
0.8632316662819549
0.7030046256308549
0.7426926190491282
0.1303074279493628
0.8053469988716626
0.0037786334762944795
0.8646518709641443
0.6387241686557519
0.7354694568333562
0.592892293286286
0.009802594162229172
0.6161956989884785
0.6657931208747809
0.5908591842592708
0.2546988766648435
0.6274023223455086
0.9817038888861404
0.5707372931792459
0.8376385180977327
0.02424288099217875
0.7306506795432597
0.5876917693447831
0.6308691816123166
0.5627126308587992
0.2890467177676975
0.658036768770251
0.4746042322919256
0.7427128556923969
0.642582430086388
0.9809998276824005
0.8665312553700674
0.5356179340160057
0.0397466231686443
0.7599286623195382
0.16553501190461406
0.49352655924790945
0.8340158404068325
0.8243870642772649
0.1646459410673845
0.8444759126970489
0.9170861589879276
0.3805628136691791
0.6157641691383062
0.0694988936307972
0.2636859368777885
0.12463748807823927
0.04749822970682882
0.6302558248701833
0.7579217580781606
0.6422440943392633
0.007496607323645543
0.970074330079729
0.6517740686970702
0.4868656489755292
0.6819393094536906
0.6465818166892646
0.7182730752441813
0.5810037080198974
0.697395904353341
0.47071717644565814
0.4050493305191917
0.6161730950934662
0.7940451201750202
0.8247593560424318
0.06836789596846715
0.9412549859811578
0.9742908521210379
0.9111128565098389
0.6734184927221067
0.02346759683006505
0.6770975876164808
0.5439404753930809
0.18354878245769024
0.9421899649449346
0.5059081274049243
0.23733661268400752
0.22929109705327488
0.5331010619714966
0.04679504315610916
0.7665847959791664
0.5474480197601704
0.7385728300716453
0.35353678988451465
0.08314560019302542
0.11116547015417244
0.4399826212778649
0.7475977129505883
0.4493719382553245
0.8338364747549664
0.5485866223644659
0.6835314242914402
0.925550821402732
0.222842454268949
0.41382303983642543
0.564114760061375
0.8897219851700455
0.38355348955590884
0.6713894943097302
0.5545597341413965
0.09982515896594768
0.3296726001857657
0.49816679201760516
0.6414391433558998
0.9180800725489693
0.6429232209656375
0.8670365777800239
0.40950109857426986
0.7091035764697639
0.1432434503531631
0.8018678733735727
0.2683364116927318
0.09612134849343712
0.3800642420491427
0.8214238001726846
0.15090222012456378
0.7137318719169317
0.4359130073972831
0.7306657990734282
0.02719380894463308
0.33103268153917764
0.7454983911565785
0.6689101821968114
0.9288962333881114
0.7355204029017736
0.37659547208990785
0.8565178398630203
0.5646358009178164
0.5660271881209069
0.493465215078272
0.7952742156740193
0.020491245945004954
0.3620585057117556
0.5292059047866873
0.7723440867044911
0.48671249657887883
0.45724792183481655
0.9303481928273709
0.39366130925145526
0.4291350912866606
0.9862466158110135
0.20516970812100044
0.5298410598074285
0.13256681387740343
0.19721711541969722
0.40661909418363273
0.4961779674475386
0.08346179572037093
0.4662015064631646
0.1114033093013429
0.508020624570082
0.23048730215995583
0.8949868634632535
0.41870651793277003
0.4537893407516542
0.764126799769587
0.140691556092151
0.48517223037032586
0.810130265418648
0.6902520616815377
0.17314788262351744
0.6371952098040135
0.08717623688135401
0.13763651799966514
0.9852580944377978
0.1572330365318909
0.5366106977521156
0.03567059025383479
0.891852378932949
0.42776195917114457
0.9812077019270742
0.5260790468193248
0.9441788514857388
0.2346649858263754
0.5317477705009356
0.2312297649461239
0.1600073236990025
0.6812548160806956
0.6456858202814676
0.29166174574858383
0.7234300435161346
0.34479805652454687
0.451673976405327
0.9067498277532806
0.043794338932102383
0.019321271210373525
0.5150184770049108
0.9649623601423835
0.5798032767130269
0.6316432723777908
0.25137669388483763
0.23395703763216624
0.632672635375838
0.6919924755975316
0.009476783678346812
0.49579971633447684
0.8913333630944975
0.9462319052380205
0.4383688426834248
0.9588790589865143
0.37302091349767663
0.7336288074646217
0.13069324667115256
0.25563033681582714
0.5441936091850893
0.9222693634257859
0.6906784140599974
0.34396926471385425
0.8295748567795215
0.1936338108273835
0.3140566263665515
0.6703771032696351
0.4212143965191727
0.8785105465258258
0.6868130866999087
0.023866388973043606
0.28481619472163744
0.5083424018085719
0.5106603932867035
0.6125963523301468
0.5271818304635532
0.7392623781309926
0.2453562922597926
0.0286956854342032
0.8364696743266284
0.33048948072389017
0.7214603943838702
0.9318896734483922
0.536072134886973
0.41442031956553493
0.12185068095091245
0.4788177504981449
0.9032641931484723
0.38266553876692067
0.4562983746694643
0.7524663839500734
0.7953785766153818
0.33044447925112064
0.060625656547220075
0.7049314429185697
0.2991143507169084
0.15116528560101627
0.8404473772293136
0.41676336045068296
0.07268678346514512
0.05368224740645611
0.9492248194645836
0.7974370220612209
0.2858787533785725
0.48663553650765534
0.3413354656312739
0.2040280899543664
0.579654844912293
0.19744316760142966
0.17308997984680285
0.8389657201664337
0.26485102389136916
0.42792872067534715
0.3381038141252618
0.20277143353709182
0.058554573280040545
0.05423255017354389
0.5181574079415167
0.3239822657300373
0.017140156287279495
0.8155682120256919
0.006655617092422461
0.9659962118098
0.9665298898195867
0.6445500531176248
0.21902340838471313
0.5193661337847975
0.6530962045929981
0.5112316578961648
0.24285190039640736
0.8281080082045527
0.04272884022629364
0.12365940018044452
0.0003345354996623362
0.7698783009676732
0.6809376106474719
0.28965872304306606
0.59651061903825
0.012414187520640274
0.793465420033092
0.7377356182334394
0.20905948407491637
0.0024194078149474274
0.854736494881859
0.7193892678220143
0.4388651759218807
0.9081177865439903
0.680567304641279
0.7707959264022572
0.3852983974102896
0.9329855473769622
0.7119181184434328
0.598738564273939
0.8361386045707351
0.1457120134065154
0.048066074212490206
0.17382047276180024
0.8692860534007593
0.7302283351031553
0.9604306691655983
0.7634152485989854
0.8518899156809482
0.3496820646528064
0.07238569290588204
0.8174695055609135
0.2922452888453897
0.13952497990023094
0.125741736227736
0.33218897882473564
0.25078850017430065
0.6974202872534534
0.27118609345462896
0.5598026755964858
0.048746519254189935
0.32146494425893546
0.1178178122715553
0.7070133098866449
0.8264730364823432
0.6632609102446616
0.35601749990590337
0.5704072876691119
0.09823009431961849
0.9086594870469773
0.6282427780357405
0.8940105835637422
0.8261511598033171
0.57654070850957
0.463942257562051
0.6023413840045961
0.6933473388750669
0.03477989455259811
0.5176319094412483
0.961724814874073
0.19459606539181395
0.8725916967210712
0.05328004881629422
0.15329796348338753
0.8827767885390351
0.3397314011814918
0.6034975633547147
0.703048992393323
0.6101963557768558
0.16557249163302268
0.9986330329526752
0.707396793256931
0.8861717157364896
0.20486816580732414
0.5087225976745922
0.817232781551679
0.53571543062821
0.5220438372426182
0.6703468705599592
0.4990097366134134
0.6888952988339273
0.7221563573326121
0.48079824076101874
0.1783771452299161
0.7564163342858493
0.5641954301997102
0.03356410357398265
0.4900261952329238
0.4541995673325373
0.15119099113169832
0.3419820858744306
0.0068220569742812875
0.12820900787288014
0.2816297113492062
0.05202615707197189
0.5019646269474046
0.6005045727135305
0.8679732197552926
0.9805329628968229
0.009833456072713354
0.5084753171144699
0.6806089188667219
0.9317799942490639
0.6943364614739358
0.6414337465166774
0.0593539952397969
0.043178519462861775
0.8079958209776451
0.09222889964064152
0.6496720299985107
0.9899457577557763
0.8306689787337543
0.13626199210367107
0.6670505158282425
0.7389721967195275
0.21371651776850786
0.6262655232704318
0.6705272833688251
0.18370198762020562
0.023592660112265906
0.3484325536437418
0.3351417097221835
0.9146953796874276
0.17824824798512295
0.2239604849652227
0.2531271547348888
0.5846440113262216
0.9004002552752883
0.45979894800281973
0.36494889299989297
0.8119613850907191
0.4736358344814824
0.7533692709399613
0.22383142599857053
0.3336724017452396
0.3804828737311028
0.4382483830532825
0.9312081001893644
0.1661772975967749
0.4259934684654306
0.021287642541631846
0.2455650042881009
0.861567254955034
0.5060500233785911
0.9063626277106189
0.06343994895998428
0.5575198777482795
0.26651894694639156
0.2259274354389178
0.1988766897124693
0.4104049526751731
0.017539464024578066
0.6087727795657865
0.14642363427892557
0.1740820517177908
0.9166507629863319
0.40086436339228904
0.30280490040132924
0.1409732731112493
0.6151232542182726
0.3258641710910768
0.9436812338710934
0.3973459155948067
0.2737747642406203
0.8229140619943889
0.10445696321498188
0.3613414627834216
0.09771635857482819
0.3314875697156233
0.39787837643628954
0.8701387866871163
0.31388608572178056
0.6065924773854389
0.7162078818797186
0.6617411852855051
0.8208937692528223
0.7423330096059128
0.712047670529264
0.9572281972935733
0.577613169130346
0.957817260016631
0.9294250642732227
0.9909148477914191
0.165122754626834
0.35662240299685377
0.4655414000417367
0.7587125496945835
0.8560096715433605
0.8095057394750044
0.0836251664844706
0.9590874373220648
0.955716091962372
0.8297774104697967
0.7686189975729668
0.08636330546570303
0.14252078523209288
0.8117264608177396
0.8199693044048327
0.9027181962260888
0.02591299399188074
0.2847184423515756
0.7095765243342704
0.0630750329798696
0.16753004707098773
0.8990599999903996
0.09800288733236462
0.4961882018323802
0.3644934446380451
0.7044514270931574
0.598323556115355
0.25557974499720504
0.08189307735303575
0.9078256736986026
0.10454637650005083
0.9455803361899487
0.539332720838346
0.7045983454618414
0.7603142196701336
0.50058155963527
0.10586422961603925
0.9658299134617173
0.9336430963501225
0.04970783751290231
0.33830195727811985
0.5335278907341113
0.8847384272503966
0.8344680048600002
0.20982273285598518
0.6272932842965184
0.1664704834215982
0.6635474647607559
0.818921225512269
0.3977424548887588
0.18087970346771942
0.18675433506633132
0.143204210874455
0.9756115526809407
0.7301209826295544
0.3492338320502364
0.20817127485551934
0.460177778635639
0.846545659662562
0.7474169191184209
0.3780441824880256
0.16660786620225754
0.6641587001317942
0.24977104118636706
0.3438701755533753
0.1090713237186457
0.6024775025103578
0.16827201626441068
0.7835395540064599
0.134931561298531
0.6738583429363868
0.4706177443259
0.5990212425816636
0.3450558617904602
0.29664484811038794
0.008556319670603663
0.09803443203615936
0.436260430529661
0.5990324873905182
0.5043020705346842
0.4805383688281105
0.3841343755505624
0.8323319824180762
0.08486533812083807
0.514836498983677
0.44796234576648997
0.17735335652684026
0.48322260040610343
0.34375500444281093
0.8241925056737389
0.9239219063217257
0.6356059136695486
0.9482702122605358
0.40087271855700435
0.7310757072013038
0.29579148722604354
0.9141230675732258
0.9727049297932202
0.43428437327956015
0.46011922146577666
0.7963730621135711
0.9648437164098298
0.6560665674144046
0.8510763931392622
0.5575081797327611
0.18329176550464854
0.2976741609605421
0.4426303930744282
0.2666411863349466
0.36072194722205986
0.8420486557178293
0.027096839613722
0.49048717574243594
0.29878139110559077
0.2820459114646998
0.12118099775333313
0.5812305097208336
0.22141052314103538
0.4029630964385582
0.08793196103272405
0.37205445285804717
0.548435768586217
0.09469161020308359
0.21170082848620753
0.6280196841811645
0.6746717168982136
0.34635837438112227
0.6047952681619833
0.9681430866705975
0.4969947296410845
0.585107239178757
0.24737492175626952
0.873941109128159
0.3703268446110626
0.06071110548716829
0.16623307504535811
0.8303673156452954
0.8931952421624211
0.04899450338559286
0.7434623100146738
0.6069863751012565
0.4245091187045411
0.7495853808485119
0.4126026505617899
0.1803923889421214
0.5154221701389142
0.8873041437145357
0.5477228307092865
0.8232920451777072
0.5036261571021665
0.19153661073012462
0.1799865768338118
0.44133810371178495
0.36214644756284997
0.12422708526138793
0.2866077681216497
0.32571248220490256
0.5206881531085489
0.4546664099323946
0.7886990702463775
0.10762219787342142
0.7848072463248341
0.5380393905334006
0.06737127027584378
0.8502855842496347
0.6666579525491391
0.4447344138962045
0.7615411719494651
0.8946502002393357
0.41079418535881107
0.4087077209341393
0.8462581458037455
0.28699797983817255
0.7494794523710038
0.4157336339353924
0.5069604816468181
0.3597573750019186
0.9541859300486116
0.13616098545126598
0.12292470735890715
0.311255627338729
0.06344044061050325
0.821835337857686
0.7522721105762804
0.4358096381195249
0.2619012366093285
0.23313512579586393
0.8712487954547771
0.9924663328073081
0.2615261056671707
0.139609892995324
0.7620967137486052
0.5688692390786322
0.1929191108297149
0.44649654555459384
0.8666850309212973
0.19614036161650072
0.9534196253623113
0.5394297143686445
0.6271722698996088
0.4013318098975873
0.17822384531626168
0.010950991042279368
0.8203220184514659
0.8459151888016417
0.0018058476547834212
0.5349604644312137
0.15869553627777933
0.19194055249751707
0.5591314183606345
0.2890439353085895
0.9797972290569334
0.3619111520397661
0.7396345852511899
0.9896471612098353
0.1733495114460828
0.4140845015818375
0.05165366677163774
0.30135866948939105
0.10722606783738531
0.8418235232045517
0.580999498730036
0.1091008122967907
0.20417324300200823
0.22378646278658432
0.9345560377905516
0.9008183243197907
0.9943015030832901
0.8011579188748796
0.748289038263021
0.29829252208029366
0.9224301718335648
0.7387872130657109
0.8087657869164273
0.594998331473245
0.9247201596197371
0.5390149457198119
0.0882655750152106
0.012460697121091546
0.8056312231554014
0.320132092064799
0.0257861063852195
0.27035522716879246
0.7440914833789428
0.44583039764058696
0.19972903584506485
0.9806381107966808
0.8368689477014709
0.2976665341944248
0.13277317778921183
0.3222782555567201
0.4474859322632132
0.819477295473205
0.3454212245401336
0.430704608583261
0.27061897547247415
0.8308460815607598
0.9319319986590637
0.9448700096008482
0.4447787034283932
0.0061359594723344735
0.8708271059564905
0.1948722076463152
0.7501649438534731
0.8462680756651596
0.0018871494804878486
0.5843622614939394
0.9139450191048163
0.9323384724353353
0.10252936295758841
0.8245083348570375
0.3118032891597802
0.2433304562716111
0.7786851779823338
0.8100734512924138
0.9024633544259162
0.3445935821261009
0.9487724354653816
0.09320381534446576
0.060983966568964765
0.8094243959672156
0.5440842679791853
0.10681366543191273
0.08698291995415408
0.3229985126162219
0.6748921503537197
0.5169917803836314
0.5555436141569531
0.536066847015088
0.9187881154744082
0.3426438643825339
0.3514113278890103
0.8852439194676885
0.5762674867729897
0.7706236075406862
0.18118708443503284
0.27737927453943356
0.7082794930422407
0.9158952134570241
0.5935791942309475
0.7474178995810916
0.5214505185807817
0.12880820343635047
0.0543738516551564
0.9423188538078596
0.19891055185473316
0.8353550599639139
0.4206374345227405
0.5580159239328881
0.5881307133891068
0.3113211667317337
0.23776544924835463
0.6620682491884912
0.25190543922967723
0.23752546287294463
0.6433438042764028
0.1715622091449195
0.2645902035976502
0.3608894338927172
0.30339021469565375
0.6239906176253944
0.7929319159868815
0.09486091504232008
0.729394911093685
0.7782494631649753
0.9393056650312012
0.4327584892293336
0.5286814142399237
0.5135553954163362
0.544898005974351
0.11889123123035883
0.6259597056959902
0.956002811574234
0.651353843233841
0.6248475704029772
0.26054544942114244
0.7556418911159911
0.10163005657792279
0.11213596626959788
0.611571133357097
0.9613742810068252
0.32427619167467314
0.2273997497322069
0.23261576335808865
0.9966262955026891
0.6900882798288168
0.2727165228904367
0.08753175178885986
0.8256741006827663
0.9560594160485187
0.02103279187655016
0.8708493052211411
0.5186589302661407
0.21877626468136524
0.2055723806276002
0.4689897511041198
0.07274517618777387
0.48788802222571315
0.5020971988424934
0.8726213272813874
0.5275373538048103
0.4600005226247972
0.6441874637354759
0.5858418450086648
0.12478672082971909
0.32432486482230116
0.1642475440567447
0.5944751420127237
0.5055821532409571
0.463636400739151
0.13673308699618636
0.2536187908436398
0.712633570068584
0.7275765315522466
0.21513352880269365
0.03368277009433984
0.07092128691117583
0.5500565808213821
0.2005336687098055
0.9245102833017304
0.8568972314049118
0.5584990462428925
0.3571168404134145
0.43877296522924103
0.03458953076897009
0.4798784614388357
0.6987612697709681
0.5786851657030304
0.23637506856373858
0.08700082253283592
0.5109202231653942
0.8341827030883912
0.596848915308935
0.6481865297774452
0.44326573671714964
0.2660633683777943
0.010133799018868461
0.84449882052003
0.6111148487169122
0.9941885383397443
0.8741366989985032
0.4008862511098219
0.27744594885932095
0.9586955999983695
0.409673487627644
0.7410839517601868
0.8523523746835133
0.6512739245223297
0.19804714480643681
0.8208453815849217
0.14306911874360795
0.6239073727708638
0.6675784463890712
0.9200525417000638
0.01524783034856303
0.9740888485705906
0.8777529529100275
0.5814793290220024
0.8849439664296267
0.6783633947794232
0.09906109643558081
0.07245945536144938
0.750819680848424
0.6001580610136611
0.3672732643706986
0.7154363407506867
0.7973541431394181
0.2332085453152264
0.40280525442535053
0.1843496730086901
0.9523932013796628
0.7584938587740058
0.028993708880358682
0.39603931454319885
0.16615816434690867
0.7904418464626818
0.4975149665006937
0.9393241823858968
0.5938735947242124
0.2672703050871359
0.934845463522268
0.07914001913116853
0.3104622353124009
0.30067954991738444
0.460575016703313
0.24909669858518846
0.6632948718811903
0.44171431447560683
0.39654910112257025
0.6030422595827529
0.8777717746466033
0.7424636852530961
0.3852297769043087
0.6346972941989489
0.07055092165071619
0.19737055435423223
0.16632960654038154
0.09415009440743294
0.39652854789992764
0.6332721513593992
0.2226860408520004
0.4309792794541022
0.6582149454206234
0.883896030783977
0.49950892806846103
0.7759974086962359
0.33993907520053035
0.13238683882832103
0.9255467403634509
0.03708554164125066
0.694353511638053
0.6345407064544365
0.5203821815220312
0.029315136429259203
0.2050008151548932
0.6457759320668062
0.4589812086144919
0.6855306611849404
0.4762414881732121
0.26647035368848904
0.5827837624290617
0.3007922201914053
0.3606324223337719
0.0931464393290754
0.49603876189427176
0.45255485720570654
0.92388417411251
0.017088117208901354
0.5667496850652647
0.7081867727915596
0.6688142452811799
0.2473235986346488
0.8635113467355104
0.4824063406904818
0.29225268802267756
0.6515107286901518
0.30268235159304946
0.4394435066743786
0.1326452804128495
0.8061130364027207
0.054751971632417185
0.6482080461656361
0.3811390310806322
0.7263556466695754
0.5644240327947805
0.29347388816933895
0.0752229499075141
0.10680222991111477
0.37585478201616596
0.12206499961426387
0.8715371577821748
0.0449957716462519
0.3226452413078469
0.9602549409051838
0.6032517624952606
0.6434571876634076
0.5416033561388534
0.5770688821278539
0.6674559287318983
0.5894374809505191
0.19995437570943309
0.8879033566000937
0.3592873966096509
0.7971709956300015
0.7875931624922191
0.9938555925485442
0.37207067310816466
0.4639784171456952
0.31913470459979143
0.8343808003028148
0.8165221977526345
0.43942009129266624
0.8149347489614734
0.29437240584499624
0.2771192278549508
0.6358015419546927
0.985915136087131
0.45148683732707295
0.6200183538674686
0.31868490600775257
0.13394358198877154
0.27551080614957546
0.4944489204240988
0.5076612710749202
0.8976808492735042
0.4987958532422462
0.7282951950540875
0.3904906854635327
0.6232230537926128
0.5652613751330344
0.10862069739589686
0.6078181497200886
0.8195302256942248
0.5351938502702394
0.3591767398611021
0.5010251361974497
0.370546851589188
0.5740467177868376
0.47947659013004595
0.9323784281447026
0.9190840455514904
0.185671722419533
0.9938056588173919
0.08448889421324779
0.11194669277189273
0.6638891415654518
0.07357684643480766
0.7251946617137268
0.20145360276157875
0.3310311534766708
0.9427300680101133
0.784335202893443
0.8354121340850881
0.008068720781452265
0.45341286725232366
0.7304833743982413
0.73577353229294
0.8181592260960956
0.22796931592150416
0.15855501231394542
0.3656082724838139
0.8639286186679616
0.30330238910661234
0.20331663296589553
0.614706011265132
0.5385283107916942
0.7849649751656357
0.8791636859906139
0.9960177402417322
0.23148357467275193
0.6208729246523627
0.2131430864592342
0.8383222986492761
0.9725771368064445
0.23832338860200286
0.08604563892326522
0.4849135198041602
0.12048763218640723
0.4530399393239327
0.025495176669673936
0.5637680440719821
0.5476295764106224
0.7552559591153648
0.805313145120983
0.9815682135386711
0.8986179604926086
0.8053858136755772
0.5970386180925885
0.412118338013999
0.4070071861659935
0.7306234505823401
0.5923355416166984
0.6991066291562478
0.44343036185520146
0.603846032159408
0.46912041348702527
0.7738293287863139
0.43799193984890017
0.30749049676474693
0.8095951491112772
0.40040765123159505
0.07074307166094917
0.8376086255803699
0.594971659987703
0.30419187938605385
0.6562952487237321
0.9870966527054206
0.19952597979289055
0.013461551790439064
0.4621051801401094
0.26213336012879984
0.8857213597387502
0.05019415667013971
0.29468954739749786
0.8321502822240453
0.6624917238352592
0.9425892989882858
0.06400550127277604
0.2911967523839174
0.5103775570520603
0.9001991251379453
0.19345881661846975
0.01735119140563779
0.4000591074722898
0.8919297858804691
0.6814786867897
0.9568692318254585
0.2349319788068175
0.29784314485691765
0.3403241796885861
0.7310488455716054
0.8337229427893383
0.2676014265492521
0.23876441832611295
0.066330627104349
0.3357444926424896
0.4115621301101482
0.657500757588069
0.6819418486580152
0.9592389099745575
0.4749443172592932
0.9296760211518504
0.9344303646648583
0.8723635224089423
0.2011513118376591
0.3835422100545862
0.7147252766218379
0.04672083175481556
0.6772492832473715
0.23033499563797233
0.3208984889138988
0.35493886208583614
0.07276496359284768
0.6476292147706377
0.2885920131863833
0.8466579964719069
0.8323798374543283
0.4969272957931138
0.45111381057352873
0.09138297548089824
0.06376235015268805
0.08395769350330884
0.8224943293693983
0.7120094608868938
0.0736935878719569
0.12113802239312088
0.249335493578
0.7494370366547184
0.7488060573374595
0.5838838941668384
0.1610719072591119
0.2965310158281711
0.7516691421645397
0.46592048669707375
0.16330420088689224
0.9187980740531382
0.30861907393730903
0.533481593759759
0.6651527059438906
0.7394914104949667
0.7026449344790558
0.0542559322936389
0.20911913192741693
0.7084633019315331
0.45280683645547903
0.13416847899299533
0.6807328328078825
0.4969340326219278
0.5610759262462097
0.7335603851609175
0.11529725830194837
0.6644481585142477
0.13815031699286862
0.6540574985518989
0.3903415722291582
0.22964023053457727
0.18171479215081932
0.7883947332192146
0.6949208297035443
0.5430339631101284
0.2737767002598833
0.7076894614976426
0.30069802546536695
0.4079503923449014
0.4881236548324238
0.22413397646867417
0.824779568434221
0.7247016743745145
0.8546137821943071
0.9118034580619168
0.8705654169058692
0.5435994824069125
0.31392248030574854
0.6942526654126187
0.660413766029778
0.30390790780778787
0.21453409227876707
0.5148009377560947
0.03270946832130095
0.20872263619139064
0.05318081606007763
0.7938818504603479
0.9659644545167773
0.1398595829221353
0.34059547553355396
0.8475600135982279
0.6138670378505606
0.2521877744699662
0.1863585293417539
0.6922946866701067
0.6877369924653424
0.4034431868032703
0.43978390531037026
0.6932559838412322
0.9066311496846927
0.8734108156160059
0.9982023691398906
0.326976083581201
0.1503843203197679
0.40546525546676515
0.19966510640057555
0.9238445878515619
0.8971589166614631
0.46381021594446603
0.054004225446348975
0.6319334774407461
0.5046158749933178
0.7413600075816776
0.4343511097607903
0.0008640247746333207
0.9026083699713924
0.3760569160870756
0.2506274399234901
0.5229042422338983
0.3053390664097154
0.037520530795445595
0.05718790858749312
0.18821209517410487
0.6222106609361374
0.03127592413611324
0.5087075109373337
0.6121165560527321
0.3491385981725451
0.8344098948169905
0.5715706872207635
0.5745546507434676
0.8558835522024406
0.02435571041068696
0.4224332863193081
0.8752596191922227
0.15000087032119624
0.391608032698457
0.5212926361466096
0.2530217197276313
0.3942929091816977
0.1375219947560702
0.433314994264808
0.7433196605288891
0.6821890518283747
0.44995118915562515
0.5918337426216476
0.25584745590006
0.8342680420231352
0.42233166164574876
0.34434545160090313
0.3419378446373923
0.26917520398104344
0.2359197103121945
0.3039958309598946
0.0916101073697867
0.3234773183780091
0.7602436149647275
0.24096036024715717
0.8509464938489022
0.7475360332270348
0.24343068313533622
0.49128992163047325
0.9827284287353443
0.48827038153055224
0.5619222853920122
0.13520436637802968
0.20673965575014275
0.28471796172520336
0.5781916534331285
0.002482384371668367
0.15087065090355434
0.04859290986534237
0.5154304606997842
0.8995088601660446
0.6201345569867974
0.4795784443586505
0.8997715507016575
0.3207060066241968
0.7479322607268586
0.8738806471275926
0.5434675020644691
0.3064878553380703
0.6323798472103154
0.6246090192832084
0.24654520515459621
0.04054222152113218
0.2802390400532607
0.4838385276873255
0.37980920692528664
0.2411581722930558
0.6819673006916701
0.2587470729247854
0.27866759267362184
0.3944808626065063
0.6236311916594698
