# browser_rnd sample v1
ua: Dart 3.11.5 (stable) (Wed Apr 15 00:36:32 2026 -0700) on "linux_x64"
runtime: Dart VM (dart:math Random)
platform: linux
seed: 12345
count: 4096
---
0.9347238507291415
0.9594068266834919
0.8784440473500477
0.05549756969064734
0.29660148281294274
0.8059161407219932
0.6041226168069675
0.7456914507366637
0.002132011752803642
0.12879212481226843
0.14130600883453237
0.14609843034016612
0.8383597891139885
0.642462205797025
0.14297245904883282
0.8887305725804392
0.4539869495305031
0.0232578732898171
0.4970112234052618
0.25754780883439554
0.8537867734784907
0.6956577751977173
0.3710773975118551
0.5162401743021698
0.5564339703437078
0.9306435752895398
0.7565360371362625
0.35865186809259675
0.027276800389590794
0.7460147239838558
0.6702081451788545
0.3471366037451853
0.2527444368499506
0.8723214175633313
0.12813153651588527
0.33537385412054554
0.3193572536183804
0.892430566268018
0.25333073864738986
0.2462261749029585
0.17356592533117643
0.11810151279355507
0.848637994289646
0.6001230381652798
0.9960220457210286
0.49332959024097345
0.7979671324481271
0.9042425511470951
0.33750413561983694
0.2745105509639876
0.7592690433731981
0.62099044906525
0.8597204179760718
0.9612181836634565
0.009589771661692836
0.7874206953923358
0.5013258341450743
0.7506224304589811
0.8798008325709283
0.12162354203930881
0.36913430207461007
0.8076473392535191
0.3276814743846811
0.15981642013509412
0.9157528668024747
0.5106828049249472
0.8753231582672893
0.422243773480549
0.7453253918125953
0.6967330982787024
0.6879134415022274
0.8732970018366474
0.7700245555429661
0.7526633102361807
0.7884742442771311
0.9552477424024785
0.4778668830279944
0.3494888275826582
0.49411550591138276
0.9660813826556832
0.2421883696831092
0.5548721011998108
0.39555548994762624
0.9824356386145443
0.7263043618484967
0.495618976484014
0.44721332092498656
0.09369745452521872
0.37667225849039765
0.5702572508720871
0.6108206121199391
0.25526105132005905
0.5785925383155529
0.25606053927150074
0.9344476099802015
0.2920856108521712
0.44246915466849635
0.31493755792108524
0.2977196436230307
0.4004758385218975
0.35800051884577233
0.13952572263818785
0.41264305505745125
0.3598876762877783
0.8841464745391534
0.08845833010677717
0.09658491522374679
0.9265604851869199
0.34507676766882944
0.23623840905700477
0.13557546438723145
0.3034463994968486
0.31108763981745624
0.5897919307576754
0.8060571164112614
0.5846610362278339
0.4677335187129549
0.00008549070125118963
0.805990151141543
0.32411745415187443
0.4562907052461682
0.40041846286833416
0.7760122907243576
0.8338754736367407
0.24045796435972722
0.5798451242403465
0.18629030887332731
0.21512784890183534
0.16824817442201534
0.8470461279886576
0.32762385505777225
0.15659263224044495
0.030188393417481363
0.10047179410414153
0.8653766251389009
0.3320275450732789
0.3345508849141329
0.23590511583846618
0.8307967578459506
0.1705040420847891
0.7308466535759108
0.7169667277693366
0.049514400806942915
0.22539969947280447
0.8394956765487439
0.22657568917877113
0.9116763835128333
0.10294155356487
0.41385725570523113
0.6413902815228366
0.030927713830272374
0.7523514746543765
0.22401185428620174
0.6095202478605992
0.309966113822543
0.3173528323253948
0.15320356656280554
0.41817341891869575
0.6112963691499381
0.992396995621933
0.7166579953832224
0.6642871584281563
0.6956979921195476
0.6288421191121991
0.9230060728368783
0.9695953641345244
0.21383434098176257
0.835558117588342
0.26553597880705493
0.8605375658009389
0.36229273452706257
0.04605089264356921
0.6522816051461565
0.2877120606908322
0.49243338017356053
0.4132153824040733
0.6959052274944241
0.8320166348325286
0.7781577925962093
0.9166412783833144
0.8820813182771187
0.08208794043550194
0.4339920959141389
0.7272546506970334
0.7148123423474038
0.3152561657432301
0.030973076836837143
0.749260916340387
0.8803754223486392
0.7875500848873915
0.30278084425193397
0.18496647168261382
0.035990684920883975
0.5482316683233989
0.25250806685363036
0.4174414027972193
0.9375618472579533
0.9086876468939272
0.06379001636864767
0.6212777759126287
0.9777966989566196
0.5706753820575801
0.3227994317113245
0.02196175463689909
0.4265074217121969
0.23878351146954246
0.3284845781210689
0.712039180912328
0.609124665180964
0.3421026083758777
0.1232627756545418
0.435511464509879
0.7184681349826616
0.873926072834843
0.652936439999198
0.02812395724114336
0.64261715559254
0.5707543318159417
0.0928638897110784
0.5648097962678069
0.5452620848116122
0.32272042384416066
0.649625141380817
0.2919140689333506
0.7751197660351857
0.8075557750130861
0.6443328990448723
0.9161972097326543
0.8571948054965729
0.5369000908908204
0.6534376524709109
0.1473185068348326
0.12830163245469428
0.42135671168788613
0.4204851599613758
0.5294255311081868
0.5549854626177514
0.12004783514810191
0.8791262717524241
0.14672234458353672
0.6848355687068857
0.9460463800484205
0.7056807227555747
0.5034715411602364
0.1406735147582714
0.3363794972726627
0.07277879072159255
0.517786295245018
0.9548931089182082
0.6961225361062124
0.888548617020769
0.4027457963630392
0.9526602154886076
0.7428957585230616
0.3001641479804499
0.9402791421158258
0.059998045112671705
0.9192165682072173
0.44699963384361585
0.3445019749754131
0.7473445810163702
0.6965336455525895
0.2578520030445114
0.7016835815772702
0.4242656751832764
0.4288402857679008
0.5505811436741627
0.4174848302248275
0.8889693224700175
0.6556248992699596
0.9167916013324129
0.6718655529846246
0.9616426114964073
0.47666788603762067
0.05534911608101112
0.09693016166031221
0.7323338312330352
0.7167269749048046
0.3629838099401447
0.8431716388829026
0.5746715219575699
0.7551314410012598
0.296512131722384
0.8607221098953937
0.4952791109414859
0.914597097871946
0.09403178760169584
0.341385044249533
0.38131742584865813
0.04306597095619291
0.7911411471331566
0.5802089594527264
0.4923975692838445
0.6084265505216343
0.8124044313936781
0.4527936662961697
0.6219313243213616
0.1609288410603219
0.060962060773606
0.2119843860683519
0.5924704565597715
0.2863381792877805
0.35212120849078266
0.46772465801243146
0.8462867240655589
0.12074901466654686
0.39744648784125636
0.3315126806569665
0.2126015293267003
0.5815179618900185
0.6021414653337854
0.6017375966671258
0.5364341637449741
0.9422279155421678
0.8343683949128488
0.13841330425174536
0.5041751527096316
0.5690251531413574
0.3985088332811195
0.6223465231918378
0.6308157368385938
0.921089246680519
0.6739648209478449
0.42103038039794194
0.5853326301085396
0.37207285541185564
0.9755719495594072
0.5085762178366848
0.2695331469110528
0.41706220711039677
0.3335206861438348
0.36612895538867574
0.4987689994508381
0.5043823733661794
0.4335801183153425
0.39757157396168197
0.38659702285010566
0.922339208495333
0.8317001901941414
0.5306852376125593
0.6107818665750204
0.251957385493915
0.7947649765932621
0.4929798585422336
0.35070753767338503
0.11874906142668595
0.593779582796049
0.5214158876194203
0.29409047509740016
0.548754322090439
0.8470199755712724
0.20122072648233036
0.7260752536673064
0.8987465283006323
0.10412942026455463
0.4116282523728533
0.8628030654625363
0.9282871322664604
0.7484535684293843
0.6266890527745573
0.6419738752798286
0.4300368151875896
0.4059914364457239
0.4686451082392705
0.4026159202476033
0.44228069832084227
0.9510727799310902
0.7649833942196546
0.7908197324358796
0.620341041986269
0.8866959621887389
0.49661776830224047
0.38336839023916913
0.09174985946804037
0.5971666304043284
0.38536021833185796
0.011678878118909775
0.5173888170348522
0.30613139393541755
0.7846910268378884
0.838713334173217
0.07565226069929676
0.4690645112751223
0.5548569423069966
0.41644556354222106
0.3737574049587171
0.4994175868187255
0.7917317126540476
0.8333155288998334
0.8373743164834041
0.30243669804979056
0.32104613245066993
0.545215036830168
0.6847242857158528
0.7290386674090146
0.9100601134804163
0.16130204703418116
0.7476415689191921
0.43023456744466126
0.7381877278049195
0.9672529552146278
0.5574844771415081
0.9931808903213931
0.8785599781630649
0.823177383537003
0.4011772306369604
0.6586443634146172
0.9596658309994737
0.7833844251975589
0.28247663503898235
0.10680503047076739
0.6464235545956785
0.36453858727517363
0.766182823819428
0.13836661157611252
0.47587282289306887
0.9212709616503164
0.4499844651273168
0.6012937909675505
0.5449775740888928
0.021381220837231152
0.3210734622482597
0.04550186094324449
0.27014866913633606
0.3188569671084306
0.4315079288894583
0.2409730629474366
0.8257989790139298
0.13295960585716982
0.8228692275312257
0.4325332599320345
0.9179906268767067
0.7143537500780553
0.61630424631816
0.26357904201532745
0.012026908520281432
0.6040185245418384
0.9418171300973595
0.5332890770285784
0.13669363252548927
0.1323185446086409
0.2844867001337107
0.22741440914555722
0.8185177904745319
0.012733314413677532
0.6376309432602617
0.7872413365958743
0.05179658333055881
0.5485165489455308
0.7309879200558081
0.9178830734896534
0.4134551711882185
0.8606053457899016
0.027157684124553105
0.5218225344131836
0.7520647261493885
0.2721125717207533
0.7105146510148499
0.1527019403689086
0.6685038815179973
0.7789409768274591
0.4773343201656871
0.05044524454243182
0.07263458197742434
0.9876229969423397
0.6558142723357312
0.7457493417773288
0.9632398810055585
0.6473890345086211
0.9248353634363542
0.011217171117366642
0.312687938842368
0.3698578225347463
0.08480644116454028
0.09111788344797789
0.9563853692193379
0.1529336083348366
0.12218068333986232
0.40559551442328046
0.30042288497171565
0.3904216506272954
0.8335684523841307
0.525379425899665
0.0821394979701422
0.9013890737185543
0.9498505630170433
0.5956230615224891
0.9290164389061234
0.6307320231537094
0.24111991300190794
0.11417934475316371
0.6936618132913557
0.5742772200444947
0.6918133114462458
0.22865227395616372
0.8165969704603517
0.7768277856585727
0.8871632528974076
0.44585283965063116
0.019925626042696765
0.35806520827383304
0.25439095267005263
0.9812444025739753
0.3845145036798503
0.5202277507895456
0.3399081237488747
0.4506622684750424
0.13543863863114747
0.29812172167134476
0.9505213922167723
0.08196070280111689
0.9173258807491889
0.22624791082757167
0.16599605119216287
0.23406169265339738
0.8174952291187074
0.15710281763900613
0.8389501222764786
0.20044701406429444
0.9264182931001541
0.7312416351539345
0.24711275805874966
0.8997566803540386
0.37517251151321185
0.942466893827465
0.09556598073849076
0.42719065052009086
0.5953687097109276
0.8193270161832564
0.2792815852187681
0.33606875063506536
0.7573818401815625
0.1779553959459469
0.0006966160241987929
0.6378384768796785
0.905414738866802
0.5159715252127073
0.14167234584987254
0.50802614227349
0.2061353422033272
0.2663634862330708
0.11539280858803602
0.8715476372912093
0.9764830709434377
0.475448423391562
0.7865480327958315
0.7504173044536688
0.13014453823558703
0.42839873079482027
0.8437297073345416
0.8905098353645596
0.9592699493126583
0.727629298997697
0.30453802147513753
0.7338097990282985
0.17019778367105898
0.621868227586336
0.8995499317087291
0.7405207239198557
0.7883909278245099
0.6173518552837188
0.8924241695965268
0.6588154763253238
0.36809569056389535
0.7316817302057655
0.5269096700872666
0.04837435399701606
0.859667431041025
0.2706600629008973
0.6838635088011517
0.24202433583875116
0.38834563881258477
0.18023348220725943
0.6340714674380344
0.48401124951810126
0.2421109264075315
0.40061523125329834
0.3111683672553148
0.28994132469355005
0.5114501124440785
0.2542107013936574
0.5554448834401988
0.8779556951914299
0.14625753527024032
0.6791649613461621
0.8961709665251613
0.9888991857958501
0.6319994192724991
0.004867809043538562
0.07837629637169408
0.3994985286724789
0.284234601216798
0.7359691059282261
0.7564892659165531
0.40466563547358025
0.19798440042944754
0.8466475407977319
0.6989685116480228
0.19789003355825052
0.4502278309592138
0.6331265860170874
0.9167346271900305
0.28501412920106495
0.3900123511283733
0.18829879279909445
0.8772205534840223
0.059413995053174684
0.3814214911845334
0.9724045450163461
0.28443733835929175
0.24955316533448935
0.9171764518317987
0.5097611325276203
0.14686115541150013
0.6624568066693302
0.2840303480107156
0.24280347341827435
0.10060357779024698
0.3597267650900523
0.6184812822778893
0.06081457296580772
0.36019179825154235
0.04663060386708928
0.5870460857866526
0.20906736953332195
0.8309798327904344
0.3921228694586859
0.06891667767754639
0.9835613386326088
0.05556497777722125
0.9333272218638169
0.27186970280200495
0.4307684234636757
0.806340852548586
0.4234144115332844
0.38867954124319004
0.9352073294223225
0.5386065292695725
0.09390944393436862
0.7151917233396352
0.7086349973636256
0.2128435330939379
0.7734325267570812
0.8991381518778025
0.5883580999544812
0.014653357116349852
0.32353910278221887
0.14747640452882926
0.8174896367398943
0.8775617101040524
0.047408285146622986
0.8473812430498585
0.005450201787829956
0.6720236125707157
0.6829687414288229
0.702969882388386
0.9131530068074137
0.7489807565240687
0.3370124749033072
0.8547917097082376
0.31438397883049773
0.20598571382316855
0.2848057042515081
0.013677543533022307
0.48318624683305367
0.22429137006783095
0.19813163500099185
0.7798682748039818
0.9793717537383986
0.9246382226310342
0.9985009647954135
0.8537789445786476
0.4242411426385153
0.4347480776183712
0.36308337281906944
0.9744862027296087
0.8766712835180582
0.9795971391842735
0.8200952115621208
0.9410475180368545
0.7236754305124671
0.9167228723675643
0.576283186312916
0.484422776667116
0.9048322888896864
0.9864183279940881
0.03474614918799357
0.5002816691103478
0.6998202429653669
0.5964776899106998
0.9533433146259485
0.8615353647326147
0.029871914905189922
0.9870706280494724
0.3454214209209471
0.47521412023475007
0.3018550080499107
0.5044687749977603
0.29408283915577504
0.655808906404011
0.41902240972883154
0.22427531197187067
0.009573613225784983
0.12621717913658337
0.05971538200517934
0.060922571675064985
0.4963088646785757
0.3785956498140717
0.1759905739387072
0.38318008613589905
0.882206932016012
0.6298977173571664
0.027416441204543895
0.2625869324326642
0.004552719193732679
0.09996440164225051
0.8491200953254116
0.3302203986129515
0.0433314838672334
0.1860997974009554
0.7463378757850407
0.6335739423151959
0.38235995582323445
0.13130699791859501
0.3743601774293773
0.6786728141487942
0.38848260562463444
0.05900667161620088
0.4044939258709148
0.2100935675877078
0.8786596502217396
0.6482448033414129
0.19125959032235496
0.11973319590729681
0.7528946801439158
0.4449061565175477
0.3365136201555303
0.6775010788846529
0.09843769276178915
0.7907582348554824
0.6280341527070289
0.7353056025094187
0.6875106315279889
0.05629381368917441
0.43157254381945975
0.3420222199160118
0.20288986899168004
0.7470757973434243
0.7477535497304918
0.6245385305448633
0.8350319670537945
0.47070249981755796
0.14093172383306918
0.5041861531080808
0.19135734436488594
0.3129202444987551
0.6530198084419679
0.2514383973537261
0.2112348677344993
0.17030127979909448
0.5994543768839979
0.6947077123455244
0.7658594011006251
0.08822616247037307
0.15274800331139904
0.8343999300543651
0.8657517343777151
0.788719204408505
0.27234146539155657
0.36042782995582257
0.024342857291165365
0.040999644481005015
0.9154315114783113
0.8397622172556581
0.3208979985986311
0.3871898223939584
0.29749751141548675
0.9237170275235621
0.09138741788959126
0.08262031436423878
0.8902028377138197
0.2646697782163778
0.21342383934115106
0.7731867228162155
0.7134769168491552
0.7454218536770371
0.10943212107758216
0.5721250215552076
0.42073510159126426
0.11714033966339454
0.48390471756818687
0.26504503273768076
0.12458866237319999
0.39368836273021945
0.6139064956620596
0.8420263044303052
0.4686182754797902
0.12389242668573675
0.11760622531599307
0.48060755155493906
0.24160670276876717
0.19616014880544863
0.42636063111961175
0.48745502932468776
0.7287908237702359
0.1455637039970572
0.02766731504928166
0.4506390844332502
0.5132755540595966
0.020536369964664236
0.5248331893195185
0.9790110915424919
0.8967932863350638
0.7540160898012266
0.6283072696715777
0.22724429243365707
0.0882198139007917
0.5793825011961453
0.3831613341473703
0.45000516419819747
0.204041329062706
0.4432503704776083
0.5991379198675367
0.9761030488818796
0.9485576224052382
0.6982873585127164
0.7233591309108097
0.8040832203139117
0.06279352448073938
0.6010465734408647
0.3963275661959955
0.03697026087310251
0.7111255866840985
0.01657074670967673
0.29443938455659313
0.7177833710403712
0.43556501962670957
0.6929634317743479
0.8724273968602829
0.4760301515846498
0.1171769862892077
0.23855094156861023
0.0044900562302887526
0.5965753535076673
0.689040216671374
0.1473346680553166
0.30454819126631794
0.6214561093937353
0.2829597582609258
0.9147653338626089
0.8963843933199838
0.38891042090785755
0.7528674619141356
0.7110139611945537
0.8223135005424732
0.91934583728574
0.7927244812046826
0.2736700257752612
0.687362425727956
0.5402286511034093
0.4392420337474682
0.10570980400298025
0.955874276873157
0.03601725260485633
0.9311814800241178
0.8520892346885259
0.45804540587877696
0.10556075753410044
0.8136349240260851
0.5183781342544365
0.06798418364512082
0.020052675466036396
0.05903280523778753
0.937545139337141
0.42485198192179174
0.7161658432822914
0.75214095776542
0.27562044550908826
0.5463392972406854
0.06054554938107215
0.611508597725316
0.881910182253663
0.3904749475264606
0.11551118500338475
0.4904327053758909
0.9881658064395525
0.7289776999011436
0.16938206050365112
0.4193770535616509
0.9443068108372634
0.8622394536235322
0.4917200706990488
0.9869498415837928
0.548125098605186
0.5017895449657761
0.23952590514347205
0.08577839027150513
0.9281446538316153
0.24805899438584067
0.7685538656578176
0.8367770663963364
0.7902188159286428
0.5800395141268824
0.9466718833108566
0.5659867325524272
0.832764506090042
0.9757662442455476
0.1495909292360036
0.8884500562327329
0.5438340181376299
0.4965083781726639
0.028581255564222197
0.2010612321234425
0.4068249213225461
0.32973084595773805
0.18511708180027864
0.10904901386908272
0.13421430635563913
0.10705797514913529
0.799187482998192
0.22625897164614162
0.6625844297062857
0.8061249850220626
0.14687894569695115
0.4803311326609325
0.9615394303736643
0.6120942208752382
0.6053897152794406
0.30001584952137417
0.22296272466118472
0.8563901442231958
0.6353805667822032
0.8285534701523842
0.28627505284067856
0.4342689717620912
0.060454685179359036
0.21984022267622183
0.7716140284838521
0.20741921023712973
0.6321515209248507
0.36547287569213727
0.8727449298991914
0.7685045908900794
0.5914260903154047
0.06588715734186357
0.705745320988503
0.09197470338206404
0.14835624324208907
0.5105917557580052
0.9603897845699843
0.5288361285529503
0.6573482285290142
0.08462580820041365
0.6694694015906127
0.9003907098178492
0.027993170782361743
0.31236096794528
0.30931878376157684
0.05845473264649492
0.5161573759833173
0.11636209198621095
0.6772481652688583
0.8811673634630341
0.13355608458102242
0.7189421512274441
0.25476193792265744
0.08133926324871588
0.46690031434225643
0.6349292724555944
0.5992168808868946
0.20875754049374806
0.5695290390688524
0.3919556791237018
0.47207461430189457
0.4162563846463031
0.7014013753535983
0.2667150742057359
0.3312912629328483
0.06514904027162816
0.17030423854701293
0.3262805458803947
0.8107181901625046
0.24249438247484345
0.16729882220602443
0.6884797071322959
0.800255684576675
0.435090872963232
0.16094269159154884
0.8736481390772394
0.22320258344928823
0.33881611746758633
0.6607416413244445
0.805093162069564
0.9227117777177909
0.8147886333974023
0.08238190229767528
0.4514862112029593
0.7331067840725374
0.42078348527743037
0.7928829052929853
0.8692695661128244
0.3826426487551233
0.4554059202780284
0.719323151827853
0.6176758654411935
0.792442204721277
0.4269319810493878
0.6265378245804991
0.5989109814878085
0.4832582022985539
0.2246762670034813
0.15513990029992653
0.13702864362007205
0.35656742838457656
0.5690263347622418
0.05333963118402063
0.8259468854621985
0.9879576220775574
0.6153179650617963
0.7960695499349416
0.20229298650103766
0.3707344196384724
0.38344809790372714
0.7056960832151791
0.9821443104438767
0.9125395361157618
0.9735743459540289
0.4861315549916535
0.23018631261451017
0.6138024282800407
0.8620695529340039
0.23963209149261322
0.2267101737139564
0.3086320608484934
0.05397667099297676
0.001720075157299772
0.8545569057909504
0.32783828624725775
0.8530859340795206
0.4189420121190205
0.9889369948067955
0.15467004441475496
0.0013065663533371463
0.3198831347599296
0.7993815893599158
0.6009468660477476
0.6711561762134662
0.8551535540872788
0.2039036476961974
0.05623867131841842
0.7330990673075918
0.8689555324782514
0.792161248604506
0.4109558096673649
0.11046452222827885
0.35293417490267753
0.27096031956462774
0.5616544498204038
0.6537701317357574
0.45595712507307185
0.17406592491160167
0.2982458290331311
0.2791667871404856
0.9507351768950119
0.14709304809091395
0.017742871029358787
0.5746604448781585
0.8507075393104158
0.5094188444752927
0.1800046584079018
0.5943063238017134
0.2729696150593939
0.7956978319626643
0.8744132720404292
0.38031423762318606
0.05818907529824768
0.012028661615969494
0.8179103906299132
0.12302027292353768
0.22450754268134532
0.48957015758202604
0.11386313759861166
0.7437940623675355
0.8021567060021664
0.9178628745843206
0.34586842047813215
0.4303394033370852
0.021790989606051192
0.7923828711838236
0.29278305085696965
0.7850044779840776
0.5850291109781347
0.1023642362607925
0.2652318907614112
0.4081856126747633
0.058389679971790565
0.5160219995419205
0.12075297090965376
0.03289705196935655
0.3032476901617792
0.7507889430697646
0.3004955356852972
0.30611560400108917
0.21099427929901438
0.06014354188798887
0.7761781899176222
0.9860426306523522
0.3716328769996352
0.39352041785254865
0.3290020956591969
0.4294723312452554
0.15749445341220814
0.11129890970737866
0.5328813538657555
0.15366935446745666
0.3908930639088469
0.0773132244139354
0.1478733059567532
0.5723850244079873
0.7968493183067517
0.6731937418318917
0.2130652777909493
0.10375669017472977
0.7813532948968415
0.450474742681917
0.5869731705303376
0.7058734601603066
0.4183865085078827
0.19243399997011001
0.9218980108659693
0.43389203885137995
0.7928590299681403
0.9340333487946185
0.5648973094333843
0.942108966216936
0.7132886148348397
0.24675334848426855
0.6108499744082598
0.704965756748633
0.2772005533433579
0.856613847777961
0.6521118799793475
0.4279552720140689
0.9090364528102138
0.06783507053443316
0.4732492505191912
0.8879826890017846
0.19116087221276867
0.11037149997820439
0.20074081143942824
0.27000059375526597
0.6082559014847736
0.44177546650459176
0.32016046296845335
0.815556617894766
0.9137877272040494
0.43720453905111334
0.2666456761818097
0.08041633180099683
0.4093747635188373
0.6062685153485252
0.3608390126181966
0.6663742407938468
0.2366177866694663
0.39174269033520204
0.7878649676585981
0.6269958193093269
0.6124932573045475
0.8162000744631557
0.9864451373721417
0.33678309304109644
0.2859858665389342
0.7470463398371054
0.9327553367384183
0.25645318013669605
0.09845115984395836
0.3876966468005827
0.4873635939354789
0.38956937451101825
0.28691031122194677
0.7824749804684018
0.8203688049566847
0.7270074212166698
0.4987870417303252
0.9950407464754527
0.10584315571181069
0.40328572570647225
0.5120129558622505
0.6005176235525419
0.8857800298168627
0.48318872242536715
0.4971211086647822
0.4258702783973365
0.06734453584225097
0.624163853167047
0.8541494381315794
0.5679737985343095
0.7553721950447057
0.12059090586234722
0.510280250707408
0.9210145518334487
0.8304571320821147
0.48673561750921923
0.06652573503103809
0.5741063862348532
0.029573380720429476
0.052281941788522746
0.4170971839075295
0.6988290172588285
0.2867622982655966
0.6988597544355016
0.017532844634070566
0.5257301573825712
0.588600452646855
0.8017840718597485
0.7818097908907761
0.530195016811168
0.536284369219862
0.39058451264516436
0.6108116518866294
0.2510547656094657
0.4168014901024195
0.34350873303434193
0.8984949461451481
0.4670591730193996
0.5581116368704153
0.9152296356437999
0.7544660123599016
0.964435991266138
0.918846444330796
0.6151301549410878
0.5646403787205874
0.9344028274358909
0.2175954272876388
0.2652961895328867
0.12449183184882873
0.5847695761139604
0.8161581567697495
0.7022500121629062
0.3821574640419174
0.26228276280036467
0.6192389624277526
0.3581154317894344
0.6841981344244485
0.2856935530133279
0.9194370619308112
0.7393124637977705
0.3931571817113836
0.054860810278041794
0.5152809518642697
0.010783767569660485
0.9466297685443887
0.959823323285513
0.4490651323387225
0.4492208536000315
0.894449516365146
0.6845676662478577
0.9994039652233093
0.38843956965927073
0.06996002584727501
0.3402840900714751
0.746869864613986
0.6967263085327015
0.22746349474941174
0.9356872950781101
0.20082368501254733
0.21185983947473563
0.7008549151947888
0.3319487972281545
0.2290325802825942
0.08927399490481991
0.5137184496462799
0.29575494473699493
0.04315057504261832
0.08364252435425046
0.09339790841809859
0.8296699711400405
0.9047618713573262
0.2692217594375389
0.25054750484838817
0.22046263948957634
0.9334131619269853
0.973872419550374
0.4682572240278636
0.255498573346184
0.625475064451815
0.20149487610300287
0.31092433603065306
0.8398361764832247
0.4060683895283286
0.029560409179374747
0.7687371168406845
0.3470394083491375
0.15884721321958972
0.7143258406623325
0.039749917045542094
0.06952138240433359
0.4670248037410778
0.43172565942963537
0.1699556282555592
0.6982686613487621
0.25372426689716177
0.9045511179389263
0.32803208107254356
0.09661962903287236
0.9860513689240492
0.2627940584626274
0.012385734705463336
0.6180532552373105
0.7116207412009442
0.17936385891097673
0.5996911749444032
0.7084338819671995
0.12302821271975006
0.20012383012911472
0.0016359541020236623
0.893725205773338
0.8544087094436591
0.7165344269708048
0.9283882268868366
0.855310313560391
0.18753120234710496
0.9228963739659286
0.4404935695189889
0.6495698548266998
0.35049180318097206
0.1745863785159809
0.22088908911768557
0.9917922148892995
0.26166706990508626
0.446848817274505
0.9268892269119645
0.985851752799032
0.5794926532496028
0.11842306538838654
0.40543293248560863
0.5933864872845483
0.3305964557432579
0.6731329652004825
0.8350217576066479
0.904945191811214
0.5292573893926472
0.9257250403885735
0.8813850213179841
0.6894777319918057
0.6412943258050443
0.6768451906203723
0.3847628387943085
0.786230793990138
0.6166684755609351
0.8098738478427404
0.1885393932554248
0.2302955912384227
0.8697441333439639
0.7317188407072646
0.9409301447588113
0.725386195196644
0.5901525637695928
0.5449346752210236
0.8275007185123829
0.6014472903182584
0.8137326669615903
0.2187567868256809
0.6337780207113355
0.1120958358132238
0.003038079599393617
0.010136295248244553
0.7916968664974507
0.8566788733877622
0.12472811903936809
0.009873678250519435
0.3321792963366119
0.38881356104877485
0.4862467701496864
0.08482534277377862
0.17262510382802898
0.9974464910063908
0.7173509375566128
0.9971749426850837
0.06714208856443027
0.26888510545993427
0.30618485868994627
0.6735165748239408
0.10516122456947274
0.448234503633578
0.5888496300444136
0.027931142399369224
0.7929871098281478
0.7093832354572386
0.38201320897910174
0.5751519477872533
0.1991088768030972
0.27691683235113196
0.6919248339168185
0.9938814571709443
0.4174647217988462
0.6027265386328404
0.5648449852952732
0.17071859842312032
0.6543379387187718
0.05110532256658007
0.7620144510442456
0.4415033996330989
0.053950969883493904
0.291755718751452
0.9970156061988448
0.5198975973627005
0.35635300185415475
0.3294458119729614
0.07312723319072256
0.8300271861396865
0.4135841419778399
0.6347038078363461
0.239135197771004
0.7334858158814173
0.001260836308448976
0.7562088112349596
0.7358092662580542
0.392441677694528
0.8484987725395613
0.4883715655997174
0.7643267938741347
0.5590548773541267
0.5399515345131124
0.923621205960986
0.8712152400809635
0.7113183991255744
0.6139614459311846
0.8940199989517521
0.15317455546366887
0.9402547272183207
0.23007518332014898
0.24978732818872562
0.6579021842532117
0.386899487582273
0.06325969050606339
0.5310888142680109
0.23818365537046138
0.6909131771748593
0.7927213474091788
0.9724472429385224
0.11704740124597879
0.9666913379679218
0.5149850565057176
0.9016231276535617
0.23400439329107314
0.2937596649693083
0.048108879280169714
0.7038484417587949
0.34289501076505324
0.1913154030499592
0.40929339695063816
0.3404569021149889
0.5376399448038193
0.7609296467914394
0.7759921608842448
0.5448364351681463
0.3644149957527917
0.14750335495367328
0.8534972678277254
0.8199179508705476
0.23867182332307313
0.6665575150302425
0.5812335639309004
0.32584183816222123
0.3764327077719991
0.4946415714109945
0.2503622744241012
0.98921031181202
0.8796336189971685
0.14983372215675916
0.04483361522280027
0.862074049845505
0.368033467290902
0.9548782287203773
0.38537722682592923
0.1903489646072828
0.20900157587673696
0.7542183904739677
0.1772897638945421
0.8562780655435387
0.06506693239455064
0.5219697486110337
0.760050257290021
0.9745362769101602
0.39879635820315595
0.3481007708168189
0.3630242741650759
0.5155211188157792
0.7771683886252466
0.40555626513229714
0.12018673094991206
0.333921156593631
0.6488295576849731
0.27395756249519854
0.8455448609880382
0.4177601241777543
0.31133660102934024
0.4310337748165435
0.5248692626609814
0.28690772297258815
0.7445692552375157
0.006850181539725164
0.6898758978239795
0.05626959111829377
0.4100196195873914
0.47810848141945994
0.913607918886831
0.4158401578612917
0.9198291176932584
0.5198443807950874
0.4180580778906666
0.72527703824109
0.6164384657469549
0.6847751904612442
0.8314106087307164
0.9607346289136932
0.04283711716125127
0.5713095833122177
0.4019904113348527
0.46630527601442595
0.4692790588323905
0.327726608064032
0.19501287170161208
0.26775755582341265
0.011233997366613235
0.43494730908747536
0.8733176194382282
0.7396619842860889
0.18987369794529685
0.7996454384923248
0.005099951046469209
0.15579338666922593
0.6521309221031071
0.2815537831092252
0.08120007843276067
0.4177983494455043
0.08498675165590441
0.2319104387449391
0.25176448705856114
0.26445946421484356
0.6483950148724361
0.6603990006441968
0.649963048442008
0.5624021451977903
0.4624784068853489
0.17839079305163008
0.7770269989401072
0.5764372253830218
0.9669360381695189
0.30202225139781613
0.8989598416233973
0.26570190884823985
0.419607224268157
0.19452258830262126
0.03897944417337329
0.2648722339510191
0.8515380716927498
0.14130176909806658
0.46697782685763856
0.890952461839275
0.0723034354275256
0.45110988013765896
0.4301637730228971
0.46283095149818765
0.5761453949059108
0.04862663581104498
0.2223303565027983
0.18809702063159606
0.5303640053948491
0.26764709582857116
0.9950695156567632
0.8888072706057508
0.06398839666211142
0.12178722981743084
0.3803983604089708
0.0755659482885972
0.1525430288279006
0.26990833330393027
0.6015248669560265
0.20752006286851166
0.039494387672802445
0.521788773197819
0.4734463384216262
0.8646361720700965
0.5388272562366629
0.9616624589662424
0.9701269347434021
0.8398539306199971
0.8473509518999974
0.2975011642941704
0.8655852295274857
0.6804462709986085
0.32261454626023045
0.8691681136247364
0.3090304299338231
0.085971826269576
0.5078645493874735
0.9486612930418784
0.9641871698720574
0.4627996763833008
0.18223381034639285
0.5412771698025677
0.07684216560617885
0.020425648709453736
0.9698218539988462
0.5676139750943437
0.07355654757495755
0.19420615803860708
0.7446422029019669
0.1023063014036577
0.7047358827526883
0.8413946073625994
0.8022767441299854
0.35279275534540977
0.6764974723024099
0.3861641182268368
0.4141065502414524
0.465292297998242
0.6346415717921806
0.1298959093750075
0.36174967007095515
0.8271529340128103
0.3234579733606826
0.025501502179413826
0.012484911388673248
0.002643197657928198
0.18959771073525233
0.8409240695024335
0.282919095719812
0.8418584637076943
0.047807811643713505
0.4809133796598243
0.4827016166109984
0.5250142952115648
0.6815479240029914
0.452396063926813
0.4678772816830282
0.8323177745770906
0.3905913896262886
0.5074213513510167
0.6569107563010151
0.11703009227453554
0.14493259971402084
0.702147751016901
0.7241904302215874
0.6636516344159242
0.4622032945963994
0.6452920084262251
0.1139033530980762
0.624058067509707
0.08050943594355287
0.16844126818358263
0.7643150404012587
0.3013482683431762
0.9226676054459197
0.49878697756534884
0.9119068928773593
0.7461524465331276
0.11973425712237762
0.08282589359976633
0.1767182743915513
0.1641002285159957
0.5589004908869865
0.15994988074617655
0.765041637953964
0.9817877849446693
0.014774237444134308
0.1827997791615702
0.5157748431746564
0.18808792632487914
0.6417054822308813
0.0029597309605918776
0.47703146245369266
0.6518025291330153
0.2238033273440173
0.09906968455727994
0.3093527078559136
0.6807553562843303
0.6990778030897254
0.5254982512613005
0.8624268719483806
0.009197486476478
0.5628190281099603
0.8567046992862924
0.15546942486685744
0.4787977760858386
0.6078797816301902
0.4075432802605128
0.0828626311431998
0.1841040773825079
0.3103343408678666
0.647727719589735
0.011990281995790109
0.8569324783299676
0.6085438087987303
0.8930866724824496
0.49989936915716415
0.9203021312283339
0.5441032191291055
0.2562716358667354
0.018304388428748708
0.3437890886859353
0.7899311897703563
0.9881082705899019
0.7696883024918307
0.8316089511127736
0.6765727023120637
0.8138869210054119
0.7257844906732833
0.9650445059849614
0.6216997163167595
0.6431702453614464
0.7925746199742641
0.39896335711603526
0.9083759395678048
0.6717042669267063
0.07527712435144807
0.5311698682891136
0.8014921749581831
0.49674653684165126
0.08193899998194587
0.48406553549286224
0.0272058871169637
0.1500659292337948
0.019313708406003438
0.6330040439930456
0.2838749557722504
0.1097454252965665
0.907711881909987
0.17972192590485503
0.9646494241655914
0.16193398417412908
0.8050937621578987
0.17386786686087463
0.4217152112953144
0.4740377818433681
0.7588870914546383
0.5583554633122959
0.0196382818066545
0.7124151088001337
0.6787416289400816
0.8573667707735952
0.827435098651252
0.6678963489729369
0.23964952255875616
0.22018923455132378
0.9198018698373627
0.011812235534872095
0.6355593155644156
0.7698121166512989
0.41201216872476787
0.30600301235626215
0.549024734067253
0.2726497391811922
0.9141288664763888
0.9338323087888288
0.6982375464800272
0.5209338365431181
0.41691528013422186
0.9573793720248943
0.8111299660394934
0.45591695769291285
0.8282432065008928
0.5279808076082664
0.40787799024466886
0.9826591473935149
0.856760186734168
0.5915890567754559
0.5583856649525097
0.45697201937563714
0.6197226170576136
0.22275393686067024
0.11102088590209469
0.32157852458568204
0.6427299589759532
0.15065682556756965
0.6875505301073107
0.05650963479222748
0.050538570098017876
0.07078469788659203
0.8721595150167957
0.8313884843638486
0.5530937583058804
0.9729585204061574
0.8127328575932017
0.45444743211542826
0.5181123159401697
0.4399619297755919
0.8248668859003757
0.014204908315268328
0.8511414913598099
0.6538757808447753
0.5463918328242882
0.6187987681364115
0.12391118228334286
0.2724151218668518
0.4533412650235892
0.7745425327196316
0.8153565845019963
0.7822785612704357
0.384460601335315
0.763939134172353
0.8343067445653571
0.6740116872203665
0.2682560140675265
0.020607771404358766
0.5029134802316061
0.2005815647262711
0.46446408810162254
0.664585597952872
0.026112299645199566
0.7124819429044109
0.06985889231166853
0.042358240890639776
0.13898566576424964
0.2804307747979311
0.46945831255273285
0.521480647634702
0.7715015663951245
0.7319703309517362
0.4345374908538424
0.1388556989574924
0.9916875249997349
0.24485201628230058
0.6321615798282305
0.47251247767947047
0.5162348400655719
0.5003651479735398
0.860915629960767
0.3975706312827316
0.21629339999394182
0.24209892059814409
0.1711557334152014
0.9478030754753012
0.7233822754551309
0.8692856162579257
0.25644782593938986
0.27053055218058364
0.8257727924766448
0.12710773852329282
0.15820254554675073
0.9445916031701123
0.565435418165029
0.03815344498300499
0.7848511099810583
0.6033813255608872
0.5948380734685605
0.4466523382077022
0.9990444350471176
0.01391634505015693
0.2755621245194845
0.48417739691789796
0.9876569065421231
0.6760559077944538
0.9452143429659899
0.06562180505984272
0.057915194341501386
0.7509526116892111
0.7918111789466717
0.10417600813618932
0.42661394480802517
0.4586891365817175
0.89378801508109
0.25058217600561195
0.30084784235996864
0.6992306678346405
0.5677789099965673
0.9447350320445153
0.4794964457505976
0.8487218133577267
0.5927385600495008
0.7084513957235902
0.4901978420993388
0.8111063530436001
0.7551070335206204
0.048350973187070045
0.7762198820272318
0.37673106564083336
0.3767621301205748
0.4892056551697639
0.3615919580275324
0.7492184664785186
0.65804211603749
0.13218005535551458
0.29207312137236596
0.23234969377844916
0.0025634043829795283
0.9273311509629203
0.8309311456082176
0.17115847811547236
0.5669208172420933
0.22155358093662136
0.7072481047894946
0.5774043558222947
0.11761000062370475
0.4245294886108286
0.7497145826319139
0.43269153443785924
0.44408342770937437
0.24328552653361257
0.21589824043716865
0.10971919898038762
0.12629421998168877
0.34160290127972137
0.878431410454221
0.3038500378674639
0.7742122135859487
0.9311124217042446
0.8383163431959874
0.3148918763194304
0.5429507348432542
0.8152209569035503
0.18190081988895812
0.8115922236592951
0.45198694047134147
0.09096024332639241
0.048173325063253336
0.7269365348987343
0.8955330046707921
0.6815742551854342
0.7593086741297617
0.9608558423051047
0.8921434943062592
0.9997047908524738
0.5642430817619568
0.3186215000610476
0.1855688886057426
0.06542162999828449
0.21883909330632756
0.19212437086741385
0.06791481721076775
0.4777511823313476
0.43975882921002973
0.48169386186480356
0.8375249022901258
0.9389223364578073
0.0792623713008207
0.8004845077221614
0.7019465228821976
0.8744115533005881
0.048749234654691054
0.9404061992838179
0.6288044560643961
0.007305831363582649
0.31372442548657253
0.13391552021013708
0.46127935711382095
0.4928127900148521
0.04202863743337093
0.4665326181916726
0.7210025792994719
0.5103355946651389
0.027163650247810422
0.6947598322367181
0.5067996844703428
0.3116708286031592
0.5057188117597226
0.9502986043349452
0.5826244752037866
0.2443404279375725
0.5024982656211654
0.010425419571685413
0.7910229547796613
0.23363464810831835
0.7384100185658115
0.3098111989551837
0.9764294791245023
0.511041532451881
0.5662440799370683
0.5901443229805423
0.2440062254566202
0.1101144528870055
0.8434201531626367
0.6786461224113528
0.8387182650755443
0.555469343403654
0.16534565986097316
0.8021840301671846
0.36679107995333204
0.6798884749118219
0.32480489611746755
0.5594894644401069
0.04534185729676932
0.028467088216505565
0.3578972071051758
0.5658645417828571
0.7772726211050471
0.5830412281392809
0.11035165320564544
0.372551628422096
0.02363695563301982
0.8377293147961163
0.25625986808633183
0.3994435387203159
0.5484341402506869
0.4506046659391407
0.22116408837774015
0.43206472874998914
0.04315300759048646
0.7993652816722795
0.32655052051014155
0.3331273540152785
0.4344080150650028
0.07813626733843615
0.4756255412623721
0.8823112620950442
0.06897323359579266
0.19231470318930188
0.577747361646444
0.6655843108573349
0.9129382408219779
0.3518982258109943
0.7356728396596365
0.8553613953655984
0.7527114059127866
0.2924759380939893
0.03610649082116546
0.8809081326254652
0.5706767361617807
0.25713076832620085
0.10865168347349408
0.8335781016092518
0.618089430699082
0.1068690183294092
0.12900840754721943
0.8543043922507458
0.023715698290430187
0.8466240041456901
0.04683245169669337
0.24207763235102464
0.7862624698864901
0.47345862865307475
0.6497978064204276
0.8159036507382335
0.1614391539128075
0.43475102902398477
0.1271132762235947
0.6666373964298774
0.38512393549172885
0.02471769276276503
0.9445082098646018
0.1870686661233828
0.5460775127598386
0.8770627236612029
0.629299903631355
0.6661879512655008
0.8610943186312452
0.8283215349589594
0.7072209509512006
0.1283335629857022
0.5515140415604697
0.282228540444761
0.1308647626392626
0.18246253445810134
0.9140883925174662
0.9146060322534106
0.5099714259004476
0.4292426190794708
0.8131989477172235
0.27405783328169153
0.5945796841883413
0.9859835976263116
0.8777368205449139
0.34998603999563205
0.2957727650733054
0.5894767737513903
0.7135415908888108
0.696750668860786
0.27006191604308194
0.7200505806762901
0.09025405158665278
0.08953261716710881
0.48334318682421495
0.3822242481856214
0.2353261765210023
0.8080793182520933
0.46582604772564906
0.6487772792197521
0.39810380531178835
0.24319264343908897
0.5103245610960607
0.44963156976756513
0.5296165197691808
0.7036160191064444
0.001535361124210488
0.05709604017262937
0.8105772817128555
0.9052510831265649
0.702651198305963
0.0998079788867362
0.5466904341203837
0.023463167348361735
0.07813770673403275
0.4070065363417458
0.3397691493650211
0.1480051564773488
0.4003491705040477
0.49250867754791183
0.8015144045312133
0.059810059553209394
0.7576391062330556
0.30537228615643697
0.6056559932920108
0.4847208561194801
0.09827886148488663
0.9207666113651779
0.7998994347764418
0.9995397940011405
0.2677950565678481
0.527234511573257
0.3623665371121423
0.1888938700970274
0.3032329726278501
0.7947148214460958
0.5413266437162795
0.0925911924223427
0.7391143148366516
0.920061818914976
0.907386339578594
0.3330033180234402
0.6754126538515677
0.8252408576582438
0.2831023961929995
0.17299493621426232
0.8944967418607905
0.424917556457011
0.23199597494125268
0.82262796112814
0.7777735232939659
0.04718001041165276
0.21219812426122975
0.004011910300794619
0.03352646225831746
0.660054360394273
0.11293406740324219
0.5968969555653247
0.07734714668737974
0.5484462247040983
0.4087270629379899
0.21945596619880547
0.8774577482325056
0.856763883612346
0.5456634581545402
0.9512290978332766
0.8201099845721534
0.6599370389119177
0.370142319389813
0.42038505834825357
0.6639131774663936
0.849681414567541
0.268096066667604
0.6198073967452927
0.3897567677605771
0.40105923444047087
0.7746237206388615
0.838754823739492
0.2979441083349157
0.9519991396967324
0.4419703034471435
0.7021972396259238
0.8322610229598728
0.6410053751016885
0.5114892417875774
0.6627087174460445
0.3793268433552386
0.05878709186675768
0.5685243416443091
0.0028911799434205854
0.1494944603895525
0.7765735137655361
0.02126633246610843
0.060201317277603916
0.1757202198073935
0.9172227002259795
0.3739096430731538
0.017620958858148517
0.0879787857791301
0.21814790932017492
0.47654685477996683
0.8333592195175604
0.834724261031769
0.5830240824620718
0.8435708901737224
0.8520861107465254
0.016405923957538593
0.5100243150821949
0.014199838312803359
0.2949568130617045
0.0477439573793319
0.2524225890871451
0.47421024951439383
0.9695525059397032
0.966159339572293
0.8343067708228828
0.8587307393483533
0.7633103829381139
0.7728806491437342
0.6558007577518142
0.32760576572320654
0.45749426951848726
0.40216712025047985
0.8629944149934917
0.18264370870303714
0.18996103928086128
0.4240895337954954
0.6292103958827717
0.8634481050122621
0.6914118149391167
0.9200602681413618
0.8750551652655042
0.6556490108444425
0.536017948479741
0.10846271818741238
0.20579004022497194
0.6073309513897117
0.7662739340615633
0.14751060888639866
0.9091904041752836
0.5475804404951595
0.5167101337400378
0.20192090038171806
0.6625688022731198
0.9524205961972003
0.6313678236192737
0.8153020042547297
0.6278795043929194
0.0857771070149893
0.6674224471474994
0.5853826675710166
0.5476858756640652
0.49393969592614617
0.35649169523080826
0.8531047339222132
0.12123700603526044
0.7148532550627755
0.3987538989561008
0.8963534725359511
0.8837921974509998
0.5321141256003539
0.36685890523086995
0.0255138354963641
0.2835816283397222
0.016139964866256573
0.42299093744587246
0.8559524037759989
0.4657265432068982
0.18372590120446253
0.7287692223343093
0.5660904514853341
0.8841732574121904
0.12489742697058537
0.848907001746459
0.1232817302007797
0.4547376048077183
0.5408175702355481
0.6578055114638764
0.23568681862044583
0.5477202923642849
0.6595332045581053
0.7705789864812889
0.07001590346461384
0.8535260943851035
0.37525446043438737
0.08675465410448202
0.13677397591683482
0.9179244545600219
0.971001640333198
0.39528609104058954
0.9585012027955013
0.4969662684379553
0.9305577668591345
0.8396899714050486
0.9043720899435438
0.55307650937849
0.14996516096913193
0.8933094048613076
0.9643978223653762
0.3050601375979983
0.5812130116618942
0.14228088112295278
0.7314855505885526
0.8057379320469654
0.6040155316077565
0.9912318943046431
0.804096404628729
0.14239490119310927
0.05097229929717084
0.7884173240916583
0.11859286418241866
0.9662346689517783
0.7560144499424049
0.9388738610766684
0.996194237214269
0.17723050906192817
0.8374014515065054
0.2279695545910082
0.8260908766769995
0.05873376819620546
0.3450250699200039
0.7670807781273609
0.3783916901226233
0.715829273988552
0.12978169965076014
0.5807253636200634
0.007684952641385356
0.8072099882655089
0.37469021232744093
0.002904281252654406
0.47452194921983004
0.24876772633491107
0.7521011199249628
0.12516786195915663
0.10496357192487771
0.9546335717339133
0.5160824558173281
0.9849003188722292
0.8553777483288989
0.39717060187839426
0.10742783676826795
0.7614041871667212
0.37493459951895836
0.5630328321971002
0.9887016068524995
0.1556918537126376
0.2612663925943265
0.1827270669666945
0.45264849301152243
0.24699674166041474
0.07331112347203894
0.1298114077433713
0.7897866724456722
0.35125280815809046
0.4004652126444862
0.764708214099005
0.9682827558230498
0.7498368164140138
0.30113552237765817
0.8833385422833674
0.6672307483911621
0.8485453409005508
0.9570959208152572
0.9297457455743731
0.5604926011298047
0.7972618345593054
0.7178624817888823
0.13773917225160126
0.07371012757698558
0.45821241892995024
0.7868355869988933
0.3312551861841212
0.16038541351230484
0.9398020399544658
0.6389955387001537
0.9196336970798515
0.81639595854866
0.04819026279796257
0.061307520655171754
0.1379228889666546
0.9663456896020736
0.9738012942731781
0.7772533782825929
0.08544417173062291
0.4190881651824131
0.44931939965009804
0.8035493938869149
0.8452652263181263
0.8793724626134651
0.6045985528004167
0.21099321568965457
0.6971241461528213
0.2618931586853068
0.5404677278752453
0.9835971032751347
0.3340357271643464
0.9044103696539993
0.9122918003221645
0.03419699043786695
0.16385403486138783
0.20787926910496002
0.4272411572782022
0.32884998830957135
0.6554963156481985
0.24484311129565428
0.9766041967235113
0.20275898030276418
0.2956822287459606
0.08798186182249068
0.8816117033120926
0.29423839589001965
0.1651373248477539
0.13479253919509293
0.592388175961193
0.2482568182804129
0.8184490697617964
0.8155067375440038
0.1326241059532437
0.45503923815587777
0.9997962687781305
0.12418694506487515
0.9579178832976358
0.7805466239321918
0.8583261215941564
0.40579014836672
0.6750977999841579
0.9809739301476343
0.09652860808770092
0.17299153196096062
0.11926073419239003
0.8695900273429082
0.6044450428421311
0.8376312637658928
0.48249239653519427
0.8384040040615287
0.214799872291486
0.29873402212807576
0.9945956302871782
0.5611649691761373
0.7774033622757027
0.6518942984217655
0.007585991692797944
0.8603583980938119
0.10499716721552588
0.9735874951558107
0.4641845974851637
0.29489099943544284
0.7922208091117674
0.8098301559616128
0.32715981247150216
0.740837303689124
0.975551874776085
0.007566707607451817
0.878550112154215
0.4208444866111192
0.5583426984824863
0.25106304472360563
0.755033915608342
0.9664288985667713
0.6767238044156901
0.7719156979927592
0.4420501351896621
0.824054780122296
0.10203493116106055
0.442825353041468
0.24835525361141553
0.829360479904788
0.5702164363215178
0.7033123817285946
0.40242497768127605
0.9794733664911013
0.7933027415598207
0.5840375700778316
0.3082765244786776
0.1199353308541431
0.03526043907400467
0.7554197875624584
0.388271370018334
0.7598432308512142
0.36484702854794426
0.08812696105627416
0.1751245622618519
0.1069212936220737
0.012851546194316943
0.4493470614406684
0.26589902338807436
0.536691903448409
0.4426221849216161
0.021109258527439057
0.2742710651064342
0.2512625329586239
0.565432456324635
0.8027936288706825
0.26311024207758726
0.43817373256350267
0.017348466596734835
0.5021156213836843
0.6512184516384217
0.6891962838262726
0.9193732356847751
0.5702828949916418
0.40483605494383224
0.060805409329163784
0.8667725473921772
0.7470838341066507
0.22179724060129613
0.5232557820801537
0.13083444660204469
0.13968434830892817
0.2809929372683978
0.5059160005092209
0.8758662170144884
0.2670561869548346
0.12005218445400667
0.5200497943115207
0.6474552914301813
0.09661711512444804
0.0697298207130389
0.12754770143366156
0.22342500755025363
0.510505029692099
0.4349167386796924
0.18021250447733372
0.9072830964970692
0.5459997381351107
0.5127336398012069
0.6424562983713866
0.43773058744806703
0.3179441079779741
0.012901101658277958
0.45887715449504207
0.8049649930708912
0.3267601837386718
0.2325985454437136
0.3841796537584372
0.6469431263354567
0.3912394459169304
0.29468166422747355
0.8070586522964568
0.77865808023468
0.5940375867628932
0.6778233805666334
0.449072488455471
0.23156008089119873
0.6534603869590442
0.728540337857448
0.35852899335933963
0.2736431990050102
0.4258090293881833
0.22320811278444563
0.05915281972501962
0.3993232338593078
0.020737584400898568
0.7134793396518354
0.5873739119237514
0.46695927277233384
0.6707146019308394
0.6514423785072372
0.589359580308644
0.4499645697713741
0.1297116129302921
0.5606973089793722
0.9627828623734555
0.2865573727424717
0.46167631526618447
0.3476057821145627
0.815487752501067
0.6998062768448298
0.4141291531947028
0.7362405531668789
0.9948343489901411
0.17042550213563057
0.709957652448152
0.06384546452833517
0.9705022669190503
0.788851528285305
0.7583601853907941
0.4178269952314748
0.9699221974344765
0.34122746672268334
0.3290010147232899
0.2439861660830741
0.14754107525233784
0.38933100745183524
0.015638184910836794
0.6500656594816965
0.8223391839696615
0.6638681084216125
0.8772957918670782
0.6010412152141705
0.16043865796650392
0.25649078110620405
0.5805084334033804
0.16312187157163416
0.7458281585454953
0.633797726128501
0.12224375071295523
0.3967162646994675
0.7821103275119728
0.12659209218306067
0.7248336383899537
0.25949419985813627
0.5862977080107611
0.4681785648550415
0.8151452288736664
0.07216728155549945
0.888117440843948
0.9720087475410106
0.1801877789391989
0.9788707926720864
0.3782368153278931
0.45327176555140514
0.7092204245697757
0.8371528492706339
0.7071896901272412
0.5536367550369266
0.05595792433355651
0.15845995649589117
0.9922220725489772
0.11498043591065665
0.24287870308443205
0.5488975590108797
0.23050838894224368
0.34329711611713654
0.4984404852537804
0.5978530686427855
0.3127627695561639
0.962869725632884
0.47662464948354
0.25951706732518387
0.8490587165143513
0.043084516541890716
0.036295059058571555
0.8517689703227529
0.4000116770354569
0.3592444329117773
0.47016840718790576
0.03583868017644887
0.0785392658133981
0.6555731221405913
0.7806900677496299
0.6440821886796035
0.8392570922131111
0.5620505736447625
0.38708934901768777
0.4146251358357632
0.35573351855591107
0.10682550666904067
0.7342369136347046
0.40914564490404814
0.010764034179417736
0.3611955608226951
0.5482904683935331
0.4174038166985289
0.6793524033776284
0.031889244671052475
0.1490724328968076
0.28989895607588645
0.8915839671252369
0.5899113338641624
0.16172595597749662
0.3888146705620844
0.06561789460409406
0.35082105526618534
0.26424153195422195
0.8412552694426896
0.7238899182436527
0.9314402151714424
0.8744995604661864
0.8550217258078813
0.2704008459900208
0.7689781946612967
0.3131934091692393
0.022898944195320348
0.305470491031157
0.14661560373321303
0.01788651911472594
0.23021952594223616
0.36238821262359
0.976400821179366
0.1831547980916467
0.41442774622487477
0.09456543444682664
0.22644823667367098
0.22658457308949187
0.3821145255487287
0.7748140783648583
0.7035545132078779
0.49874452410896064
0.14906001300593563
0.8800648255420613
0.26419851840342823
0.6373182748906585
0.1525190171457037
0.7934436895098274
0.7470135302436178
0.7420144041910455
0.6145306075331577
0.02101365884448303
0.1549130199832911
0.3328509248239583
0.9864182077258954
0.8269919003531934
0.5359189696922741
0.6059545468976008
0.06603908191202046
0.5314945035420933
0.41020292822699933
0.4781472907137725
0.20315049936258756
0.2264215558803635
0.7319506733383414
0.8354794895689337
0.3356589462551425
0.011649950955977095
0.8265870816134778
0.2978321661555591
0.14025068217873193
0.05022346385037546
0.7710199171114447
0.2444649418856487
0.6819974762044362
0.40978567385660836
0.9017443166111311
0.5122300917244138
0.6218755903887377
0.4659736309085659
0.7640286213822324
0.011845056781124463
0.8689739295934128
0.6155079272721751
0.29565602616359776
0.7669721275013384
0.06045473480954189
0.7174429704227793
0.18641026424133833
0.19356351295184593
0.1833145128935323
0.8859348147501328
0.2464421131303699
0.8808377173534783
0.9799070408582907
0.10025170557925889
0.07877850856671764
0.07964889955818144
0.2177278429236903
0.06893336402205086
0.10195409195566918
0.14881319822903372
0.8450581253162911
0.23833102167920228
0.4132512377123082
0.8606048728030727
0.8952240558748057
0.7206435524845154
0.7626540004589992
0.32808335439075365
0.19920701427858545
0.49814582776799465
0.09570468577650137
0.8866151757024672
0.7832237799820623
0.8383398891488391
0.2663920789300931
0.47914721015453354
0.8119719462299392
0.18977451402141432
0.07736662765055669
0.21749549573041305
0.4855960943637666
0.32673948022115673
0.5758631791543416
0.1363574287782412
0.49503910962373543
0.5141978884114439
0.6170883860201934
0.6193656998557336
0.15219562679358933
0.9129662622640614
0.9483533417481049
0.8319067714844917
0.710288345735335
0.07507551414697444
0.5284538745728717
0.700348580932446
0.6767734910190991
0.25104544696613773
0.459076860154335
0.9226927287401291
0.6642120232255387
0.8636865504261617
0.664673172198243
0.5706648004224273
0.9324485998580387
0.5107783171815802
0.7131211174596672
0.4374161691897219
0.0075148570804634
0.24509019091674888
0.9173155271566454
0.34298728856109184
0.55161686972886
0.9217734588779498
0.6227898321476513
0.9121083973074524
0.10115666342216556
0.2628243139060801
0.6425772951069101
0.723912578908167
0.6829810799726997
0.3825866515111628
0.40692736216968706
0.14592758255342453
0.6878980207219438
0.9772419603146593
0.6490273314532851
0.08110112512585732
0.440914223401501
0.6925597508605599
0.881407830312399
0.6558873398226898
0.1645990857569778
0.892271435670453
0.5186715314492575
0.8683366446140289
0.22318451918018634
0.7443218791872832
0.4694191854372056
0.12323645247998494
0.7272419452029689
0.5398271718321743
0.1360275107255
0.9552101999937894
0.29836212307166854
0.23728379607043648
0.26634523145039946
0.06532256087227906
0.9129884892344222
0.8544359031546778
0.6505077377180156
0.812691692778283
0.08669005079070413
0.313332825519275
0.3256636595899187
0.06030174878392491
0.2883370946471401
0.3597905754943682
0.6019651895150383
0.11669486152803976
0.17223175182535633
0.36086007189864966
0.027407527076147242
0.6992692377579299
0.03493866218581443
0.2192921776695531
0.9091781494039368
0.22851519830830747
0.645195840667055
0.2457818591916351
0.3469580052177553
0.3260435614442051
0.6295241869881104
0.09626438451058494
0.07056445159047453
0.22029615713469697
0.18980300206730139
0.8291110734358754
0.6449677858611477
0.10104162782190518
0.885007658682329
0.3057258707662316
0.9624214148854657
0.8067840006034077
0.5226913057846991
0.13612357900796135
0.484266143549278
0.6573905736652397
0.007389046565263624
0.7744262854941084
0.9704867212841477
0.3331831835045683
0.7152856065486275
0.507902274841892
0.894312920030559
0.7660128234178949
0.7030635369796903
0.5812883986859442
0.7634251835680264
0.791361801556928
0.6372895337306275
0.6364384200945951
0.9106909922673825
0.19362436306400088
0.6065443714486539
0.6752159182908767
0.9625622929995573
0.430913544419846
0.6361541978669616
0.16579450911613514
0.9317580503720152
0.6080772815226111
0.14231723187238
0.3739528281798311
0.3477838223531673
0.31615741967577304
0.4224669544399854
0.1041684488476915
0.7966183074022588
0.13874752838380477
0.5726540967354743
0.18225589757501537
0.7364806938288001
0.022206131922166028
0.31062536642992633
0.7624713821667943
0.10979345559011411
0.8833278851788378
0.8376430607388601
0.3064688137641204
0.5883446748464309
0.5334204149745246
0.06606275525942773
0.791138756714033
0.10340759560650348
0.9779101184598975
0.22928436137843922
0.28210952917613175
0.2006058768775214
0.33700873171389145
0.16553861636246325
0.0869315992760562
0.061885027077396626
0.53599837818056
0.7089494067381552
0.19571635644937202
0.9489452943431489
0.37943445943144427
0.1680300367819385
0.9856559851754618
0.8893446374059325
0.5618691241753033
0.3496748101860023
0.7614340274842637
0.9023621346146792
0.48571146766950657
0.3994285893255862
0.673753103922255
0.21814998119237816
0.9288483120558318
0.4248102735955318
0.7937636674574785
0.4590646234427913
0.5822539335184317
0.5223920562718531
0.722350328878223
0.8538519256877047
0.3184067229860098
0.7729745762124077
0.19694635741908828
0.25288983470660575
0.030480224591239002
0.49785767962243255
0.8451934275657261
0.5430517601743466
0.7797536226355845
0.044102354945383726
0.6551718407889692
0.5041322605489018
0.38500307990429106
0.5330392268079792
0.2454174856936373
0.44984727995217
0.9848432603229196
0.16234125441280411
0.612762457226987
0.4665855476799472
0.03560318971329701
0.24829554482200933
0.4841282983040378
0.26655403581983705
0.9766968154161906
0.20061295037474325
0.5157013959180389
0.3751572783796914
0.28199098774494213
0.46324908837302814
0.9478472279227556
0.09023181647302869
0.580431798559638
0.8382916053768973
0.37479314239599537
0.2999162118830262
0.9301621031619344
0.30319257162777313
0.4551399175664135
0.4965622072462389
0.5605183088446448
0.08584322154114454
0.39314175256515804
0.4015150056796235
0.8032248091856163
0.5585044250335501
0.25958384539180757
0.3656442346747256
0.23226286851373357
0.9111005790614082
0.5535460673193767
0.24507486956455848
0.20334413480379065
0.4542122874926491
0.8054708225098636
0.38543938547963685
0.14753005459020074
0.6421993428240897
0.7695625503358917
0.20780738940101706
0.1785988105972417
0.24536882664773008
0.8019548714700635
0.23545973818357724
0.3506254197740851
0.705554098111324
0.7146074223926695
0.09255323011673833
0.701237243782921
0.11836776621250622
0.9980826609985964
0.33182639103694733
0.1548868311966215
0.9960306123611271
0.1313287316460945
0.12797124305126384
0.7923163748735588
0.15446507215262772
0.9793185459274429
0.6848787602436589
0.4065912460915754
0.917219180890351
0.8766119918760316
0.6827854885170443
0.07202714150179912
0.8065444861103935
0.6699757197539936
0.8938418874841105
0.9339997915735972
0.8070003744728729
0.12044871386370326
0.9855677091531917
0.9121368372655074
0.6341219372644962
0.949020860155533
0.09270696948333634
0.20441098609182795
0.8747141566825685
0.378696006075835
0.23678035368465356
0.6624310555536339
0.15276318021743784
0.0017701009137296442
0.8630890958895522
0.044585489548958135
0.9870584886432916
0.13626236025979488
0.07386085429863809
0.2771420620152196
0.06097816389987143
0.9344636112237681
0.7806667476570388
0.21464961696613505
0.6083158643180766
0.7055066338242202
0.9782927821797957
0.6238780317728029
0.3292969205604911
0.1176901090258703
0.19412143869578846
0.7368383926698023
0.5479506004981491
0.3062347271182082
0.08590018751996042
0.4218493340376176
0.779464141679169
0.9938591740716357
0.6484528038413795
0.7285649123647199
0.47370041183720313
0.804971690082022
0.6042691516195238
0.7914583615616535
0.9201810794438613
0.3336253962314123
0.40258284963580193
0.8197322753699559
0.3104878161868364
0.5651980328416292
0.08547170952006644
0.05443600853445296
0.985297478637829
0.171046291590069
0.9016647242540206
0.617928858357509
0.11692469814903572
0.37062486145329954
0.25285342792581056
0.3883624173309145
0.7168394060013449
0.9185906906980806
0.9353153738749842
0.4201228040619913
0.8915986288765634
0.9796947450611143
0.5316920063642018
0.08151103598687492
0.2997464328940269
0.3749864153930794
0.258218406166552
0.17527971181620894
0.08011689840670366
0.5207752175059418
0.6656788836350679
0.03248198706701089
0.8035024179020454
0.7675581248181642
0.5850945828489609
0.8422871865867102
0.1885798222938393
0.786432982674434
0.13427186747227982
0.6679017053929909
0.8306460117805449
0.07247248657754402
0.7478713746497002
0.24666626080114518
0.920439476865106
0.2901505224911298
0.16557786037250566
0.6803639727899283
0.9990022275630012
0.9631387163805861
0.047464006658918145
0.6918286914633616
0.6719173706865732
0.9136747739877039
0.5377852461177955
0.9035271854359919
0.07058212339122916
0.3921244866258401
0.4295807808309281
0.4721355382971112
0.8305222205732262
0.37454949477722066
0.3398717783955273
0.5604726001322607
0.04067252784149489
0.9335725385085725
0.2315214742608832
0.5580123442535547
0.27293182488749823
0.9576172204606466
0.1467768253103373
0.0632206137363498
0.5697329121885975
0.8458087448524798
0.42737160653291095
0.8203128472525127
0.5338588208929025
0.2893371686841506
0.9817199070927998
0.9281875572210392
0.6500718313916831
0.5864992936809046
0.7959274731130993
0.276966181641351
0.3825861956562939
0.6309582902920823
0.501819202043446
0.9602654416009682
0.10683595323160111
0.837758939378678
0.809175649913925
0.03769660166190503
0.4913788121875674
0.07910196429652316
0.42627082402974914
0.47042491176405665
0.9789719460365013
0.9485045174199369
0.7800398898253669
0.5480782927551443
0.47933751136233815
0.9709191456286282
0.6676711921144607
0.6287409518098054
0.29424850750778697
0.9697958532059109
0.9537905460915397
0.19782832115742777
0.28262510029509946
0.4721833857840221
0.9766840844957261
0.48529376782843214
0.9200948141315322
0.26446698915717193
0.8864072965609824
0.09039699892391895
0.43543592192319003
0.28863515917154114
0.19892118480063636
0.38194140044831526
0.27911864076325743
0.6536977890300459
0.8778221811113387
0.061273996583739
0.5334172790132379
0.36611134742771856
0.7527853486766662
0.17803371346222785
0.08943059460966685
0.09531971959669128
0.4576503304212274
0.032678073980756506
0.7488422598342096
0.44411109023872575
0.719671185004083
0.781194572696911
0.1303473137189931
0.5258155626692854
0.5759990641595605
0.6302217398283302
0.6256381834642144
0.7578820837458617
0.3745190305975459
0.7830270830222944
0.45629478596653217
0.39265215276058296
0.20979032924160945
0.5116436385163928
0.2785861242143399
0.30782730102306466
0.5544193338384181
0.9616500116578899
0.7921096227179367
0.12862406752712208
0.48516851999982724
0.09469307558629703
0.5157980234307574
0.3874341132777439
0.13763923816706314
0.2267231066532831
0.15217247372148346
0.2966794771475717
0.96044136849168
0.7440381014733567
0.6642818289022161
0.40339071877999955
0.49496927650173284
0.19994126325432782
0.009645470916561871
0.7146401740041083
0.8331952988245479
0.4750625614894616
0.6167941042557966
0.511167349400004
0.5126037476775785
0.13717700709215686
0.946703482601829
0.43883913058619606
0.5951849135670072
0.7262658564177528
0.6789962631415778
0.35294063827456024
0.5416679664245906
0.908283465398891
0.8928318116269763
0.4804150712874503
0.6280301794896859
0.8621159104120846
0.698246776711057
0.7191068100609113
0.662908045712086
0.2378786039327213
0.935763988022825
0.2490428007051505
0.9413864418308417
0.3911454250726557
0.8724625303164764
0.35951479596807634
0.045501342965629465
0.5202735969331762
0.7553776284817006
0.6904169222073275
0.24194866019390393
0.7116298657413325
0.4843575649636427
0.5920339303485459
0.8489471735067862
0.44041081684434813
0.17639694619518786
0.7170680408339499
0.00831644361078887
0.6374730740735575
0.1197037458165261
0.22257318492371225
0.03140853120897591
0.9880026299153847
0.8140737257990787
0.9010410530480514
0.24655787181842903
0.13707585780530673
0.5086797483529837
0.2261462367262651
0.6275645123070368
0.48010274876410497
0.5035371376535535
0.500824646183739
0.268988441747274
0.5090637483945502
0.16222165048142323
0.7446479399179793
0.9705291650389694
0.8351167550668057
0.889409069575928
0.556110156209595
0.2479974643923475
0.5952703369544942
0.7327206383601872
0.8367267312428441
0.1849108185490358
0.37876220114074
0.47204128548276114
0.7438007467582386
0.8875376689384202
0.6912624455294017
0.5515579718046754
0.8869491117369037
0.5142324422022639
0.4893131515484046
0.6405909877233613
0.9535246458179032
0.426080994067109
0.8073343525121272
0.2844476030445229
0.25347100076498486
0.3197292128541074
0.7958062597691268
0.10565390856253254
0.5010902029410257
0.7726037473619339
0.7354744543190734
0.49242985746833823
0.6244695365625962
0.7544217598934879
0.1991606015781262
0.29892231173977324
0.749080629159389
0.5730047265139638
0.9984260624992289
0.302682396400449
0.7872178692761433
0.9228791267158046
0.49751604370329894
0.29315747789796875
0.8875655419073901
0.19726833399135568
0.9792809198804582
0.6267253991054597
0.8948981790503643
0.627025146069138
0.023479635804503185
0.7935222384284757
0.34856963072171443
0.33703352447921253
0.8085250035753103
0.19301227561997059
0.49497844258363444
0.8286805670704401
0.8978399846929374
0.2614921213861183
0.6566499488549097
0.05841417342201294
0.10229923125957396
0.08891318792750402
0.31049547859205995
0.2629385019106495
0.3855886438940156
0.7417049807710387
0.8390377729577332
0.8282068232636917
0.2367423554282454
0.46472361917594895
0.9012256682622197
0.4149049718648371
0.7845470062452038
0.11670600393282426
0.17184955335178198
0.8691541536528746
0.03584643861688819
0.7643848714031052
0.2374590917592868
0.5823013234492727
0.9515859553247219
0.6400204590218003
0.39174384622647307
0.8518207677651845
0.8359264977616585
0.552108361937126
0.7067139490467743
0.6388456215329089
0.8358648914849928
0.89339138863623
0.3799949338015527
0.7167482947077765
0.04567483640547976
0.6972594593706035
0.32217542522957376
0.20417729884541003
0.24131577497669054
0.6210865554451931
0.6432774957841222
0.2804551861724669
0.2689346580515335
0.27694239133496645
0.25467680215532285
0.6149983831513168
0.2624534668089882
0.6890742223482826
0.981519583849991
0.7216220467532334
0.1176615014083724
0.7973045375362284
0.5272380241965655
0.5464738282076427
0.38386191174021844
0.6559635853327723
0.010169693304871052
0.5538253354878252
0.24413165454532548
0.8967178070301571
0.06884588794345126
0.18830096077431147
0.678517157857733
0.09138891972615615
0.6377868625874468
0.1920462775755607
0.06198167131479704
0.3725997849774918
0.5026604717221584
0.35287938184048706
0.5274444749271974
0.8686325793756898
0.8668586280578456
0.49557582038958115
0.4120439683567275
0.21370980910806758
0.22393642587974105
0.0005847563307924686
0.28506714988052073
0.3385585660255307
0.9116987582754392
0.22463587290095144
0.6948591120542219
0.2495680355296268
0.21901350014781218
0.8894729381602793
0.06238067216403009
0.2022674907052523
0.7170685973995315
0.9869812156781167
0.08002405341898333
0.020142388671535505
0.7867339224343997
0.022663521299228107
0.8522454527110348
0.07207116666289892
0.9992286240531325
0.551853014354701
0.7380881253620468
0.21020802659161986
0.06727867406329635
0.9922992731736672
0.16698860134320448
0.11374319503807717
0.16871541228423814
0.8041899216340835
0.4175936305372939
0.8846287537996802
0.4135225700040641
0.31303870638381903
0.7644154568146652
0.283977500159301
0.9645438518574697
0.3211024762294671
0.011944851083992458
0.6229439318242145
0.40057730854125384
0.6209137754151307
0.6345167993665677
0.18079548290030434
0.40662430039807385
0.6048139541285812
0.23382296291651583
0.21354085374534892
0.3843165403024694
0.05383174433274296
0.34736619096100296
0.28889348806219073
0.29339892325297046
0.18021332652948596
0.4213279219924082
0.2952822414751429
0.04526864429694977
0.9458799199587785
0.7819848173999726
0.17811887010197935
0.8065482466885667
0.765529531075932
0.046850593088487824
0.11564642465873698
0.0950622620016035
0.3375065944961927
0.4458876770293664
0.707705028704452
0.14544570639117615
0.9948616902996009
0.841048215410977
0.10975354592872133
0.1326189810117977
0.8243315680600762
0.601896340549963
0.4268522583397909
0.9961790003326233
0.5343507213454448
0.7272862961871361
0.2385049480097422
0.03412868488790255
0.42102067690468714
0.24653119112016508
0.784355709131865
0.18092139638562565
0.45303495667684623
0.6213987983603756
0.3341309046973723
0.5269870346110267
0.8135119418609732
0.6526210765824144
0.6601280454588279
0.2724499217076267
0.6205732952356431
0.14455542363755403
0.8765196783077063
0.40237202886274204
0.9428094575318524
0.168641933324986
0.43173910719914643
0.2924571290792749
0.5563509776154715
0.9628465846980947
0.5466034015522159
0.9339073018139856
0.3583367844707175
0.513573816724941
0.7833652291487258
0.819598188254418
0.0333980995662323
0.03521253102629429
0.5835466666042607
0.06751799961693783
0.5024672615931641
0.8993935524383592
0.3253254441685186
0.9033267500765907
0.4825446132553788
0.4934994038716314
0.780549602834435
0.07836449560001413
0.9850699703880099
0.7859832759322581
0.3977674964286748
0.5810400817243326
0.202928954640187
0.5277845274235775
0.3288591124283642
0.9361470406503488
0.8364977505823534
0.8360855521281892
0.40482078784120834
0.5937777140591608
0.013551393185335159
0.796283991586075
0.6398109732121644
0.792132274418686
0.8994340948625346
0.6713117830038805
0.2098887924512819
0.13386673171059194
0.17987490601636646
0.2678182263113257
0.8792765702293469
0.9172981906002641
0.21735200080142725
0.09009155669733893
0.2409327449553441
0.13730063502742051
0.4198065931282223
0.15001351646269434
0.7646297827319798
0.15093809004681258
0.6648850590485135
0.7408015977333611
0.19788948798813655
0.17001316753017026
0.37929835955333524
0.31732964405148756
0.178476035214587
0.8423184721160637
0.31250210756092345
0.7069976462252032
0.7306516607972933
0.9717991908914492
0.8768466455011052
0.040086176198699586
0.20605473950800424
0.010445195307486665
0.350664638962894
0.489664101426056
0.9748381265296173
0.5618496115273873
0.9883211837378697
0.2584489263146731
0.3940823844554451
0.7639522080330006
0.6002027698598157
0.23656778578137538
0.3015774580318319
0.8179154164323529
0.8833730304548124
0.48626294676795
0.30683445783867236
0.510411113751275
0.4687700518171758
0.1804749306682808
0.9274303173556491
0.21553880884948773
0.20416504074735164
0.19900840711719292
0.038477478024457
0.6898966601847659
0.9028679934377847
0.11716502418280328
0.3069928564035487
0.9870321571234463
0.972920569732806
0.3319505332285013
0.7516202816618431
0.1495779524607187
0.6373641899500934
0.4889621309141685
0.8721300647020044
0.881486484471823
0.669973661692037
0.6133666288711468
0.7085267270894199
0.7620407441473019
0.10317934008461294
0.5371340175341252
0.6764625121246941
0.9160475507427471
0.5958548733772562
0.33971511219499784
0.6852503484489046
0.20958773300471734
0.23974651352939946
0.005019247542594418
0.16899909355538445
0.4598459273201304
0.3900085421105429
0.661018551535508
0.6303728821256162
0.21197812609592204
0.828096725573998
0.13124785589228916
0.175547110500898
0.39867158027363814
0.02682893971389766
0.4384598249681618
0.6749910092961617
0.027967746040574837
0.6409546233478408
0.7464149562598734
0.5113290620169377
0.4874553775904321
0.6875254789275476
0.08454867031745439
0.46039069751426565
0.7468377919343638
0.10627343579000204
0.5687130601927901
0.22166242444641038
0.643364114704498
0.5763946808515162
0.5399829962774355
0.7487142387934653
0.8929225974864273
0.07053864715095393
0.18069642535996855
0.8739738123695605
0.3031795211558529
0.228976489849962
0.4647061575056044
0.4575484618448281
0.9053543175112592
0.4559011366030845
0.4408693144855418
0.048296560280006284
0.15138855999490586
0.5559848388864239
0.6387188835161739
0.0951599321588592
0.910449991726377
0.671278985285466
0.694627153165758
0.08510973761412255
0.9352836973667928
0.4578990554080494
0.42196333364695526
0.7956639967972777
0.16112324687492008
0.39663420721435383
0.9144011180271072
0.4259259808741518
0.14273440669507653
0.35229287923362007
0.6487909729435901
0.4292481038485443
0.9237616695323831
0.49832654085147454
0.16018998120371353
0.027535603419149846
0.7342573962888385
0.3226745636641185
0.41483645534822233
0.2802668607111941
0.5015223258494538
0.703189929533982
0.6734793291621235
0.8033723692284406
0.7362619429608995
0.6825691340391976
0.8804997375658117
0.6561820476608
0.6873378592773542
0.9629235336483614
0.7781271992692887
0.6681648394863512
0.13207262526432395
0.47835217925949924
0.308776057226954
0.31530676888158893
0.7472584418666932
0.3566328180246151
0.013711165736168707
0.036024753442751245
0.7877264392781484
0.6057211180429878
0.0234463546681819
0.8890487702544034
0.6179159497929311
0.23147879171331998
0.7175174511473066
0.7360011165341521
0.9684535599534824
0.2692053673685457
0.6163892621443703
0.7368576873258199
0.34126752544041483
0.26359197683926094
0.7166859272736618
0.2775364063321504
0.7407747394857308
0.20010491671565733
0.6550570236818466
0.7668178096904571
0.10300120116799771
0.2595584198450289
0.2675524547486494
0.7639243695257062
0.17695319656504926
0.14873002161503235
0.9842057652832495
0.39606118377643473
0.6467709108047502
0.7602367873796607
0.5680110888886569
0.21604079112791996
0.9451828903257349
0.005442937187820962
0.6904520386418764
0.17018915584493144
0.1616937708485937
0.46657667275600956
0.7914695986462268
0.0019499997119822865
0.4906368941593683
0.42211732860675955
0.500843205855219
0.5144669886115483
0.4374156712900248
0.5182176279878873
0.13651820146514848
0.9005605990598947
0.879352677513155
0.08618850562748104
0.18710644828347822
0.8452145317308499
0.6922128902314796
0.5447298819251699
0.883999536381625
0.2994976108125793
0.44479297893884817
0.6445975001530398
0.15060107786966725
0.6928756268388391
0.15124952596949626
0.9667099144571364
0.300209969515125
0.1450425321359623
0.3224781925913355
0.9159730270717529
0.8371029083783158
0.025120359142301485
0.587904530928182
0.4746079703627797
0.09538773293401115
0.14969787786325472
0.515222899179348
0.6494560765469117
0.4843073238879415
0.2417620737510201
0.1919343451842972
0.6624624100358688
0.26979205901206615
0.0875518171610341
0.05322537100389024
0.8894279546103826
0.04744604479252146
0.14436521346328368
0.13402193924711425
0.45260625434766566
0.7168477712293911
0.03489331244544869
0.6576953593994355
0.6983515697029172
0.456562182905506
0.31174735308903
0.03687799922822066
0.5429486120605905
0.817367926694143
0.7266690694630512
0.312062621384951
0.477135909647707
0.2992717881017003
0.5670025620746942
0.6532060997473871
0.4917474136090195
0.7555739259122832
0.848883621944544
0.007417899608687439
0.1178762343969677
0.5911726339340638
0.24129315382257321
0.7178453901338204
0.09177062270173475
0.07865600243371895
0.8561133348390841
0.7561768514913866
0.25547900389972844
0.9495355522494345
0.9408815342790242
0.036666718951669064
0.28580306575811587
0.6061061824326388
0.4093540031050875
0.9206820588971992
0.8738329654209669
0.5688828778219429
0.5460606608478715
0.6946047061032414
0.5106471215845964
0.2639182260062999
0.8024054669239252
0.9771889030857935
0.32947343766908466
0.056318214829953694
0.905978458828502
0.048261877527861374
0.25662967525809965
0.7988997082972784
0.40043602249193533
0.8505805001209115
0.03154444249553179
0.8869112250274237
0.07522138285415514
0.3129725222685248
0.5045289378404804
0.1971448663238824
0.19653844969703615
0.9307085017072532
0.9745664855816513
0.8490626525676859
0.006628649806524889
0.4892931203145007
0.943172173525369
0.7887752693053643
0.7376059641367817
0.49335789781573436
0.7203796368786558
0.3267190719248271
0.9768923824836528
0.9318239739597877
0.013393526433439051
0.771744355691918
0.4062633238411587
0.6297410596873403
0.9304832650366152
0.6293533479648976
0.7619657366058203
0.9838403360152064
0.6387990887511158
0.8855571191017669
0.5237327551084305
0.5529317720520965
0.9291412206347359
0.048818099928172654
0.5535475629638069
0.06886754913322035
0.9071833557985719
0.05198748561072386
0.9568334813409132
0.7051487017627787
0.07221680233473204
0.14436773007440618
0.40507246907161165
0.9436100614484706
0.09187716019665026
0.3047315316451652
0.8639172646409785
0.3871292099258523
0.07166901047879826
0.7470173703884985
0.8586277349776169
0.25162716481942793
0.53861418345547
0.511180727112241
0.23615395569605424
0.4165046217711015
0.39317304183530877
0.9802496180074982
0.714043830675507
0.13850748300622784
0.14823569373783374
0.3059358414561918
0.5559297680441071
0.636279541151256
0.10466520008241476
0.09675810842475951
0.11854590298851253
0.3358021352627738
0.9331809594227529
0.9610579106050675
0.33096870540317014
0.48082507291480214
0.2997457087120624
0.8709901012131834
0.4100780936561981
0.5649764891310979
0.39307020668212167
0.24464740519335626
0.7562197575994798
0.3671484345724525
0.9441667307717514
0.992795898318977
0.06567345812135872
0.6196428131985288
0.5540908136239391
0.48050594596165896
0.7384276059366994
0.8281815897259981
0.41469692735682917
0.28309420435266064
0.2738297035119358
0.5387450531925626
0.05456954577094009
0.933338228396395
0.6065851334443343
0.7092740120843108
0.8885947344864153
0.15986834975692388
0.5285345864810836
0.812909306863899
0.11335816595562875
0.8942459151330591
0.3944518717856249
0.6923631197753846
0.6454033330661039
0.9112865806127249
0.7063021884134764
0.6540211374520097
0.8068004536450334
0.8262513668143479
0.41688753043767157
0.24244424094565442
0.9246675648777993
0.1837966782404088
0.7978813512034144
0.3764099476335473
0.8216279139343381
0.25701778777921513
0.18703036935547668
0.5164554063966594
0.6477315944199086
0.151989297180824
0.4670344452491242
0.008249638132123538
0.32220919795438097
0.7909734072182905
0.9336101265704455
0.7798458809428981
0.522926002963602
0.5951235174779269
0.8879667027887966
0.4109390797748854
0.3227751403045541
0.7778969709627738
0.12340679414479105
0.8725747671891809
0.5385972822595677
0.2537272191421803
0.6110765830164041
0.7451761351167885
0.5889012672528356
0.1065374467136202
0.4145628466464387
0.38615550343961236
0.2037441511927699
0.8780514937069517
0.16283273183074998
0.1188574999114006
0.5722903897254761
0.9471609127406826
0.21238985085353101
0.5559237460061031
0.7130909811780213
0.1859407168325593
0.7594651516314241
0.6036044421250754
0.5317602042121218
0.9731751292980826
0.4069774240324807
0.22932093300673906
0.6426874241861695
0.07767712906069002
0.044354607171075755
0.40918613023471573
0.33318266158576426
0.5471685459219718
0.05612364813561421
0.9189266142071015
0.7799851024232918
0.25121978538776457
0.14974426207230895
0.1557553228503401
0.8527287611826125
0.7663441022189544
0.6523378461616083
0.889351131464428
0.7539436148730231
0.5785142135471207
0.6672558189719437
0.07577052914468285
0.5615218002693185
0.33820178384508814
0.25342758947746935
0.8623501805783506
0.4431636174682646
0.5334278600300516
0.05304466599221358
0.8009285018564936
0.32806120255690996
0.0037579764351869382
0.6944813766241485
0.38834274098107335
0.8025683078498369
0.2929743618392716
0.9924449694963794
0.8964491581100568
0.7279138768497004
0.8738245809523589
0.7825744669984356
0.417241025738602
0.7863848494783885
0.16896666223377266
0.7737729125153671
0.044098098553493226
0.6264264470619083
0.5182537673538395
0.826400377747219
0.2141074095001657
0.28312795047266115
0.588962316139048
0.05773360965782748
0.49513562967137026
0.3678171397703427
0.40050336399367337
0.43792930151944287
0.48728439836584114
0.7963372417877072
0.5316506548750092
