# browser_rnd sample v1
ua: Dart 3.11.5 (stable) (Wed Apr 15 00:36:32 2026 -0700) on "linux_x64"
runtime: Dart VM (dart:math Random)
platform: linux
seed: 305419896
count: 4096
---
0.04383614551607862
0.24850585680829484
0.06225854071634729
0.65359248320984
0.18252763309057107
0.5658171610948147
0.635706352722837
0.9614688115683102
0.6194291838193206
0.05026228452600667
0.98825835970706
0.6365710489534877
0.00858407637348868
0.7958493560746518
0.32864242976440894
0.8258288405075133
0.43129622843723914
0.4547146522928027
0.48429365669787816
0.3019296631380832
0.7244463880286429
0.19083641702950982
0.2078940725730304
0.5350053790854464
0.8050083027306429
0.008379270976965558
0.7940888467663164
0.7521536860685947
0.23315401632036514
0.445118080172325
0.1264509898641033
0.730763447136783
0.33376447926787345
0.810257758960134
0.0402765989164906
0.36703302489957323
0.8881679159238773
0.5371795906205623
0.7291697528007851
0.23164666859921823
0.6310152132112686
0.6008857572078684
0.8835248566570966
0.6348640063168626
0.07452045239767868
0.6072172723765775
0.7667184057511884
0.47600731260496976
0.6318101439300342
0.05193598456893145
0.9566731835218398
0.9484411976752152
0.21170001335963629
0.3596135554653985
0.15928241106669627
0.2767100656705126
0.4176601234406391
0.9808438594422046
0.524187400105193
0.8640923709772458
0.49726817477387675
0.5027620309877371
0.4028228740149967
0.8225268139014468
0.2759896004579445
0.5045053603800116
0.5964283573071595
0.21189822435854888
0.6205974613613893
0.02213057225196602
0.8973371898574705
0.13395102165929085
0.8992029172708242
0.5251681556739137
0.6486292684381056
0.18197231105512368
0.7827115420543362
0.7806589106313884
0.77575123360529
0.7640635771415091
0.9815951483596099
0.45554995705899937
0.6378295741255872
0.33570502784273293
0.5713080528924157
0.9951411980571359
0.7827225121996354
0.1656631435461604
0.22872681075490775
0.9771364336548741
0.4429850778126523
0.8964521583263297
0.34737379397680057
0.7836849817955335
0.8782852289028682
0.8319355293225176
0.40072338447824996
0.5899526580205797
0.5917279903198056
0.08414235025515382
0.2705009943596962
0.7320876430608739
0.47583925232808955
0.24321908427505978
0.08151311311773468
0.14481796400967828
0.49083027926472234
0.5198789310641573
0.6840896121819343
0.9054274359630535
0.13204753826532822
0.27109829058000545
0.06629487231730924
0.10975786345061622
0.40388100806235083
0.5921819134088622
0.06873156150205673
0.937171706005647
0.7979717765733974
0.015730055895399886
0.24584923378873214
0.1873454173346717
0.579391420983467
0.9318656798358351
0.2053120582429946
0.13286287625190873
0.8315447105389435
0.7191782249021167
0.16537798656591973
0.3186547432413772
0.9381869433509791
0.6893225916466799
0.34679729569848927
0.20980423301909412
0.4992552858057532
0.5083734915240299
0.5546125064395842
0.7977122870657724
0.5436837565111405
0.9785615207502353
0.3697395254822313
0.024356875426477242
0.27596152346921243
0.33552003876802206
0.5840349753280523
0.04553953461210947
0.8601414922412358
0.9747621708568769
0.20401407072833444
0.9468752421268883
0.1974396121259604
0.5607558303881379
0.007131165543307949
0.7924860149944444
0.7070066870965699
0.8749669076247927
0.7394594302983252
0.5427128658839021
0.3300341684835423
0.5764216761225794
0.06866622280082724
0.39313186825485635
0.3880296427617528
0.8084249355463404
0.7414485381292637
0.3668760942891197
0.7493973179720236
0.7505612129899409
0.6790519266073575
0.0800200485450917
0.014227711283192668
0.9662196518600614
0.455494452673855
0.1781637941233849
0.38149740887838834
0.7722019134525894
0.7173669295009231
0.17813486459124805
0.24459238450033427
0.22079177713495435
0.7836529338861862
0.9688191535285378
0.4129411696874884
0.10141955927975077
0.2624534899871682
0.39285748840342904
0.8046191203183232
0.48939145285973307
0.07654130262258574
0.08201797918232612
0.0010437724617995414
0.8131263445956675
0.48173256950273347
0.3454845668403451
0.5112761372323351
0.966932699018495
0.006332412389114972
0.08359182574361623
0.7036887832286567
0.14435179868191939
0.8526211072353823
0.6724338579736475
0.6224934042500923
0.8498948371129137
0.7234044221662341
0.9799402666352095
0.38821958914869237
0.49156334231860876
0.03139868060834261
0.14008348755047328
0.15860480745470706
0.15551826439804828
0.6556642830912144
0.41537818983124
0.4617460356939821
0.9316805214336487
0.5382018043629555
0.41300181125545465
0.3659026977250497
0.6977665019673011
0.909114397226364
0.39085460131703487
0.47508824610876
0.37902330323086164
0.6666395754588947
0.4810896578318028
0.06106158162959041
0.33667810415841715
0.9995102355216422
0.5279062588461678
0.6886465274136601
0.5563067906643806
0.7541137683707444
0.08263387380052101
0.8561512172597495
0.13536511736809553
0.9721093484644442
0.10321667819103042
0.23984553729108105
0.5466801524870369
0.017048081900382983
0.11232697962510041
0.682924455053215
0.6895297534156734
0.26370524724339706
0.5209200543583032
0.5505667824810964
0.11075424390088628
0.3917284477201969
0.4391980717281251
0.6620311983438131
0.6404481466910705
0.3815086695605888
0.35902816087336364
0.8681537795918672
0.7150917113059826
0.8577027415339762
0.15711360504437344
0.16840211470554933
0.8844308351933574
0.5969398330544035
0.5850417361282083
0.012654079027212384
0.303721864458928
0.5918290964179442
0.45061721497147
0.8051016841592349
0.7128632014350437
0.6869457088205105
0.9829632593549168
0.5818799532373399
0.8065070198718469
0.084231343799684
0.42504763571480075
0.5879192926491282
0.04139037486836172
0.05019623514999905
0.8630579898096662
0.3982657032281002
0.803104580397522
0.3073306324036871
0.4503432733567596
0.11820691465798894
0.8827062262267741
0.5670186744529916
0.7277940201344817
0.2709486359954475
0.22595123344473544
0.4815617074886751
0.14927825757831437
0.6011290259524872
0.8767020522118905
0.02506727842893841
0.5258673692441485
0.9657609782016783
0.36865972521493406
0.7950901106783458
0.3143000244125941
0.28915359339602786
0.4344815303172004
0.3406811710951869
0.8380798564076561
0.16263357464724493
0.2591665823192659
0.6324215456880089
0.8866263471711798
0.26883069272266025
0.2025793325332944
0.07640501034043179
0.5004935759457475
0.07397357525363113
0.03174698686116506
0.5900498455562077
0.46472442087924404
0.384420644949374
0.5442846384350686
0.16525363920924863
0.6030901866914581
0.3574152467440057
0.6881541144718797
0.812754847976587
0.7362429600985961
0.4518985459620769
0.43829721871788774
0.6761423718767424
0.8397388490507041
0.38281018725040117
0.32183730582080805
0.2252093999182606
0.5914184378858551
0.3040358786340379
0.4754278809936464
0.728501400483896
0.8181593576437842
0.020256847374577003
0.8958046699788217
0.33531019958718755
0.5958265569674465
0.051514421573859215
0.11763440583571783
0.214728159003729
0.011233899335913677
0.9107555222433065
0.2626139426529859
0.36021992151451987
0.76870370701401
0.14839797347601869
0.46324022392267006
0.02129977371535785
0.8377961324193023
0.9454831739667301
0.6968036260926805
0.7682287003519903
0.5388443629111086
0.18714335380510838
0.6790495651341476
0.6406779621706188
0.09219499328908176
0.1291394143587984
0.9344300873158
0.8733160524618097
0.2774748059175107
0.5285158223776715
0.6961659350799615
0.7476471850825263
0.6262313223888563
0.23764502655131114
0.19698906937601424
0.05313148813809088
0.4616896367831139
0.9883286766468267
0.46405584495500896
0.21646791229009343
0.8652546562608374
0.012401809267163388
0.35267592252131685
0.372256516207908
0.6173708881409454
0.13868478139017526
0.7676639623549828
0.30206242748758017
0.7654678338089602
0.0927572411735561
0.6685419934832284
0.15999578325837294
0.3009396804008656
0.9559909404782803
0.4000975316789893
0.8338550166996059
0.22381885516140199
0.38601608203707927
0.01660748240237986
0.650220835797831
0.15868912595623874
0.02885604673292519
0.12217116654691196
0.7431330404182656
0.8071840725597705
0.7159248830688248
0.7986976576369275
0.10073634069607873
0.5559701712918016
0.5909165748131106
0.21907367714018466
0.23104068679677525
0.19220148000874382
0.17098262333446523
0.252160136976057
0.14857154179036025
0.05881908012889947
0.49430270991083713
0.40527817185575177
0.00013309085867385662
0.6471537755037018
0.39290385959843876
0.06210082221622326
0.8366437222744247
0.10511939335000586
0.5450672403090181
0.4365740787726178
0.8669631126133881
0.7287028811668604
0.9212659477056433
0.7365740272423662
0.39505573852762876
0.9924290297525913
0.6613721020509808
0.04420133081653799
0.9319699510499604
0.4215088921940482
0.3288388386020793
0.5076139790204396
0.02202054772794737
0.11342075862024559
0.24251664319789012
0.6323838708036995
0.44209609579787823
0.4855679573907772
0.8643310491614982
0.6557402701956052
0.6207371793984569
0.2999050730341162
0.4259395472290398
0.7665408159779115
0.5468394765906358
0.9953692237121735
0.8264302639502775
0.7862048107335502
0.6266736607653267
0.8173052927708444
0.45229427838154956
0.0647324472196108
0.7776753991984205
0.23027982843567307
0.6353692943989754
0.5856843472215938
0.14291506256402575
0.8334927531004
0.6736220119303042
0.6256285871798022
0.8082332793503509
0.3311936834611424
0.7309467716044511
0.1769588044544128
0.7007760890489244
0.7514678770438575
0.6000610287044766
0.6908265470239426
0.6660706822350623
0.09873837014906928
0.9772853066997124
0.33530661564264064
0.8774753598100857
0.5716785515365767
0.956769195865324
0.04883284405172239
0.41154744302439283
0.9790240212275606
0.3600160216703009
0.7313025392407081
0.3288008616598359
0.5349193350108669
0.5512346987948848
0.3414875119974926
0.828957209838773
0.8198592755878311
0.50115690087493
0.9240338596466576
0.8671396956929797
0.1948888289947015
0.7532454604894502
0.6290986201501595
0.5113410633714647
0.2965244496751377
0.6749092182603988
0.1569060066306458
0.4768632877554311
0.16914780428097675
0.4777335966718603
0.6777506434776679
0.7544926032411784
0.3300672406126711
0.8242568724177114
0.7967636739706584
0.08989571249179029
0.3172041125209635
0.9050618085602103
0.5099252578197604
0.25224594156194835
0.6799358555045153
0.7193762391729784
0.12589584958617694
0.9175560467976395
0.7162749429786974
0.8172174531870317
0.8936202033804194
0.5915209684827522
0.013792772709385392
0.530176337716111
0.2896887771419805
0.030140937921596667
0.386571900051518
0.09107212735574721
0.5144332983396726
0.9913071038725637
0.25736404626814313
0.5566567510198792
0.82751321507961
0.24895530141439026
0.24905330164007766
0.5540016122724691
0.16178518201810144
0.42516171054582386
0.22186140026844747
0.5747453995197597
0.6663054117152251
0.3039376757351224
0.9089597620014376
0.9967109469777355
0.5688408484295777
0.025859618304943988
0.3016281592475384
0.7584935514900464
0.07299248273000059
0.3275691894752575
0.6907937179499788
0.9311773789713756
0.5275807085681418
0.06468369865386514
0.03296242364393076
0.8222431062726326
0.8844606604197459
0.7187824528898329
0.22349267672850748
0.7421708214877009
0.316225401170962
0.8749500903250085
0.08629766184075272
0.6728239516649797
0.4709017342463746
0.7760868921052282
0.8479740064686884
0.4254329070959494
0.22015059692025818
0.9730637398325956
0.4927441756454217
0.07163598995013865
0.10419060553842996
0.7224763273057874
0.23011052601280535
0.42311356204481654
0.9639810687445457
0.3394425117297789
0.8498311414362024
0.9942106362024956
0.3919359818774254
0.3545261291259312
0.7447252058941927
0.3144936355302024
0.43458671664240345
0.36361527255272774
0.14394348434004411
0.026329218237273966
0.11821109325250534
0.7600016950400815
0.9280077378592068
0.4593666716029231
0.9558329236105932
0.6935669601798088
0.22239034451331163
0.10718833236994252
0.999810325097418
0.807313405201513
0.006050130436808243
0.6169468458473174
0.9042070249361179
0.2937163617178702
0.6537710001892391
0.24787659181811894
0.09462166336833511
0.07517302546966043
0.7570277731938936
0.03292017949236159
0.9886651028939634
0.4116144821359665
0.49605404665802866
0.7516270889873549
0.4390238221640336
0.19502407068031669
0.9364947400323768
0.3884365428882135
0.5173328207903704
0.2806100120490239
0.6540380062999389
0.7019670798353403
0.1043704256025032
0.16105974635714482
0.2857393344699244
0.09013167183505821
0.8254817500697161
0.5480382803311642
0.8835117052641598
0.055405304829440505
0.7139826772081922
0.04742774359663704
0.17755623866339798
0.8435470889785079
0.18043448015477037
0.17413199628862008
0.7962246647045677
0.6905804983788348
0.6484841774580768
0.6646872933135138
0.6649010976890255
0.03272545708457142
0.13972476727115013
0.8370226505641953
0.7592986497134985
0.050132377543699924
0.5675586734385579
0.3182743590716004
0.94019304481109
0.8175986264908011
0.0956573172506604
0.2638838240718644
0.6321071498017456
0.28353956885177567
0.5775259850666905
0.21642658242646984
0.860889538712507
0.9439811666485006
0.04013305113464516
0.2700198991546885
0.9292035119251729
0.013320952104420747
0.2786357580517106
0.8558559167150606
0.3279170875794678
0.827173627600315
0.017296697002178507
0.48421633158754607
0.7320447084573345
0.02950965878408518
0.8622945219099137
0.4263326122478992
0.29873759632147534
0.5428440743319308
0.8641112898229799
0.8062962637828555
0.2856004163790683
0.5913211851416054
0.41719551368122887
0.4568164749346221
0.25561944028655725
0.7343414356223502
0.9990671876765053
0.28569593661845605
0.5137448358178466
0.8601656658925265
0.9500968605053146
0.2643439851700733
0.2323609756786399
0.13434657707455067
0.1875108511926844
0.7815653545140049
0.33448259357066834
0.44755978372962846
0.5640911352229713
0.5198420059400817
0.9698089191806518
0.4442232728914939
0.3504731655503468
0.891201897261531
0.4312234798549327
0.638088615945189
0.15118875500569884
0.3448045580331588
0.21851124541079314
0.9962803998959462
0.855133540434882
0.7547926271412523
0.36706166978992494
0.4955895716838279
0.00016186217207392328
0.3824818737056578
0.012982517892658474
0.6885733485617093
0.19903618460704509
0.7156587911985371
0.617919704267622
0.9991565266003931
0.4893917335934165
0.41721076092093823
0.7390287879234347
0.5453438955146801
0.23354361486558162
0.3845507634264307
0.07805874186750539
0.2216965394069481
0.8918165768627506
0.11959581011634401
0.346351081169168
0.24984945285914273
0.14755491020887357
0.8411486648077351
0.13205793388840026
0.35202868627408634
0.7000310902528705
0.5528292817192523
0.8538842082421592
0.010057721580263856
0.4378707066666583
0.9226328472010958
0.28650119331836943
0.7444367152937407
0.6988592062401532
0.24907767762589605
0.6122809582091587
0.6849888859736858
0.14897138057113435
0.8955882178789765
0.3118013729771296
0.9944366622627799
0.4700137432397724
0.7218675124674968
0.238135330073317
0.3914426861300738
0.06098907134514442
0.5670392992589698
0.9264842827855918
0.9276663594580309
0.07764637690872633
0.13712861098640072
0.46574359412413013
0.02390459037440107
0.2516057684546592
0.5345543645368056
0.32280256143991837
0.41821422105890127
0.7872777826744556
0.37379624146046886
0.06716224867203513
0.255987547397843
0.9112027452468202
0.11135985484396793
0.5318239682237007
0.5715938112957828
0.7363445085068009
0.29628674998401094
0.4595054009769308
0.4657102053455143
0.032612566472487
0.7835095792672272
0.6852936784327186
0.9731072003886878
0.8783060503830925
0.8818307493567658
0.10185824083205941
0.02647231301443609
0.14423247132259176
0.8602630228664654
0.2314086535192189
0.13766297610698985
0.9055389064364956
0.036898182861438866
0.1238317537856598
0.3354084218207847
0.16802329641948788
0.832298079384263
0.8805113809454457
0.04653320362672042
0.6970886528984
0.895217078707552
0.5183816763534531
0.4503076815890086
0.09975096003934214
0.13516424190640397
0.022691256672442317
0.6409126466986736
0.6819410138761215
0.08815066913794001
0.16277646894161724
0.5515785111528168
0.23851152864105551
0.7919338223438276
0.6861113639378545
0.46993641156835164
0.34941609381722216
0.6360062276030755
0.6286767652392705
0.926779786204477
0.215091949031312
0.4874972673053761
0.3572807807678102
0.9956611278674766
0.5607578365618191
0.7156476406684555
0.7912878579322034
0.5238258355790979
0.8011292878017899
0.7298022368375622
0.5896009256770246
0.5422315183230361
0.5641440463656788
0.24885068451624792
0.8017559630823174
0.30446497703483477
0.03359188102051269
0.32151550377867144
0.9616156675916102
0.295827172710765
0.9729909012206515
0.5718724610115642
0.15579300359107107
0.9885826329954283
0.14004783436735901
0.7671108550983773
0.5707518174101124
0.14750500443529846
0.8829249450092549
0.15476026101060025
0.7256155849531306
0.6160040905951405
0.28102391911354596
0.3029033964460226
0.4974310466358085
0.3431518302920955
0.5690760854566028
0.3032027788688705
0.6725386893965276
0.4661569321565213
0.5906571574994798
0.11242984156934444
0.9337558589293353
0.3105131189552277
0.26095073762439214
0.26857193937600143
0.5665815305782871
0.5660697739047611
0.8149307321391568
0.21258563498238514
0.6751642333424032
0.10639314170032965
0.2555583154528992
0.31996870676368205
0.850865640982916
0.19472564580510743
0.90770698068566
0.40513814800890047
0.026216955902396477
0.6408650285385838
0.005259338261998314
0.43829336932906937
0.7443411683962402
0.41091295314052334
0.7474034855770368
0.07675029003213663
0.019096841139331633
0.39729409136069027
0.9389933857691594
0.08967195610929657
0.11325517634836013
0.37213283361852323
0.8452072385821641
0.18472600099091885
0.30536504972543455
0.931400715295313
0.8185959306895058
0.8026605661461903
0.9395598519029869
0.6444463653829635
0.5095733126921957
0.6524011418491639
0.9759387652377477
0.6940152322995172
0.03755525486151334
0.6529003076192696
0.8481162316480244
0.8972746062278041
0.7486160704390541
0.34046760257386255
0.33371287648647197
0.6112431377445819
0.0765966735863749
0.7816410326688167
0.5030951962357284
0.9556405501992928
0.3279044582297578
0.5807395598434918
0.4716511429087009
0.19966870397805836
0.24001224519771547
0.602542967731438
0.5196520342119728
0.5729187473810713
0.8119407206848025
0.4117899451556506
0.45265373098842143
0.4934258398394513
0.008149457516959724
0.5199595387440502
0.6308821358997919
0.15671055493393693
0.6331100773335123
0.23122131273977387
0.48163746752283765
0.8983232964504397
0.40223162596149087
0.9946267881673124
0.5682093001310179
0.7833449013325722
0.4454406787312355
0.23498288346733764
0.7624887839585606
0.6538473740543512
0.8439191745121392
0.9792023935946745
0.6313920213565634
0.0014424599075826272
0.9064264662430798
0.1989810430395419
0.6917543055569102
0.4475206967761096
0.7081865192202317
0.10790311094454408
0.816472552328681
0.4309927601857333
0.528400890735285
0.0751988052424779
0.23361490549797348
0.5265334606098884
0.0038611189468502616
0.20727875315378363
0.21969111610801628
0.07919216726686118
0.17533727059240778
0.01546318208252051
0.8900005189463658
0.8632363210834705
0.9749651540338742
0.9858369771962956
0.3216231592373695
0.2552045198547791
0.22004899783680654
0.5339576005395341
0.3794285782885347
0.06874117009349368
0.19982982508110103
0.20114954440056731
0.5119880354474806
0.13730598603926492
0.937962181666189
0.4421372245966101
0.2108501348786882
0.255116865197759
0.8693739479836633
0.09413259841292476
0.6087060499323819
0.23662368296878766
0.5409736633422093
0.8595691508878702
0.46904752473790257
0.8315566358891779
0.5482520174770793
0.6524220159704298
0.5339273991135175
0.05981835957869286
0.027976631167791144
0.6072043842595625
0.3200148479937178
0.5477833756974492
0.8493308739110927
0.7617193169731511
0.3859074072809584
0.4930666364646188
0.5500084278568006
0.14815219278592695
0.14271356343898134
0.9022582068345376
0.008072546451721285
0.17117668868000013
0.24197862107328838
0.8609576811019644
0.2694148803273829
0.7753766437954487
0.9580640149115089
0.9824482828421968
0.9864301017842102
0.1852424518932202
0.8249471482364785
0.9353644956722154
0.13496726446833174
0.18384053575311565
0.8429261654699214
0.2089171090758133
0.22896188191074474
0.8015628437472478
0.9990112577349095
0.7722927131389801
0.9009944187940038
0.5011669925738155
0.8899816995722499
0.47351009624052753
0.4334913369066353
0.6724055365444365
0.6679754342006125
0.4740301426789305
0.8375141967435699
0.7401303757657325
0.5055704661451612
0.8157275917935092
0.26719403037291134
0.3953293358907892
0.7682758495983094
0.04103914471168435
0.6619914481238186
0.8166264086491591
0.3911800961060864
0.9740931633630736
0.8433817970518928
0.22405880485914764
0.4341775340041055
0.7228825768869022
0.9907969587673723
0.18638260412434104
0.38534713824064126
0.19695444045762667
0.9013763618622072
0.9853084598202773
0.3749397159502006
0.9166395415091451
0.906924002403736
0.25509962593609914
0.6306397953248031
0.8204465493124812
0.25396956364314727
0.02811730664617529
0.46881861108147105
0.6227182554008539
0.8250339368145755
0.018784736144515923
0.8149024865070527
0.056732541989074625
0.8773560305941703
0.49924439825570877
0.2896704601824801
0.9163186771366398
0.11438900447452682
0.13589305805205731
0.44682698780271424
0.1213476390603444
0.02576674709693716
0.478989981865963
0.570589138245953
0.3508703747710702
0.9951295586783846
0.6474494177562284
0.24345302693593174
0.9812198357419505
0.8540093158043858
0.3009663257852081
0.8824560680765129
0.24230465949250735
0.3138300507039319
0.799251212144152
0.8996618252405292
0.8619476611483113
0.3943337791088304
0.1650006233498783
0.6398002942506814
0.3738467346892391
0.5160207119189313
0.18598864449673524
0.6887005599069383
0.41773300794105006
0.13208574890082814
0.43645281822713977
0.7659977325614529
0.4435243139787094
0.8412705470504922
0.6617404240102378
0.7896076181930676
0.9992739522301313
0.02003894390837102
0.9604922981677613
0.16703329476720485
0.6408221242289975
0.05206468054085844
0.08112904263611231
0.613002977861533
0.5240161876817399
0.7009864892441764
0.926345618891673
0.5195339596184849
0.6423665363100918
0.20019559534715747
0.5566253297366308
0.10327604005434654
0.9209967876437373
0.33036143051001976
0.9584167011872401
0.7094200751623507
0.999551035537008
0.38004314016095386
0.0016310818896365653
0.8078631056531838
0.33304034966391993
0.8600383552515759
0.43896521896640905
0.5955701651010331
0.760315744754619
0.7371899258156367
0.7179725330614458
0.3901276203600006
0.7604217619657085
0.33928651768261353
0.29783981330046383
0.10327132376281811
0.5907668454016185
0.4852829427083394
0.5659559315882763
0.04490009585860033
0.6119870231012818
0.7010449919233441
0.8032148650236709
0.8284647266236176
0.020592637418495485
0.5303023656140434
0.7667773428046872
0.9660726605902724
0.28002363949794873
0.033983226025816826
0.9899381942489062
0.8178196018330757
0.5483064586850324
0.1060729514348896
0.3326489910593784
0.2586885196896972
0.342736895929063
0.30384306729404664
0.043068039212199594
0.7234370406750241
0.9844890559938723
0.47890669842012323
0.9857192972548418
0.06897832597079345
0.8689653216904664
0.43654035678471237
0.17644130112057133
0.7989616674338587
0.3595835165176362
0.17189408169244635
0.5254641201827845
0.5334223804291185
0.34104514390025786
0.8230968349729931
0.25255559199420496
0.8577393283228886
0.13776902117107126
0.31154784182612105
0.25083802396265664
0.5478322915694297
0.03272662542295668
0.4297239976941336
0.8596327492187572
0.36941011790701295
0.23551792988599785
0.6114658968492628
0.3811992190395417
0.7687624629106284
0.2499974550154911
0.8634911264103214
0.12016854279967126
0.8099201951191328
0.8691524389622731
0.450843442753036
0.6790820608343259
0.3124768947492993
0.31192420217262873
0.1735928718066393
0.3253275723839828
0.18646018820286026
0.4851259334018537
0.927017878487582
0.04146551423965383
0.24117518479677003
0.6204522235546261
0.22083502200203453
0.7729673569449408
0.06238434943326354
0.6769592825232882
0.020445517733646223
0.2029376882694215
0.502490140218676
0.16297441986156858
0.12582359871906623
0.08617354639987818
0.7852207582465153
0.39471872608523495
0.894164747845768
0.47597461046291445
0.24627714534703005
0.8155082221853234
0.137692128376512
0.35224606210175213
0.0894179863302349
0.3341701595103689
0.6715720047420822
0.13994816559627277
0.23756278944728082
0.890359705706167
0.7572820143368889
0.9685938722784401
0.7482690983433331
0.4614453102086742
0.7058108260367504
0.007139747630801829
0.3404144136178764
0.19989065846284348
0.2078235110576936
0.5477301574496719
0.7768752888144859
0.8205872709153392
0.27095827854266197
0.5209670297452507
0.5328451861682294
0.2993848836973626
0.7090077954031008
0.6637186419887804
0.5320006941273583
0.37486453458515656
0.9885060551615525
0.9576361316774148
0.045684969816333854
0.647876017976827
0.7791492281283402
0.9772532451621265
0.9812014795460406
0.721749708975982
0.08757295242159124
0.6613082114530351
0.4316540016929119
0.7867144684660106
0.5157763145905752
0.020009706817805117
0.5155879390208409
0.002361901195150562
0.7583527290595383
0.012443464055937992
0.5556049081914215
0.04802454202401052
0.01728488093638081
0.025336700903069276
0.5234057792208958
0.39811669474161226
0.6862848597579827
0.77857320158916
0.3727411354267409
0.6423019492555291
0.8870117553237212
0.23181524050466862
0.8682629812923406
0.1268797790744386
0.6292824823923637
0.5957975233422568
0.8970613280939591
0.5964171457281494
0.3398516932740544
0.6796732708425305
0.4346996814178573
0.37079135709080335
0.19952449865840827
0.003264654042780424
0.1562582591546482
0.1501059074325486
0.8859947162865536
0.9825715176292122
0.9114411145770089
0.7648916016022174
0.8560904035463077
0.8815842672325059
0.3170223321501473
0.8172052476010528
0.06241456812597823
0.18318805280110628
0.026413946233582397
0.1841795967319121
0.4381774956729818
0.017947354011714878
0.5519046983491112
0.8653090215757557
0.6686163652659751
0.4043474657767767
0.3310269121745262
0.8682345903780057
0.18305599748515566
0.10623333562862824
0.7971644882465548
0.24147233988817696
0.8728252474570404
0.24772355578252514
0.1089566980838701
0.5153845980624665
0.6534375961175526
0.36879292649028583
0.21993628509032603
0.03801188913805753
0.5874211560485385
0.22861930065980163
0.30007858615074545
0.39619297772640294
0.5492979215953538
0.7230091968932142
0.015516000207244751
0.40238930943569906
0.09443614162050129
0.5001004405476631
0.31311090537082675
0.4597962352132755
0.9455454087660506
0.9559540874635071
0.5282532728041618
0.26130917233003914
0.6706752117185755
0.49688536405403294
0.7258057400940304
0.29656896851303305
0.09452515674667383
0.12418987381950086
0.5428815201869688
0.2112846473626565
0.1212650345773767
0.4472005250936776
0.44242662510010156
0.8087916892387499
0.0988892208990747
0.4295324513743126
0.9169001136766357
0.08776906696537179
0.6159832717617529
0.7952078698201187
0.20026248579479933
0.6445804528350969
0.6860668166225602
0.38698970739160055
0.8767549489332324
0.5459611721822363
0.684999032921195
0.9296338452194276
0.38442260923362015
0.6702622689847302
0.8939678080624924
0.12892648139858542
0.7628797748475022
0.17045104878494455
0.5021034534626292
0.2210160951213781
0.14035407743293715
0.6792002842622685
0.24534739605926648
0.08917338580558787
0.044270067482491515
0.18688227245670752
0.6795385135501725
0.8531204385622579
0.43065489334527174
0.8941060319663701
0.07670800705776526
0.5172043459981849
0.9556742767433809
0.4645408551356831
0.05058029294422173
0.7739965367312028
0.6024303930461135
0.1407469443903936
0.4696943348113194
0.4840394086338997
0.7817463106707883
0.4651682574686552
0.6005654156926336
0.1497441412790801
0.6364146926533608
0.08712700749592839
0.27949920398470574
0.34055157962760574
0.011188883515206305
0.7895057633098097
0.41982281566252877
0.9560077054097339
0.02491071265634104
0.3899343594745944
0.6303436007996631
0.6817622252305744
0.5239915053882171
0.5841396562422547
0.07259898852323587
0.9439866748374431
0.43492326150010563
0.25228427546426124
0.883957936347861
0.9804959722426296
0.5007624988549038
0.20489152933409005
0.8387582560846177
0.15039292006680405
0.8924175885687772
0.3547190268787612
0.540179613203389
0.916022764003179
0.7577255183929591
0.7198124379859553
0.2167885610601369
0.38228306437728055
0.8960130427180525
0.43854813422851024
0.4190184446291033
0.10876102857762482
0.3730490231175625
0.19008142233849046
0.016213294052045635
0.6030319459026833
0.6184283540168269
0.3892592612733844
0.9143495228208819
0.168299530878955
0.5928166303121032
0.4968545811970645
0.6716866792749234
0.6559529940548157
0.3993364909812902
0.8501481916741682
0.37813436938697265
0.11598015526606409
0.3718359230537436
0.018627363301109923
0.5171477178578715
0.6697030352157358
0.15102632557471074
0.7300949897013136
0.5516547616938975
0.759605698231001
0.7762758037453754
0.9432054807842122
0.39066437765505013
0.6393089890074989
0.9983787432976333
0.6479762639817148
0.49333753150489756
0.5347236744460558
0.255683453415291
0.8089560281417402
0.9382356926884824
0.8209320426341566
0.4192422172648579
0.5197376704917911
0.10748650943430949
0.9463400757737902
0.7121790490246773
0.933042539333154
0.6700341601496931
0.5543725155002218
0.7638959840975815
0.4783174003590944
0.5525189446594612
0.40290535276873374
0.40913562970157846
0.8811631365129186
0.16688596383784726
0.7254403992356702
0.6797711201700369
0.4149031965171406
0.6503272956179175
0.8255128827667112
0.5633839116189132
0.9407966494317468
0.5228583451209233
0.42160486185242874
0.3685779489377502
0.23288990508505136
0.6067004487118345
0.9670558354847637
0.33696357750750294
0.4248777538105959
0.4699789913478426
0.4350063791873451
0.8473435723337638
0.514298490474286
0.6824848494961917
0.4869137959710145
0.23013994059979692
0.9468656680440857
0.3162999704564142
0.06174415158685831
0.5732136228892408
0.47508803419773726
0.36150349609439036
0.6351238044533019
0.2203047817729452
0.46507979254113174
0.1762907075708764
0.12412961382669874
0.7844588951892962
0.2159994567248893
0.8096453073395736
0.061975425121708616
0.7295583067506065
0.3887758931146619
0.863798952306168
0.0003500391251363144
0.4273704696527971
0.9662048960615979
0.18575505856445862
0.2354333062986259
0.23586437744729494
0.40581237135948844
0.2197818812645288
0.3422314727865259
0.7767603602147053
0.1721589094850624
0.8945451849801244
0.7606179998028753
0.9826044317048341
0.17332367647970592
0.2897854234451315
0.572259319669521
0.9325724177651389
0.7112678728031564
0.6998527691139335
0.130411562407573
0.9441441488187842
0.6861350789072923
0.9729448181430798
0.037762532156359496
0.9678178743684583
0.25699579782029647
0.21785184709648997
0.7380353431362395
0.9291080214093655
0.8768498730589719
0.3350171387871973
0.7018929293614501
0.7590498169473326
0.730794478862257
0.28062736887995043
0.8696915124859345
0.24126636408593316
0.9241910677128664
0.5635407483981126
0.13812222056279078
0.17471067601321344
0.7866208407761178
0.7126971711221091
0.49923800601708046
0.5509185046160939
0.2617533658143867
0.31237609358041474
0.8590525465220994
0.6472096424611428
0.43318283384323986
0.05973151693345291
0.8876774331283446
0.4354912344752868
0.9171559879615567
0.5806649218641746
0.4738498769236982
0.4939816918673786
0.5147227947466063
0.9145282375754112
0.025846126043347906
0.9145526234722906
0.5417948829551105
0.6374753319275891
0.9870882113335646
0.6639857978640317
0.6981953076617234
0.6368492573452272
0.36494260756015207
0.269508726884211
0.02900215744140988
0.6939461103367844
0.02579929538663106
0.2638806654222614
0.005403729772493149
0.9050155962074438
0.6777112192716324
0.6806589861511291
0.8120476963570912
0.24529728572476184
0.008429007192730986
0.8139973550007875
0.975864954522593
0.9002415150764109
0.5475255741625159
0.8933310353368005
0.5210952851627524
0.7485712226974297
0.6348998251284986
0.6020299932778617
0.2933273080763078
0.49449107353940236
0.18622755892000276
0.26255515352270964
0.7775336485658321
0.45988008118431845
0.7985726117809205
0.20700043421393977
0.9742644789370585
0.3750121078816897
0.7470671466643737
0.14007867866026313
0.6013563001780556
0.9289663020816195
0.8725948742977814
0.738374018762024
0.4567646690598023
0.9543395554091957
0.5575756866944827
0.7525764241272295
0.05543044911411277
0.5378264943887091
0.8010622494259984
0.10333653442810486
0.9164423690276949
0.0735513660361714
0.16825548389638711
0.9415115421595263
0.1270714495283365
0.5409334266150843
0.9344768119854178
0.8470346911424017
0.3723243469495676
0.7608790688247056
0.9350240356020835
0.26745258158537877
0.9834834778219282
0.04372760488333105
0.02068131116482652
0.1269533180394118
0.5501218191241576
0.9966123201911408
0.8087788892047499
0.05992946611840655
0.20832216316451257
0.7495037910419063
0.055834034259990784
0.007577242307228338
0.327143419747689
0.5603915780590787
0.967894640595617
0.6853063808260155
0.3584208746770766
0.355943302639241
0.9359227754531784
0.40180519758882594
0.0662945526543508
0.7328593735946395
0.8373924653268886
0.7418433833636036
0.6877365027112247
0.09657030394677657
0.8128001146774443
0.39630763881841513
0.3654773604784265
0.6675909339674005
0.737620654448302
0.5216035455629061
0.5550478483465341
0.2682864015548676
0.9945290905264227
0.7405218183610158
0.3957084262895526
0.08086089160908694
0.32147961099240707
0.8068110241647858
0.5492928948169423
0.5535350833274298
0.742273788256279
0.292994481204936
0.08704469544017113
0.3929497432526933
0.3341893790638554
0.8221827949369067
0.6046594400857891
0.6399045761006213
0.19441405638534304
0.7514678951506457
0.843437063766102
0.24098083766718226
0.05108596767713913
0.7597614024007341
0.6631356596415924
0.6760679809901468
0.20363725834751345
0.6034963494404278
0.7719983962300572
0.39749160796314664
0.4307392617319439
0.6938340794596556
0.47250265688435944
0.5320152658370025
0.229672515883533
0.04127078344681612
0.3318123825037551
0.7309628665342837
0.025990239431305406
0.7400440240108112
0.5342789358074788
0.7402938463710944
0.08905509429197678
0.11449023162791372
0.322137827112397
0.6535432858947466
0.7030966986583032
0.6045873215623699
0.6113151617446053
0.8614665144476381
0.5118305301471897
0.3560201678209871
0.624180172143826
0.20755316036428018
0.0767761781205073
0.2942290490256688
0.13910636855917835
0.15235910093605165
0.26027407249864476
0.026224502175238973
0.9698663899058414
0.5993941616384098
0.4083382624826126
0.7004038412599073
0.5294799792372239
0.4627644266978935
0.10103386561170247
0.18741774464585748
0.9054783002417388
0.5600801265234439
0.7621285767822005
0.18223974755852057
0.7131777573638236
0.18073897478259182
0.7930085591292254
0.5441587142514147
0.3284769858150077
0.26650810239353406
0.5896515031394179
0.3192586547361157
0.5738981967372159
0.5086849847751245
0.23215283498286632
0.8384924943666137
0.31036776592563453
0.35899768680582267
0.8708145325292548
0.4382494560253881
0.9546096655668994
0.7393381735186731
0.5431451562224353
0.5781546356909368
0.879453067650019
0.4662148170748073
0.6510737018056952
0.791590967806814
0.6801431160130391
0.889516270272081
0.08045139899557041
0.43798651352151463
0.32334845938220447
0.0696028338797341
0.359203142972634
0.048922401432785256
0.7430349022111696
0.2994490743091286
0.1753839722457129
0.04729635843074209
0.15920324984733436
0.7672532056943082
0.16347422189056082
0.35133266422029397
0.6587851062749295
0.5085472344305101
0.45834615121879574
0.1207953592689539
0.607727979465053
0.6182516460438591
0.4630858621316717
0.003326149658011035
0.4228338669025079
0.125867327369112
0.5708852150537407
0.9355009548636906
0.22588398467757143
0.4601745998367853
0.32064706922720354
0.8269240931833077
0.31667817449561475
0.8949938595451769
0.2240231173902153
0.6375508873395029
0.8780008893945317
0.09798570615226843
0.7170089061808199
0.8667803435167639
0.9845100236369894
0.928312905014694
0.5599442806899438
0.9092167131200439
0.4156944076850786
0.9687807903729962
0.4224692718121692
0.776165117071216
0.16005019189975067
0.96884523461912
0.1981555278469065
0.08805557843368628
0.2464054565435969
0.17041018101304406
0.19816597392487512
0.5996997362296563
0.29224363327426484
0.23999798342500367
0.48126923260064036
0.6162112893535898
0.7431189957699833
0.5882447649583776
0.07779483213042249
0.5061240802522783
0.7576118676191985
0.06762205294973522
0.22173186250097954
0.2460419623549216
0.2524073440192226
0.8296466463650376
0.1994601034949356
0.49250501097751986
0.4592640729973545
0.7192554941774125
0.9473514284075256
0.6941491215545896
0.8309490465963689
0.039585485087014205
0.5581628248393635
0.821161036208114
0.1633944433185861
0.27604513138041986
0.4583598293050396
0.10256157163748003
0.4171266986291595
0.08812817942780105
0.07749639934075658
0.10719526745407926
0.9828075083408044
0.12588067705968609
0.5233873108837773
0.7044445665571579
0.3551750818934757
0.8224795180091627
0.8178374293560434
0.25532939705348745
0.12911532114773994
0.8173552759420553
0.2839194139677509
0.9780033195603332
0.2943127527963837
0.37959546683562195
0.07372337645185378
0.9275726872332865
0.29241018319761836
0.5321288742091987
0.30383722665331836
0.7610690250065075
0.28025315902569314
0.12165476092967242
0.44579632690418725
0.7403423034484938
0.5181452904186697
0.8647903044409935
0.6661747539755981
0.03767411477957727
0.03332381061050882
0.36154074333300845
0.683891040049549
0.16673858266948738
0.30341937768320126
0.07866281943177267
0.9251225892192761
0.19400061388746404
0.5954417357387272
0.4590247873921902
0.772616073445526
0.2137694297789957
0.0025398486818094534
0.1487592013153195
0.026733141786070447
0.7378866074011116
0.5109743161014108
0.07526969798667849
0.9193133931139512
0.9001642276497306
0.16992641166394218
0.26790116537075026
0.8866884413965068
0.632713819900675
0.6234277125374845
0.4282395599317024
0.4137463121344347
0.5372369055028527
0.3540746700854065
0.11330623558853803
0.6438720254409432
0.5037271528048386
0.8880683704829876
0.11345315968679637
0.16148734869787584
0.29184857196605807
0.0060315069553184
0.440572179922915
0.24916537327727295
0.5692203576584539
0.20013311247706733
0.21050328237651705
0.6615667696862688
0.619631089870225
0.886749653478484
0.42553454988687633
0.15032059500852957
0.3383885153674747
0.6177063255337832
0.523379511507243
0.10015756114389873
0.7890178953669605
0.5429194674655637
0.9270877214397215
0.41997043708782444
0.02453646497718054
0.0384219478118597
0.11161731596469227
0.23455718557489447
0.8900277217994751
0.2652144536125145
0.29182777407274907
0.30790323307564216
0.537978798996235
0.965071957599543
0.2730486599647818
0.6728011967654363
0.718101717441601
0.16012003922404028
0.683368730154994
0.4817266079689374
0.6010882240389244
0.7307665031102478
0.3668591642778971
0.6428339659526824
0.08494461543679055
0.40869115431054315
0.18395970366454273
0.31348299469536
0.9455249753865239
0.17521274454635305
0.2992008692477751
0.6413707572541694
0.24445654066949662
0.6243724461823055
0.9434797502965844
0.8572884496586622
0.5394777003238482
0.30633024854598245
0.8393116412101478
0.35555759960322386
0.37450883759060183
0.7740725890109422
0.8323946104324226
0.8954521664370426
0.3936600534013801
0.10261273912068014
0.244530794266845
0.33498615310247337
0.13616143174549133
0.79632460778822
0.8240689709755046
0.3858062051234492
0.36207207429293753
0.7480968852542437
0.6718886293718518
0.35820115706366185
0.5122472272445734
0.40817881259999267
0.09152757631891129
0.9019886872900917
0.04434854663066701
0.6555470347058827
0.7363026236351885
0.8894875989089156
0.5805090198475605
0.5433583531021664
0.9368573559081425
0.31314453389543184
0.5730826371625418
0.005305181608310505
0.8100684259316919
0.9196763131804995
0.32428012869143796
0.24118280617002186
0.33488084405141827
0.8010958931204101
0.951967174476834
0.938802821032766
0.4081013594180942
0.35203440346992365
0.13606790707742877
0.7278363671129402
0.8295542531657085
0.010927735772918168
0.9105661675696268
0.8787809585449504
0.8180916951926931
0.9154007017632503
0.9241900930213203
0.505255366943822
0.10556109809952341
0.5999986839649832
0.6992244641030488
0.031115563659865453
0.25669215662544353
0.6713656942147828
0.8486222479767017
0.8034392753987648
0.8841230209260306
0.09966894410267091
0.6342889472310684
0.9427580065319946
0.41478174870905915
0.7294189400501997
0.4467838474991952
0.9466139754596498
0.7672943492778321
0.3136407479139205
0.9429255446590015
0.3271415127620635
0.31862065152851415
0.5611354086326488
0.056476561139113035
0.7842706695980819
0.32387902685709147
0.7899031011381547
0.7610742425094631
0.18873623721485344
0.36288165328708144
0.2858184674343236
0.40374083736147715
0.6081566567326752
0.36993075856286795
0.8925847072031416
0.8249989515803042
0.9285091937435743
0.9819083038902818
0.8776583814974162
0.702492402645241
0.9406993712827202
0.1446766925113906
0.31700644548504997
0.3628418322249036
0.6766348531411717
0.2470790673473634
0.5873700834394102
0.3432356818885066
0.7847364961685214
0.9290291824512245
0.09780234232504348
0.04195065165472489
0.41261854189670544
0.60030371471489
0.6015092027476913
0.81074105439119
0.5771335955199512
0.014381776990776918
0.48727878518686163
0.871375450741164
0.46669475359006796
0.8427656130551736
0.7896878818934853
0.33746784317536005
0.6831672161866124
0.8042835112379656
0.13816441509740685
0.4092295959182559
0.7181200264433829
0.8261341220345485
0.04316187792100834
0.7266024223182047
0.6374044600161373
0.8291714615383543
0.3093476918526429
0.01554234083240602
0.5706060466731103
0.11968049052935481
0.006631714513222309
0.5010402436265019
0.5719948206391585
0.7278604897081637
0.477851845610311
0.4285443628402048
0.7211147745785144
0.7756760800994219
0.6459394029714837
0.6918544534022082
0.24758512787538234
0.1732884154415475
0.3529707785535158
0.6671496825603802
0.07826636616836435
0.8884673343376857
0.9634173612626137
0.8233539657471435
0.7641654457529645
0.7934541567267448
0.9765569863297674
0.9765576328420903
0.2156398960451087
0.9278917937535156
0.47921493700351625
0.9218482728861961
0.6602038616245407
0.5203027448679726
0.4894247549659596
0.21319738279621214
0.08774771717320828
0.49015506023704036
0.2562250781728568
0.6986437604639159
0.06957150375651011
0.5438425348718325
0.03762585703708832
0.14519189821486755
0.26536466162974015
0.8748577924074773
0.7923796386399213
0.20118009482478305
0.9820807414247764
0.10356133004570056
0.8905331842774584
0.7908212043590501
0.7527660311283695
0.1108016169310434
0.5058641307483759
0.9050960490528415
0.5801826461142621
0.14994886092081972
0.6395717837902346
0.49713848361804913
0.7812058924043083
0.7412126687131212
0.47545016034686016
0.8905892523666961
0.6253264435738721
0.5353110278724446
0.4811197613926389
0.8981832106978163
0.982908915518382
0.8731796657918774
0.1461020094900205
0.42054741440584364
0.47049698324022793
0.6766928798866307
0.2790555306399215
0.8043200515362758
0.2391899620256711
0.5490150578287402
0.06612603991967692
0.3358350352383819
0.5910756123310658
0.3986154921172542
0.0077544228343000565
0.7474908376529187
0.21980284161333596
0.7881242378404141
0.8119242857534624
0.8304661640689431
0.23756506095170693
0.5623629288052713
0.05160840284144286
0.3866804723096875
0.6876000179318151
0.2730730862372793
0.6080532971869721
0.11209053924260592
0.982380481071966
0.898253702518333
0.04460969182630403
0.4652907421329794
0.3262397218773123
0.703004551060364
0.5488188038997752
0.5008776410714106
0.9916161577061786
0.2290671139215551
0.28130720794461705
0.9898405310971987
0.5163828498348919
0.30118741949599537
0.1661982647436857
0.10757346787571576
0.06357447926322646
0.19687820994414706
0.6829493161036535
0.5113103919935629
0.7222564746742278
0.7180158484982554
0.35232618898029056
0.35833008976804526
0.20481135684688245
0.6588502496326425
0.032433735047220025
0.46435072322808235
0.8241070366789464
0.11228246017855226
0.03909206542173982
0.8838693995592106
0.9094524660777061
0.4708065195636518
0.7441088175132243
0.3717510740213742
0.3305520265569801
0.006072718679310696
0.7501999760257788
0.37607273736004376
0.2929786718914883
0.9501100270754815
0.9829539683038188
0.5022899419065131
0.23980092463860636
0.631138047476785
0.017580698930140026
0.8067640775608733
0.14993753637291385
0.11669239855791769
0.8117059250892071
0.3824908308711157
0.6787762716861905
0.5920067011522384
0.006849835952579153
0.23843015803256962
0.206671853669807
0.6765308005587105
0.6050401391944897
0.5425187113414929
0.7635214057495613
0.5385760093740767
0.6454657826759226
0.1785270307857043
0.9849559765134224
0.7396156646987713
0.20074198218461659
0.40376948609314167
0.7389907377914433
0.36907133693440275
0.3809635434551836
0.039563009307461705
0.08717111257522736
0.13691540095826538
0.4041247212867993
0.3165053476149854
0.31553756977922054
0.8477610418779344
0.5024285393843095
0.5110585096029179
0.3477185901714245
0.25771197775039567
0.5355445541622753
0.7981207639078667
0.3092371995584533
0.7819953407406707
0.950130106789879
0.3250047275207263
0.621976910960433
0.388222820189534
0.5156365393701642
0.844685059981785
0.9599257378398421
0.6931267163017527
0.30188348619850514
0.0010423779429192814
0.9522245356791942
0.20864098745085546
0.8341834938687314
0.3217750509570053
0.3378057916386712
0.4642796321355912
0.242424626576618
0.46510692794334485
0.04253995748776518
0.3479348829566786
0.4369591186121131
0.0346532865112944
0.6747594682485428
0.5030823319322044
0.9772859390670502
0.10274113601531087
0.9167626761403902
0.2824709194104139
0.739095976918283
0.30679342946705457
0.5818002130876275
0.15769255916394465
0.23316972967905025
0.595893288460744
0.621763826163108
0.602119319804017
0.43762712405732007
0.4536074668820863
0.593244225334374
0.7172818774865739
0.33669142616268066
0.6872099692927562
0.56129337788391
0.1805200676039903
0.6275602750418314
0.32391906257408787
0.6462587454657502
0.8176508450604355
0.057513637896570935
0.09772199129347237
0.4010728218753409
0.33991764610792785
0.08517667525421091
0.6629406068487437
0.3829960928472138
0.1543445059873324
0.6835842603660988
0.8507672368260301
0.9324618283186189
0.5286975589202902
0.3445268200306091
0.8345253147652356
0.7021219474806696
0.046873011706577095
0.40563039116190336
0.3922985664156292
0.8079243761466257
0.49107320335693827
0.7649969156902805
0.09803604160121182
0.4072209583283122
0.19812752794111832
0.5792864452806176
0.7258313973593641
0.1871320217557776
0.8801462062298309
0.8538970666026295
0.2821864745571133
0.27178515437749107
0.7162001669474002
0.8409766164052044
0.10781295901791199
0.37313163114808234
0.021980949335740685
0.9572846626524251
0.005604114362640966
0.41606305088113715
0.6610820853145222
0.5696256939117121
0.07174116006675046
0.17785901239585322
0.47240236283058745
0.25303459066762757
0.18141759657827095
0.8121351373079906
0.01351839127330201
0.35383592523079066
0.4627836264675721
0.8096133657816661
0.8640835920310669
0.5132810481983411
0.416986741985203
0.22914161721246917
0.3696853132045639
0.6221305137448468
0.9799104895925775
0.4882532074290463
0.14564884041163628
0.8328772858133674
0.7905452196570755
0.7351313472807748
0.5094541956499644
0.06822660244893186
0.7959019708477442
0.5187104011927336
0.48979893538685315
0.0265673653346139
0.2723546129977762
0.8434152337514753
0.13274943772617187
0.5721928040377784
0.7207098974200422
0.5981079459283785
0.9226525018738257
0.13885870715073045
0.17980103584412344
0.7352249739425136
0.35657265350352807
0.6531730794183515
0.8049630456504492
0.18860210988121484
0.05159231870362524
0.22938795062365092
0.25457355950215743
0.10878524224810215
0.5092860096763533
0.6768084375479785
0.902368516234427
0.730282267326194
0.014911376742791638
0.08651601427845057
0.1880166387840304
0.21371920968632363
0.9200448230089874
0.731959516557652
0.0953455047889048
0.5468278790150837
0.91562645979215
0.0230661703621452
0.8398830150535769
0.488613622102405
0.4273250152256233
0.9054776579567831
0.8107356191493285
0.06975551691236614
0.9546929027734731
0.5548386849208766
0.716539991647118
0.8705322116940221
0.022430275219505025
0.6766977407225889
0.1164884522723717
0.1992047418762053
0.5671417319732694
0.6675536596047827
0.552622066491309
0.6987830715426093
0.47149399123030233
0.7476069634099293
0.45147935947983053
0.06491186992925713
0.7890736396159008
0.8417300614091817
0.7086219243245822
0.39955502435196644
0.1810461798590146
0.48400605813759456
0.12562533143056764
0.6112644633338148
0.14356541482634888
0.6723860654768634
0.4373436569459861
0.9156496552279645
0.15165137361257564
0.059501348115099884
0.9145324520386584
0.1547789291962106
0.07885528179774814
0.9466101226337337
0.803132325368791
0.16146676918746106
0.7405863726175894
0.060324619219358167
0.4646401359515967
0.1979757747080777
0.6695023156966066
0.9020381135818506
0.6222232769574174
0.20452964840017207
0.6449160615381427
0.769779635837661
0.6398862156164663
0.26630019621131495
0.12740649468741883
0.2577651270742498
0.1819342114408835
0.881706794999188
0.7394303853273336
0.5496588838704735
0.07460228408523062
0.9049976024146134
0.8647218861057677
0.8971684819110819
0.3430927839039113
0.6626004311742661
0.20596550993798268
0.42901644060766686
0.6290659263663657
0.8111164013818045
0.9460520007466396
0.8783553516095535
0.23446147569417863
0.008401152936481582
0.29227568024930217
0.8862329605449758
0.7724024089825122
0.8242343532611828
0.6147113289649572
0.6224532507534355
0.9819227993778117
0.320180628778145
0.9946459092898229
0.6124074758065554
0.6902765703155915
0.7961237467192656
0.0894552539886092
0.7658903722309738
0.3807776152239064
0.6688274734566206
0.6695058561894813
0.4650657687491717
0.012892467414688413
0.5370228634584913
0.847898054951462
0.43850267150940825
0.9269472052410015
0.551163454414254
0.8173802824214178
0.2706834410607759
0.3793505276850855
0.8575655127166921
0.590447657753365
0.5153769443272893
0.6123341779459055
0.03958301184095214
0.4010846322067342
0.38190160674011586
0.524155354767947
0.12553097193885565
0.11668802071304363
0.09612573115572365
0.3397643042210823
0.007022591929799926
0.17558829667072806
0.32011522511236257
0.9410549693734452
0.4874369681397892
0.3359160810649984
0.7645308673559911
0.7416849273064398
0.6704005465443871
0.6483639762828854
0.5687136391746201
0.8157904122416652
0.009743189950008668
0.43326123863150323
0.9386335618767802
0.22053207572693811
0.5510519443001725
0.42225129359800395
0.8605308718903499
0.16635412232912072
0.043258292390610076
0.12378934403205888
0.1235796981341235
0.8145120497411635
0.8562336814276706
0.09051961871860892
0.7671231731818813
0.3703877865958096
0.2504388184818295
0.9403492191162326
0.7261052548638974
0.9732771885696323
0.2691098315060394
0.9327686777118851
0.3858930180695642
0.10406073128748239
0.07956659511955944
0.03430809229836129
0.9414928382849485
0.15106580233622457
0.9154857376586917
0.8869250770622424
0.26845132034176855
0.35266565361544877
0.17873917769527892
0.25169976215365986
0.3208286711085946
0.4374647668767251
0.30027510330575813
0.5638345170806028
0.05439348509100128
0.06567509077631628
0.6567321902697931
0.9366200185949054
0.9785083597976594
0.6014873009690266
0.553513475273427
0.025255395724474772
0.9276587855223151
0.18775988546496702
0.029839209133942113
0.8804829413004546
0.831137070380364
0.2231168851579599
0.040845975404484425
0.877738583955213
0.3720741128215649
0.13506967734143827
0.6618494536162253
0.3001153136178939
0.5228246540393136
0.6791829839065952
0.24071587370042957
0.30744941991752384
0.22295674919919772
0.4010765295596852
0.6930219088310121
0.7026226453393355
0.20407433553731524
0.06736768663558412
0.8980367172455571
0.5102772889188303
0.7051903209140601
0.11428555098526127
0.11238453254877712
0.8865523504857662
0.10476482097272222
0.7598263498971968
0.4160659479096973
0.9743563845770181
0.6398823223530989
0.81143085362819
0.5843472611510895
0.8576509633531733
0.1589466996682578
0.4886877041406156
0.2182943370834617
0.8609249993406943
0.6424790075013147
0.3266330202818587
0.007970803269488291
0.1571592949626356
0.4528325145994936
0.8762610703977012
0.9396269280965827
0.05072637581052453
0.56837590696389
0.9329370764313746
0.6180240703804886
0.26858956210116036
0.35334112317330535
0.37699638984433326
0.7512179831322344
0.9518918041797257
0.22086396156276367
0.4404925535190618
0.9086687143575048
0.0357547029276738
0.5090236707418796
0.4944275524718237
0.7979480752012091
0.015441164386265527
0.614682145400299
0.8627592531103843
0.04967702421622988
0.610177998987844
0.4651023916797362
0.45289657601535205
0.5538124791064577
0.6828193847106171
0.6431355060052559
0.17052976071845238
0.7924358031960861
0.9719052364786772
0.03672742061110301
0.258185709738319
0.8119274950737236
0.9832339149978754
0.7371787830792454
0.37012329501829555
0.11416045023398513
0.6399122570674269
0.24555085124582765
0.2652090201863977
0.6602490117869787
0.6774270532763014
0.1972969532723461
0.5516673453258498
0.10833119126901736
0.6897553230086197
0.2744134772862621
0.36180102786620516
0.6047133278416511
0.45830370509012897
0.1718923712953817
0.8960311327873249
0.4183928990211755
0.18800068410691806
0.5543846890655743
0.08777997639286839
0.9254894823292795
0.2676685876403395
0.3455264935229285
0.927176298867797
0.9002128343262521
0.1533782419106634
0.1001132351405718
0.5836414241257368
0.014053289335885455
0.8246316800846907
0.3688037513864024
0.09706028402848177
0.4153633597248755
0.3698983635427405
0.058727535163843325
0.4768557678373557
0.32579424246028477
0.14694760565631426
0.5814921588833929
0.32950159896449316
0.12090576843877565
0.6333694648782688
0.10108198255224088
0.8490366858810868
0.8051868171500502
0.2494524101709884
0.5619908437388275
0.3425625784935047
0.9520217035870332
0.47149860157861956
0.6691189764009721
0.11691637897897655
0.35413698896154877
0.39004164612437964
0.1112762456137737
0.3985469971636658
0.03721245428435793
0.38562740452384414
0.22216184026837738
0.7423129248113641
0.6377525779456651
0.5626494225967712
0.6329620860782559
0.20869342369729726
0.6666818288296243
0.15836104891459035
0.7723246062610668
0.7081728690707572
0.6350473044605431
0.644959395924183
0.9912668383294677
0.32413732346733237
0.18491752576145126
0.9560124413622054
0.618506744362397
0.629230498240876
0.7967361621280447
0.26078794038019404
0.7448683680611946
0.8007461431184515
0.17747612864906848
0.039194623217380986
0.11138738323889252
0.0008218332465255163
0.6975686945546345
0.5083258198274737
0.8415143638571423
0.7558409906304933
0.24995577460259066
0.7107532836702943
0.167382708489357
0.8226508489974766
0.0024637070432126373
0.7296919263815459
0.07067084959053238
0.605099180025607
0.7967444487804982
0.1906764381160283
0.8387985142956677
0.8596695688432733
0.18837657649839623
0.985035935229896
0.8594508979718426
0.3368083391494562
0.6246719869682622
0.8974525889030647
0.5598615813515905
0.23400349733170256
0.014856514877797156
0.3521543374241233
0.6978178723944355
0.06936484826862599
0.8760238092569957
0.11049758754741035
0.5502665082616114
0.6954571052344334
0.7120858169161429
0.51607934480449
0.6492888243990931
0.30601203162130286
0.1306596118364889
0.8946440735827458
0.7882090708868335
0.7534779678072973
0.03689635983327655
0.1885099936164536
0.13403018715829818
0.3211070270990246
0.20810866599826183
0.04211365231018438
0.17847213794054928
0.7842669978008041
0.5205738540254617
0.6611898468738703
0.7585291089881591
0.7716876455140477
0.04537125331125724
0.3163416746950958
0.7961030347711305
0.2815994731817585
0.9470029243177415
0.3783298225460632
0.6107103114256998
0.1663655504515571
0.8521598208531468
0.5251301267711846
0.446392165993302
0.0804274955353751
0.6896198763730851
0.7969902543521282
0.367313054094331
0.5143272586118798
0.6268451508411883
0.3342138986259868
0.8245828195096505
0.5435942130279516
0.5472861849757358
0.819524179964484
0.46343380320672345
0.8412110763865108
0.26252728730891983
0.18163130245707615
0.0400284471777369
0.3244990258334004
0.27757461119106863
0.009842789684010311
0.8150167721662581
0.44298007414506013
0.5047616492332483
0.9670882203802355
0.8164657006698328
0.6704469416988054
0.7537785144036498
0.2387631169771034
0.11744607215902148
0.12235501085692913
0.8859656366077855
0.029468663177119048
0.6759585578888044
0.8327595260373206
0.7992460356394047
0.6186961930505768
0.08126013530113096
0.1635866033622594
0.5050568731998833
0.46782643642450283
0.9766952234776334
0.07034555335003734
0.12826739998301895
0.05517369228866187
0.8890608108010442
0.7042903308517966
0.6201575496937028
0.05553893317643288
0.5817916705520256
0.8194076305325592
0.00730445330445928
0.7326414067850633
0.7688494344689071
0.8298504947011265
0.2696825166501218
0.04585805540557486
0.29769273048984235
0.270753296490056
0.17057466133555876
0.9566988016122775
0.30511818781143984
0.7036228652865639
0.8457954488077097
0.17598445404699992
0.1412885325823947
0.8709138562103322
0.891473176226334
0.01923419566007667
0.2673491776097372
0.12746353894522733
0.8731391161470284
0.6106840290074004
0.8435170202468769
0.3387566016765313
0.815714204895997
0.8981518013657954
0.4931341693046928
0.4578015112645236
0.08280348208964727
0.7622572178937629
0.608533331399775
0.4841989862354018
0.45765105035183784
0.05354603002331737
0.5312283652474189
0.7564439469654979
0.01193629922384254
0.6705403178097329
0.3423217094568246
0.24004922937040318
0.0730587433687403
0.4839571234169857
0.639387835637611
0.5967981207932418
0.9537557603848276
0.621032014983111
0.13268122236023283
0.36436284359459725
0.37538794184870805
0.6106611594256877
0.1046213044838129
0.8195073165979451
0.04409589935547009
0.014701111907418851
0.8366864078676184
0.008587569039851584
0.34444873496681416
0.8215734887532962
0.6016468002290101
0.46704662188295987
0.8543872449966449
0.2910591711454342
0.5331861417662136
0.6236351007169997
0.5717992508461025
0.23791959820026287
0.5305288686872665
0.6220436207320176
0.5512110499882462
0.4341794043487748
0.9310946302394608
0.4860632162455838
0.46403082808815377
0.6319158784016458
0.10543742044524118
0.46293919869477274
0.3349360725404077
0.6843718401819779
0.8155707771646333
0.43314097935988627
0.241632200729739
0.019435128672761315
0.8715712332070533
0.21907973106515666
0.4351671238232727
0.3779288666470987
0.6510715958210773
0.7841976564297188
0.9215607359808861
0.12443107218850613
0.5155792926075198
0.2954206694747502
0.45666186474839543
0.5624941406383387
0.9121653177260587
0.5774546715583392
0.7050382779236569
0.3310286155295923
0.3435625272148273
0.015540124190219884
0.1724344525143936
0.46907885184122633
0.32370378193092564
0.04216222533085967
0.42328238083981273
0.19817237452218417
0.48195551445411955
0.7320872278138408
0.942866874219612
0.8583277546585547
0.17904834967032957
0.5857386324259427
0.8018090071043881
0.4000598806645109
0.029894309748915493
0.23059142014896128
0.06590980091241327
0.9867875276567706
0.6234127647613428
0.2843694845576903
0.5614108456813557
0.5845308420461175
0.6334792787312737
0.9685085104483029
0.5757927325452719
0.45525005346506886
0.7517990713645574
0.16558067175460822
0.9674132422110462
0.22918036707133294
0.9479055247641572
0.34856466849331935
0.5283492083476027
0.009784796071619306
0.291566372080865
0.4079627315169093
0.9026819035661272
0.33579789946784255
0.22569191079573225
0.05535471717787732
0.9768648161631998
0.9328395278086208
0.3570123733947025
0.7079097162667836
0.6254716502803865
0.10215225071269851
0.9290878098909576
0.11261337531133686
0.12523574554309114
0.6322688598179216
0.13038399906107667
0.6570537912587996
0.7176686314492979
0.5041984411690931
0.5931748849716729
0.6295862929672725
0.8540890372575339
0.08112511615795837
0.28315935035592565
0.02250859056779675
0.2189045296379054
0.7746723796966696
0.10310309202482337
0.5728611911476151
0.997856730052036
0.4093308367710957
0.2937518565922509
0.9783534352902237
0.5142185153592667
0.15829152853266137
0.7083919629332446
0.7002332572026754
0.1806909934932902
0.4328306617183667
0.7437063782543823
0.9494781342484535
0.7881106411738246
0.6376145914566551
0.06330913360888657
0.27090418336168776
0.9684908871408612
0.4773760724951416
0.20221549506804837
0.939749379367907
0.2690540129610062
0.5483296838830735
0.06447777435322832
0.4835935822906834
0.6890368593966087
0.5229835057436092
0.06014063736806041
0.18716877762610817
0.6068401530974534
0.8028055339141242
0.6867630151899217
0.99739002220276
0.7193429821549892
0.6371034515965691
0.840356881150156
0.0851929024189445
0.9430338103011389
0.42529829888022663
0.5862077596122593
0.19606569649511596
0.008906480252532267
0.016917628126589368
0.2202944454142819
0.19058451380647967
0.835526499742926
0.8115731121501812
0.6415547162678487
0.5909740234491253
0.9666587549741315
0.01298819299613807
0.850284730363577
0.3905570597016933
0.749589800151167
0.2618612194276596
0.9087859496882084
0.7921014329536771
0.5839222887234166
0.26925690254417767
0.4768184234915428
0.9834704523209818
0.06479920882331736
0.09959589970407479
0.022011111583327025
0.31148769296313106
0.436625833110032
0.04388122026757135
0.43479823428665276
0.04352737912746185
0.23020050578751827
0.20637357449031968
0.9362920065152298
0.5668236447908424
0.5144407913173628
0.3489238151604359
0.26873923456928406
0.9855831290569166
0.8926950305056786
0.27686497051201964
0.6859707066499127
0.7162492016336222
0.6836720710944274
0.47800800490508255
0.507456027531849
0.9650593443860893
0.47980718736081507
0.8112818010936234
0.25785979377416146
0.7090487913346608
0.26347609069796796
0.0028027838631645707
0.24029327942122813
0.8656919564184311
0.9509154876416587
0.2965138967777997
0.32128643420565106
0.4776274577250046
0.92807455301517
0.4064387493491708
0.08440668574033716
0.304588631502168
0.80211222881047
0.5000775061952778
0.4448423715566042
0.9538683647087597
0.6259109048126825
0.7478364941560874
0.04603606304451746
0.7820520091430887
0.388690779836244
0.0780514974162354
0.9537001219713018
0.07420085322845082
0.6108763038094334
0.5713828921154407
0.1252114525910416
0.8947981959946153
0.46171251037478545
0.25031640629801233
0.21903142215996707
0.060034041516958236
0.14048818955793152
0.45879582279012165
0.48929941287736434
0.6527736384058459
0.4424897583294377
0.6652281374787832
0.9191087654049035
0.016555933858921068
0.7235840483714049
0.3106819377227412
0.020565791001604716
0.5159958391401912
0.9641654886975102
0.08620654831597352
0.9766125701218104
0.03418832294838303
0.5786200712650711
0.22538115601612452
0.5172799659612421
0.750418472967093
0.1559566071096422
0.18742975843538312
0.6018664223055545
0.13571320256232877
0.014916822639107763
0.10318696685074025
0.14595749626528765
0.9778904949870668
0.7979302153289265
0.6807627542158626
0.5616845309301235
0.947555666309605
0.9211071841591804
0.05040675427648844
0.46238569019875964
0.10026656188743999
0.36781118617494823
0.07380816262239709
0.01418452921399771
0.23160998261119325
0.47635804745397015
0.9534871265990497
0.8838111000114958
0.9695084876450444
0.8622134812946723
0.7639746641392319
0.808214185830369
0.8525402914280209
0.8930383405962762
0.5149322657221568
0.808575633072431
0.2309119364198835
0.6964348190321317
0.6630694276758423
0.35269296394975014
0.9168620184420129
0.870397867283886
0.8491899494419741
0.006850433930911004
0.9866375429322416
0.5265382102300658
0.024764744736464173
0.9903002917091357
0.07190621392501084
0.4163757677901375
0.7986213939215129
0.3947874220211637
0.8538331207623308
0.7491127092797412
0.8968285731931607
0.5231026969660258
0.558134139385157
0.11873431188947181
0.7141177945512506
0.7533177040977382
0.5845959146540116
0.9771664244914322
0.42377793019871535
0.40555449629141804
0.9423951198543067
0.8490188938685157
0.5507547530914535
0.2471539400925291
0.2908437266160514
0.6058949739852881
0.06816913394640056
0.5194740535572262
0.9422418735325939
0.4122328406389463
0.3720453389641031
0.9835268539317502
0.9797169648679456
0.38090761442804355
0.4539499774139797
0.14066739251134075
0.5762259974620859
0.17407139176407105
0.3237555818436961
0.19200661336433777
0.9189313663449604
0.3173436361723738
0.985125214616373
0.15310328128643924
0.017521044749564063
0.3057322972317218
0.31613053126310386
0.2904649838003621
0.7063437133497051
0.8722637639978461
0.6527380578243837
0.4573176851393327
0.8172707821335015
0.19720412243807262
0.5845859059609525
0.4517970894363039
0.682265668813517
0.6183258955469496
0.619885509807504
0.22373252346020034
0.955124781814558
0.835511523188352
0.13526794757348226
0.15989321219240815
0.9696829292690619
0.8858363193069297
0.32770164357582054
0.30738573246138534
0.1625914626735948
0.5145542997111321
0.6305137244029129
0.30257980090441305
0.01038005535130937
0.8284044569911543
0.9792493725701116
0.9491912891750302
0.11480640299588685
0.8267678467105126
0.9917852512391593
0.1498593672341232
0.7257017609178674
0.9343362447893172
0.7899840967866634
0.712560519252303
0.23362902459105084
0.611168397312274
0.03347514803301843
0.14448796771282268
0.27884093100396146
0.6013171668885361
0.34779453529420634
0.029368016828508092
0.6511066309114174
0.380354072873334
0.5744499636364621
0.43817120002350685
0.21939960051120322
0.8481226461794439
0.8387179891963349
0.07426275102929603
0.2654579661233063
0.7127426688965414
0.6857133400642785
0.1405270930105612
0.9113640397734009
0.973376849345221
0.18607149386657573
0.021308913277754415
0.9296618204810674
0.17473380634203728
0.5277521216220272
0.1113434833457938
0.009138065230470227
0.9736950523897223
0.12011124868005563
0.2939454087381952
0.9005550419641744
0.8768827871482544
0.9386059097929778
0.2954068603836324
0.048143066245021515
0.5082525088670852
0.5802473174670268
0.31318278137765987
0.7808646623619464
0.19930709400060986
0.911756561723292
0.11703596286604234
0.5249543577041271
0.9141609364064552
0.7401298561713683
0.6480140290937553
0.9767752541201165
0.9664460609299411
0.8206607606172035
0.1958241296309592
0.6394603485172173
0.7301428103352118
0.26998742572857704
0.6640506937925332
0.8244727544527769
0.5927477191925725
0.8220369823946788
0.14126147046505033
0.25040116910620547
0.6696103735899833
0.6305075926320667
0.6407500170655552
0.5386328617735706
0.09122532861045174
0.8616001030171658
0.7567195393565691
0.08684404127902501
0.08578394148992319
0.2308638712438622
0.5831476374023481
0.3555340977894018
0.06490393535790628
0.8913252829624576
0.3472719774526871
0.22030545063268758
0.29156367480849654
0.06601286105949222
0.15694400446563483
0.42240071714861094
0.9541891795794686
0.9619411849215114
0.34441360281747824
0.6274088597881572
0.0689487132645672
0.35986804033648856
0.744636298429933
0.417617731431717
0.09316626787900184
0.056896774680861406
0.7286712750427305
0.9359911342298973
0.5305500979458119
0.6424903043534503
0.8128790786410943
0.6870296321173381
0.5880232903292567
0.2353092489815397
0.5785857321063155
0.013507539968158455
0.13009229605279393
0.03828599061103333
0.3375799241787464
0.482662043895847
0.8991249758823084
0.5276127905553757
0.16213125382297766
0.10963391990709781
0.23739793346988325
0.7686604208778597
0.6614852810580785
0.31600073818847363
0.004846613468856065
0.5810423599880972
0.40989444953175036
0.3579679514957528
0.7023322953602573
0.11432943401816342
0.45303775124968226
0.4226808386439662
0.1264565879745635
0.9913252254978596
0.3138125773262763
0.8220936101898167
0.618632149076684
0.030530053986868366
0.4794211177308306
0.28578609802659205
0.6822534128169895
0.030221916148313932
0.6331134245239204
0.4094393707460444
0.7316738020248269
0.05686881870989324
0.833567466982362
0.04652183131305254
0.6313098621067197
0.4073487980634214
0.6487364187770304
0.02455480927050635
0.05715455305705852
0.8467688487872586
0.20587071243400068
0.906194774231098
0.8994395674783415
0.7131739157601427
0.7837171529403146
0.38853969899216534
0.9456555696405067
0.21902649539303864
0.953156834319501
0.9777592489926067
0.6936791472647298
0.6265895472686557
0.21847884545615692
0.759927730182594
0.3654738628166043
0.5041428738134252
0.03984399417845674
0.9284958469088489
0.4140412613609865
0.064439667609975
0.9081343526972405
0.6038381008291801
0.4131383749644627
0.769778618958233
0.7867621108421472
0.29661899250943813
0.20057537790255175
0.9508196128238993
0.43889039917008454
0.5229992584263942
0.8764389248817592
0.2291891865983503
0.07295238452408626
0.8295627369310905
0.7290592880123915
0.605136537137643
0.8686647343210941
0.5168422633887196
0.8473539386733526
0.917264843605109
0.7963374462504326
0.5978530558520145
0.3148575383525495
0.6530968283543045
0.29666271289532575
0.3572083416099773
0.34284547037490576
0.0024320607311338893
0.7342391327658977
0.3899075464085353
0.6321306896089732
0.38180382405040814
0.13086976408269457
0.6368102005119044
0.6092459085037417
0.38271898527469483
0.7996555356943912
0.2790635341606166
0.267481643013432
0.7401677433505632
0.9095350214807252
0.29099456631341414
0.2669656381380501
0.10446856370762503
0.48566057437104615
0.4109285415596945
0.07803324371806397
0.023666752471935615
0.05281417885822304
0.8353235057880372
0.08151458222264862
0.29923931547169824
0.2104563872911266
0.7964086080646103
0.7250128562392774
0.15923835121591967
0.7274516718352969
0.46037589567321335
0.4725414640937282
0.9261365016981854
0.9098650974408516
0.7012249057590878
0.20391668935424867
0.5383202149298367
0.021305367294298216
0.7717401710364903
0.17162329300396206
0.7937293131047566
0.7419261750645908
0.71750991212448
0.667134300263667
0.3587370593517989
0.878875803968005
0.7066922668331599
0.41342160691357244
0.9775423785705065
0.3255763161923809
0.8475659008530761
0.39936845172362634
0.27843121181548103
0.0574886871925232
0.09784440429011032
0.42874422226712194
0.9751685601280516
0.47764822339518676
0.8812560211910853
0.7746908061470156
0.7724921631180932
0.24304320873587648
0.8425488374720432
0.7382604443146348
0.4488696191078485
0.8017327186248494
0.06243434289063632
0.09190284859829578
0.8125509683583313
0.5884474405635921
0.8131388811717511
0.6432908299967562
0.8066951138140639
0.1764293549487771
0.9787521869793643
0.3713215337225869
0.6243694000838885
0.920613228425967
0.10030248666501052
0.930518456173977
0.8964527421690552
0.5003091680691489
0.8013887454624766
0.17662712607431763
0.9667756151327128
0.36503898246941746
0.37259228841994385
0.6516497834256268
0.21103578729582084
0.03848707101185256
0.5313679473394655
0.493253127508258
0.9926899411245403
0.8808397735533244
0.3192524419583248
0.6152016625623019
0.9019167650534214
0.7656563148996359
0.3663484209250629
0.9486461825788925
0.12206625701138651
0.2838067363120794
0.31474131394351457
0.05328600755082413
0.5960925139530652
0.026165968896048164
0.24152494795242696
0.25434833124773637
0.5329811945466344
0.3284347045739412
0.20635769079106925
0.6769802675873566
0.26056039303006673
0.40983163469165607
0.3491001701887907
0.38025913694046676
0.2800556212340909
0.7991832290735529
0.9026675721296649
0.12700840422948567
0.26008089343796315
0.08918887105183826
0.9478494591809239
0.12513074847289918
0.941701525714975
0.9019022659578044
0.3203879547012032
0.005754917360903611
0.20332751188986165
0.7428620918165291
0.0910694233431345
0.9555064783134782
0.33473554827548746
0.8987663742258849
0.2035168907057321
0.7011835618408251
0.9419973880384156
0.8790327775462304
0.5147234122354212
0.41864936744089065
0.781657835691973
0.8527745582776836
0.8483647935605713
0.4011781913018565
0.2793011844893102
0.8784994824332195
0.77492717845509
0.9362288373543306
0.6790152031358542
0.978931603969508
0.7030876525860464
0.39570275918950704
0.2725864948413369
0.17434120134284625
0.13968157520802993
0.7594042036380728
0.40068876603583137
0.6672004610647975
0.6944098408783842
0.2774787451753886
0.13614610971972807
0.7768853183097514
0.3542728151271123
0.019539297785176823
0.9588984474878601
0.15799013824397823
0.1894035283933021
0.37727081597576706
0.4408448188351871
0.4651399569333605
0.10542366568936534
0.5529566955597613
0.3588308353770927
0.7865060763107382
0.576895010060371
0.22144673609293664
0.15603876845554088
0.31404099206062475
0.12977477604494503
0.13448883839258297
0.9397908911428948
0.37773545260818375
0.5477553591300662
0.9667954265734525
0.9024347606768703
0.04441133529393815
0.1592550556002431
0.6569402794792623
0.052307165958111024
0.9293527705704584
0.1256100880028449
0.7610396895724827
0.5998463104106124
0.7390484076526105
0.21578469823925583
0.7859542325862671
0.846464374000711
0.7456421169043181
0.6767696206550593
0.9589636183157976
0.2704965020218132
0.512019646705553
0.7270059874475563
0.4889010211219672
0.10448496771667759
0.7908924213963537
0.6545077437763552
0.02636199769146985
0.8927388375095717
0.5872284909362324
0.4417681634516385
0.573124665301286
0.01968937224975853
0.4923631836425626
0.07785314363006257
0.7786583885312214
0.7806091736991317
0.9287926073986889
0.7520986801818279
0.3778852423504133
0.696873970924092
0.43497852088266775
0.5296832429054205
0.0325747631103267
0.3534011102362262
0.20245243809496738
0.8533711318062549
0.33561918216551545
0.7813274870690455
0.26820071114001975
0.15672480822106982
0.645872408773564
0.4978056543866204
0.7365716918957949
0.33189510936731437
0.9229438874204442
0.8759963133976936
0.4387667563408786
0.7184422376811629
0.9575076854547059
0.36003993853629723
0.45829170742760383
0.8932502928270664
0.4951280523859032
0.5371066062636337
0.19898875747493538
0.541310292232724
0.6543039900423654
0.46405090906058644
0.7735126911829588
0.5647266887654356
0.4707325807337853
0.5527544461461084
0.7016405344275568
0.8952750638830732
0.9695385276069564
0.9082714529449482
0.754154991767191
0.983255496778543
0.7056492545694555
0.8192633270332091
0.8517268926376625
0.5163106010783364
0.258563016344981
0.6582793720820964
0.43848313152109064
0.16139593180225087
0.20404901414335075
0.7363524605960496
0.6670271614916445
0.5491538809885681
0.24757433563675246
0.5651786893931906
0.8608013184884001
0.4186246056360444
0.05176101582592163
0.7932379265774291
0.3927106490162787
0.3936972645968466
0.365122518532046
0.6283100442957326
0.7098977535938884
0.23476259858219917
0.24476821898101653
0.7695794285742787
0.5188262656548377
0.82753962702158
0.677267326468589
0.06897427526113287
0.5128297988486155
0.7772282583024334
0.01034315937595398
0.9935135008640789
0.765111617992518
0.4777977195642331
0.6812440104962656
0.10377194639091591
0.6124229180035756
0.2215866113371081
0.5233641639989363
0.11446398203025077
0.37280691491422446
0.4214105792126899
0.9354415927761773
0.3531631227220322
0.7449519583051051
0.571575779217759
0.3144295826183846
0.0009130343910661587
0.626969576309858
0.5016919990015934
0.3740946081024017
0.3952056700791853
0.18202398015422372
0.34638702872606353
0.09697005216462673
0.8982460057599548
0.9846236643765076
0.35330430786188605
0.22945813523623004
0.9451529444339243
0.1547001294611966
0.4878117500438852
0.3232992670484848
0.4128080258761314
0.7897813167387026
0.9912408315320606
0.3965393620609169
0.504171979114715
0.016066780826512916
0.07104713144821873
0.17636550208765933
0.8200559469232265
0.25245192397057403
0.8828841716579195
0.018683371451628905
0.1926543803012305
0.10140060353263092
0.5644913316357922
0.9557701571689282
0.4097759159915467
0.3301603470691684
0.46493191942600676
0.20181676151471084
0.8199319574090445
0.10757075566053231
0.5656054994270134
0.13538169276929435
0.05864931914726301
0.7046717604322009
0.589603447915838
0.17337038718220332
0.8747206928952924
0.8677233978434421
0.6728074191717441
0.36531780516355883
0.15270506668517747
0.009919818988332163
0.3015865161047002
0.42484896828663155
0.033822547805800074
0.8697591786904025
0.5399135720974737
0.12170238679366319
0.667574483437034
0.25267338708280396
0.04517313001934675
0.5168744762230104
0.37386839191069243
0.8820537036210174
0.20401060765779033
0.3353804886214816
0.45876458910501405
0.8523174015261783
0.6623983279574474
0.07386098246487915
0.06539210277080398
0.5288533350567572
0.3652769632191145
0.9633627902495489
0.06917734220722105
0.10056680546040497
0.0359021154624406
0.11564170287941022
0.5724375357971392
0.3348774408696289
0.934590922495666
0.6971525695207424
0.04696525356266068
0.5824828649735998
0.17754941252801437
0.1525238215942879
0.8227596119227502
0.5882323424270349
0.8747493984189619
0.760018446203588
0.7024852741648177
0.8490767403969104
0.3400973865070368
0.5145264201742227
0.17767856187755748
0.2761529181950686
0.35908587950956117
0.626244504331413
0.8221882957843651
0.975732935701136
0.33891835541990056
0.664976829664005
0.5112424751661615
0.39355254299449516
0.4465841138196348
0.25380468163630554
0.8918444318424632
0.4559298180878
0.30967838167163964
0.18102142498847928
0.1106580617541334
0.6459161997931872
0.8899581851620663
0.8626187126833466
0.938436535480757
0.9229468313119074
0.8136915795496239
0.8521400253420276
0.5488075880217472
0.7583674843327346
0.26940193121254696
0.21911153095277458
0.8659167231557169
0.08476901656918157
0.39958840141310104
0.7853939998383457
0.15092574564557604
0.506899339927692
0.8559236178507892
0.6997161609164452
0.8022644352488559
0.09498568584916578
0.6426694124788678
0.422853886278699
0.7069283311480277
0.2847051208499707
0.3951650085770261
0.10359805735536942
0.5833272327399658
0.6578098348710743
0.8644806942262657
0.26201081464210274
0.5837279362159011
0.48301083960914937
0.8004526595192544
0.07505377746645081
0.0042183686965610034
0.012393113257397226
0.5368626563261873
0.753637788405305
0.05176642635630335
0.6181610943580501
0.09480487970207763
0.3387704406591502
0.9473913351658064
0.15524499392705027
0.41914044042481746
0.3019345752513176
0.9426966725535667
0.18335397318962576
0.11240735729044515
0.15132369628148667
0.5732915352044143
0.1556510646735748
0.8808282763063896
0.35829325230184716
0.45286441403992195
0.2731495502675134
0.17471099942572055
0.30586801904880745
0.10355447420024222
0.9556010801900421
0.8231903144087025
0.964827399394232
0.8536798482256267
0.14544235850000642
0.6570701649038914
0.025303907454146124
0.04620604930487404
0.8226502240687098
0.7593754043336807
0.24751814917866843
0.33113993266902664
0.5974792099790893
0.7562523828738229
0.8729854516769805
0.01171294669668177
0.49154533461244154
0.30639677579167335
0.2701276355535599
0.8317529775281608
0.6766658569295823
0.0653277468737905
0.1927259759373512
0.8871006067913992
0.1626557515078244
0.6211128642826726
0.1880660296352824
0.9960437663948546
0.09021458370483493
0.5567871707680793
0.935186522145924
0.9000752466464065
0.6135916645276785
0.1267741931254538
0.6627878238330293
0.01270869719535983
0.9959665783438681
0.6285062891628267
0.11102739617412372
0.07417817004214389
0.6757510624206221
0.4855057327890425
0.6861386685407075
0.9704012740380933
0.12636637847901344
0.06377126301805103
0.8675611209329178
0.3373116471187
0.894024823242136
0.6615883022120129
0.01102953828049369
0.965073711752211
0.1806215895517671
0.5690588412553395
0.24773920919999737
0.3248086092152168
0.26970399949227086
0.98316810393624
0.31508540037962374
0.5374195849672424
0.29035005953644644
0.29815130546959423
0.3829381968271397
0.8308853692230717
0.3850468553550833
0.9889269079580488
0.6522610993504792
0.3120218793671411
0.03004924454324953
0.9490051825479785
0.20937893489977166
0.5270202025893062
0.5669194400352182
0.9809622880279031
0.09173251745778455
0.4275254575850308
0.9287778550365355
0.5327413803904938
0.29730528846628534
0.5845636606792246
0.7516863935898661
0.3534231565726713
0.709226150368502
0.7407249928879627
0.48561239753122964
0.6072522419604333
0.38135210750005955
0.8149203951535208
0.39480184466957946
0.8454183144718665
0.29410543179947735
0.5737746195883572
0.941621371133912
0.3274372407928662
0.8001222576524428
0.24711906567687447
0.41190222285897604
0.8913539117632393
0.15255421870203978
0.963642334876274
0.017382460692402457
0.8384375154183057
0.4310479608668112
0.33457743116710514
0.42107332716999823
0.38697512698718217
0.32993414805130594
0.1625632874222187
0.644605777381566
0.929093784045531
0.597356361556792
0.11586759786057299
