# browser_rnd sample v1
ua: Mozilla/5.0 (compatible; MSIE 10.0; Windows NT 6.1; WOW64; Trident/6.0; SLCC2; .NET CLR 2.0.50727; .NET CLR 3.5.30729; .NET CLR 3.0.30729; Media Center PC 6.0; .NET4.0C; .NET4.0E)
appName: Microsoft Internet Explorer
appVersion: 5.0 (compatible; MSIE 10.0; Windows NT 6.1; WOW64; Trident/6.0; SLCC2; .NET CLR 2.0.50727; .NET CLR 3.5.30729; .NET CLR 3.0.30729; Media Center PC 6.0; .NET4.0C; .NET4.0E)
platform: Win32
vendor: 
oscpu: 
cpuClass: x86
language: en-US
hardwareConcurrency: 
deviceMemory: 
screen: 1024x768x24
date: Fri Jun 12 13:47:38 UTC 2026
epoch: 1781272058398
count: 4096
---
0.5334601704203321
0.36583205836577803
0.6667193192223885
0.38290386766263495
0.28611194367488
0.44907332222956236
0.21092784062582925
0.9185890760462797
0.22440465865035725
0.8532856986749226
0.8462230210211669
0.9622578627276507
0.7886591861651035
0.8326335283272337
0.28555290600445193
0.05678168665400146
0.013128920493553408
0.9928857967085278
0.024014876949633
0.5382128051548207
0.10869238792269792
0.35483615883331787
0.040887748687987724
0.638881604727744
0.9044717784560513
0.45503178751277007
0.9293305564854831
0.3221537140195963
0.16305613145753
0.6032260393994682
0.6954777492405288
0.05859427145348445
0.7459223958082689
0.9169471293974394
0.5711995808174071
0.019888353677209702
0.0988113664263584
0.03580086816476946
0.3185855172962156
0.71471794140116
0.5512295776011808
0.4816027089062886
0.6692477154287677
0.9198973085866274
0.47991244560767915
0.4751604619539359
0.7378303689364036
0.8704205705038528
0.47299795576479275
0.6465058941547417
0.4766501565629629
0.06367645163567481
0.24982401228877554
0.4825997831333774
0.4971818029985991
0.7059369106178426
0.24067721879454285
0.5450116710823505
0.8741419090977875
0.7833279597209634
0.4114841053929819
0.4598021267244905
0.8692133337976088
0.9748424086580273
0.13035069740560845
0.43281187434693813
0.8639914795472748
0.14155601729773803
0.6160197536802702
0.5757885810152754
0.17552268197412735
0.9240598992182493
0.7827294405838074
0.6422589958365923
0.8428442928942046
0.05922368575353343
0.10162116085355693
0.8667801747972479
0.9192248485892704
0.3877555806376095
0.43575817164416847
0.4771806831092881
0.28234189364182205
0.16562691913327204
0.673980965245387
0.10662875368823304
0.4834240928067286
0.2152802969499184
0.38823926245115053
0.7708411611418511
0.6964233062603438
0.656642237597306
0.6697045380816506
0.2954731067014257
0.3995712600499536
0.443312515094528
0.7608810967851342
0.07970596909481303
0.024214812857179302
0.6959041173711333
0.09409787477750553
0.86427629983963
0.439612514503665
0.8723592470684035
0.8711769200309707
0.7356660778368073
0.8074143407072206
0.14416842602906354
0.3747390395368707
0.9429006819957086
0.035835889319476955
0.9577711015067114
0.7885205349973431
0.22937779111092826
0.7910766466916115
0.6520181593109506
0.4222396692818896
0.2893767248291177
0.7823218536812526
0.17542771809707247
0.8859650863290438
0.6473745966695399
0.8267057855792831
0.40106770028085003
0.9396026126677287
0.7280219495580142
0.021904053044957516
0.2722498922493371
0.4550311405840226
0.1356072622265368
0.2065608219569613
0.028821853301425115
0.1715819606146587
0.19406624017255103
0.7725466713030683
0.06169464715132189
0.6999703230637615
0.6120683537294167
0.8080812541154773
0.5223459444134784
0.5354518756636215
0.7324396656236868
0.49704440355024465
0.6743894004448814
0.6778907966999244
0.20115751922894037
0.6773382251820883
0.1159031772644959
0.8245903238503277
0.04837926323002728
0.46995158133257914
0.4240615534332696
0.0011507807559053562
0.11244374192576933
0.930418008433092
0.47771554735145144
0.9262838891613798
0.45751082762593
0.7456464353318414
0.6989197878899068
0.36842641327267317
0.9364808125396011
0.10164374149360145
0.7210045148976302
0.24516025482991371
0.3330621016140335
0.9814369293336135
0.5386432083897008
0.24086015874282718
0.5803322283054824
0.31754181067708886
0.024467735403427226
0.27365414782935315
0.3978635585317653
0.6196142957170545
0.8071347009147147
0.22969603886523004
0.31546193638088177
0.9254591842718203
0.8973480593667532
0.0009133419986419033
0.45879296760402355
0.18236068023815804
0.12119467173236342
0.01180792139174458
0.6606468793737553
0.4557378017288561
0.3742511039382911
0.10155086260954438
0.4313201740354544
0.68341686615676
0.9452714367150905
0.8395271486437308
0.07256792841324772
0.046352365987513466
0.6748675223255601
0.09564957430215631
0.7518081325776204
0.4104166680183827
0.512444548034291
0.9611757146327986
0.6667351428468109
0.7089177911792868
0.11375644134909457
0.9214254926396037
0.5252265629945443
0.5817939986687861
0.4817972650674945
0.5187112611876009
0.4414039084577719
0.06497247040689818
0.2953460551289521
0.611956057087425
0.005934471052892298
0.6321689353167021
0.49233446017686294
0.738890120647614
0.7271378821112593
0.4314437313234734
0.8793078341289884
0.017379500777647605
0.2591877507233764
0.1301191123228777
0.023602125219828795
0.4843547463062059
0.8346752835466498
0.3842016479338045
0.4514604604716931
0.7639718566115694
0.10102814474725463
0.5822424871341295
0.22316484768101957
0.4810515905258775
0.12375463731308755
0.1786074608586964
0.28535990032224867
0.8915073662575161
0.6642097755292183
0.6274179895797622
0.6110974260115869
0.7883859244448758
0.9655561665648223
0.6559629048695192
0.02973163112235172
0.8603091631484214
0.18781956448873666
0.37517012702608526
0.8216469073834096
0.3285196331210348
0.3214152211096902
0.5147666698569306
0.6069014530989085
0.8693958581997596
0.8782477332046985
0.8920438209130888
0.7922212509719001
0.541218371998626
0.9104639600539335
0.07568419345805283
0.8573811822249162
0.6771307168134545
0.9391646337049047
0.08989573715882187
0.05986092605191762
0.48065428618213285
0.1888574143916555
0.9191371642429691
0.7157652256492586
0.3657795439013214
0.11816020181808917
0.5200084641866289
0.07534966664696718
0.9205705256658332
0.613240362223652
0.024418795849086516
0.953094511861371
0.7413833880736704
0.3677022101595063
0.8269335812686587
0.6951206808403177
0.2842138362341987
0.9111111009757216
0.2892413366459034
0.7708439814984692
0.31035256543153006
0.4680697376023436
0.8659700566224798
0.26111440610305886
0.46544150016018787
0.3307384710701022
0.5586218939451808
0.7816898391151075
0.02418808058050409
0.7099178194644482
0.738184088734734
0.9287442987375327
0.857408753679541
0.09328842776168128
0.5420129144044785
0.16221282770211165
0.2337366808091113
0.984129818197208
0.24687677446930312
0.15312669291180825
0.15524315280853756
0.5198161765912099
0.2475834927713088
0.012693789604588612
0.5443859376992961
0.876613631542978
0.5294057062580532
0.49373116150427765
0.7491118915487471
0.5557804485639419
0.8125578990446451
0.2091577793513517
0.5136054691773797
0.6156978942429903
0.8682669005580827
0.14760740305817316
0.7740884658151356
0.6657358746265731
0.8585174477722647
0.2828229659684262
0.38224064784436573
0.9697846814176205
0.9353431188953437
0.8713452174502444
0.13322495907724952
0.32085987536341853
0.7505719021202746
0.11211053440962265
0.2809649197697405
0.4429146946123073
0.9732250917119827
0.20192345673765138
0.06023606365307127
0.5519703197826365
0.3893069201382031
0.46237194661142233
0.6032971652693602
0.36590134549873626
0.6675116132050121
0.13660450261144452
0.038201221678682784
0.2906900673649237
0.414413516063878
0.65848962651884
0.486590140169887
0.7306899082143921
0.7139949763954658
0.6820303767128142
0.14069107792442803
0.47141481488355324
0.9489059286074726
0.9255075078206046
0.592396522212624
0.8655980547472536
0.33463783209965025
0.9326767856460301
0.11172444594148828
0.11674036589346981
0.262834118653393
0.18244762422432292
0.6276184185599862
0.29909396297518503
0.24624790751402875
0.5888212553730274
0.7509622069522677
0.8790056214637352
0.9853972026377102
0.32446896121783836
0.2978470564978447
0.4097682782391857
0.83575662710716
0.0741817276040766
0.42054413062695583
0.7606076000408416
0.744363868951166
0.27852479757622483
0.6342984648682053
0.7101561515876643
0.546008045453197
0.6633818138476846
0.7399750930390205
0.9857445950273829
0.36170634067048685
0.3676749380998516
0.8857517453908801
0.862065706351417
0.7259642650855236
0.27939896425016863
0.7854669081847043
0.24624388599701807
0.9843538835392614
0.7692088684025733
0.4168959313984186
0.7710689661966686
0.44923362607046
0.8711517953168211
0.3601418423026369
0.7941301084049286
0.7789721431043433
0.10173628911483673
0.30449185060373196
0.35781176395391956
0.05482785900606263
0.5313827628645921
0.15150432167656852
0.10359064183534772
0.0696747681397406
0.4264011012989496
0.5727551868650627
0.8537986829964105
0.41405452912414386
0.764992621738595
0.842586884530887
0.07499420732704032
0.047573228009635426
0.19737528181485336
0.259366863269799
0.7193093306738192
0.17745101162931215
0.567982661201974
0.49317672751444036
0.0036189108837342276
0.4310713742347505
0.9467886347519686
0.7535173252066891
0.5311022526200315
0.5056660987104479
0.2271612283119564
0.7575290501192278
0.7857460242932157
0.7058108737058347
0.7392510178529356
0.09739057380176047
0.4375626794071834
0.03819578010693042
0.0007705244663362976
0.7549735140018716
0.08477581859318928
0.823173717356487
0.6811229741654658
0.19249447250814694
0.02895033613371839
0.10387913002696924
0.09019021351024675
0.6598199125210118
0.43002144700967914
0.48624815898179835
0.019691170407742375
0.10224350877596322
0.7204036964084644
0.42706080877274055
0.5628737930598533
0.32696955744834094
0.4708374572016852
0.40216426938857963
0.6174049112849991
0.8922002243933359
0.9953566989769251
0.8333262273536814
0.136674226454632
0.5196383403306829
0.8587389706160631
0.1297053376290755
0.8363298890988491
0.6993815821064084
0.10702440903463051
0.7087157828598073
0.985714954632929
0.5555979419332169
0.4801678144884073
0.40110142743851207
0.1179755012169279
0.9720365007358789
0.08561376540831827
0.21632432090981934
0.9779625580997571
0.43834134468163693
0.012561923690681153
0.0469113690571521
0.7936519655249361
0.07130093443130658
0.14891564605534296
0.5241920876595496
0.004657341018427796
0.789578886840063
0.026384145224467803
0.9028992524133361
0.910513413691745
0.6761365010380411
0.8639345234472466
0.5483934878729924
0.3117580591662006
0.1494711660793906
0.10576684824226473
0.32781189183798825
0.10844333020539215
0.682959150702005
0.6572120205189794
0.9652297439034039
0.9935570898625801
0.46100497529354373
0.7104284537692445
0.2109634363204851
0.8329384983841772
0.5413640026217654
0.52150053816687
0.4964319695271084
0.05862223208282924
0.8049185894941898
0.751518171523903
0.5985332564749468
0.4191477207378482
0.21735258402809732
0.016443179295154986
0.7212805634876844
0.7282214236894613
0.7015825903666697
0.10404527780214906
0.31748357652478426
0.8322215903670875
0.22546886379608044
0.910916375087458
0.9195475074736868
0.8773866273242101
0.5462425361418305
0.5285490616357695
0.22600289679288504
0.09912958450157722
0.421250057724906
0.06469124106264001
0.6991675814209954
0.7787731309150492
0.9940296447400645
0.7246657471127949
0.969381626576496
0.7171005966773721
0.4953988102319801
0.39707015427308867
0.41254487597198136
0.5594704808131485
0.3611458835239178
0.4892486643570202
0.37022598407005713
0.5738433313907598
0.3610826810677266
0.04015453822667664
0.6154007528183221
0.030921341943111413
0.3586295032304108
0.20169786157020641
0.8319166539955618
0.16470274850985356
0.8757674263136774
0.024400395319228274
0.07206965138610599
0.8021045514101547
0.7251075398045963
0.10915545671125082
0.3842182260760831
0.14190871678548655
0.5889900954025096
0.09411755473227445
0.061148821809545784
0.8361385146612523
0.5749412136720771
0.1342229845457834
0.24994581933036408
0.48107325373245674
0.45747845204907023
0.5005691346047417
0.9854083267725829
0.8604613037761649
0.5281707986007829
0.17785691470590215
0.06159503080811457
0.8000925671020461
0.7190227520069174
0.8703272125103869
0.5398675598027681
0.290743677765889
0.9386659604702467
0.1400986970763391
0.10684160256803771
0.6156100628753177
0.36650627005542074
0.4965412589289786
0.9419445369150234
0.5786912242669666
0.7868879183065481
0.13129545426741673
0.23181684493539134
0.5721967026361757
0.9135006650113029
0.6507752644131007
0.9775841458597341
0.14389195054260873
0.053669744550842446
0.5964677706233443
0.2810653104239478
0.9294048938801447
0.3928326832030854
0.7630700965121289
0.8672716732027135
0.29986550455261845
0.641420907325194
0.32548052988814974
0.2030907675350257
0.8418521359303709
0.7795282035206428
0.5678870730346088
0.20583784937084
0.8344702981237164
0.15916237538891886
0.5716734558687628
0.20039680863097553
0.2174906534455734
0.27953997919200596
0.5635892616335562
0.4799616313080751
0.15482486571915538
0.13779863814360915
0.751607110777161
0.5529283981408231
0.18921948233531993
0.17566532899407067
0.38311654817526
0.9172769666009498
0.15689951104709804
0.49203265963152776
0.4485810763716071
0.9938204755033242
0.48499489361535663
0.17206009207115647
0.9235107864357244
0.6709898891033879
0.22993473519412832
0.2953302120178041
0.6925802551181162
0.7663599824350722
0.23159571315062255
0.42875490162768814
0.3319473807844258
0.5939119924795703
0.05584247989691926
0.1843398347438277
0.739305714743667
0.7410674848082628
0.9771996798637107
0.7275802295046849
0.19592938715681152
0.10581679933277083
0.11374658650617014
0.9591744662362081
0.8209461288862935
0.2218047326487273
0.9679270241020854
0.4609063798409098
0.5353005175028298
0.9080250164595125
0.04981867934447903
0.19596130355779312
0.591346345246991
0.3198142652089055
0.9635076583362683
0.384604596981011
0.44373315908994815
0.5491251305670404
0.32256559461549233
0.9380658437528557
0.23822905571747582
0.024597475406881286
0.12722807620062454
0.32663570052479634
0.4773478720790495
0.09573543557629865
0.7837249249191556
0.7823965840418463
0.48512602910821833
0.35053724431144556
0.7753143483236728
0.29267238660294226
0.1381203389159183
0.4122138825184722
0.10492448388073183
0.9271964799041412
0.9556749889842057
0.18817149663437288
0.020907396641227427
0.6601614108328898
0.049732292286642776
0.8032218543231516
0.21026239133357283
0.9977275003684438
0.6229385190017589
0.7390238363386505
0.5977867381989086
0.4022320714370035
0.6735224436084202
0.02304829748437426
0.1249636766955664
0.7162545173850108
0.31640115648495587
0.6628976319502993
0.3989990999294588
0.5328570477892625
0.6621938084189293
0.9056002719244083
0.900269843934214
0.732734671158972
0.5093009933050507
0.31653966225374746
0.5155480395320463
0.21467195699320402
0.19893361082324062
0.11896623555753277
0.5247176496628417
0.1826186830122074
0.8589519634278921
0.7125796807825312
0.8103008137515096
0.22085983649429325
0.9196020702291712
0.7984584713256773
0.981963154057997
0.7881701421690497
0.22271311756627943
0.07765207311521377
0.31226882662511174
0.6925068743512439
0.26564619665069933
0.06204061930559773
0.8653075978890479
0.5697091299998565
0.12226114998393655
0.13860594676184584
0.9664178580165634
0.3828355169383681
0.36539506544841005
0.6620467626376438
0.20908103496487795
0.48318644281101053
0.8788223177005596
0.5157098313761531
0.5241642969714657
0.8297212794287714
0.7913925897531684
0.2770983167231476
0.44704026211282283
0.5504945420221029
0.8920201922332617
0.8517571763418665
0.6097137105990927
0.1478995192156305
0.791424145957991
0.19812483888965354
0.6579370616764166
0.2989216977098238
0.7849952984421936
0.5559791475686407
0.24739786498124394
0.38226842684085377
0.8408933573716673
0.4123951532573389
0.5084131086572905
0.5761553761282194
0.3884529949339892
0.2916706162480402
0.38516666664882953
0.6136943642032031
0.6142051641763906
0.33946496388520164
0.5533779039397892
0.057241162096196174
0.786295855481778
0.5864359121855561
0.19939095858769445
0.258725987154401
0.7228115481128885
0.7229472205452029
0.804025672216425
0.009903553709282309
0.8954967606290934
0.19396037974545477
0.21613279205124447
0.2546232859805903
0.8175760214088594
0.4320114511811343
0.7236478505483437
0.13463484203543446
0.30286890305706476
0.08621412648519366
0.5340390895149298
0.07110774618438492
0.9031133266052991
0.17651842598323658
0.06139715460770062
0.5459582083609302
0.3313891505755095
0.20499408074730602
0.6840151449615064
0.7402401169674542
0.9617603487631104
0.3896962591019191
0.1841595542381828
0.21127152359232715
0.5587307281734455
0.35171071475787474
0.9108341711300614
0.3458316508274635
0.23483477238625255
0.782264279403996
0.8166903949750275
0.4136778147424658
0.2606617263195744
0.844325679884657
0.911839127576179
0.6637954842085387
0.7588374659173722
0.32191095138343256
0.35017100833664544
0.05520894643643243
0.5019655422345766
0.8203464759106932
0.31789308760500523
0.8948440561466886
0.004255025559337988
0.6420319578378868
0.12934189479229408
0.8668484935413301
0.8475395713359646
0.31478460586742646
0.45173429224291084
0.6809391268159359
0.7146186438178403
0.133634885610527
0.37836884829494355
0.8417602597235145
0.9163282965555298
0.4919832898543929
0.14889247340976808
0.8469002817407178
0.2934755892321602
0.2243165850302149
0.6755982590206802
0.45812858567521003
0.25074721566470703
0.6602210962572517
0.6763221809503159
0.5585785916137267
0.33692953346978455
0.5982196033713407
0.13735780301631123
0.5080167192749344
0.22425365372505385
0.9479976569234727
0.03390985587411405
0.8390013172100439
0.15940595637261384
0.36087381139517654
0.7209588038252861
0.5986495069076485
0.9597208076669135
0.7709078284327404
0.17401056700178313
0.6338941020940257
0.41029892846037835
0.40282955251351543
0.30705648596947016
0.6425266595826085
0.48127131225732755
0.468010410142038
0.9241708665196794
0.867986896512374
0.12915543814907254
0.4659885714722061
0.4715244239833382
0.9027728195472219
0.5722264919210399
0.7365977848677596
0.6481938716305071
0.18350973106959645
0.837053678674022
0.666538944061932
0.10699935844934893
0.41013069966134013
0.06182754669746815
0.7442726934676547
0.9307028899662741
0.30228476611851074
0.5118312645350083
0.47840017907216514
0.3042527162586802
0.8180035473073173
0.5133850789413514
0.047238341546887
0.8203598710397397
0.2028207466378708
0.5448199675417091
0.43108497849125704
0.15354501027137773
0.011953171572656351
0.5365129445543404
0.6937082097384959
0.4168948412132765
0.5538161432434465
0.026742931101008615
0.02588359247530886
0.3761193997207417
0.040059781755284296
0.19610296574039865
0.1413416428479633
0.8371026454394883
0.09547726929211786
0.9604307777357917
0.6242772662646517
0.9459906796682613
0.18054986475240314
0.2406964927975706
0.8676117047961706
0.8449632389341838
0.9100575392413159
0.24801279571948331
0.31248695026386924
0.11218590262282602
0.21309847231754086
0.12290928860905259
0.8020112219135504
0.681041729101467
0.7730242066521467
0.5502395415848537
0.9960634612650989
0.48159294160871596
0.2102119334052005
0.03456581647837714
0.9590036989601014
0.8763245040038023
0.026258773075559904
0.3655929214567679
0.2284254336686075
0.07257321642255326
0.41509754512695673
0.4291993118393903
0.9006248553354252
0.08564756946571955
0.6646973428799653
0.9268402109019813
0.5272512375045055
0.49949477687971594
0.022426171856721855
0.7545737594640264
0.9076414919304887
0.22587353168685265
0.5778172083919165
0.7626881619273365
0.18263123563720973
0.698342110076718
0.9283942426790942
0.36788413062152653
0.9881736484268175
0.45397324687014173
0.13737575786903833
0.02219342212617431
0.8108864265713574
0.8535587872389621
0.7664913635658648
0.856291109845525
0.1026863703393402
0.77016855611444
0.5728082775241726
0.9095855449894756
0.15795992347187804
0.43627939541146415
0.7953796358685334
0.23544652047632764
0.2342574367640718
0.2812923468694817
0.825690460723145
0.827158954217285
0.9062874536526672
0.5141067093744733
0.4552911098534559
0.7486657047118386
0.18302710363124636
0.4095220947068432
0.8246722961579662
0.0738898243972615
0.489052967793409
0.742590657075004
0.6593495356479904
0.23940314556555575
0.21373637361256803
0.5816432198371093
0.37228927850303023
0.19743449048035427
0.16573600134969946
0.6985651345390453
0.136222695037943
0.31968761254212324
0.9352597096474491
0.18399841585216825
0.0850574084651573
0.347165337244579
0.8628565160628564
0.465499041016235
0.3905115174628731
0.8071729358896372
0.04103880381974445
0.8182793857056845
0.07825802631788126
0.2259005613847656
0.533823957166828
0.6310175940470573
0.09728231207833271
0.1534607918220306
0.7893233967809458
0.14331698222319156
0.33681891975379785
0.4879841038712491
0.04179646654013114
0.1067504553918342
0.9971482708028262
0.8363517563076356
0.3521253906476055
0.8380262142318843
0.963697850728211
0.6813717913127977
0.8194565738930086
0.43066269398395323
0.6083065481415337
0.9386807676733805
0.41179280563720893
0.47066229814077825
0.7471747670392503
0.08138019630829635
0.8096097569978633
0.46202491195564027
0.3219371881885829
0.38639332640123525
0.63410940241246
0.3095438994116411
0.738458928999373
0.013754318852414015
0.4405118764034818
0.6291787349873608
0.6973700518630097
0.5685187176526828
0.8968265464752316
0.3604000082469728
0.7810173026250997
0.5147103044818407
0.6398319389710412
0.1402541234143193
0.02342616751709603
0.31169636510570475
0.40253342342749965
0.16549659021015106
0.18303031186415974
0.42560958807467514
0.1411563633104766
0.8169943812408851
0.46233951268590295
0.4319117469263795
0.054771872241415
0.14969919160840717
0.9743813273639226
0.26992057840670974
0.5869409444101691
0.46184546478273514
0.3426657357983641
0.33609797873429003
0.7263021502468012
0.5486279197505206
0.43958609978429236
0.5101242388495832
0.18181691778124226
0.9184656804290894
0.41758385169579026
0.39625941615274423
0.2984257069884257
0.20406089967880125
0.8680683400703015
0.032219742644481075
0.9001571527713641
0.2358119969905091
0.15499732664589122
0.0687733855282957
0.6002715228052016
0.7617425865090552
0.713187814875057
0.9554864203006135
0.5018089759521782
0.5959593415214063
0.3758406798304256
0.9815265183451465
0.6269518545903798
0.056753016351650976
0.6014270515148603
0.11515842714660113
0.8598996579605529
0.9158089364446706
0.8069979238623252
0.4615417345889852
0.6654940898712094
0.7215943935738323
0.8831430616253485
0.8156681585941936
0.3546209566643541
0.28284221450562563
0.36523902718975964
0.22575214569487595
0.20745450323835213
0.30215126501446065
0.6662901741751857
0.7021148001642562
0.336898872967509
0.6350762240964001
0.23858080662466552
0.2075783283903937
0.7771206125382404
0.41668037716281725
0.5245204056326036
0.8476141851207734
0.915854948795131
0.3453770652032147
0.08147824286339894
0.7419649159683653
0.05420795493569419
0.7429866047483886
0.321067416963127
0.40418634303751316
0.5739652896505076
0.6202874138039927
0.8902527203692951
0.5815330216303469
0.9199579169300518
0.8689412516442334
0.8398205262319791
0.41483679665910083
0.3638236077571065
0.8735245222318926
0.37516326271588884
0.46650456336977813
0.3055425986196148
0.2914987139247919
0.16499476315956368
0.6344880164581806
0.6904145315073373
0.48430480921152574
0.8955271343754194
0.22105485229903887
0.9716830519997256
0.09936812263041028
0.0008035796898410163
0.45741717593208814
0.9328033617472253
0.6006514084570049
0.27429600298595313
0.5987496740768345
0.5983871902389555
0.12449584804602381
0.37253998312787084
0.2988565686119396
0.40914865845447606
0.8978408454179418
0.05849388034484643
0.3497229906468458
0.8137135698829794
0.5975154122657555
0.4004728884455599
0.028412803750528625
0.4389437824597314
0.45214517753492694
0.0419231367447187
0.23225174898909862
0.04046727960068042
0.5923208818406778
0.08796442278427463
0.3029611379366459
0.506393719889142
0.14002570426067418
0.11654492238365799
0.941383845863895
0.2897342156531566
0.794920060038787
0.3152148185658772
0.8966711825367923
0.77883334005509
0.22293469024178308
0.7689399887173155
0.17727550055647156
0.2801600037772061
0.38172367344901914
0.4800409746928396
0.3758201020680317
0.4840935374077654
0.027881181840267777
0.7882564930790601
0.32589450556003
0.5118797545317038
0.04242693578828871
0.47709488639003083
0.7160498227997261
0.9007212406363659
0.8839172225540655
0.002050753358817936
0.4747453278085338
0.17400501983186517
0.4326395458076399
0.9569283845219911
0.7097241692475139
0.964959773060239
0.7247008269124462
0.10642739078044688
0.7362724298140777
0.014574052038135054
0.5914205505852674
0.05631019494848094
0.2610424813848868
0.7483956628827322
0.017291716657021116
0.9068849803051724
0.10159815212396306
0.5518717743028876
0.10887416463010557
0.04120178482915393
0.9165657382691434
0.31017822726058974
0.9273363389717549
0.5362735759204191
0.2972512694072564
0.2560255225634834
0.07896299471019596
0.553798069770074
0.22881158071959362
0.6777181591468214
0.880798256254357
0.466270234066855
0.36754245355254383
0.579783001412483
0.12269460809263111
0.4050393928435717
0.800574456185178
0.9597713626287838
0.9323901626968442
0.37877896579291836
0.9552431099892388
0.9673786297175613
0.01683812135199153
0.10400091270409733
0.10762698414144117
0.8458143066975965
0.6008638593115203
0.2136610956033212
0.5032235114150596
0.22039441647340846
0.7133266244994932
0.5655656218417573
0.44745911160602153
0.9956171245441783
0.08131437188965013
0.9592025730747997
0.8497068255271951
0.8495218370560948
0.784502002105765
0.6877874115929659
0.6117109298698895
0.07292069479041657
0.9946544652979743
0.0017243232390241058
0.9397949646650663
0.291130742328767
0.5793582455662443
0.7403502522129961
0.12995571085762486
0.42712399508068677
0.08441581683144217
0.10074180555161727
0.625922760829943
0.11755168508747554
0.6259395760382418
0.755529863651669
0.182489254006091
0.6768880054204307
0.5210331504560814
0.30608034055906413
0.7798965839791294
0.6199779086375495
0.06504958768266256
0.36306402356806033
0.5297818226780282
0.6995622765983666
0.72376746427522
0.38335202763046133
0.18917365001494768
0.39289314729602864
0.1504276450577577
0.7603378695990122
0.05624889883566231
0.7803405491124561
0.860424694031175
0.5642009283498904
0.96003834870778
0.7989315916439863
0.10054890448537562
0.7592903535932022
0.7759971430242688
0.9250516385190419
0.4350260604596211
0.6877224097168786
0.40033174484113987
0.44307624655535144
0.8372040106978641
0.1014481936496831
0.39820157604924405
0.5904918273389581
0.6235862831212715
0.04946316901382797
0.6043906386973883
0.0351018969903219
0.3960149168171877
0.4824934108921326
0.7997704178253959
0.33620494591241356
0.26815598675917934
0.524408009576522
0.21285223858922841
0.2691689282064274
0.04404294975492673
0.9777709346534662
0.002953782321230669
0.1516165350733546
0.6892845312350677
0.7803596918862039
0.06998087998436692
0.599474360661657
0.3896453865454991
0.8101423145732782
0.5055524517354012
0.4624282469580745
0.7270594160043512
0.6481181117585604
0.7511729296101528
0.040866148822324255
0.019736890943978125
0.6515918854470251
0.061382999608609434
0.07017870918071084
0.6708787174259652
0.964865066718171
0.18329622340390506
0.3733272047329216
0.4496119007122045
0.8999916878250244
0.25865551208515946
0.5288771614273032
0.9881126167344094
0.45716078410265787
0.8305201208163859
0.3792352514399922
0.42048435590275845
0.6224312108034136
0.4939201733021648
0.7126161381298246
0.011810324233218483
0.47995856511735685
0.1682926547192916
0.9923048143903688
0.8299009442461669
0.1065184350937845
0.189238915691832
0.5780693311832152
0.9976086847799752
0.678043722110034
0.418120781193119
0.4871175862809679
0.830184138466913
0.2110582912424125
0.35023844215301664
0.3757810516531533
0.2099987365944661
0.8863030776047895
0.7658102345233156
0.08814744740345748
0.8800612351612346
0.9575147540407652
0.812700839503927
0.8141533015030131
0.9481063408220312
0.8352313178486752
0.5358209581534565
0.6271863434333723
0.7846357557439576
0.05366293759265933
0.7753480640951376
0.9300370493763879
0.6711432917194492
0.4780803539261659
0.0443946430003867
0.12807728408054514
0.0088572738110273
0.2908373711015582
0.4664764631154345
0.6698335314738216
0.6336850807747656
0.006058016722626736
0.1041104146605914
0.4476607204297818
0.7996461449089828
0.006182711809958996
0.04209771305249321
0.4350122646923869
0.6909315048362741
0.8679823989793962
0.40252498857118274
0.35184058301509963
0.9018291546292663
0.05131312358313689
0.06324229041213475
0.09595166384726716
0.18410654860709175
0.3607978689731134
0.22755357679863575
0.6556761825771034
0.9030425796450607
0.9587866185473873
0.1500818673340341
0.22800877505533718
0.06615356394247596
0.6073592739528781
0.26224777983698655
0.3064062220192043
0.4927586515315177
0.24780063870380908
0.6605267434823361
0.5737241549356404
0.6778821874821916
0.9878903764943218
0.4216266614069464
0.5383111922927741
0.17059188445945494
0.0605149625862208
0.49095460626621273
0.9850683220250802
0.8347231196379163
0.3415229264201776
0.9542172880664199
0.4783204268039693
0.18904147639551322
0.5704084262258011
0.3467270027150116
0.34963598515286936
0.13424709098399257
0.504322541831591
0.28096107691020366
0.8312699939400617
0.7658258537433725
0.8540755248645944
0.08014951331451336
0.2546941808741185
0.644604239654353
0.00020752995356548842
0.2941420059266417
0.5237177432862041
0.8509659304121729
0.16786914998718283
0.9435321340635276
0.3929907743005595
0.38404013266166964
0.951167249747169
0.08899311597069509
0.43522173355923854
0.9837729612569377
0.8207959192681472
0.8550059352884435
0.964229362296528
0.2516446957197466
0.5231858303422212
0.35063746695461945
0.5959882870489639
0.024897631657657904
0.08507005225610453
0.024752402892124214
0.5761170371034885
0.3194903478151433
0.47427782861663475
0.8690198319293838
0.47979587251643535
0.7985962594565472
0.8357322754689764
0.5393014746954078
0.3988910381853579
0.6463154598227238
0.6210419044717437
0.9044853028338982
0.27110120662603476
0.9303706504372867
0.8607398475570176
0.7515548824385698
0.5772307540832007
0.022909563796282006
0.2901388400847584
0.3766612219703432
0.23523369762978985
0.41513763630267175
0.03293409507599898
0.5741906444629481
0.15346120265438795
0.3093564285036477
0.07110009717168281
0.09929847514692719
0.5705844611931956
0.7010847655539645
0.7852916203075942
0.02410529356305091
0.005954179538604609
0.2742912676499382
0.4368732124647994
0.5337286089751383
0.37169631147779053
0.3243681799536538
0.5808654189324595
0.6155498824697361
0.5566335943812759
0.09632844595281342
0.04851024406450877
0.7835928417904308
0.5821607748305156
0.37980907619441245
0.31882219937821376
0.44961610931091283
0.25149086055654196
0.9378157520730116
0.8104055502431795
0.8034993226499922
0.0662286223273662
0.3627449381928533
0.8679822049777498
0.09772878059899675
0.06801690634912727
0.25107159983873373
0.9924891096355037
0.044264912767499776
0.17803987538910665
0.1671917943445541
0.1692676035173708
0.6268008907616367
0.5534569378328423
0.7272614540098623
0.9857816979206262
0.007397601694640932
0.45737979189242983
0.2754738006429513
0.5984659725528914
0.36370752458907146
0.14779415260132672
0.048069622228453734
0.507718096402931
0.4314759406427258
0.3308669769841362
0.4244762885145738
0.5307148295892006
0.24673488769166685
0.7953687394797364
0.8503226460715572
0.32364461406914085
0.08308173563932847
0.9474798019214579
0.2836787086583767
0.2981137094243921
0.8616606452639606
0.09903839690059751
0.56372072715073
0.8008971991114492
0.374942125868251
0.5273275396417145
0.9301234495541636
0.9818698755897
0.5101219003257965
0.5207865448850464
0.03183323118449927
0.8618663879667301
0.28393748732813595
0.8525723221533303
0.15547711466476016
0.7303839856471221
0.9079269731104247
0.3826846235001613
0.07651459050414061
0.1524552300258032
0.2916312089269242
0.7794082502203012
0.8903402034693137
0.5446820021669352
0.36096732394601816
0.6721145968542506
0.41589694221695455
0.4923366335031859
0.31997776252103083
0.9000038461138198
0.28096164996722233
0.72259939720079
0.51638583717984
0.9051579623685457
0.5961155803435458
0.9234162221925349
0.8848652369510179
0.7333142208813402
0.20351436123045285
0.40312425127168905
0.03665757379822138
0.5520574998711633
0.8469236671867027
0.9229070256636294
0.9401485154387661
0.07366900907104973
0.2510880643574306
0.9023051345090501
0.7942395865459025
0.7786580714276539
0.02135227852309085
0.5974222081100995
0.13482956814643931
0.376042535494285
0.4785556602856149
0.7821302405649972
0.4344456034493875
0.5077326654758119
0.029572127292521954
0.9244921621290393
0.4560408567230174
0.30691225578799014
0.44046941889297364
0.8437839403368559
0.40420226668011766
0.0540998434421579
0.4271132229152362
0.35791210931177564
0.48048821460527535
0.8396119316344658
0.30714310581205373
0.4866871031974143
0.7943427885414718
0.8374391586620908
0.06759868797737828
0.3633266047074462
0.7070095389004001
0.5230856308292771
0.09407652812376316
0.12472722982334727
0.5930946109325595
0.926710314625639
0.980148940986332
0.7004569790052397
0.6929053260662844
0.8029488305153467
0.2898784887717225
0.6010848672579432
0.19841703065565225
0.4200827776571283
0.8816125675189322
0.5183782458821131
0.966697562305338
0.5237629559179711
0.417844640589592
0.7930624583319521
0.2868452688868022
0.9142818010405043
0.9837801368929929
0.5802514375813209
0.9399729822613987
0.9914295248653664
0.3163462633098454
0.8483218688359847
0.3864970775616527
0.5672572739501083
0.005737111596524902
0.18391787009154176
0.29096711380332973
0.22461015219838437
0.17318641346820285
0.7439368153487962
0.7518982455119909
0.5080814229791639
0.5515122518914044
0.5947613866736132
0.5425452379688838
0.27407872218974977
0.5990795637044518
0.10966658985178895
0.3882831380832401
0.5979819770661583
0.263177539891287
0.05724498797240113
0.8072366781271294
0.7389118824936183
0.2754110360875463
0.5068570767913579
0.3230266516948932
0.79641666342389
0.4095562006191709
0.7015279682413332
0.9219784021467012
0.8584242459769031
0.9614325136037771
0.6043756338080564
0.4718637207993767
0.6360955595896939
0.8206947214098246
0.9115699174883464
0.445224504365067
0.8087543757220743
0.896049736995517
0.9429857535631114
0.6975526730196687
0.5608573740925802
0.32825536148080586
0.9711277649501329
0.2390775623219486
0.08300800288281274
0.8793588461779793
0.2295680220019114
0.9086387226580613
0.13030606537179762
0.12198533243406045
0.05405212312059843
0.609098245062283
0.08386454895693374
0.5690874249927174
0.3525934879253805
0.29597376797123303
0.34511389751959093
0.6824188323127316
0.8752892530267364
0.22444939521456725
0.3075532866739617
0.77709665264595
0.560255694713251
0.05464879357989094
0.5968972642515679
0.19996828161323177
0.5689947721420916
0.2910308387153952
0.7481054010515767
0.8011006615686353
0.4926677088622774
0.18899515144156675
0.9965715324143453
0.6405609550530809
0.6101655038621141
0.7002611481113202
0.4007881842354768
0.07675950132108516
0.009530288149982912
0.2483109062708278
0.08509113585105288
0.8679772718128828
0.8461955787557047
0.12616267663878683
0.993627584698682
0.6853018269054949
0.004677512911112125
0.09096853001135818
0.18048115975849438
0.48304701628404234
0.9547631529896419
0.2934059809798449
0.32592538539301913
0.5018336924827308
0.64890613872138
0.02456022437642802
0.8650667171370578
0.28985971106240105
0.894453895118382
0.8889700504772302
0.8426772798575868
0.019489565131456554
0.7524948039858852
0.9197370629299484
0.36680623453259703
0.5491453210871356
0.1645275880094742
0.840074464431814
0.3237980947999049
0.13458189866775078
0.18881955561774422
0.14539820564759842
0.8386351386611807
0.4289818049630324
0.9402340231741123
0.9310397648808438
0.8170603126705538
0.4279054976472952
0.5704716884685741
0.42288654506828615
0.7897258860272863
0.31298536826522416
0.4000844336902262
0.9817323490192049
0.19365233273680843
0.7273529035348651
0.619284357971089
0.946846891689106
0.17257091280801312
0.8761400056450195
0.8114848031751208
0.06025005317812426
0.9552625086920737
0.9869971188448817
0.9216741143923415
0.3704029645817983
0.8797943912345363
0.08842241377861859
0.19113719641222354
0.45250466919361093
0.17159539758134007
0.7677977261491113
0.010703613266906442
0.5023095891818079
0.6545994777767953
0.5563785527782518
0.6066154379130801
0.3613577625194415
0.6772263139588145
0.8550870046026254
0.9662717807936991
0.8137361260840767
0.6687568313292211
0.8628081802514024
0.43552130264560956
0.5579659248835653
0.9067005905303369
0.7979918885425592
0.974837677589856
0.10233763337950607
0.272041038274719
0.8147134232861045
0.14862758618795274
0.4579917302599001
0.9967836429220267
0.4059483000302667
0.5400842688048508
0.9112697006845452
0.6670210020214855
0.7596678950872027
0.4334142222642144
0.3453367020430365
0.03476821375073641
0.4874640165410854
0.2859284371205368
0.5508035430795217
0.5131105576355568
0.3807623880139492
0.724403684536273
0.7160524596149853
0.5817449867700158
0.36628631137437534
0.5432834056620885
0.8201973787898453
0.7137856187581159
0.6302835119080863
0.4567019933448617
0.9650864006202575
0.849742800980841
0.9601306285708839
0.16197985891676425
0.7774803547254432
0.890874091353423
0.7122814621996916
0.609151508394738
0.888518031259059
0.16164480821771443
0.4571265336353904
0.239251984564818
0.15480540506571977
0.2998247236406583
0.2741832308005785
0.3535018616047601
0.7239423120907595
0.5727866364613269
0.8751372204781339
0.7061947354953477
0.26702716171907775
0.18986132419592444
0.2176074703495629
0.8760050583807848
0.7016562396908355
0.7831430998287735
0.03910878979594706
0.9635985460872845
0.5111612310637752
0.862928357390216
0.7885372465882909
0.6878412989725899
0.32930485656480473
0.7190094094590953
0.761605560680146
0.008567701445469588
0.8043810563819953
0.9353343891277983
0.8570069602124546
0.9907815593486078
0.8826430176957696
0.4130833033105598
0.26168768655145546
0.7433286421007978
0.5582085798110645
0.5559994777324761
0.5464597288564468
0.9144931665999973
0.8250691396566997
0.061854306132480996
0.10728726642850289
0.4076345257989537
0.036555135565244534
0.5852128600116182
0.6229313280170536
0.6918948590679675
0.12858711537774825
0.3892063774405115
0.2162393083118363
0.3261721314463341
0.1952685535587435
0.9878071353788356
0.3042171343111428
0.08896718995155861
0.7188527583354759
0.6951401624834963
0.7011236351071637
0.412377587025166
0.3508429163592416
0.9446551378776957
0.3991781735982319
0.6554249694807619
0.5169609555289851
0.21852116736075477
0.5930741531997025
0.12006686871067162
0.27594719819702984
0.4363959262300795
0.9373426242306398
0.6126576304892153
0.8006297775258389
0.6927599950467878
0.7297116523344335
0.7842876833874507
0.5694288974082178
0.30329592156408214
0.6989589338414618
0.44534394797574456
0.8574378329761859
0.22333102681220707
0.3423563222208589
0.5427985961162554
0.3984491555327211
0.035151626670351654
0.3056568813066143
0.5131473066880831
0.1527710599986125
0.8660357118749191
0.12767638175976686
0.2795820333747785
0.9604053738626468
0.7951400495740255
0.7818727832693891
0.24889786908694172
0.48513531261665843
0.5349166970334576
0.8389289504312485
0.2817970720524042
0.2622976902766267
0.4315231423365805
0.7471950986326636
0.7596677147891844
0.8514907968137746
0.11872913420513953
0.6819494646092115
0.5515785295385438
0.06519561400306911
0.481112523161075
0.6497867384406257
0.8971453001229886
0.9952648894743064
0.934875356642748
0.051045891276216115
0.9640884548743103
0.09146089430052767
0.41840064742877936
0.701040211620581
0.1137155659387784
0.8596992718436981
0.8997091760707374
0.38995396367278223
0.7132262941632839
0.8423831330397029
0.654264818675253
0.4216220220401188
0.6706517629120359
0.41918789959963326
0.04411605484460107
0.2130097025308632
0.7364039903986068
0.623884116592438
0.03815007474870297
0.9590623989214313
0.014825423064615983
0.6112618939042085
0.25327540164910556
0.5716954511509263
0.059792384034417
0.6279473211328712
0.867637455642682
0.587046727639288
0.39034061007060905
0.34187765573672546
0.3595112709160649
0.5017157662034311
0.2554448503586001
0.16742873439416672
0.6593037143229931
0.046564878428459855
0.001498709435308332
0.7866644927681694
0.9671376809497452
0.23575926212898507
0.45170487154571
0.41190528034792556
0.18477877214989202
0.6390746845430943
0.2935001034548757
0.4607878859883109
0.6382048048635414
0.21710279199616206
0.5883033118089715
0.222217097883117
0.5259071851064219
0.2318358530755143
0.167288876561265
0.7800848529845635
0.31805226049188645
0.19921411857061638
0.8575520749037642
0.931359918973437
0.1529199336098408
0.585570548801071
0.1949467804759944
0.08612738234663492
0.1295758763156173
0.9665094472786074
0.5230401172924678
0.16938377878348393
0.27952259722601097
0.6646068038713624
0.15204287672352068
0.35787048922835707
0.9151139397726271
0.4614219040380523
0.5572381199687471
0.07995431437852879
0.9988063350971298
0.8396612209651559
0.4333449331909042
0.08254087771660617
0.15485948008067302
0.3529373482666724
0.789418161054899
0.5262329850711083
0.9538879606453781
0.14341696998242564
0.16829887680051753
0.00842267435702232
0.14070456586713947
0.33175374932667345
0.5052946139392396
0.13373228107941276
0.547185065701579
0.9890534751103255
0.1026825540711317
0.7521962743657911
0.5344230318968808
0.6672202373187526
0.6897923560221253
0.2678023541135347
0.9422328812275063
0.011884086644443015
0.5628401649640674
0.4834867537013283
0.689097812633332
0.8112123433322239
0.3543487922343598
0.2934052296968084
0.36194871429693354
0.9442578102939005
0.06890334239297285
0.15927796675622674
0.36269916653885153
0.08409938732715605
0.6401557523195454
0.7148328672002424
0.43725048086600126
0.6838814591341609
0.4134054402343011
0.030848622655820723
0.7027200843334813
0.7279604877771176
0.6387476505601335
0.04302528327663013
0.6099354682959277
0.9657185654317191
0.2716950506458231
0.39588657540772887
0.6307749229742203
0.8622053263370688
0.12134197811460434
0.4881450903540163
0.8437255677618659
0.2976211008548589
0.6605551756945081
0.8184375799105377
0.006067852871931456
0.1267559293234493
0.6183385874260433
0.8250645727428484
0.14738534520422347
0.06985036092110935
0.8114340852769776
0.28934479749475833
0.19663704462397635
0.047945774359643256
0.5403838574959987
0.029421648291199698
0.6638190307687635
0.9986433266911907
0.2746943943672849
0.04983528437776985
0.9372810598451198
0.4122923982921946
0.28240608399988803
0.5319008865711668
0.32905280656767444
0.3139806472185362
0.3212863133441285
0.050909616320719
0.6030736145186675
0.18329981845624466
0.5020282910712548
0.18839593525611964
0.35500858074134694
0.3517124924342472
0.9582515858058005
0.271191110111799
0.27737290750418586
0.7464469545714363
0.013764752851790462
0.3137094846937115
0.03997551961962498
0.4601986472192736
0.12446415330665572
0.3658906573281372
0.24323193221821993
0.5175183745226262
0.9904074253597133
0.3764471111584588
0.6606856041933667
0.38161895105735643
0.8830139310382412
0.3695436198248411
0.7771158113874539
0.1994335326801993
0.41300861030103036
0.20276119956931154
0.4498993970134062
0.5181104353940735
0.6766398940763558
0.4251748806345301
0.37383259151718134
0.22273084264077786
0.9608660327498242
0.7866012749801546
0.913408371409426
0.74288734132662
0.9626187278320173
0.7625483991430648
0.7815836450079514
0.1548627418672483
0.7829165984427353
0.054126798342338966
0.990359925815899
0.6665003362220543
0.7935152907563834
0.3981574797088004
0.47603988932054636
0.11345807893302762
0.8419451429989435
0.1799389756393096
0.8108114686252223
0.5183910858116059
0.16020114666289148
0.27961204671171913
0.4523502430683499
0.4687079845747828
0.7730143158762366
0.3027875353095927
0.054419707531068784
0.05389855623813283
0.1635474035407935
0.8470790569686757
0.4639883757003606
0.3700315684343957
0.4475219598032468
0.7384089373765313
0.16417145800156807
0.14687313927439044
0.3311981273992237
0.23443248778743103
0.08734412222513393
0.8821776809254831
0.6842920949708297
0.03715206978386981
0.9190622352305016
0.9780550459697105
0.6458306164447467
0.582768983166932
0.24096576492523003
0.7659188772142987
0.7991059767560813
0.4840479735866724
0.11962879146921879
0.9793729911622424
0.10130863649346089
0.1889454883830975
0.03835946038019333
0.18849394568490507
0.9340792133273947
0.8889794774080333
0.39024197112088077
0.9443196401913847
0.8531350705586695
0.46179510820446773
0.10325201747293061
0.8989553055165071
0.35829139327759435
0.7646072939869337
0.3520660045215441
0.9645599035774932
0.2796100872404841
0.9086774556470445
0.7262233531262887
0.6535773041919992
0.1810744219750992
0.23970866411866987
0.6705906239655617
0.10292842061833446
0.5201011430226288
0.6250196557321621
0.49161473831243973
0.9264818946542583
0.16936574483396216
0.30558489592223986
0.7316421266251045
0.9629724406039515
0.306831046037395
0.009504446245360287
0.25361928401645583
0.19063780116033524
0.6105327716767328
0.24319392571430887
0.949779712041925
0.5651963643683127
0.15659033307407716
0.677561364871456
0.5904607387184877
0.30438953061549445
0.41207479587499324
0.3286643266552358
0.962983356676909
0.19016420330818456
0.23878021346886913
0.795817475879657
0.11556688688844541
0.7886723272613842
0.879608539902288
0.16484681321568323
0.21753936320573158
0.09861619251056958
0.4861923353768466
0.310163882778942
0.2746439218061115
0.030069483379642325
0.864543676863653
0.23655964900284487
0.6970300072336433
0.2887558262950184
0.7649316094375607
0.7900940517091679
0.5075578698590366
0.6948681523139915
0.222854560219301
0.5371841885340347
0.7993333557877722
0.7008635192845449
0.16988835651073958
0.8619704937366439
0.9039294061035346
0.8892699907904549
0.7763543063757048
0.3642666587481596
0.6155396467323522
0.5293932469931316
0.7621660256694946
0.45387590905072594
0.7313483356815148
0.8509127507617136
0.21787772685724427
0.6317826380855263
0.1146903965975195
0.552708231207813
0.31487071559991475
0.3247049649758556
0.4651138834380814
0.20685927068981352
0.6517789976866287
0.2967203501023762
0.9882465328348351
0.6406121917913852
0.8836687567703165
0.6001531274452685
0.19840719671779783
0.08320989336098994
0.7111507452264869
0.7476390171090528
0.15819172916604068
0.8498320923479914
0.2685186433983881
0.288258706674927
0.5618021925086765
0.6014947117180416
0.44317035787923625
0.25285864039264305
0.20267730336814238
0.767608927454663
0.68298350179898
0.997154331792936
0.5310209639219845
0.5470019044973094
0.4039801693700155
0.8159373072266768
0.20311485243604321
0.013552624187385453
0.19753038786606924
0.3276841977022211
0.7518402236289261
0.2441982539566015
0.6545074533949491
0.036092350250533645
0.766622891333556
0.059917303896256824
0.773222633799262
0.6635432728546957
0.2610546974937767
0.9243982751191779
0.5986306704685622
0.821221701565009
0.22773366654872912
0.7804532787068216
0.952211540553656
0.3315946733789543
0.7324040317062044
0.12083812705123686
0.8550981712482273
0.05118141322411068
0.28326666770934983
0.3879919206687291
0.521433610046391
0.3550215971306875
0.6263692570375183
0.8763104785529839
0.6046055326738478
0.5389759733168916
0.5642746694731369
0.6709197296000244
0.7159196173239994
0.2719699523273376
0.8727451611820308
0.7985167856280779
0.10343789138814391
0.8875173334400344
0.898968934981907
0.6886977189217711
0.7781216980974384
0.7423378917969673
0.9648947804463335
0.24829298547347311
0.30508343214929523
0.08960907186402761
0.2705295807322921
0.33658259081763364
0.9396648598823271
0.9153686818007933
0.594592283516582
0.19586508298090288
0.7812243547231095
0.9688119397444868
0.7237075143601623
0.4397056896279596
0.14192892451321282
0.7807029413707138
0.20636044739071824
0.5302906456678937
0.38351147324118373
0.8088469501858471
0.7241240979282333
0.2866662308900219
0.06186737359932326
0.9755466922971513
0.10020906153565617
0.8572427240077499
0.3375288199410018
0.7691923431906578
0.7241747582242097
0.7627948657144752
0.2594692648781084
0.7706112966867353
0.9616804193781703
0.07029218699936446
0.7103544184503033
0.9345306570822236
0.939442976055716
0.49324392517278603
0.5132704041866812
0.20748168124695154
0.9481082294642227
0.23084493406694262
0.4431234681465085
0.09570212394982075
0.5895306413560739
0.6560605943754947
0.660320138447843
0.6100690034483769
0.7099961165713353
0.5418900811639127
0.3900002574904365
0.6098206979353302
0.10721129921943906
0.3753992230803293
0.5070099357643513
0.9428040879411148
0.9764220115811348
0.4507154443353683
0.05496500688690831
0.9372088631300008
0.0698122476023233
0.8550290411364797
0.6271700621387645
0.738227710144952
0.5833746786277701
0.16574657135021958
0.9678219105426975
0.7028076379336035
0.8567320527882065
0.6622935787363097
0.11384052463780786
0.5666342975337193
0.07392865225229833
0.12266560367920431
0.890834589050291
0.3797178146112679
0.28699941727523464
0.8226779293956554
0.6011226538485315
0.2704248982906719
0.24916372504532208
0.18496602944013207
0.2973952929484391
0.9425289216807833
0.7407799028537716
0.6351402338650833
0.12251739486236851
0.4358260288335636
0.29873537399197086
0.6140999038844438
0.8141339609545379
0.08809189943687751
0.5187366484247677
0.3683635489702897
0.6221568025689411
0.8246304100737131
0.39000231443028543
0.09437346021072051
0.5678735811532425
0.871391994871706
0.4431512686760384
0.24808435664943296
0.18533473226462854
0.7386159692144496
0.8446174096496136
0.34774760904812757
0.6288378508029349
0.8541779072762637
0.954711330212445
0.3956540150213229
0.3047431431266474
0.539299277140716
0.2814882032711734
0.12369938723116785
0.9915176985284437
0.11400362745201087
0.20887058008120152
0.6279893583234852
0.7488202700532698
0.7956797274247036
0.355013395569649
0.5993007312741511
0.7846025863305462
0.7113389980921381
0.925688103496171
0.2790687289275723
0.8486167573206735
0.7826307126809726
0.9675013259870095
0.47467084105771984
0.6513831142024522
0.462405523943439
0.9970528650991474
0.45312959984236467
0.2695861771951138
0.3025939590096104
0.08467698788838246
0.2989581924861629
0.49203101987244674
0.11539338852769776
0.1051995907698603
0.3697242012969965
0.584706120083168
0.053233412096623856
0.5331835148765904
0.8120087365740487
0.009162861769604513
0.2777161725059499
0.856422552356116
0.7107892315835519
0.21533605211603413
0.013704779830762181
0.4089846982427987
0.33687627294039424
0.7480936677215528
0.6919593533991017
0.18389326821516616
0.12988600242172926
0.5562183018392786
0.5721970840277731
0.9755744934963311
0.5083314047837413
0.5731867667006845
0.7081789290113649
0.023488484497333928
0.33376728901452834
0.3510283085740799
0.3674024267041287
0.18090004202348936
0.8725253054602247
0.771706067501345
0.05020641190805569
0.5165346773056951
0.3964270227161079
0.6348804605937517
0.06657022290838355
0.17190416209314557
0.14296443924239416
0.22657702029084636
0.2236163547549896
0.24337524322245735
0.21578915236012414
0.8101957413632645
0.5528021763327182
0.4355938836877132
0.1479526340189366
0.3494624839386398
0.1630128289596658
0.24166681577622528
0.2731919723571806
0.6723374859085229
0.24424417893231565
0.44554099255313906
0.7546566894912541
0.7155598878033991
0.9662908562339889
0.8133106853509843
0.10582406852105558
0.45142136498027663
0.5178314964567986
0.9427210201107818
0.30495175098898153
0.5915257283431257
0.8135293310027225
0.3739258532432503
0.15226816110588592
0.18670600711283985
0.4602433801431837
0.2295968346146227
0.34820267343859257
0.7979337929533165
0.4181714593544519
0.8487697606981549
0.8813091263991342
0.9999704544735972
0.4187234329469682
0.10635310255860991
0.7061377806958207
0.5976733562892698
0.6081490624694479
0.3690130336411058
0.36416245772606653
0.08428457575611425
0.07442191898957651
0.32818788375100444
0.15497106223681994
0.5516935142348656
0.884606975112175
0.2722745186290809
0.7002793242759877
0.4745789412119263
0.010916311071172746
0.7125676700387191
0.2599291714406
0.5335000311590528
0.05588380889173711
0.661322812902456
0.9568845742876386
0.9164201303369233
0.0005663133558383993
0.27535191875697234
0.14733951705210863
0.3438107799407045
0.2944052997021365
0.024850485830328117
0.5324039415868399
0.3993979437797897
0.48135960564934715
0.0246935808770532
0.24943558481578826
0.616776191381269
0.21414648296860517
0.6742273697188772
0.10393656732049844
0.17153066507706166
0.9469045426512483
0.2916217531586171
0.3070357845942706
0.9591709303216134
0.8163190315958836
0.00013910609985873234
0.5689292262652208
0.3010946165395527
0.22222612538200287
0.7262126003767295
0.16525214995184123
0.5139629207845584
0.4009398326066442
0.8030171801824472
0.6412085446432949
0.10228425547754799
0.8480213403311456
0.3382550457338145
0.147384980626371
0.3896660752952426
0.7919373124545759
0.2011666556625557
0.01152721511938215
0.9911092003758398
0.04603038096760148
0.21131723769098887
0.042159862902765244
0.6468830779435191
0.47345141936226637
0.8704980176614965
0.23278075295571288
0.5879341910621352
0.988179694421228
0.769120213097838
0.9894631545863375
0.7834442298885278
0.48498391050413747
0.6197691907017836
0.7400508548784817
0.13306842090868226
0.34215331209735766
0.7231248877896962
0.7997322839074814
0.9095487552984209
0.17305481885695822
0.5552440836125903
0.66563172209401
0.5318104723533548
0.316048671529022
0.08023871630039253
0.4921571092435312
0.0543149005256382
0.14702160225187055
0.33867391081188686
0.3591954425349873
0.5953549994821059
0.6747731237330223
0.8395481928377148
0.08684848409821705
0.2951448333552298
0.036717128847222336
0.2925074593185447
0.7732528794570319
0.2939675118936139
0.4508374339573643
0.2569835090925236
0.9361304716649914
0.6513108427646872
0.899562722159372
0.35623668877717607
0.1240661875429172
0.0888334967202854
0.32220249616325597
0.8068216043587035
0.13011223793063475
0.9331689317144554
0.3748126396628865
0.14778374816731704
0.48816921364489995
0.6589880653883757
0.8798355132498299
0.2189338006003021
0.7616960043154805
0.988406083615461
0.9325860330086531
0.633835844908497
0.2446521082134595
0.5897324253213302
0.2576319415958859
0.22068433617414212
0.08617741290692349
0.03672752968611631
0.8153428644541645
0.16303402395577043
0.5233663039600492
0.8389434712025192
0.847359351343978
0.8623860467236102
0.8605941749177821
0.03439016000939393
0.519459823829207
0.8659222590696416
0.06920618407687845
0.04768256130818743
0.07127953452875313
0.5552193840173286
0.3979797540322392
0.2599883868759816
0.9145627020047611
0.6755630144377961
0.18262360773719588
0.011510067824719694
0.4351050981565435
0.20052113673241328
0.12167793664447951
0.5628986889057864
0.34827123911131175
0.4727255931508919
0.6465317008807705
0.8789115170665958
0.333946743952959
0.039348943373184564
0.654874738904238
0.9657891333579289
0.33401294445256874
0.10955347168801943
0.7997539049193973
0.8932419494873307
0.33390760227064125
0.10122796505032572
0.7305038490263713
0.562600071593883
0.6695619026355074
0.3156168959358879
0.1671748813569281
0.7445945649942198
0.9019806542358641
0.38098599085058066
0.45668181263479757
0.9034022194222248
0.08395899953279379
0.7402569341720572
0.3067490973205911
0.8479998774025452
0.8069057549124632
0.12258307902637311
0.7228293346865628
0.30753855198293606
0.7604697353354053
0.6351273705696934
0.7835237756797784
0.11436174528857706
0.6636423250893896
0.8388421743735035
0.781634797712959
0.7964560125581783
0.3332358385193856
0.9308405415219072
0.4308321651342242
0.030536469549412415
0.3441139823265048
0.9459867342457895
0.29201631404409767
0.5876334835939337
0.20527706032609005
0.7116234350132193
0.3088134153416889
0.11496116474150175
0.22688148061342422
0.14189188925648372
0.35823860919425065
0.3410122167598152
0.2854992257441207
0.3418903080731149
0.020415463227201946
0.06523773234164931
0.5084000169344784
0.9069550779830764
0.35034093859036136
0.5993348387806059
0.49236495411991893
0.748638034505811
0.29503708515881616
0.1640786169253035
0.04851738957860002
0.7564926630988655
0.5410321895347175
0.113799491219989
0.6218831887151501
0.6135704938105556
0.999965219383411
0.7600206920323745
0.47286898080552875
0.1235686582377088
0.844209702135026
0.9964349713555776
0.4275738328538492
0.478858172508387
0.9897640971124004
0.8893133710337207
0.5048260747841735
0.001161778717402362
0.19025768169610585
0.890603398798093
0.01006374001088034
0.02043928506438214
0.45377223822210855
0.3553873754502155
0.7496536137996854
0.7225771875719746
0.3232817698340556
0.6010366214458002
0.8639703070559053
0.9927686862041622
0.6718635556607335
0.8323102597628278
0.4035336540506295
0.509009094138984
0.05543586659923683
0.874812464469243
0.17972887702622015
0.5989207216262
0.33862894117633973
0.8086350320333707
0.6101108438249387
0.6631604760692682
0.26349749147215795
0.2746772259071946
0.24802027887375327
0.28995236713979266
0.8661345056772829
0.43804804760544585
0.4372160549908752
0.5378261974892379
0.16284789845318104
0.3361206306022846
0.06445472918603245
0.24743287401076247
0.3254126419485415
0.6132225412822723
0.6964245613721985
0.6583457159520631
0.6440132666377469
0.4496094188145079
0.4821682705895137
0.05304618486307139
0.9368423698827125
0.829283941723314
0.0781048837678977
0.6278317365895212
0.7069231777727516
0.15938590417565956
0.5099881096708221
0.2991722820390555
0.26957499411340196
0.6532931881700725
0.3246146467569083
0.6940809278697616
0.2780425718006101
0.8202377555539952
0.6038230403001643
0.1443538706022094
0.560161500682159
0.8661544875408931
0.41429961547694893
0.10707305364746333
0.9455335893270236
0.8036451773046782
0.04893519225788728
0.06755456906109564
0.8105377710554547
0.5933535420153454
0.9789522537926066
0.6459647215933184
0.3976033169303452
0.6947117834535077
0.7807494139830198
0.32511473060153734
0.57552408855163
0.990932621818092
0.4273859757670959
0.9444840244582213
0.599193937380816
0.1712854557734873
0.2418564809159982
0.8643114367094081
0.599994877658572
0.3031087256643535
0.497781353621725
0.49363228543496645
0.9921713416657596
0.506675306213084
0.12286640472680232
0.6974286481354375
0.7158752965883657
0.35794101358707686
0.2114606068343955
0.45059918779812635
0.25416858940500864
0.8873712012738009
0.0847680609777311
0.9902438278416368
0.6591205751209053
0.8174538328390128
0.4507464977254293
0.6327975932171699
0.40124031553084444
0.9871718607624957
0.810451503644305
0.36883742693740656
0.716834632401035
0.7486215923703261
0.6335619842590798
0.3259241091313638
0.2694844958937554
0.4891279922413577
0.9830490164054593
0.19863128374931932
0.36468401202752853
0.3316216463874573
0.20742686344244016
0.7849519368242265
0.6607877180970679
0.496706529480329
0.03875135480819353
0.839562323307348
0.3047635610650537
0.771761476021478
0.935507573510882
0.5569619749044001
0.6878502845400813
0.02558241015785201
0.7917552254925487
0.1312977079743735
0.5640699461967884
0.7314865717555247
0.1973765484692187
0.004718616698453082
0.1036472380934036
0.017463935037697275
0.2789985199120151
0.6123978451281901
0.5637393926706417
0.8488749591875535
0.7771372298477925
0.6598964435051857
0.650481790123022
0.5673581773953646
0.4223392481524032
0.22733324243536246
0.3192057802349378
0.15902490116316603
0.8615710882644867
0.28486395791901925
0.7137872450120974
0.3056824960976836
0.355834641855506
0.5252617917147964
0.18143543328774425
0.48474188649280913
0.22096285278411731
0.77193080876649
0.8158336736543064
0.12662856522975108
0.5157766065438755
0.6044724309521813
0.7793947953150557
0.11293118869364815
0.7952602373362736
0.25896454383000994
0.7344956871127508
0.7041849997498657
0.8411397502091703
0.30640158292394503
0.07390729876498247
0.3231022279049983
0.15822433610602882
0.09028330837530435
0.28223742508251875
0.4872250235942083
0.6820982615926572
0.4131286738944564
0.6830556316090268
0.584391015692323
0.5822270181367808
0.5017306634924267
0.030471114076205952
0.1150652783383781
0.26426787619619135
0.852256762041375
0.8892856111547578
0.48750690471281144
0.6763516308953896
0.15883875227695782
0.5144454627073846
0.44490207355121647
0.8063292444304546
0.1630848659202387
0.9883680861530952
0.7280099266828364
0.82045298913629
0.9269861182464495
0.7038199844957162
0.6325313296849262
0.6386888617076774
0.7279778400839635
0.890374843071224
0.7073248921915294
0.8678332754644223
0.5024564002934291
0.774081698107922
0.9577584587575644
0.9208337594016258
0.5228403844430538
0.13282508286067296
0.5678986289330328
0.8391897879554684
0.7833041526906701
0.463960269381273
0.3359044895512739
0.8050365076375625
0.39060129897781165
0.7161584329157059
0.7289064834728904
0.580490963792845
0.10893404797766115
0.5539980934725891
0.7068145372960064
0.14406631532773423
0.09161418668344046
0.42169093016640074
0.23891444449468624
0.6074368936767196
0.7472997075186827
0.2514312138413461
0.7427750325955225
0.09056290880026202
0.6348809361514602
0.5222101672442727
0.5119029642136192
0.6091604840183062
0.25862839893497713
0.5165377067950376
0.5667458952470998
0.18572918677853017
0.644004264899426
0.04536582532326772
0.2630590258929269
0.3338256940162527
0.6145779010807745
0.615609446931846
0.4223138628207651
0.7849989940575315
0.7617753903567546
0.000011856354501238453
0.7107423590612036
0.82877888914438
0.20173168263340058
0.4357038114282505
0.4867732900346434
0.918336209074655
0.34730335176252186
0.22565661652866248
0.3610323168389135
0.25790975677403455
0.08833878809949008
0.3463312720342416
0.2687406101657908
0.9328214541937563
0.969591941849616
0.775177142903944
0.941261566566592
0.7688778813396693
0.18320451397759302
0.643235384294995
0.28170876335722933
0.5151826872299361
0.45147079019756075
0.9909537893517413
0.29894275424045996
0.132861331638657
0.16563830985739325
0.859421238345673
0.9349478314893258
0.9419257855934783
0.46778655340310526
0.6845816410006879
0.33249464039994186
0.12948347315795172
0.31536498347053576
0.47858875041304716
0.8331580242887522
0.6547216237242424
0.9517607427750205
0.08031471098972648
0.27017368543358466
0.8995741903805365
0.6213055587916046
0.8361269525028665
0.9262815357399381
0.5087056248098046
0.8134201856803946
0.43239937223839203
0.8636174515627116
0.7384219294046603
0.7981340487434732
0.2428255737249897
0.20087912117432294
0.29134622412870364
0.7240066028200931
0.4764531733313296
0.3124061384707236
0.052172615443642156
0.08951626436285992
0.6164601489663007
0.8544780295863155
0.3595384075513111
0.9702713459894493
0.1250453161365797
0.9860484074958349
0.4500318667151158
0.9869371268712783
0.15640697444045826
0.144297301738751
0.4925785949016207
0.632561678019014
0.06763508209039431
0.25979772567347936
0.19492666732091135
0.2430224964737957
0.8464440005381768
0.35175680411114485
0.30867713229531224
0.5906048517929736
0.18502433948179447
0.030705619239462633
0.4852827231860614
0.8082619657043371
0.8208940671887683
0.5541761694410126
0.8426646743332565
0.11089609064329914
0.9384805192524706
0.7303178778902919
0.2905738014938702
0.570038701920465
0.879266672739478
0.14506992822988024
0.1325485377265927
0.019596939358776544
0.1436862847774949
0.9004201925440146
0.713299370817789
0.022872753238759147
0.6845545437276028
0.294445109997674
0.9125755493764123
0.7148499875241454
0.7896719739433511
0.6482392790738708
0.1000465629902656
0.24878389878843604
0.430341170474896
0.7905074906236923
0.7604573773519258
0.5224164977584325
0.8128873928913298
0.5475058329223472
0.37429303095434074
0.836680461299623
0.011875706264403318
0.9541828502395284
0.2964148193613705
0.14854292194125296
0.9865688199506674
0.8017855868600663
0.31360665285764344
0.6196801740797975
0.9862713540510436
0.5678593695833718
0.281697063236569
0.23396268525926633
0.3355578773605714
0.7364846342578755
0.7438984815459153
0.3592694868671927
0.8569835825867247
0.00975746595112087
0.714232405201267
0.262939567613555
0.7367280957779001
0.9359353758182426
0.8733852212665507
0.7552074435928758
0.46772430708717644
0.035333312137735995
0.26906648887293333
0.33125867851521406
0.6151758477960896
0.5919692037055532
0.238917388595415
0.4100805053644268
0.5409684172994873
0.8971223953836176
0.6812444501853145
0.5270716120549498
0.8963315015491263
0.8803823443513482
0.9873294058698135
0.627414410724731
0.6462088439768792
0.7444291175755713
0.9187931317642628
0.9285017296452011
0.624147407296227
0.43170096269822705
0.4644680113835834
0.1722495470816534
0.13311633427816055
0.49426893900346574
0.24345960665780997
0.4719159671307774
0.9055186462921168
0.21265181132271488
0.3345550669891163
0.3730858024275255
0.814760369242262
0.6149692122084651
0.5068623872945515
0.194769460418524
0.09109304680515079
0.3847447544435256
0.7025410989335099
0.19410341967298816
0.43604727837129514
0.5138348692225265
0.2797114366367347
0.6069291217263975
0.3526265418744918
0.9563733273209409
0.9621058723657857
0.15656587859347604
0.21253193604376463
0.47028540303297916
0.661753219566374
0.19438245687717143
0.0670402507340071
0.29483962752612325
0.3419620708467576
0.23831125693236954
0.9747592251765349
0.3058692730442585
0.8700971908675583
0.30923790847405874
0.6673353845711316
0.8147097246631154
0.373118578738876
0.1302381440878752
0.7032915373731821
0.23256190342442406
0.9535798945133411
0.949922996757018
0.8705224069771341
0.40890597070402185
0.7497593819282771
0.47869243599308064
0.48957859556017163
0.5707537729122742
0.23082276142128022
0.18548636788838574
0.44272053113058035
0.4389422745855451
0.3063945139758462
0.9926613491118557
0.20782570071042666
0.2783345600817161
0.2996401938932432
0.22791016675292525
0.9115839058393353
0.350708801458466
0.08393920098526625
0.5446806506092092
0.43301694570076
0.4822798538150791
0.7154538711666432
0.4063389222520291
0.8862107326703812
0.2322121416117927
0.7073774273938932
0.6443617071143847
0.3902492632094461
0.45414643396022136
0.6863696966546562
0.5471311051321355
0.8946915135558896
0.879677368484973
0.5476663404700414
0.9134442709042079
0.9705339363820811
0.7208825685931826
0.3825736006993579
0.5136398182732871
0.8994526971818579
0.18841810902099015
0.3905374810292317
0.4412814308363254
0.0982214801502016
0.25235950794987743
0.7077023921726235
0.9096285894880882
0.9005520315811679
0.9348809824438022
0.5848513810875647
0.14966299331184463
0.9852064735020374
0.9170303569529714
0.6298460552879519
0.20022880498808448
0.287081775753375
0.266270526987656
0.8931615271406434
0.5458834039473404
0.057068299018640745
0.6471227410907212
0.41983752477057534
0.7543448094471751
0.8468361336124411
0.46416106379399124
0.5171440994010472
0.4929606577749617
0.5863042172378654
0.004771265034698269
0.3944863841777905
0.5624130506316001
0.5943990146559481
0.7985015020194676
0.0205496756725857
0.8759122155183463
0.31781097430331006
0.09049633149008013
0.012412665803193112
0.6334214398124329
0.8278085330857763
0.5384195380961212
0.12233312765511117
0.2929943923895293
0.6217711879214711
0.985435278687232
0.4201369548128828
0.32509528730367126
0.07395436840023611
0.4362313761217615
0.5826180436444395
0.15081134498797155
0.9591008106670601
0.16873224382078428
0.7960831138830606
0.11115591356133764
0.8328643284071242
0.2510633366399403
0.6541518420912216
0.7921999327570885
0.694613770373407
0.6014929902416979
0.09014985706411932
0.5395582914613952
0.2810362414029799
0.12849141000708591
0.8219078392028019
0.5357967174151462
0.5430602915388738
0.41871091571871893
0.006507433261293605
0.38561399528053486
0.343971626501433
0.9026052817936189
0.8034905505359033
0.7561933060353908
0.1831948820021977
0.42057048330000673
0.3272756070787772
0.253905532600862
0.7980671831742427
0.6369027634820619
0.03300054564353139
0.38358639432453356
0.8250303807842707
0.8045343628718479
0.9247393278025345
0.132898561905253
0.3120204633062401
0.9704211596342496
0.10101487122832392
0.4518286077410411
0.7654343903506935
0.8296204988682122
0.059758136432972786
0.6561580460073748
0.5879059717187418
0.08551165752755491
0.8733395742072871
0.5737865528817064
0.21722406078422268
0.3542753885027726
0.8140257499714756
0.07407466154391168
0.01207788337400223
0.3636630208377862
0.26119040347008065
0.4729121730526594
0.9469158434193865
0.4392497897024331
0.7538359809053838
0.1900077046628017
0.4760557685015949
0.04578088571021938
0.8654579721413387
0.9499337645739397
0.5062861553513542
0.45688312448753643
0.17301121875387637
0.7647508019591526
0.2775493462212257
0.4633288104112593
0.9677136565695801
0.9135728930201106
0.09289938238152817
0.39820279325250596
0.5126497843562398
0.14322655875922185
0.26177872123280327
0.6567374700344506
0.5906124654244179
0.3541934281102963
0.3247594114063961
0.31924477372551163
0.805348417292592
0.10731651713406731
0.6132463215886572
0.4474881362774634
0.6003491588499121
0.38928888802134875
0.46424094472346705
0.11800152262052726
0.24155600222758183
0.20873256691912167
0.9581166233149879
0.2802766586751287
0.07382376537409924
0.759714553981393
0.87645681333786
0.08340368414553206
0.20571505161216158
0.0858361485936861
0.6873601965471141
0.4016644039548239
0.40317292180886427
0.4055703112241702
0.7572176795791116
0.9077416792595763
0.37984686799472794
0.5183114620771115
0.6608179838569593
0.19162209795309276
0.8603230832573512
0.0006407255902021736
0.41574011886906237
0.10393353455614207
0.7622369518055042
0.22359889736108263
0.7023424087672772
0.7143731124414767
0.5942220470895276
0.5742984571415157
0.6472596534896129
0.01904508054487597
0.6988766337448125
0.6489949867164507
0.5461712512080887
0.8049422791361815
0.283404916234197
0.5997773300861469
0.9807047021141764
0.8854689191873151
0.27531739705627095
0.2633251279216427
0.14469079477757574
0.2578164565898836
0.9165506960536236
0.17772120135735686
0.8365878279618164
0.6011682867333934
0.6665940066513059
0.10209528511883448
0.49774429804690034
0.9341232861428748
0.42368607110686873
0.19391506262777863
0.8802706032404716
0.1803920962303533
0.29287273527736956
0.5700289353713686
0.4136422165401001
0.8537341428397247
0.13069217236309993
0.5801044994769737
0.1057581635391619
0.06626749064181264
0.8784809266308342
0.7548955681114416
0.8620302164526579
0.5886977286645325
0.25977098920439284
0.05680967054642749
0.43517984806667753
0.7466759935082265
0.7619742042334034
0.7565368900675417
0.8287714700698303
0.5244104667378422
0.9485273820656084
0.9870403290065244
0.8691121223312207
0.3648196737681736
0.05489746539017337
0.7849970540365336
0.8329992776736244
0.8049299389373341
0.5103232047645421
0.21981788153146692
0.47290001897102063
0.2658834750016386
0.4968960398287022
0.03166314232096745
0.5164963904155069
0.028837655970525344
0.9085594960952201
0.05241080221571476
0.7341333566603274
0.6711999804283999
0.10483311135902567
0.5673221449654116
0.9655572242300581
0.012057420988039913
0.6675432385616675
0.6901897281787431
0.07643405848248097
0.9213228794066941
0.9635698231321699
0.7710407045905796
0.6754892386838169
0.18403544538052535
0.6925948114630867
0.8330084462582787
0.5647106248034952
0.9794153732376525
0.7560641909141329
0.04377384188202127
0.3179097192633007
0.4336885933317733
0.7220524909214478
0.26701695970307243
0.0870363316323024
0.13635976739423
0.8804450847654024
0.8106089745103373
0.7209942928758034
0.4715269025952501
0.38382997877611235
0.5908129299470407
0.548306989708972
0.10899452895831574
0.2517176158845276
0.06555140256149738
0.7228331654725052
0.024356702187241563
0.07918364448732373
0.4548378202115799
0.8608349507910462
0.9728849707030684
0.13575611077471877
0.962757569528931
0.8080517729206545
0.4289705228925906
0.16634531668686475
0.942923831126917
0.7670352522586623
0.6210339635387444
0.613240864205667
0.20812231292416122
0.6878516440445528
0.44123005794629766
0.16667713342907558
0.9748980109986542
0.7793603443647357
0.6899387977808706
0.5211950952734303
0.2551263576782991
0.23362797697229504
0.32694851507328365
0.9660045746278808
0.8591497836472761
0.7726396451534477
0.14440044222212622
0.9697781676454172
0.5588503893257481
0.4243202008198672
0.5509784496115221
0.23378397339147427
0.37406795979709883
0.013980050723642445
0.9624916083141382
0.7819914498645391
0.39206175525146897
0.2176515879905862
0.6309114534284537
0.5327607750266317
0.007253836295590732
0.6653837911466947
0.6120896188461061
0.453953007184725
0.9772802911806375
0.5054143418583864
0.9717958973893069
0.8417747249403
0.2314162516991572
0.04423980069364636
0.2603805666575561
0.483397400229029
0.9387292951150148
0.5629563554981005
0.7482790387573044
0.46436836224385253
0.9458550944729002
0.17684486229601637
0.9077409080584615
0.16405682292072082
0.3280781198178283
0.6530257868344635
0.15057959070153987
0.5458548550013377
0.4624394266383799
0.43011082528023714
0.8874026672949358
0.1935798512532963
0.7278823948756146
0.694129955072085
0.5606972329305694
0.671501676861689
0.6649865142259215
0.2566140408161267
0.4223086686799259
0.6926440018221873
0.18662836806527166
0.1535644690848279
0.4752650749458241
0.26848620199441825
0.2209479236402046
0.3381434147021876
0.1805639541006615
0.48291845736578526
0.9892874180329658
0.575269148506194
0.2414515397570169
0.784279542980115
0.9743090758785169
0.6629031809499462
0.02088955292783773
0.7215330725568781
0.5172871125291425
0.40266678603489614
0.922317735433007
0.8641148166086944
0.898608346929893
0.3215267473613511
0.36948510103970333
0.23970999866566706
0.7018049945914448
0.006641106806249297
0.8580366444945513
0.00019621811606879147
0.23898211001981084
0.05705779479254153
0.91970618913868
0.18321418562178232
0.8242914001392754
0.07881009627814211
0.739380455567438
0.3753049658776064
0.722141901160924
0.8540549403198087
0.5959631419646504
0.8022789399089811
0.6681275154488353
0.8002510636580911
0.2598821549608849
0.8734585380672468
0.9631899285858578
0.10197618697925525
0.9732470229008645
0.48866285269930404
0.27532495189534556
0.4458334893855589
0.6630776467103423
0.4802793862352139
0.44817920810538775
0.11799937716372072
0.5936895022466657
0.40749431018798176
0.8121730203542516
0.3343161987846832
0.7512347906957753
0.5457293275210702
0.7213246604520233
0.06443495057957016
0.8715625289393092
0.32155988936000146
0.29774009068153595
0.28436476511527703
0.17197538523069722
0.6318659084884726
0.6557712328601914
0.5458872573745291
0.5281242838115895
0.4556927803691074
0.19913514788442194
0.9866457474671801
0.049196621568766974
0.9182770503317899
0.9368254219212371
0.4213206044045832
0.7477175367067768
0.4989176393429816
0.14743588197382162
0.9521537002534359
0.27469790633806423
0.38785012315462114
0.1365565095588797
0.6161864156362825
0.49652671789951325
0.09200800907009182
0.27818950879148824
0.946927407010473
0.02691969483385448
0.26553174044392635
0.008673572513672567
0.969767576619054
0.6953998969246848
0.39811249158982265
0.9503926029238685
0.07331153975637261
0.3332002721581488
0.4327345145720613
0.8825846852155221
0.40289639990321474
0.18814200533995373
0.6041062385497626
0.8478561809738118
0.9079199321197953
0.7419568680918427
0.7900471128792055
0.2855444546639082
0.9412023446682236
0.6966854182928688
0.450323522393959
0.7168623423791625
0.356456775524063
0.42119738168915366
0.7909036800798304
0.17179621406260548
0.3790457597988029
0.204544309649336
0.13632815913697965
0.2440185533124894
0.13555201977122727
0.2497688593362743
0.6188690447767926
0.3876151367631285
0.6192939215092073
0.4599589216313984
0.20037753461172242
0.8282160186867209
0.041767112221978986
0.7177491177479585
0.7311958987612784
0.25115835511983025
0.9740956384785613
0.5401360035336251
0.22023697141819887
0.2505983283837769
0.41792745004848414
0.702387599764603
0.7413101694417994
0.37602861030648654
0.9618105428606417
0.6679917132029602
0.43300022943942684
0.4964465060812915
0.4769377281847774
0.43600185069825314
0.8628808970150465
0.11745740966387957
0.38524956737373406
0.7228032172248803
0.6215727691182389
0.2328868889383861
0.39323644941837793
0.2322358036729324
0.38813080319418647
0.27001411704537403
0.7263825591958751
0.13617519036845355
0.8654737230980442
0.6963280298455226
0.3220458053247916
0.7870861089708202
0.9230438817338629
0.8957471874232872
0.14266954204698284
0.11472758061831106
0.0036130973879313077
0.9935327711026241
0.7565733174231448
0.12110280386309935
0.35212611933638743
0.4116637439803393
0.6001716777660229
0.3809107323127019
0.9067002109850859
0.07023190102261928
0.8833212498142273
0.47917054676112597
0.7553758224647051
0.3154537946306625
0.9285983232807143
0.8733542597926767
0.9069398243343939
0.8511855087969867
0.8456603205149291
0.7542766339356448
0.7501195357120414
0.17836533462342724
0.8334463646630834
0.09815584231266794
0.9826720139869783
0.3055983857905192
0.07582369667332084
0.25167216047544727
0.98037000862736
0.7841365613930498
0.15038802672798346
0.07251622458409085
0.5456122401122508
0.4417956668329807
0.10547778225190646
0.8598323686445475
0.7263623866363484
0.5428915190895558
0.8770635745611771
0.05212657507578383
0.9283477201045792
0.4850649367402969
0.5150257870885899
0.9446227129473401
0.8569248110108654
0.558905298370224
0.7674349154442949
0.48371472858678094
0.9197463798505092
0.7425711483698527
0.9318005225929511
0.533076644082621
0.5973398307692757
0.9811451796666029
0.5238566404978457
0.8741561262138173
0.945934693338027
0.9092505290137658
0.23730263277949776
0.6031914809084498
0.8353527034271899
0.5154938194309897
0.8720204586302382
0.5175561468671249
0.7445006188438661
0.81858972830245
0.393640419048137
0.5461485923908659
0.9379829912063227
0.22756096815930526
0.05392951368521676
0.2717097589409179
0.6295778194457633
0.8921964477522747
0.5493276126998547
0.11736417297675916
0.30179556314860045
0.014989622254065582
0.5240586677608278
0.8253449292470946
0.6954675660854771
0.7920678908113096
0.3345953094772012
0.44277681473745395
0.10928738366620066
0.3781632289095462
0.883857148460067
0.14755593761068258
0.5564544252477913
0.02946312080005803
0.5063743195347314
0.8967781485474381
0.014046216601104832
0.36821990196219506
0.339749646771611
0.060832896399814096
0.47047208850312566
0.5342858108874933
0.35310414340371143
0.9181927911724086
0.7273375768960719
0.8412800778985816
0.21979225961549292
0.1290937165210143
0.9442755242100754
0.43888332076239394
0.5195248683344296
0.08071388915751654
0.7287761967863584
0.39779378230548806
0.3341394196314826
0.30212475582265463
0.16777571549323933
0.5801687219760379
0.16160829616326228
0.9842004181588857
0.5737381039207996
0.6359137683163663
0.2144781801679964
0.007836402613226101
0.8751932877272415
0.47397161348399147
0.5917843623945467
0.7832426589944496
0.5201697906631286
0.5978008128227643
0.5175859719722669
0.6337398712154764
0.48068720396062853
0.7655244201435698
0.8246192954801486
0.4194018488696982
0.44745056080627404
0.537767331422109
0.1281681362096611
0.5890514138342928
0.5861147830817726
0.40998999706825256
0.6831016542178738
0.8735305221866355
0.28996431315838555
0.3911656910027068
0.7461315850061667
0.38883025918698705
0.2085793867985264
0.08693709475989081
0.3756925767676157
0.004579587820313424
0.4580371052783618
0.5729273846626374
0.9934506296463246
0.45155644864625133
0.3254218923980211
0.6026698320202457
0.7042963605799318
0.7912984896331805
0.968896656236788
0.9846592653241796
0.3257814058517225
0.5515548915203129
0.5843122861824781
0.2843173478577924
0.3133077253623944
0.0432347690578031
0.2603100683501249
0.35920328213721625
0.28398112626213273
0.1176718660999106
0.27609760258084714
0.6195900438869417
0.6398920758187958
0.8974390151650358
0.9095560422480544
0.32156573349403205
0.8706882430924128
0.8196101875137827
0.9180624357987251
0.6461085027539375
0.4756547698345534
0.667281815346136
0.730387839144793
0.7951224770236609
0.08712002303344268
0.13332933235222477
0.04525840174326545
0.8442114978118707
0.2998559286355244
0.8597886733994452
0.9706431119373748
0.6320061960698743
0.9152436136449263
0.8269167895291813
0.05755850513934335
0.5371491684031969
0.7943268355717665
0.42789922875336067
0.5831570862444235
0.5965821145921938
0.28047683881272206
0.5583367373526225
0.22009306897045994
0.05256773499400835
0.20024429241539315
0.5740571273211211
0.7926351422279001
0.08091830842279113
0.7800751191682029
0.026462573318702387
0.1647230954789719
0.14919201105766683
0.4269190506045742
0.6715366355752592
0.43114111812386324
0.1811568893346608
0.21236063210773293
0.36679926621429004
0.49020759292455063
0.4626118289070216
0.07275479435624965
0.11991233716137561
0.7648576135674351
0.013692347689671258
0.19194996947401865
0.7333019341087879
0.30872090497352095
0.9740788263626237
0.7685336254415437
