# browser_rnd sample v1
ua: Mozilla/4.0 (compatible; MSIE 6.0; Windows NT 5.1; SV1; .NET CLR 2.0.50727; .NET4.0C; .NET4.0E)
appName: Microsoft Internet Explorer
appVersion: 4.0 (compatible; MSIE 6.0; Windows NT 5.1; SV1; .NET CLR 2.0.50727; .NET4.0C; .NET4.0E)
platform: Win32
vendor: 
oscpu: 
cpuClass: x86
language: en-us
hardwareConcurrency: 
deviceMemory: 
screen: 1024x768x32
date: Fri Jun 12 14:34:38 UTC+0100 2026
epoch: 1781271278257
count: 4096
---
0.18949841757153762
0.9654450600217287
0.29283979600350446
0.6071846612728826
0.12477936070374335
0.3866598913492906
0.8264859969359972
0.5544380038520753
0.7253676348534632
0.2343876617829473
0.2923932875884284
0.5834386734301429
0.032635637483722446
0.8277791600975477
0.675342594020127
0.8875112986731231
0.6998024397161346
0.7350790851533165
0.9574837890155632
0.6696507027383987
0.4069471177518709
0.9716853624076751
0.6340040645252973
0.5863664263451296
0.3943320495536681
0.49429106406340584
0.2886499580987728
0.70124819225719
0.40166443181600925
0.5201919321716206
0.2359693099107919
0.24735483937874425
0.12221308903423966
0.936194570564511
0.9490537584392928
0.7485061960726465
0.13323703253794267
0.07816155631972543
0.23472641558609503
0.08178391000527124
0.14797102038881077
0.46008136565994656
0.8925331705504325
0.8770234132487715
0.3494526195903698
0.6106527998434463
0.8995605277852632
0.24380636979168368
0.5127642127064528
0.0357247513931076
0.000016691487502717983
0.1924390418586866
0.5998024836732685
0.46653407065178653
0.9466765943099384
0.2726286233950081
0.5194770729093001
0.9765357477951287
0.54070598465437
0.8920466119717387
0.7862789521502369
0.25372104076216323
0.047043335469015846
0.49669407018627875
0.8814484170736416
0.3006709499599317
0.5244327229457086
0.295960995587929
0.22351126098894675
0.10119392531114879
0.10236467929517007
0.4974979195141906
0.7887413296815322
0.3402482031678118
0.26159613963325484
0.08049491258305114
0.5871459934879937
0.09295075451226881
0.7305848597281864
0.980689458250005
0.3958608422063408
0.5088265413151607
0.6970872593746219
0.18640117163418685
0.37937845165249473
0.9090529618151959
0.6523334453729155
0.6521182750102907
0.4848254811762269
0.38730649304386283
0.3346062976759447
0.12463681990262798
0.7905411193271699
0.9589194718222962
0.919716605555216
0.9464805300842121
0.3074992443616718
0.5384070406404802
0.8177793092203336
0.6523056304336781
0.08565552706990176
0.5420255702386761
0.17886076579970395
0.706221555669821
0.8610899099447362
0.7098754664839225
0.4844804504588251
0.041434955764079906
0.8948537412044479
0.8211628921485847
0.40761497062854523
0.1583511101393546
0.1007202633931999
0.3365864577933962
0.460766030008067
0.41324333571832816
0.036575738606523744
0.6434165687504538
0.8198182287396891
0.7868274480034109
0.842978150622548
0.5016864995643604
0.11082663402032927
0.8605551300284853
0.7524488486837371
0.49401602903091313
0.8775379833751353
0.9481664510629129
0.3643519831471502
0.7669399972248005
0.9093635857517552
0.3310182769114057
0.482755684291078
0.11821547788360848
0.6026860611687281
0.32793219476027907
0.9484575553748262
0.5324332818341277
0.05279591846102544
0.49378163077720915
0.5613966424596044
0.5963604912738087
0.6294183279657493
0.585765035031226
0.8859627513173682
0.8357928313235956
0.3757042288977675
0.06228791687297669
0.45925322904196314
0.9072968728892086
0.6887242372657367
0.7866035710421712
0.681116198311599
0.7510738121717673
0.38891757188643316
0.29583872995847554
0.45485861225264523
0.26527803033868785
0.46661262271538234
0.46575672185156363
0.46878618052792803
0.7974753308932814
0.5056496254292345
0.6525877750053697
0.8612815362720341
0.7655271382740141
0.027299901676484273
0.4254821121926288
0.8959160673013675
0.018038645020771293
0.7720905215271492
0.8166184827187894
0.18812975774827528
0.12361038002386276
0.24280694816354925
0.6107270836469492
0.9713024908308738
0.6384843839567647
0.6688604045045232
0.5717624474671668
0.8675795126203475
0.5437773898288196
0.9203709772646649
0.66168854503282
0.6376025022049467
0.4663453907285825
0.7997310859592499
0.2448147570892732
0.4233370233594617
0.0014253102013183083
0.5690785615044949
0.9908479596513506
0.069476040882189
0.4405510152309352
0.534022048113858
0.6908026509884984
0.21143837896352302
0.47484262002679317
0.9971260951859879
0.4821375602796696
0.9517698385513387
0.9916194886156837
0.9190769225456172
0.04296351265336895
0.11179408464913476
0.9113889430390312
0.18111399480771317
0.15989434659923562
0.24164913347767186
0.12261430254572314
0.4292269158631243
0.7000887186960243
0.7993845055424631
0.9632672195287123
0.09878073925186875
0.425257736156485
0.16858333488673893
0.3710211670931036
0.3676471863728958
0.2738893542729386
0.47401234112595636
0.7780443279835427
0.46658325018142216
0.7076674868737515
0.4760920395693634
0.06170148217421373
0.9875126172263993
0.4690402163967662
0.17751858198494613
0.3790765879477438
0.5735295859562679
0.6291178106364645
0.15915738752196568
0.5110787659169818
0.6488590608715657
0.11855827519108564
0.07736808188583516
0.4209962196234298
0.6526703638251858
0.02882421774346472
0.20120934134536428
0.09271429895317812
0.5775565487279869
0.8471718469588532
0.345510932234287
0.3554151207211218
0.48165518545199937
0.4459591123292808
0.06458987249082704
0.3244281262822572
0.042800395623520004
0.08533674224859972
0.5114260662430559
0.29200219626941515
0.15376014898187867
0.9081125332588855
0.9384024341855586
0.38712170922743633
0.019526771142600152
0.40655563161331143
0.4182531494727112
0.09009040445065913
0.21079287544309244
0.12313426549474038
0.9976529164679425
0.7354584920650293
0.6521587009515944
0.4106569183230589
0.16091919525076764
0.46596992926131275
0.5792812034706689
0.4220134668421972
0.17758837003246924
0.7105586646718617
0.08608904417446644
0.6256892973963811
0.635165950456602
0.1510236020856413
0.001351864663268143
0.050452217612291794
0.21713975764460058
0.314864344793592
0.48330635400473115
0.15108826413445736
0.5763845088041204
0.38586078554103115
0.9017052451309558
0.6567891641850283
0.9753748819897625
0.5593313159924437
0.2885702011545806
0.014770941512876334
0.21716326789007378
0.285606188135586
0.8820927057326606
0.07392942931890117
0.2748679163547803
0.04310380192220359
0.06254200516290276
0.46681526982291055
0.9424554673478552
0.8614995884029926
0.2847025255828122
0.7429372544876882
0.7758916609289155
0.6758283422084754
0.4482776886674613
0.6823799539941364
0.5712726665185481
0.7339628886265459
0.5158608332925264
0.3759473421992929
0.6353386791766268
0.7027630456910781
0.0874883598504424
0.5965214839364992
0.14381035800086622
0.8222907338623522
0.07145367620650755
0.7060514269076068
0.9542779474339846
0.44283858805509074
0.5529754089431522
0.8435641725735377
0.34291188550194634
0.546120859328568
0.4554765734745846
0.42181609090094324
0.2680526990689957
0.39982706196937173
0.6136460712621676
0.023679858455705194
0.9287770970439264
0.3238404950029545
0.4331177143949234
0.6340882680963346
0.5828263161498924
0.6567749685279572
0.39851584638801623
0.7693332362519514
0.8158217566619482
0.40308509852901897
0.3097811739448611
0.4727445005520212
0.7124819611375157
0.7138566928064541
0.27610397869558795
0.33424921241405303
0.6705941866267071
0.3084855552832214
0.1774562585076329
0.661040379451552
0.9197827084135888
0.17980456233902942
0.5156282957150986
0.6775583498946959
0.15965526391003004
0.44182020983577535
0.3198392903810023
0.16521627635001718
0.1156979538426865
0.9770718499545616
0.04640553875229214
0.26577704135766444
0.22632797098041213
0.6197278788333883
0.2176141191647078
0.26701570330357615
0.12080274669569907
0.9708849725144578
0.8818635530272163
0.06527809105624271
0.025222963648406815
0.5841382430640882
0.8452975531287387
0.6567725157062214
0.7426560717270447
0.18234103464915585
0.0245715499913558
0.44790856461030837
0.3934460990037725
0.770575683050801
0.2010560172858044
0.39472315861919854
0.6730643047756265
0.9957070472669116
0.9186946637961345
0.9824106278364176
0.9873945389011726
0.8694929671096986
0.26089953813775274
0.8382003827585693
0.4591363129913326
0.020077085415889317
0.7662791002542508
0.3343019991680752
0.46404727145349256
0.9657908822970129
0.7986596114137512
0.8823644111342139
0.052036225616690634
0.515543622140898
0.2737740518380812
0.7468720832724831
0.3356566995171846
0.29168027305969135
0.7631568329778584
0.11212809798975487
0.6873401936885726
0.5440391725306312
0.645196770188872
0.8259500713995458
0.37674722431037916
0.878042529584814
0.1539648007950274
0.7129320498608294
0.10090348123923526
0.2550047416417842
0.8883468392957996
0.6011012586086514
0.7123272906089513
0.6394448677285691
0.5871764773322621
0.2380261796206779
0.3341439344154034
0.9660410652095841
0.7504761041485488
0.08590785223313291
0.966220989299343
0.6779666995647375
0.99257917383197
0.5799138756720206
0.6326483759856443
0.9486990362482678
0.8498203837041678
0.8099904732991578
0.09842561295281343
0.8409932166413538
0.13364458052752232
0.743614895801032
0.19200784126958131
0.0795656156501392
0.8193992776855299
0.04542671839120749
0.8104013235298557
0.8181325408648521
0.8917398440505809
0.26940352920554433
0.7547881694315845
0.766801288335905
0.529490192326868
0.7002227638887636
0.6471991080873214
0.3124127029361022
0.505966231584204
0.4026779611246452
0.3125420487117078
0.8122855232524012
0.7051830920240985
0.10149468181488208
0.17533351314782924
0.07091457601493689
0.21003140908832035
0.35861733515302674
0.41676882464554404
0.1195263546497643
0.5054219194661748
0.14101526668204423
0.8653061361636158
0.8099971474721579
0.9575616533594566
0.2792825631512509
0.8527283598355759
0.40749034549377555
0.879939172578739
0.505782941993127
0.5576863088550459
0.3202712899332308
0.17726028229633933
0.7308173666594173
0.6800150717864677
0.34050928513871914
0.7704897410437912
0.9662688922348828
0.6416551408457474
0.28647838839562584
0.7493185449021591
0.8384055289448827
0.8937985081473887
0.7344197144784198
0.4727903901438078
0.9449986202180274
0.324919198187108
0.6074299138435005
0.644485147361699
0.4066408304156473
0.21063671625897873
0.7490916940307362
0.7255709388146749
0.8381242506899738
0.6239000112711269
0.2511643113175492
0.9172007722081163
0.62296581416812
0.732768516753594
0.22750288954672276
0.3431436127881251
0.8126438136019216
0.9531058543624236
0.9304775052052645
0.9942037631922866
0.19183563460875153
0.4947911653491507
0.5915143943250291
0.4578966830379784
0.051923764626403635
0.4425916820493031
0.13398301345511487
0.4500132471878237
0.9972632663034073
0.14662939710120748
0.9545044485044238
0.6891186282670063
0.6721808980759061
0.36241390698854836
0.2978582826789787
0.7106959812286853
0.6414022626640327
0.27670227392366903
0.3610162770746273
0.8045591812431702
0.7825801147096278
0.28298596012319354
0.15343320231872487
0.377323065627314
0.4568235018139676
0.12919406433603953
0.31357635961524316
0.6911333673368923
0.41160401703977084
0.8502409265924674
0.5357771527962511
0.11052297890829005
0.840141829844689
0.7193353266531581
0.9968394093823261
0.701174958398046
0.27235087285552506
0.30450769397677096
0.18844092952777158
0.2675369004167992
0.004649228795144178
0.6006005326087658
0.8592161698614104
0.690645349741484
0.589416915850848
0.12200661179894428
0.34950956617082457
0.733182839666829
0.49961046054464636
0.7877283989035426
0.4621404591434382
0.3157044361166952
0.46001945329368726
0.40787110264997783
0.15412253682053772
0.6361346463218143
0.09387763886185163
0.5894712897459999
0.7571315590665424
0.40404938639699084
0.4720169321619702
0.9196013542455821
0.13861751326052168
0.8919222447840012
0.871479863340014
0.35497984670099325
0.20080829379844423
0.46742781463271093
0.5514822064413023
0.8498564023966124
0.3814538030823492
0.7640593051209933
0.6368441923723919
0.38772905617733766
0.3680110251875822
0.6717315340512076
0.2624853022960187
0.7474909018378242
0.0660719241757668
0.8847045564700044
0.9773042192831648
0.5308921753649067
0.9731878238760566
0.8310770824490017
0.03174187537975659
0.20574265275408815
0.5008454153265613
0.42626314463809106
0.5805525250424433
0.17806860401811242
0.46020098017256894
0.24227932104286581
0.020783690524806664
0.19647738483950522
0.8812811856873273
0.36533405004908165
0.6546932009002135
0.7132720148627293
0.5707102217118596
0.4261243958080718
0.618307254746475
0.17939686300326113
0.3296246555949595
0.030410075788893653
0.548550710642512
0.6340850125621876
0.5512889024816634
0.09184818828190888
0.7753569747799081
0.3651165669632119
0.9970259505219223
0.3747364405264096
0.9198914012886676
0.8618864887339745
0.9094292135940085
0.8912266454435489
0.6559990483167075
0.7610193850953568
0.26342332985460676
0.6657343184235364
0.04921374939368495
0.9930580584362674
0.878592922525748
0.7786841640771414
0.3261422627184019
0.8787912804822605
0.320300220319244
0.5323956327578134
0.14676386411615266
0.4950756971866658
0.0024637247327633504
0.04382628139347061
0.45316209291332665
0.2325454924631582
0.6714719575175891
0.5620552404802274
0.7504322112811681
0.10139289315262961
0.4985575094717631
0.3328028882952517
0.23898420892404526
0.006441213002354063
0.3370586538216204
0.8879467883545642
0.562187979015828
0.9090215565100701
0.3113467988227577
0.22490837724888196
0.059283736303087364
0.5207032527498745
0.7958002327595302
0.45894856789076477
0.32070729878122284
0.9327169596315072
0.01505553881155558
0.18082473625675704
0.5314564954081369
0.37494883355137154
0.9508701338239308
0.932925534234615
0.5578515374875215
0.11967285696798446
0.9762806618128451
0.928914019519419
0.9840184696621892
0.3977276534774966
0.6543436794057782
0.38507373799513744
0.3366519825495003
0.07863318867131191
0.436596461297464
0.605966359018549
0.5500896877516159
0.7811817150323215
0.5754775742573224
0.2726735177112441
0.31845710204148975
0.027326505644961085
0.4252981571262297
0.218809817224912
0.35761890029281656
0.029730932225864703
0.4479566148692655
0.3476575492021126
0.7568985714239356
0.7121293971356013
0.6624408824437367
0.24318829359103822
0.5390051949422048
0.6016909438403637
0.981264000934341
0.4584001628327809
0.26633259545254273
0.3038651516858567
0.8623303250881724
0.42631375895571754
0.03277283734794817
0.37272922680644976
0.9713313374583627
0.43213404356587503
0.4624123330372983
0.5236439809890507
0.09762128064759062
0.10949901934422146
0.3999555899516282
0.30006589604067174
0.3956248277243803
0.47940067640219014
0.8224481362015679
0.5026509219825157
0.1341803240016604
0.6372773242695207
0.12784674760946835
0.9163253777927823
0.5278235631317607
0.8119406707074915
0.3632115114913988
0.12978782495133068
0.896868994315072
0.6694150768977682
0.14377114576658373
0.5319451975679124
0.35724648089635086
0.4154303446547073
0.9838391759838065
0.8910754945502933
0.47640351778239337
0.4622237637429309
0.5115353987803535
0.27504812555140045
0.8481841005245079
0.16847068465242715
0.5714935521031446
0.45472246974708324
0.33744751151933016
0.4355775661448037
0.5332126129504989
0.347683998832501
0.8242911741881833
0.7492350274612676
0.2174357790963995
0.5057664090115836
0.6380938605382493
0.5920426929641949
0.7289177834231926
0.12734739257422062
0.5131968052233982
0.021181725155338615
0.14116757420063997
0.5841945928313544
0.8208919318061454
0.6045248557713236
0.41723023501078315
0.9926774258978939
0.03648795008716477
0.8392379282888251
0.17029827094791228
0.9304495955598973
0.8855765594667775
0.6388409669394102
0.868919245313944
0.0022459379596851403
0.3802227797640956
0.46786081820543484
0.8737930733428777
0.5922265753477711
0.003654775235354346
0.22762151544711284
0.2566290723520898
0.8053403162623337
0.6311300581016259
0.052382613840529724
0.6962590657000311
0.2964681782838463
0.3850069005867175
0.7619496821753412
0.8731798938926079
0.41364719405288103
0.513650793272963
0.8350454120075024
0.6909249013917962
0.8404635464749459
0.5566578890637228
0.4171435414686816
0.3411404895292682
0.7127432429703405
0.5129784651330087
0.05713228710105167
0.6989707438219497
0.0059575416751644905
0.4638754123921925
0.5790875709344455
0.7863293105361007
0.8422994081792097
0.11925398408353177
0.738600817242337
0.07286446855734801
0.25017646185156406
0.05375080597184456
0.08751978272196487
0.19789996598748666
0.8239047041193674
0.978071702839286
0.7766252951606037
0.2913604577885383
0.6776765820896657
0.25141922959383145
0.8626805678699856
0.44766739391643484
0.06541596653702802
0.9824527670965144
0.05445387651793532
0.06381726799841791
0.04692159233447141
0.4890751775807458
0.7317296898993615
0.6913311073549484
0.620739652850265
0.5914419067034057
0.5019869276970139
0.7714904312290112
0.8154953416015277
0.19793972027675793
0.5213375974699977
0.12425154188458315
0.3339520529861623
0.9104840837191023
0.29948279968151414
0.3434565255392042
0.4778561362424129
0.9233355552043876
0.7328572203330523
0.3144359727721982
0.24666417783174954
0.318737154840184
0.6657973533789472
0.9148249054286668
0.6995387076012248
0.9730263429478321
0.36648271269528015
0.585390076747776
0.8975374452919108
0.678476789492581
0.9225633475315791
0.864893231546094
0.0017102121304491957
0.7589763651011625
0.7108011033355615
0.1714915580705375
0.392856546580422
0.4117499985082244
0.775716018290532
0.08290316437996314
0.9999865171385278
0.24268684150556424
0.16414340972275476
0.1185418878631962
0.3770656909684026
0.9794333619474893
0.005771203742561903
0.5590523202717448
0.45141496759944255
0.1442652086095489
0.4041412239036931
0.1521526098881924
0.28217443652769336
0.5478523370637673
0.00826202581494384
0.6484189177797008
0.6135298685701835
0.82538352853825
0.471895167222978
0.9866223250756843
0.48493943547860535
0.8781178504552246
0.8757406281342832
0.6054551643044329
0.6693870611856414
0.006282304628694391
0.5871613818308741
0.7969606403390735
0.25072835755890715
0.7233364026631804
0.9627510083417144
0.23670587433424883
0.2224836442375669
0.7269759661494228
0.76096234055696
0.8267153765270687
0.5929720406267231
0.2688500270979014
0.1251793503080471
0.7694082835398346
0.11546929753823637
0.21281627933489805
0.5220282362380954
0.3542592279158049
0.4271114634650449
0.4006621415614433
0.07538806238938617
0.2836295985050726
0.0765552926030762
0.5545698617713978
0.32347518364958483
0.4901920973095068
0.6479454372636293
0.8372058763922041
0.5445396999240777
0.30559830965342976
0.9475275537206288
0.3631661727488295
0.4461264839522293
0.5285155263959248
0.00928551016314444
0.40961074986275625
0.19351710849666637
0.40988561716694976
0.4972699182740485
0.8092721379887141
0.4648832108811777
0.8242352107317393
0.9348242458329484
0.02562426367975179
0.46384600714791013
0.9280932321505625
0.07470396310779897
0.707849665878775
0.5945503574133966
0.4200480897846792
0.6391230836200119
0.10234447920727346
0.8100263070783451
0.11170374265126215
0.6050515495290326
0.5578523514601209
0.4815247909638017
0.8947700721880671
0.18762613868075223
0.5029198604150711
0.004678262089865437
0.3467498477630606
0.6833263606050643
0.6972175917698469
0.25775128937448194
0.15616085310692262
0.37460609375393644
0.2623727161192501
0.4579099214014563
0.2679586755042985
0.768960721182162
0.9833103156527834
0.9233529169229285
0.15080179818966038
0.5479484553047447
0.6377023524282073
0.7423119624570926
0.870027476522351
0.7354738960559702
0.6589746969315413
0.37434189712970223
0.7136834515873522
0.7596805082373759
0.2674243014889908
0.7649862588779428
0.9636868683341168
0.2790882051475628
0.3143499609163229
0.6418173645260313
0.03015866859162153
0.8711510519164811
0.4757018678320428
0.27801430960566287
0.5742079631355205
0.9401990281808605
0.10460664196777697
0.15905616333764366
0.43291774783391523
0.491767337376484
0.006226086463309466
0.6687719775211792
0.13000958741603036
0.7416051606499907
0.6337594728748846
0.12290295976132581
0.5066417982905104
0.8801953890419127
0.7210006655525116
0.22149655555232683
0.5390218556309048
0.6974056494516779
0.16471322278295936
0.2658659214721902
0.7229906005520008
0.1869298961445115
0.049187743370951664
0.29151260482944863
0.5004622949912991
0.6964693427285356
0.06569766815903838
0.6053241975105306
0.07858107466704162
0.6671399800948382
0.2211711105587449
0.08352268348516328
0.6496809065595268
0.5143835169916368
0.6532479352986531
0.9862535155161807
0.45861291576761104
0.7426972278850821
0.5729928279576895
0.9753692951734072
0.38373022932444434
0.9577876856830709
0.8418866112028032
0.48387603632700127
0.6987972527405362
0.04229190662532567
0.4563197830562445
0.5786742615856335
0.4653167887189653
0.3949989634227392
0.26066366388873413
0.9826408164370202
0.5682449246801562
0.7985439318292116
0.5390961115575401
0.9777618294128254
0.752790223497381
0.17683513107828647
0.7467105279851517
0.49794103695730363
0.14597039802493128
0.23101470944220204
0.5320380233915984
0.8382716378001063
0.6538260663778481
0.7015417721771322
0.3759647058745678
0.05697436075095591
0.31366771422190576
0.7940260554246548
0.6261271273207538
0.32686794242428424
0.1504588486220454
0.1277296071730477
0.4412208788802505
0.2051526024623539
0.3374145690529301
0.4181925326750295
0.1762585289638381
0.03345127066988629
0.493121388473356
0.9892283625586291
0.037665046398537794
0.45446687567163063
0.7609609916976445
0.12457339047899607
0.4161999863779262
0.33727875129711615
0.9113467361851948
0.21576339446836995
0.16604776570508317
0.24021466639012595
0.08325865388661591
0.6403504425444718
0.24001834214385342
0.9083994160118738
0.9387889969139953
0.31336126592794344
0.5136528203459886
0.20249491144613868
0.9428871691862103
0.8949379607749361
0.33512946766552393
0.2858106157484293
0.20021917265763767
0.7083906501312992
0.3232175574804547
0.8588774154927019
0.7820336176595592
0.525431066127374
0.20212802431090093
0.7237419943612127
0.758152441954221
0.5091447030218301
0.009961106601905522
0.984652845374198
0.21268157771410767
0.770298689981906
0.8465532808299869
0.7474730768546358
0.3667629477414429
0.18887118442695777
0.43687678333415286
0.2670694604948888
0.5576658445007441
0.3802274346325538
0.1777471091384607
0.11009078446224624
0.23074252326736178
0.9441566014075509
0.008444894454847196
0.049963067520631566
0.2892490905979711
0.4250225069090368
0.3999606772990509
0.09159319074915978
0.11675944507925673
0.7325705524886888
0.9929222217657492
0.2351861159129835
0.3378768234347616
0.12547211686898385
0.9308657867006697
0.33174571556507415
0.9151735498491025
0.24347669917008563
0.7333643525332929
0.6572424636051588
0.4937667797015561
0.08908145224052161
0.6326272716845483
0.6380959778895512
0.9996639940521788
0.30591633104114
0.6575372943064599
0.4975339714629129
0.37398904042253356
0.578582549774106
0.39069280722345933
0.4605536198808695
0.9824257809157864
0.48747102913002354
0.24687432949388727
0.5546250795854957
0.6776930926202884
0.6921262673158177
0.32545604743965744
0.9739412672907813
0.7125914714903276
0.8880106285050601
0.3746347002441303
0.4369317736841982
0.7021381696748179
0.5840626740356964
0.1719497348655588
0.9599230540404741
0.6155341632815336
0.3822325339976839
0.6734200901868749
0.9942410908683458
0.342183018076858
0.10521606634862657
0.6127247218592411
0.9297166563279433
0.7207081272190615
0.814898966319549
0.8422053035892145
0.5544674501416813
0.04589143385334138
0.49156079657618634
0.5990713466383972
0.17899546150246326
0.9756832795325008
0.9026780397061745
0.05303935062865711
0.782052020268926
0.4489096977385655
0.9802043491296835
0.9457393027852139
0.716386790999328
0.6940297116719523
0.8464952669861511
0.8675732313035565
0.224411466194818
0.6602723007976181
0.48158368362472625
0.7343123217512255
0.25697259022900515
0.234708615031698
0.9083014043841633
0.3235705111986356
0.8628421860925758
0.42229214545500193
0.6867812461799368
0.31039388544571095
0.7221988958693556
0.2606257900865133
0.45616316862691813
0.10155725357248846
0.23428641375170067
0.6171913863922973
0.23886691790461
0.9097602027550087
0.937600087398416
0.1740039761163038
0.2315829211994594
0.9317671364891149
0.9403663989649028
0.8431293458622562
0.8471719777276661
0.19863674530741215
0.46974452016375495
0.5762303438655181
0.8429535803747661
0.6515384349443762
0.6100928282825191
0.03228358965206923
0.4734015609142481
0.26325455770457023
0.7938074313418963
0.849835234576118
0.7390550533045002
0.5733187525887801
0.632653926036914
0.3336404902097789
0.9684916270923773
0.8338426114570231
0.23317760805040466
0.21025862557629804
0.1664984599696736
0.0734340079088367
0.22669126762007252
0.7331515233540666
0.7891169377624686
0.7782124215700868
0.36250404796754304
0.8250603201820584
0.8650243108939384
0.561777801612267
0.6624687039386827
0.13391152449854665
0.6727560682879915
0.15009126579823495
0.8155886956654531
0.8482302862144703
0.5045609141435607
0.24257746518833717
0.7033406339208825
0.8690151619866646
0.40021980905375487
0.32736003552438364
0.6895317271556407
0.46725538303360475
0.11794940821007133
0.32639295091621084
0.5829257595033583
0.869747924248852
0.02454926763745574
0.025352345129582065
0.986535454676844
0.31059862199519405
0.03324140945230014
0.6035049787765966
0.0843927723145168
0.9617677628940326
0.1951897174818747
0.2203707239185484
0.7847732385423902
0.8132473157149946
0.059475756375465094
0.5388485297590637
0.5382639760972571
0.011933744326489193
0.4563467396066474
0.26857643178487556
0.0797295041541512
0.38798630202511375
0.9298404176551177
0.2986480004374654
0.8051433127135144
0.8984379898359245
0.6484305724618342
0.7554090989356685
0.48741726962665577
0.5000524825232702
0.2561260573594875
0.36891032064739165
0.5597749708627495
0.5268969102997283
0.7914952723415719
0.8606922950004707
0.25087935290898194
0.9928270888419597
0.4983771566399646
0.6759321591482839
0.44283870635513583
0.3650583842490268
0.07957855103125488
0.2745815146915959
0.2413795036605076
0.26222163714172236
0.7036472933766804
0.36897757498348854
0.896888362270713
0.21878071034887786
0.8648489415353052
0.9495105475049805
0.8956897219003983
0.12741405473599776
0.017764631785827933
0.6752823549048813
0.7528395874601002
0.2219399495165777
0.7604661771854299
0.22329277450802887
0.280880049665104
0.4955911665944755
0.22401386212252366
0.48754121203611444
0.8834132081904235
0.2629215957618613
0.2410613194924236
0.09853339323117782
0.7280170418143903
0.168353790939136
0.812640981487269
0.5940341792733758
0.48994034452430895
0.32035311274186634
0.3697426951300623
0.7135090131268152
0.7261771239890775
0.3874405981522766
0.3350870105834917
0.7115483763230028
0.8389356852574024
0.43073326393877004
0.5305339799737584
0.2896707157445377
0.01818123385082049
0.9674271423982027
0.046856996456031086
0.7312514950507114
0.5148449571229121
0.26061486658522836
0.29515068802290844
0.09092694385528266
0.08945683812310201
0.11305625370548922
0.09293051154204895
0.8376731485141693
0.5053730877703141
0.5059968562673325
0.803021228040961
0.17986239935500087
0.4914336805855802
0.2688559577676239
0.7396199133825514
0.4109503724743195
0.6857990721496827
0.5915821768462133
0.283458931028457
0.0060492657516279524
0.6908794466732193
0.598701286297582
0.4067825939524544
0.8724935849446671
0.5186839933800125
0.39255755771665163
0.5988910809779091
0.1116068866372476
0.386581584348346
0.9429762085240786
0.5042934792320906
0.8842291547381937
0.03537831576641248
0.9515516222633116
0.9380514973120948
0.4891663463343665
0.4847816792386063
0.35099185667524196
0.3266840936597634
0.5615749329998856
0.415734748307638
0.413427341104179
0.038042533816567026
0.3773959760847736
0.17476838156509766
0.5363173766202943
0.5098542451972836
0.610304872607509
0.7324329192934202
0.6505653298611765
0.5641731430507921
0.5292442133434534
0.7960354057882302
0.8526796174931752
0.8037628952425411
0.5474591453079729
0.6763221491571862
0.3012940311245716
0.5264789790821414
0.23805592322770214
0.4384105893197192
0.6380879653916613
0.16500410148298472
0.4164558553948804
0.3291884988536962
0.19412314251540547
0.8618308857786295
0.6567186581126907
0.4665625275029761
0.024840434393081312
0.42317461655051547
0.6565606666623506
0.3003524070042239
0.3804365652058497
0.5605380303519791
0.19499472973033388
0.4102907823861677
0.5630674429147588
0.02493910135217936
0.036870616529358524
0.7935031564087394
0.24830098520726795
0.9663518915511657
0.030195767203096413
0.9120061117096964
0.25546935513266955
0.6096995024095553
0.8149683558385773
0.42017635278256066
0.44004652942395283
0.12877742552795435
0.016355706150110505
0.6728068609186936
0.8509042490140566
0.4207744962018669
0.5304029876411304
0.8262808165044169
0.546275552902961
0.33659756289522963
0.5270585507463984
0.5885577895336337
0.49448185284175216
0.805995620626232
0.09315383660349874
0.4480809100459062
0.7989559582998232
0.21151734882376016
0.017077282280960393
0.5173775976242413
0.08182021981936643
0.31162601519652766
0.0772334601837304
0.9640408024521301
0.23625521202397187
0.9908339430281325
0.3379799021919418
0.36994140509334755
0.9151212279214126
0.12350827461028763
0.3795859165635209
0.25893674942283873
0.06177134259966155
0.8780388175645277
0.09285911350980064
0.46400437128477223
0.5087211206749526
0.8593474676902693
0.6544368575283439
0.9666436631211642
0.17081715648674278
0.5902582612576592
0.5653417665224307
0.33455287525995025
0.6417724405324423
0.9660357108461063
0.18325139050168498
0.9080023147548871
0.06641393082003211
0.48143851750367194
0.00803433044929236
0.4409892095640909
0.005713536994748303
0.22592448589842895
0.09045619969446011
0.9901732540675057
0.637650822036927
0.8701818468055458
0.32556063242250343
0.4627563829152326
0.04418196016582221
0.12595097592686533
0.06508201586199536
0.3838839489715379
0.5230662535773024
0.4511397104026454
0.43734816654013875
0.12480902561517415
0.8330279181727134
0.09352459780843597
0.9984827942444876
0.044975069273842316
0.03170753280120475
0.9188692434163779
0.8553191584103343
0.7443367435211963
0.0980840830553753
0.8530801429434966
0.1982877758650003
0.8966524363518398
0.844524934231351
0.18305951562211342
0.26164271402847566
0.9401461788731642
0.7183479868898798
0.4072035371976773
0.08874266882633308
0.23885079742371018
0.9687564433865932
0.8040335284772051
0.12170416762555397
0.19610803068266963
0.3122333337276893
0.39623673959039213
0.55759635947411
0.2011156221711904
0.6679596479078038
0.5274323906359071
0.6174480430116433
0.22007521474770425
0.754546286575376
0.8402677646813346
0.35968914792355494
0.30540921074320865
0.34034663124093006
0.04698793723070355
0.4362507765801967
0.2896785165823624
0.721843230086082
0.5174123593614042
0.2373989811472319
0.45524742638297977
0.5680785083155699
0.37428985889652683
0.20047946376021203
0.02640588379745351
0.6138260495606571
0.48229328547186806
0.668101778704061
0.9175731889698957
0.8101755814184001
0.4444537809060207
0.5728929074671256
0.28937174474913235
0.44843125184112636
0.478623690529427
0.3988022758781105
0.11377303899354374
0.46169952100651984
0.8365964887774892
0.3230411521083889
0.13018241430975164
0.5782692778935179
0.24980070797079545
0.17809140107638116
0.28624306098809
0.25186376945216865
0.7380244538763325
0.8898199120797449
0.0003039922044976162
0.32607002346360636
0.0014155792046616211
0.3455866532322754
0.3569103455592009
0.20372838992465653
0.5310421273178038
0.22533590321951757
0.6523390047578174
0.8867911075924104
0.5195865096651502
0.1890115817456453
0.5441162157018038
0.62813563663206
0.6312858986468548
0.9552395420362854
0.42661787139294205
0.09404482714390272
0.6990205250776234
0.2290707341232744
0.5542676461353092
0.8745425692113636
0.4564904297467772
0.14068121116705545
0.8645116665206439
0.898500385560544
0.4847106109114587
0.8422762073782977
0.4146628890130512
0.8114067304445676
0.6545931524189872
0.17704715727524878
0.839872246984659
0.6559173079220673
0.4811743229995409
0.8818821348248047
0.26389766395205005
0.2587815118379545
0.9700835469534006
0.614631633352837
0.6500061449193983
0.5724665373908686
0.7331401709255603
0.20708335235954794
0.6662582572906912
0.845777066054555
0.37750320992387903
0.936401124393232
0.7575883297149922
0.9049954119667801
0.4315880105876281
0.2806344529324201
0.26650763892597545
0.015543252901264126
0.3610031236372228
0.5780072795751385
0.12492223522000006
0.7638926403802637
0.5490496469564616
0.24504545467117295
0.8514708112527729
0.1504308392138048
0.4688641988001278
0.7252045054079734
0.33195214470095935
0.6162096958389293
0.658076013821812
0.1375105186047489
0.13482588971221743
0.03998713014189831
0.5218875587119381
0.673828682791576
0.9194343259638159
0.8366947799840264
0.43677705331429106
0.15372563225160274
0.8315068575254821
0.16444233040893358
0.1045606402728998
0.7874930704742324
0.6486731097392473
0.9043956826395578
0.6153405986663334
0.12075191480951297
0.8381244754936215
0.5163428689278479
0.21790544973058845
0.3381578466858695
0.6192281211976971
0.09248764128188863
0.36743655063751457
0.5890803596304214
0.5858114272754609
0.9329880039739649
0.22291515648763377
0.7647293700568898
0.4359989657295491
0.748982678549402
0.4004125281333832
0.20405470324441377
0.8818981325954466
0.16232582681250168
0.4534853666187046
0.13484552591782817
0.8670936570873577
0.5159763764337542
0.24818724991541197
0.2668082999463148
0.8068252827164041
0.1349650145091043
0.12774626314516801
0.8450032875190749
0.683886891585177
0.08508867350569832
0.5207479806681297
0.6448714565157216
0.4826995045520848
0.16495857275570241
0.43670183178080535
0.8441848619911361
0.6246746091888047
0.33675464754231854
0.11415819773820207
0.442605467437109
0.7798983008867084
0.05201577415372144
0.9390825193844827
0.9161386511675142
0.6733309191149546
0.9610216277647764
0.6349817410310052
0.09161948109057127
0.27813060229586433
0.3077986110180399
0.6413175177561258
0.8054711400456498
0.09437378234439908
0.9075090349123759
0.5430297625669446
0.7713266049179017
0.04835905215894615
0.9789589122643738
0.3915328821761554
0.22270620750361686
0.9158455621947066
0.262186879854824
0.7663366152484816
0.31979534650695995
0.07199049074264585
0.7895724918722515
0.4664818077098956
0.013467864014594766
0.8014148763358091
0.3986295834641066
0.7922711053735421
0.045052779972574786
0.36374059955819654
0.575626430057487
0.48031329875414125
0.026942825295134698
0.5031057235582859
0.5014009106121146
0.48868911061052433
0.09699559790687168
0.11457925020298687
0.23421598503147367
0.9940854468139777
0.4687790942673029
0.3360605161179809
0.80922669219131
0.15903405130051862
0.3100652855403668
0.4211625747685914
0.6601070539419833
0.454929592965235
0.773576867138464
0.366742815878199
0.17561128821205268
0.5852913471871155
0.6768437971788466
0.4181581716406796
0.3923207367521476
0.34377160116653915
0.28212796205581847
0.2559864982053546
0.7945541864771008
0.06270307549322207
0.8627257741169885
0.8798695643556844
0.9433959998834017
0.6605165598545348
0.2585599855566182
0.9482971753669291
0.18902290967903673
0.680149234391457
0.42182377722599745
0.6075662565591788
0.033986959851454446
0.1256030374034055
0.03254156565633609
0.648812361243745
0.8098386291464219
0.3501016303471568
0.6242626069438302
0.16892562366542124
0.20545077254519445
0.7268333243662648
0.30170494502680944
0.7793266822172772
0.8426304606440427
0.34205690141398254
0.05501909073302108
0.8059928464272754
0.5330825179924372
0.4903856651449639
0.8794419539075378
0.8547880907780798
0.07051498573937637
0.32335469868644967
0.39446348896577793
0.5780651530930001
0.4126533754615152
0.6049149902369866
0.4232299057966052
0.47167168846456186
0.8901571119763796
0.16128739270305026
0.04075882852084961
0.055906646139627314
0.6429081844446833
0.27764821503591003
0.9286434765426018
0.8496371482058029
0.8288684391144072
0.9904075765987377
0.4842743858323449
0.13369995418239544
0.27667874225169736
0.9513804337948801
0.0242088230366605
0.617876115434935
0.16039956132303795
0.29893952790947825
0.5941695802462328
0.7751409142694379
0.9632691684528243
0.7612782572688033
0.35225635602856175
0.7875557829377469
0.4670824465135871
0.03820094180583333
0.2273045851063809
0.7600825810405474
0.7547693404476465
0.360396492259542
0.5709281364186713
0.10176488841787717
0.2459791550600155
0.008941146087049212
0.8196337125348949
0.748134861091478
0.5989529352898846
0.49281445255801215
0.7624964771877248
0.20436848248015515
0.9066931545740144
0.02850212933907037
0.8702381140219046
0.22562587903279496
0.9914161230227922
0.9432982447937876
0.28314970168977427
0.3191775483753908
0.7584994594593649
0.6327084845545352
0.4781538118113659
0.15233144436525392
0.5096132194126427
0.7423950094870182
0.33940148773340767
0.38083982493346474
0.8344499450426078
0.3163927076515875
0.3421513685047371
0.3743788634964581
0.20144564508337304
0.7558657029571338
0.8262800052215864
0.8088581561718887
0.6501099048176392
0.5664618824090477
0.883623533969353
0.11973126112980947
0.05106027169719629
0.037362419009593584
0.21245306443366735
0.3661424098075919
0.24458230863468683
0.19141224713413196
0.4027369795329695
0.14265876338392247
0.9945135208107012
0.5732566088124451
0.5074455758522078
0.7935014408960059
0.1014757968436707
0.701197663404391
0.42800452933181965
0.3336027553022875
0.20795745623873174
0.29852445492898105
0.5961055274422531
0.16148117635281772
0.7974729017500142
0.7413583965183818
0.6694339354637161
0.8608393825721305
0.641004053016341
0.5125955828296163
0.47547471695576726
0.13095518109846232
0.4761545127664584
0.8353163583819021
0.23540969994580046
0.16034871500322123
0.017923991824531027
0.07407142917920695
0.17922061280697182
0.5638739045153056
0.49473696113494653
0.938743159134368
0.023463956600861646
0.3402956559038989
0.7793361358930405
0.0032194762999669945
0.42478538365086654
0.17557885992417044
0.8413779976471624
0.5599070996157127
0.4450927631349198
0.816528944124554
0.6870439982676991
0.37114963112800986
0.2684085707935336
0.1700880065506704
0.1707078194456607
0.4499054621542549
0.894774140630256
0.24550447819215632
0.06467543468670639
0.6045789766901232
0.30317943984121287
0.049758553160394736
0.5552414603123681
0.11668829510585438
0.6233439238692295
0.07103920872322689
0.8967817768210962
0.585091118539449
0.18527545218913272
0.04073349381159891
0.3003288011092296
0.6667799331408005
0.9258858304935804
0.25130181736297713
0.25905276405832555
0.1717964696606763
0.5235430156916662
0.8255780464756723
0.4202983769420387
0.7286045567421715
0.8042919204479761
0.9824464768667849
0.8023033507485064
0.026299640404065183
0.417576705520347
0.5245123012487471
0.6234513233939029
0.46132197703275523
0.5146497307779199
0.4852959813522456
0.2628887880704137
0.8688801540243287
0.17945330454111907
0.11664628243233221
0.9035616644764144
0.9030799084160763
0.6596122758572338
0.17148034389758382
0.22220421017368952
0.5447929263298827
0.0242769398990324
0.742623764733948
0.08553919896330203
0.16258905298436121
0.7359072986980697
0.7554372808998231
0.5879248890610884
0.5295944282699778
0.7646913931955663
0.580080962183971
0.9229111914799226
0.2079271362444054
0.29714179578059763
0.12868075114901523
0.5196434362959581
0.7524011525044465
0.7945160434860181
0.23332642629437256
0.5947792553985296
0.2564782143888862
0.14205836124280835
0.06274378649270268
0.7715603432415072
0.8659864182675787
0.8966615316580078
0.828648432243043
0.6999074886263566
0.01991351559866339
0.18839930208706496
0.05720193478381619
0.6748838734214453
0.3426216922613146
0.6604814824839587
0.2566559847184209
0.09559821580883776
0.30811994561380573
0.9425350069139036
0.8991834514033444
0.23259573968673752
0.024568955352877675
0.5437165181949261
0.2530598451426961
0.17901169978351894
0.7459827324004338
0.7250126725766208
0.7507726308314939
0.0492387399655439
0.008130080470488132
0.8641868290881161
0.25929965602895416
0.45858573994801793
0.6069281799636339
0.06218170362908426
0.8307124108333838
0.06838260919244227
0.9901596061859589
0.256389441883212
0.2544235753664005
0.51321183702726
0.017133047111726474
0.9040520416972068
0.0068125476007379615
0.3404243617768399
0.4559472327309746
0.3781566338790728
0.9996266048224498
0.6868237785734145
0.03430659945324038
0.5785416465142632
0.8654696024490371
0.29337935612964305
0.3373760561321141
0.9025315702959876
0.3868538123142746
0.11605521665033747
0.3549517051455548
0.6422693596734572
0.07470502723572247
0.22931926992641277
0.02026300504715911
0.08001745266756788
0.8328747705743362
0.9386222000693685
0.6540111828640422
0.038049458519594514
0.10712755557130077
0.019113407615880096
0.8297877083292969
0.4063565574159729
0.9102354755924297
0.7800872065512512
0.810805634674935
0.21924409770565784
0.6392260864061046
0.21812939846688906
0.3729158518451158
0.180995173077781
0.6564938616677987
0.8666606185545757
0.5251690505118429
0.1511299719131713
0.19339950175784615
0.07554963588212571
0.3667235766732579
0.9913909084464592
0.2531453594930756
0.36169618442022144
0.07768836851037231
0.34943527432756954
0.83912948967872
0.1599596913603445
0.8315288617256302
0.40831856263796523
0.015644610278314375
0.7735364868032953
0.23795342318709484
0.3662034371043627
0.01970268384203122
0.5738649830549349
0.7777363870386815
0.4273306456405376
0.8859295476435809
0.53236477005224
0.5747231937711245
0.38313970234027916
0.8208883435840071
0.9797918615300247
0.7653019586123879
0.4415291166095264
0.8688543141909479
0.08371942790337522
0.6719150119172603
0.8225968794000174
0.24797794911070503
0.9106294261895742
0.9647228979121987
0.7808042310279336
0.10393700469223066
0.09632726100668293
0.004322600130758525
0.1363564973002715
0.32759270101238513
0.08686838771756094
0.5984604284828093
0.10269707516938853
0.5138286171216342
0.6319118689810304
0.4769695070004353
0.18236167447404933
0.10066555584028974
0.7133930478608398
0.8917005782730136
0.1700417795670633
0.22090950521816316
0.3746334019986424
0.8820039409553235
0.8495578065835285
0.8230035819972334
0.9784828497285185
0.9113596114940503
0.8005438073860307
0.17341945676193232
0.2678158615083745
0.777041415904684
0.8409974878367276
0.9398373086751395
0.22767954386240197
0.9222404005772768
0.023450514293535562
0.6725277620297464
0.15561832038391615
0.5388613706640747
0.7753658298061716
0.6507631165865344
0.5351764493293767
0.13924591224106958
0.7284702900430038
0.7417494152405391
0.2773061738753828
0.5963640674938622
0.017082388313864494
0.1314848328583701
0.6453858215626774
0.004556020792396087
0.34209641503632743
0.5301138395330696
0.7117787730239743
0.09669398753223263
0.8951360747222925
0.7287610519470504
0.5073407726752932
0.36867403501450624
0.31649199795960225
0.1904922000553722
0.1200096450504129
0.5084359576685706
0.22080919886583794
0.6949641624038056
0.8745878938081966
0.20424907353509247
0.46609219108679234
0.9244897664888736
0.383055581596326
0.9157903123209397
0.26444685977484367
0.27865744861239355
0.6932268426974288
0.7315804924871397
0.43707991151075753
0.1353093933119614
0.9832907732522538
0.007633283685339443
0.6014281331752211
0.2375965863296845
0.25075311680323953
0.084710831907653
0.8448914325341801
0.8799924561913397
0.2265223792848638
0.015368905294024737
0.4874950372225559
0.09056159940259611
0.308360383218734
0.8970132797955159
0.8649078760394425
0.06244350279576233
0.6526435880624759
0.10347869323107206
0.6735957068271489
0.6744257343276759
0.6893584851183867
0.4351800569437344
0.31148911535631263
0.05864482603531579
0.23248060552025113
0.9666753041608052
0.8203980299751414
0.8228672939497655
0.04636338793045647
0.160517926358284
0.4905061306223608
0.7154672217461351
0.1984897053952444
0.6375664382425566
0.922629822499583
0.23313089069133502
0.7799153973352093
0.8464570925430739
0.3605282181215451
0.9144831947030787
0.6069606556380965
0.7587352419667279
0.40340206665278183
0.8372442090376944
0.3311818489430478
0.6311796907379572
0.7878211440246636
0.14218890850785765
0.979382695709756
0.8231435572167238
0.7886711520980558
0.2440965849327701
0.32140048627045553
0.6342742319721373
0.930312707347045
0.7580409532453409
0.6206294275987824
0.13676401454669312
0.12199669310099847
0.06878567434987581
0.260719857253015
0.016322073634740197
0.03568168706317737
0.9017144238959167
0.4616187021353636
0.5073475218706158
0.5297507972084412
0.2156384106587489
0.7990928453305691
0.6103223596559975
0.18872670897416222
0.2309884094736645
0.5241039789215964
0.9132321726297028
0.596935497030969
0.43131257148205476
0.741879818080688
0.5038615260778441
0.7931710929493692
0.9316651064814463
0.3552532153771334
0.6560999644461656
0.46376411238375237
0.6943851062338561
0.3028173566986076
0.20093376022802045
0.8230599665437303
0.6909289658517639
0.0296715657793572
0.751587460363738
0.8031631612692914
0.257833578560863
0.3170090455745131
0.24231846084770697
0.12890591050301497
0.5755520087333965
0.5665242624468623
0.5616567725071401
0.0893508812547743
0.4108169009559923
0.3865944156514928
0.41342126247542743
0.333739485488459
0.006351515401699481
0.8594157848567611
0.9226329667332516
0.8176486705285477
0.27616163008337585
0.18175248728742305
0.9184844888980239
0.10422064103747802
0.2703064871481872
0.4666816702181407
0.2728143463372807
0.5856816703758837
0.2099600857660217
0.36969582376488624
0.15007362504847083
0.8319675386310639
0.26173903699851
0.8597491197209655
0.533561575550956
0.19612481698499406
0.6196865733511406
0.8943118056679917
0.9327458696017168
0.01025883831336738
0.39396691912464043
0.9772227204551345
0.7477722089294454
0.1911504613888964
0.2672378345685996
0.579106914335624
0.3698070857021314
0.8412657907442615
0.8728335502407662
0.18235158995589362
0.7296466134410631
0.4787339860369206
0.3733041667849976
0.27611064147772907
0.6720633052060019
0.8589703964719346
0.7735217291234151
0.9715339616217982
0.2296517413230461
0.9609735205267491
0.08947728734005206
0.033394995703388
0.5974732566095586
0.6029257992176639
0.6120572324566618
0.03151578990761411
0.3685887889462396
0.32458012166084726
0.1545012897355333
0.00386612991503249
0.3806078671550104
0.6280151861356903
0.35290868313275175
0.492939315307261
0.3446712556313258
0.40369453898462665
0.801072906199177
0.06798401188877556
0.280823257713838
0.385365633786537
0.04408979097789456
0.47789806744634505
0.6675193594283372
0.775186986849552
0.22959736006387577
0.3930667327757296
0.1280532889732503
0.7595727667300485
0.5211703508576875
0.28915441393744884
0.42297731262622073
0.4965959882791819
0.21530601130871052
0.40183542427305785
0.49512803968930846
0.2973928947192013
0.8716021242089578
0.8386759954819852
0.32265955929051415
0.14686269305490052
0.6651420675262506
0.8728562190121488
0.37552439846720015
0.4130585214779978
0.6007659405237098
0.16314721820171746
0.5421322503531929
0.5800167911786855
0.19082064189377984
0.14553538510014274
0.49545500454585195
0.10537382771455528
0.6911462305136405
0.12411211015613999
0.6016362634437149
0.05197040550321952
0.014469329830040178
0.652323961328781
0.6392019015865831
0.9717459580227685
0.9960392492498162
0.6404048210622397
0.7932579722048073
0.6305761256648807
0.7732556417945038
0.2507881394708068
0.6166008977991205
0.5543088149064972
0.6592013090393886
0.0505238896336101
0.9084539418968609
0.049105384570697574
0.03940748253721682
0.07820151528692048
0.7515833205049349
0.3032952454590091
0.501843008387755
0.45260662088536996
0.26983602798066763
0.41330362642215534
0.6220329434757104
0.9013156968073898
0.02068086417328291
0.6928140519854388
0.5683761903152632
0.11965991761398886
0.3211227974373373
0.4221782253830703
0.9671457214416017
0.1839653132802198
0.2204002833598515
0.2741880585529915
0.27231931462834913
0.33770356194647294
0.2791638873508703
0.012675719358418546
0.22230221813183376
0.3451637382613393
0.7923738568260967
0.702009459865685
0.8337679587877594
0.2644824364543337
0.60194320188577
0.5884043440683664
0.7822568682004651
0.9303457900308367
0.18519198311369228
0.018068650920745832
0.9498364486234203
0.6564038111119559
0.27646749140465576
0.24255826424632754
0.3820416422925405
0.6684137414371536
0.8818242250076611
0.7283129314815177
0.8894768753279001
0.5613560030555598
0.1804463675951633
0.6351997516409047
0.05387624687892051
0.637242615505915
0.47153489866699505
0.457991131087094
0.4540819134852476
0.325064583851151
0.02167007110838509
0.4350554347043477
0.5143150156223751
0.010301430466141792
0.39519958818626915
0.22014069391985608
0.4952774693244471
0.5086424896564243
0.6089912802714257
0.4859830521866115
0.7980369582544664
0.10704621779362372
0.24292878940047557
0.5825730643601615
0.9313116298336268
0.5649902127103064
0.45881716189232613
0.10826481689119521
0.20468506972694084
0.7197414135942595
0.7329049407620048
0.26851408018742723
0.4534459680012921
0.371702306600523
0.9910178819394158
0.1948836765255234
0.8751612724849025
0.939365614565209
0.7503389817720613
0.9760552552350463
0.3637555369849807
0.9681365364797799
0.8181579447514102
0.01293880514475787
0.5637830759990343
0.9532581088668588
0.07545299109337661
0.451572408863932
0.23574391022212498
0.09430184335100594
0.8819564630763137
0.8703564072308361
0.4227083897340717
0.5371624003861525
0.6793947728803162
0.10226782581064286
0.33917929108442385
0.3792214498669562
0.44088274622189577
0.058052261037882025
0.8650346295701556
0.2143228722286762
0.7169908577715647
0.6829921914333349
0.020558097519282448
0.2764272357864349
0.16279334959399533
0.7277021242239783
0.8229783564138782
0.30429103516276096
0.5952442080392881
0.8425025566920103
0.4806023172258149
0.09424180366468848
0.8265168797731628
0.6152763352681874
0.9675417844560361
0.33409742117131347
0.746482776690287
0.564312589062181
0.6401966774558095
0.7185042921397157
0.38629284369221617
0.7704947895721665
0.7060722972300679
0.5344454299988957
0.9850651019796156
0.7872913897954457
0.036172085174633495
0.8753964281725599
0.40297068332831837
0.7023586200199727
0.024121342455799555
0.39358351295002186
0.5765493888806976
0.7411670629455858
0.9383415344093793
0.03202473776758957
0.09587537760441095
0.6009147348183719
0.48800884009718886
0.49151166282477715
0.3982322030930592
0.7820913128483886
0.12919459751781281
0.2824155518171542
0.5192457938918036
0.5454095386659555
0.9744994485416571
0.08717880658927057
0.8199629720866777
0.7634213709577994
0.037656976602198244
0.8165786856184271
0.6171519659177868
0.8589881204585421
0.9439968419561515
0.18132702868883466
0.1841407205125828
0.22687538344029207
0.1683211759222037
0.8202963504757267
0.1607977375151013
0.0200949541823936
0.32366241450804256
0.027639076315165045
0.01379910409354701
0.9492176908152194
0.017554611343480908
0.903293343574193
0.8221148186319678
0.7907327054018172
0.3168643596150334
0.31484535393208063
0.32768608364282536
0.6296300230096146
0.9178914747211545
0.40344482494365796
0.8875546818636407
0.4717350447063636
0.7053638118583775
0.492446586424909
0.6912445156663283
0.7529251118957191
0.5021144718144261
0.16467800709535923
0.3659843496494811
0.4452098928861271
0.4606438246349361
0.9627084960139174
0.8823998633604473
0.9137586589980335
0.7284327702579816
0.6362238538087919
0.4945925264735425
0.4143094276087434
0.7307878004018578
0.11158473562672916
0.30106122622981995
0.13699629827390702
0.6581624140221485
0.390875244036505
0.8967122565978269
0.0004828926616888829
0.5193134855908288
0.4012241593745349
0.5012420746764788
0.9793914357751063
0.42731541795291017
0.40990758937071914
0.8954661928624644
0.608368580511673
0.6223686962855484
0.9967189969272945
0.47470684680647873
0.4477304459068983
0.10350377274669348
0.7323184243695093
0.7371410407868739
0.7184812937403358
0.6406951810373136
0.6497498820475778
0.565049618716801
0.018601378038279548
0.36956469688561516
0.31604201406578125
0.7281971405715797
0.01785139161243149
0.1327667980882386
0.8117840748355336
0.14111124765249927
0.2949424482889185
0.22531325040410432
0.20879537502220646
0.5398195984978384
0.028771798116229097
0.22550820848602404
0.19948334575998477
0.4086410465599846
0.08452661553276619
0.14882876249658755
0.3762118026841188
0.18391719482036312
0.1458091187105
0.249000474701351
0.28497729850930325
0.9891094006022831
0.9355383562564193
0.4086810500014102
0.784918372174052
0.41447521515468594
0.24123522349137266
0.21157959859375142
0.4336589312879031
0.14457751454732565
0.41439903789502824
0.4685029644523587
0.5882134195982462
0.5581686075430918
0.24903544773871877
0.18173451872218915
0.6621582620207753
0.7775304892535562
0.6609970611631888
0.6753152708099896
0.5120004076788647
0.028141668080019777
0.387649734027733
0.8932105524174294
0.23915047063990574
0.5845800614502383
0.006479025717288811
0.6730103247836144
0.7886344547284443
0.0248603331806056
0.9316029078435667
0.13972470202959397
0.6016547750704824
0.9929432460149415
0.6887582275024892
0.23240056303201656
0.23633759177890157
0.1779437023310691
0.6921803699064848
0.7756990901647511
0.30948026684802476
0.7586030547581031
0.9508965819333278
0.4392383215825228
0.3318392317725834
0.1328805751066841
0.617305475376501
0.38941858942136
0.010474993764856444
0.3550576240494047
0.05751648615209248
0.4316129930312171
0.37389790445181625
0.3365376896259705
0.1707747825621227
0.9650191014302234
0.6392344446965382
0.531563966274053
0.014398591579370734
0.12813192983049876
0.08536064772218305
0.5253655915131683
0.40100748973093636
0.0997126438410259
0.3219258469412637
0.6697825992226066
0.026421899418085592
0.6382912346119339
0.2514161873570786
0.6702085634926012
0.8594652687236952
0.592655480266984
0.7098843827940592
0.8177293093806337
0.9790024222716165
0.2964428336747316
0.24169827719232167
0.38162477192969857
0.7788987431891234
0.47186556731468426
0.7146376649082758
0.5299402994965494
0.4781865972946057
0.5107638963566961
0.5138953205025032
0.029622952408866254
0.1715769505262621
0.7755956095899912
0.8670145957926665
0.8927569279651453
0.23455572756466364
0.8686350001432788
0.44652267823546093
0.0817218614434877
0.7576558528123438
0.654567851520778
0.772995111184017
0.36363638353741823
0.8260977525775707
0.18983321971557954
0.09851372891720744
0.4132386562207642
0.8838423587376023
0.611477042173685
0.3889567128514997
0.30339444701485546
0.1252025090701906
0.46894641685834054
0.7432860672772479
0.5937126120159029
0.8425099330008744
0.944167616223981
0.08897435390265062
0.3302866424605884
0.9249367867989847
0.8984149504069763
0.27493908149525936
0.403370290749583
0.2514221546045631
0.7088915011786999
0.7468297497852036
0.8748340227178321
0.5497554410611776
0.4136071092317154
0.8342390688763617
0.08353848464153574
0.40422042343739855
0.7700527094961292
0.305386421009652
0.5642998358886673
0.48580477345420753
0.4513344688114456
0.25204826769169
0.07491119372048799
0.751832083451308
0.7528450325695632
0.5559866935236728
0.3157233212888722
0.31597442403406056
0.8632134259665642
0.15785389421098383
0.2475767711535003
0.9249552326013479
0.9651890063942687
0.10052692923567202
0.2664168480042484
0.4948541167532823
0.17527920543568204
0.851053633444421
0.8767116627930143
0.957776327667526
0.6053744919626083
0.7188672461461969
0.9208327674987269
0.7487513933058467
0.6352585295355493
0.28265363909279495
0.867846848827605
0.6230771260736578
0.8218150141292382
0.6142319223533806
0.14270601831105695
0.13592656177567774
0.738907263215502
0.7450354278933317
0.9856133059013379
0.03888689773344317
0.4413202429695176
0.2592568514245818
0.8713790144778439
0.052201386371483804
0.17681919966876564
0.11744788404772577
0.08987273542346397
0.9568363633572278
0.4322927054936909
0.815340098114062
0.6912147625874839
0.7170973087857358
0.39311233233952725
0.7648805391275641
0.6331397609493556
0.39236948223944207
0.41925510801469295
0.3479520299522842
0.633004705575146
0.9256598950985139
0.197398812015725
0.43797456293584724
0.9232019185855131
0.5069695124325708
0.8151145470219411
0.31056114446719
0.8362774207025763
0.10112548130327492
0.12144482681304885
0.7716274705322894
0.9048436023213484
0.9025553657448049
0.3875695977034828
0.019831847770911126
0.9514144276890056
0.9335863798244328
0.4619266521688739
0.22994803678046605
0.46458035157051497
0.7382046692913601
0.32606690442086256
0.0947504570091749
0.4104793946244159
0.13981083244534903
0.20068923158620072
0.5952175242073252
0.5123095273404872
0.32935974602641893
0.12571329580668727
0.08233573083563372
0.9456669715544168
0.1293740906430761
0.24391336015768028
0.34851345103752096
0.34378381274193575
0.13967275089703596
0.8545495905785482
0.7425900253197344
0.9842774909392126
0.6122566485609706
0.6715978278845065
0.5396523218427627
0.03781374444408281
0.32564620112299447
0.6205926569063719
0.7153475172860964
0.799123805854105
0.4330661549018386
0.9387627848100608
0.9941073278765067
0.8921054015884882
0.2442251782221494
0.30505166418415
0.5416755813181471
0.5432765237604633
0.16703898054395655
0.21978052479560772
0.9545574954135421
0.15163970091132323
0.5834974514611146
0.8781249149544756
0.2624856916434654
0.5480538284835108
0.262977897382115
0.3372399462326351
0.5047244046487956
0.5334993761578052
0.026657729570313204
0.8637835497394154
0.06701002081525853
0.5131622115557931
0.7682820277352534
0.9667510020031396
0.3731526855287148
0.3020499825054334
0.6093923611837653
0.7699482629316954
0.7137999760222639
0.4678943316397125
0.9212253521847682
0.059095311300771725
0.9645907297192297
0.8983811717177625
0.1808406647656
0.5504653560273399
0.6969030647336277
0.6322902449568946
0.14563990165745105
0.6711291599424648
0.7166276946984926
0.37791445581077354
0.6282891824066337
0.415288359486003
0.37987406601544243
0.5571682664159647
0.23316013395868768
0.6468453188284937
0.1292430491885923
0.16008372358003026
0.7757551090335162
0.5552714638184514
0.5702771339187811
0.17193167828947137
0.74818448273413
0.839999687388459
0.06492505256411285
0.8439947463971333
0.11661507592978915
0.5979810098138909
0.25733467889075206
0.6190576839672718
0.940710485933216
0.8197091655941111
0.16701432431948115
0.09396999350301366
0.7904356853976795
0.8609313343859524
0.48537956792673564
0.004174536789765093
0.7021996940942998
0.2504269960697987
0.4939286764408441
0.8488848777225783
0.46416184507481034
0.7186511139166049
0.5857668358673216
0.4406335134344809
0.3496285829855366
0.3877017675399073
0.7169256441611895
0.35920180025702375
0.02781937696575071
0.6499866096102366
0.2399009903474048
0.017481650683536576
0.2728818534605123
0.381126362122269
0.4790588320651009
0.8056082011600085
0.264887938526714
0.7820478785060725
0.09603541200005189
0.5697415685934741
0.7306441083694758
0.32588309358626105
0.7629842986803103
0.5031648388676762
0.9075006749839725
0.9972044254416825
0.9124999435984664
0.3799048018091793
0.3299464495726428
0.25429130045812254
0.36527340572153566
0.9448705836198177
0.7366267259059752
0.9195362813846586
0.45001290524305465
0.18954468264662283
0.9745240482263653
0.5087636299163384
0.824888127881059
0.18854997421919684
0.6373929344292197
0.34714702440340167
0.5857338788713704
0.14995507475154557
0.31714100414592905
0.18757723538142462
0.40347533501320703
0.34096979688929574
0.7697009454878013
0.946744769672294
0.37171346567032703
0.5907213101579216
0.0010387821090601656
0.6048662019740604
0.9651360835853846
0.14309083509466486
0.2642960004684963
0.2768975367487796
0.010396229283294478
0.73512946091526
0.2256643285623568
0.9562413743171283
0.8533263286599855
0.9103612390739397
0.1044435364102062
0.4563691881556876
0.969833173677793
0.7413202198774801
0.42183437638685506
0.6314439269326392
0.11254514915918479
0.3319575708174538
0.10337010951116832
0.043942112813037115
0.7112598679835609
0.6980937267133898
0.07149190334920297
0.8654388405332325
0.652466879050485
0.8828798354037657
0.13762457597411276
0.9461330532436223
0.7516966081449031
0.45427144609343733
0.9572111811141374
0.6693545387775519
0.2021733526890197
0.852806893428449
0.046516001523999706
0.41920820166784245
0.03422674632354905
0.41052150489328076
0.37660760023686385
0.23267507603189486
0.152142429711781
0.24561818918514155
0.8577845343770307
0.48190391548330313
0.8286095741706343
0.6525535767423959
0.10680857762587487
0.2380908736624055
0.6316491753578342
0.05348841657491288
0.2496612920377626
0.3052591735193615
0.6348838126729419
0.054589702131814355
0.15414163876254894
0.7804145108842088
0.4192358727855588
0.659461046228073
0.40947382825385753
0.39596615708975546
0.8126181878242726
0.23201721064030933
0.5741961413555481
0.8309676459228521
0.5339071203264016
0.37240719052816084
0.6989531001201334
0.6396451256622633
0.9084651485523701
0.4721300403608623
0.8974147364416476
0.4388454058763871
0.6047062759278529
0.3482759498143644
0.7863985128373214
0.5204498705856952
0.9046741204705959
0.02186469186724499
0.9453708659729506
0.11046446631978213
0.36632954270332835
0.4015424817588197
0.15585693604016404
0.08340997257251859
0.8612204301158736
0.3614370112197112
0.07288856054018705
0.05880103610541598
0.8784338274565077
0.4607601420860086
0.15347231762903013
0.45591612775096574
0.6742061852086798
0.3427861399324712
0.12116076549153154
0.2637250987865045
0.316294781581809
0.6721228156961223
0.9811618076461359
0.9947547717102176
0.9231895026416328
0.3217318822812975
0.6170224330196086
0.5348370553366963
0.4304710854280364
0.40494379008490116
0.2977748951959673
0.3750983594847686
0.030098038181618214
0.6627516155323874
0.003534701608378321
0.018213019009848508
0.02313147865913673
0.6629573385505911
0.3378916236878924
0.18785731110943898
0.2023833772300659
0.24528314620773467
0.9370362625768279
0.8384651566076715
0.03870045241278108
0.6553493613552367
0.7084163166200483
0.8618001632303645
0.8830722965056741
0.850459664045166
0.9358184176503883
0.8175231146577048
0.11647919147238456
0.5314232709574039
0.2731228233031332
0.9768479252275579
0.6803713256090329
0.5571830812842964
0.9155797298566142
0.4615429657475068
0.7028978349901809
0.5328073316478101
0.7853078173260262
0.2849491393561814
0.9994807487186028
0.5264420169699782
0.39681687970946694
0.6573497693968755
0.07105523046974371
0.06710979989243826
0.1787081906894799
0.004941594933346838
0.8492743077394391
0.8027806282228205
0.4193077146604147
0.7698201715381108
0.8452026928551155
0.4569280719893217
0.6768388268153587
0.20780720725345691
0.5465009445945023
0.011824604047707076
0.4488428318344963
0.08161108855736326
0.8778277459945505
0.3681180624089974
0.13090707475443725
0.3587262385016117
0.2901646614407202
0.08277051245402084
0.811362006129821
0.7666409185935301
0.5769942353914532
0.17123006785358774
0.24646016682204086
0.3323369801926104
0.8287389594342234
0.37474478293088903
0.4396515988076842
0.8387294042788403
0.03159508380845233
0.7400174558885069
0.6089217045441577
0.4676073538018476
0.6928719460027894
0.8359385858316721
0.9677592474758988
0.7668024666830091
0.532173851394482
0.4409242878954325
0.6681736302319455
0.4787245155880203
0.7162384110624355
0.0744248050293358
0.4582821625823287
0.698068130919814
0.3349713979778444
0.31745823382698773
0.0923398276937164
0.28840879188878415
0.8171951521259975
0.4695634436280234
0.2976851040785152
0.48057006061835866
0.7668538799756406
0.7233549294899693
0.15092764646774182
0.10005822832966082
0.26389575560838185
0.702901573410792
0.044804486304963975
0.9265246466292316
0.018778442892477598
0.9084402269698237
0.03748358621721937
0.27512987433636976
0.8955211031004556
0.3374742907434092
0.26769471083501395
0.007848096387311987
0.2254525624620679
0.3110962765816596
0.29191935743964603
0.8321641646219817
0.022281828542709492
0.32441262942669196
0.6539730449436956
0.9252796890935551
0.6788437269554648
0.5612379691915956
0.7326646631653593
0.6338586866771299
0.976849080752341
0.5657650534047657
0.9298193503294674
0.24250749040060943
0.2731952609726475
0.4477058896352783
0.5588028321158132
0.5785973867355829
0.5398696272450847
0.9124383792388879
0.3727866929078843
0.5267027774462745
0.5292048528560402
0.3539819487242098
0.5323456442710618
0.3628417006838014
0.7122217841905971
0.22616474752892485
0.9535794326030196
0.18686934498506968
0.7950219250440951
0.9161340718094296
0.40080356499869135
0.6307897033649725
0.556668309025562
0.38440057887380036
0.39195466376821325
0.4514140514953442
0.4717200630515245
0.9068961523713828
0.9702076355614185
0.5777095653057627
0.08156244626538944
0.35706405532191154
0.661903623788418
0.6763448169903905
0.36090083238412146
0.5997894735168735
0.48873925478204755
0.32335363010840795
0.3892635275342861
0.7340170889798612
0.7312689516715876
0.4255022488717671
0.4820851357448147
0.11719189898419563
0.25112415556235556
0.6218592264477383
0.5619182604752158
0.33219824049940455
0.5709543583020241
0.01423128264193596
0.9575485255205751
0.5162610849661124
0.5839467700564092
0.7245426135974335
0.007263947372043833
0.7613128210571545
0.7188828099552561
0.4578989728362297
0.8122564637193392
0.6166178765160364
0.6220412611178462
0.4619922154032985
0.23711003264099667
0.07698621958913648
0.9338594551965288
0.01666472785899381
0.7865560747317241
0.8236963521886269
0.5361154398986605
0.861867441045019
0.3011539927810214
0.9002870278961561
0.7244956240051845
0.7779092246667574
0.5092804017131518
0.4516664161845472
0.12176391054895702
0.868809266130636
0.34878807597359557
0.632525927150974
0.788350103169985
0.9677283454120538
0.6289215294219357
0.2998356288933067
0.9100265315100546
0.9828689655974584
0.041552930998603965
0.644236755686348
0.6464439385665543
0.9328981670997751
0.7505288488045526
0.4864360745210896
0.2096486200320825
0.8828611011831355
0.7888944352164466
0.5672459413870657
0.00830503169193253
0.9847175065571674
0.27598860637153033
0.7937028710158218
0.7411990080348967
0.351047084160094
0.02988011518557404
0.06873657327870597
0.652698777342126
0.5461341300004454
0.4953411142380112
0.02815040782372913
0.7732022977123684
0.06555557628454306
0.033531182818259286
0.7362133366144443
0.8592009688294524
0.2935608501023608
0.5267917154436449
0.1499525180835759
0.9204415106805457
0.07694591926809263
0.9404265620173531
0.9522745897779326
0.6757692362520176
0.23478790669105798
0.9530719959098748
0.17533302469541678
0.014587408289226278
0.0353209414048648
0.01823517829128063
0.8880978035782773
0.5574693075420563
0.9143976863464853
0.25180715511004253
0.10587268433082497
0.7073106731721518
0.4843952608816279
0.3538326888496409
0.9945446598815968
0.16151224232147776
0.1880882329040519
0.3675461497449577
0.38863892784323756
0.7160333302381985
0.7889254679314457
0.45465892940195723
0.6197919966275722
0.3337590512259242
0.25731163020882963
0.023110570928128682
0.6610445962340242
0.8724755338488421
0.5119083090836618
0.4819723706459384
0.6323948924501788
0.5718486905382025
0.9056335936459909
0.6179186642823371
0.7843419625995016
0.3841539988014308
0.30795325939600276
0.0886577451838016
0.1786881487315301
0.5001060273316222
0.12822051942884682
0.8109406955956215
0.4196582354892105
0.9689883620510289
0.6492355947457464
0.08424320863353107
0.9534323766263446
0.14138568673300178
0.595860212686173
0.1359419038002872
0.650478755869579
0.7731717490650749
0.9504363314392911
0.3997831770471718
0.6126109580618373
0.02100829082420158
0.644922524703741
0.2466693221541058
0.40548430291542
0.2324616343032293
0.9090752010964243
0.0752631112707754
0.20728416648164288
0.38794515352884706
0.7346663029009661
0.6396386311562252
0.6856486127899648
0.28704749695936443
0.1276429647386913
0.24218263250196692
0.7674066455580574
0.0884078404202609
0.5632985970502324
0.9521774842644356
0.8495023654483993
0.6101512757763965
0.33393923776345485
0.32397299753587993
0.4145145204653334
0.8769986540719801
0.28419267060613323
0.18338130230824928
0.46046994851657163
0.760517060740975
0.7660222303158815
0.9269053291312999
0.6321883734659288
0.20057853211797072
0.5136710102466342
0.4356379888403102
0.4501852719062873
0.4189461558538907
0.53817648160819
0.14414588703279363
0.5731983919300574
0.7400083925668861
0.07175937212862704
0.024377729958655114
0.6016927447784778
0.11903382784863836
0.054304884664979236
0.24561442862866667
0.5322378274081823
0.2449203055040609
0.6473183746095583
0.053704111050215
0.606439856153719
0.13226389368044516
0.7851514041442251
0.9763021794738158
0.9631511521078986
0.44667462630842464
0.8289587839710166
0.8055628816261406
0.19896740745145236
0.4176175994939445
0.9757604298101872
0.9357054365802865
0.6695630625707158
0.08465957010086794
0.1931466862462894
0.5401045299188263
0.12320384943325557
0.7958527837043208
0.09957935084703823
0.7610311794182806
0.04781460141618826
0.33108915020969537
0.3909048891281592
0.5548969723341838
0.9342697755568057
0.7586097582736546
0.12561039417229625
0.08683087916848664
0.5111126698834822
0.14945598644673064
0.4245167731359808
0.6006445827589746
0.8896990204905913
0.5725001131588421
0.9150179729374545
0.5037188476408672
0.47379918341137844
0.3717951332224172
0.5556387683802462
0.0010698481903017587
0.43398243442246886
0.5883346060666227
0.31359797953036944
0.9888312009167748
0.5246460722062828
0.5299152656554156
0.5362279107969687
0.07461376765365113
0.03034067387869921
0.9156466069877041
0.7565149749688715
0.5306819020641122
0.6680824572703377
0.7257532135175587
0.1036903747933196
0.7056115379216121
0.3436322771269474
0.8726670175016468
0.45171386173705724
0.9210719319053747
0.7622601628610167
0.07600850526992164
0.9316577155736211
0.16259939340522012
0.02830324194530176
0.8719072423579167
0.45841202548134296
0.9367080335618392
0.5328638921290036
0.5162137667445452
0.4777965355479049
0.5114091549059203
0.6252842881491161
0.6515062860616705
0.22707828302328758
0.3831870909296111
0.7915722008287058
0.9993975286941527
0.42005830436685015
0.22070659674396387
0.32174224990044225
0.012498205517682437
0.4173049909100037
0.7240025085796933
0.7380757709368471
0.3744954926553634
0.6227752444256945
0.8076299075544651
0.5775915902020499
0.4721562932094954
0.05997934276007155
0.2672288283264355
0.4745588620284599
0.47966662680851957
0.8240086947312579
0.621184536806155
0.8726725086778326
0.4935701362855247
0.3801603772638364
0.13254084937368915
0.11155052047681979
0.23567024186246754
0.4855561667231867
0.111050542146576
0.07850175797617925
0.20161184779810165
0.847067639414328
0.4712233643484461
0.09405164411876571
0.7744604521750218
0.49702338200897783
0.17945891216797877
0.20850248716120462
0.745447678797122
0.2675880578058768
0.661827990472833
0.626844121098793
0.8881540566534551
0.6753674124716333
0.46379287166424715
0.5506193503629988
0.7177513336013177
0.9897070513571793
0.45413313740372574
0.3278884422818773
0.3335282707227744
0.2513173281935033
0.6475706178960796
0.4362250463148899
0.2907751857729439
0.5322702010531807
0.2840634680562731
0.48871586066209255
0.7772044891924469
0.7840785369851042
0.1474656327704953
0.14922472448926083
0.9794355867337436
0.20748182416278227
0.2322251658867881
0.5707214561787892
0.41667433622069294
0.19572702352208376
0.7740207847586022
0.7292643005253385
0.1915687364941705
0.5525464996793894
0.3487130035981372
0.8162643470054582
0.5623242008334617
0.8666998320666022
0.21371261505214828
0.6729490756823018
0.9755130141357984
0.6368599532218228
0.3168458061398561
0.10348126788730921
0.7156146296812039
0.9837879448969464
0.4300219211999533
0.7869788333962855
0.6251744126075445
0.5611555699347355
0.6784862619879313
0.4237197454168117
0.9285707047100447
0.5820378445422943
0.3311669544936453
0.6971057294435332
0.052730971750342415
0.7150126493281278
0.09360156009247578
0.6104972137578127
0.47973975880401603
0.9719681242879894
0.30215545982780084
0.7668211227112429
0.08913275352805544
0.6091327488261948
0.35672089961049624
0.1988922075752213
0.15177252354734177
0.4935071109479889
0.44881178862223436
0.42967770405654903
0.1225533837644247
0.3487903230973592
0.14294628648204355
0.5442739794061602
0.6457841850980143
0.7880581139642983
0.6514354215649549
0.18915317083802802
0.7349495441763618
0.06486397240811054
0.7061728167038479
0.5792766745042895
0.9176514162446212
0.030098208950694427
0.775747031180698
0.7899615103022339
0.2468846513449272
0.868854510797793
0.002174603313699064
0.8379244886242957
0.4714016482961179
0.8097170915094594
0.6387784321594208
0.31471848586164824
0.3307728195669491
0.14829601458006192
0.9592127518306395
0.6258138486459945
0.8948509898779184
0.6075020100212638
0.5773625457243792
0.2098671920061677
0.10269972048294712
0.26896631901318085
0.8688215374389396
0.4652590154280092
0.17264682904129375
0.05317524245640515
0.7168798861616574
0.49477023090631855
0.35297608252173507
0.00030294110565526333
0.1194290135722817
0.19430736858259973
0.5618715145835792
0.4093901892374762
0.2879174312951557
0.6578746111436111
0.8255805436402055
0.23043095227872856
0.7454684175276649
0.34853049316483203
0.06536332807482292
0.9720924466188292
0.5884964930623295
0.9938556273282887
0.7066478276413797
0.7872087974786889
0.5146365096332028
0.7044973912975982
0.7879109748503148
0.32885203319575157
0.4395256399644875
0.38564602593085123
0.7321586110972262
0.4316985434823186
0.5259550886647478
0.11383618832012754
0.7104778464428205
0.6665731153822647
0.2311349410949436
0.7852566602082538
0.5749873007537831
0.34046658651604705
0.5412920845311191
0.006790280227176815
0.6676123758462185
0.5699873858440125
0.9075478256627034
0.8972948836718062
0.4214639282576046
0.6431212535033657
0.5229982511307474
0.19417553413041166
0.5632006076992019
0.002337377395214224
0.48814686124259
0.8190869855605097
0.8976064975650632
0.8314934499956453
0.10031597588350988
0.8466445592896826
0.10971733085777785
0.4096559892807277
0.9723894503715555
0.6413108469863444
0.7551800254011449
0.10686658420994854
0.9372161580600504
0.7801642692902242
0.6261320481821276
0.14004845247284708
0.7262300951740841
0.26304510258878943
0.9777383977877203
0.9816621400211044
0.22431966868707254
0.4266132185747704
0.6796258665109467
0.6193829699256826
0.697705084350108
0.9251411018490897
0.21680545064598983
0.7019869755947359
0.7675595117889606
0.11840472901564858
0.6062757865397987
0.9747962993949426
0.05933613672434446
0.21582379471406937
0.7183514831747666
0.3074487316843792
0.3962399054462842
0.5660421444495207
0.19586247185130812
0.047420570645319904
0.12500906803202322
0.5524279362628419
0.14972133261252107
0.3946456088186086
0.6631486371248304
0.6575125306083511
0.07595778682392318
0.9857374891693027
0.6389838549524268
0.3931757834949925
0.9871704835804615
0.9007365658504708
0.05937891548100771
0.9584248864230771
0.5804484322615228
0.8609662517672255
0.7846922934503764
0.6829025038849373
0.37416525493289937
0.4734985157448168
0.21651686820630156
0.5417993890245261
0.1376518008325341
0.9958914043434748
0.5109794727001822
0.2866356587708423
0.6106033994764304
0.24427643324009413
0.8188510608535267
0.02641363038464073
0.4631803923367086
0.9485368815869909
0.023445347333867272
0.4149348731893854
0.6831114090786318
0.0702328794796731
0.19826021973516888
0.952612289691456
0.09271104872396202
0.3420925445726552
0.5385427522227651
0.2948980514994555
0.49657470034032525
0.5623030631402347
0.8344354854077873
0.8744864415447593
0.03981515889362086
0.9824992883136416
0.6480878407857851
0.5907403435383309
0.7170569621762306
0.46526166375552225
0.2330932941510941
0.7973287540760765
0.6140062012319005
0.9550992476428692
0.8918395406278943
0.32785208281768596
0.38626490380799866
0.20630783106091838
0.9048352772856163
0.8392707510028764
0.6841607850918276
0.6417570281673113
0.3858039888756625
0.3242420020858104
0.7177146882397385
0.6785743886167626
0.41731142847446
0.24600852955638236
0.92246951819524
0.8498585391020741
0.6039204031776735
0.3832719738404204
0.7347562487418318
0.575967681612904
0.7433426569068885
0.13752307476527076
0.8140738574357836
0.4945933957061924
0.6607844811218113
0.7515894805356076
0.6606118143913452
0.8457442274975643
0.377659121795558
0.6157014167483197
0.4675453035901555
0.5259273004889908
0.6930656685532286
0.5961640583420156
0.22058476396373583
0.07523036718913645
0.9449105443162185
0.1117650136421608
0.511363071339479
0.041670672657474594
0.18727456463364328
0.5043340570395312
0.266595197554096
0.8790913400096059
0.2716046875307545
0.10241140192622994
0.6115465988333497
0.7780496257745026
0.35153659923480973
0.2607698742199017
0.3841984532560518
0.6035558646142194
0.14463036060985956
0.5735755228481012
0.39559906172605186
0.4191857009339467
0.8790283808919698
0.4052599206968902
0.3922426714292077
0.9140024814180248
0.22902114162150744
0.8607169716022658
0.8179181553346461
0.4168905038513646
0.7007328769871599
0.3252256354888636
0.8953218760271218
0.082314115048229
0.8676160299151927
0.7445393134699321
0.2518304551347492
0.2621815823958764
0.5751696045960548
0.8868717141391645
0.2991806643408321
0.04040677332157877
0.7352733825555869
0.9310477992545817
0.84340554101261
0.399925689236479
0.6127563401202194
0.8588778873656175
0.949226836794179
0.5163389791114512
0.5702942750550664
0.2948516950013755
0.9122061619616909
0.2280157549526185
0.08245822438993716
0.6325383728263245
0.30230812147587765
0.8194078478785709
0.4557115998805655
0.5146175471592727
0.4341306676205507
0.8724878392168361
0.09838091664580739
0.9922554450265192
0.29190941072626375
0.09063840350475
0.3731011584682108
0.9795794677887971
0.891503994516111
0.6799842177612423
0.033963685260150034
0.940293138120218
0.29692656388082733
0.08507210108292046
0.0015709298360286894
0.09601296586528096
0.025573429683809212
0.6189689360655707
0.7614289060671867
0.8296975527084676
0.37417318231258734
0.8022609295107292
0.9845848572098585
0.3725782118401313
0.2765654283528527
0.031102073160242993
0.06414420261503362
0.3092898521684439
0.664776518908841
0.5313733717400602
0.1372773394780556
0.9134393471916298
0.9464596599392996
0.4241788937452953
0.8195533825588007
0.8346383041312009
0.13461877538743794
0.12731836083646286
0.3169146906590193
0.1980657745565837
0.3696366894203431
0.24804027730491696
0.8003324156837025
0.7489155383240036
0.05898013212733699
0.5842936698883374
0.9291598249776447
0.27662199919614416
0.6265553230462053
0.8448604720332924
0.19142694677889221
0.18754734286743135
0.9115395813793726
0.22316472118295244
0.29279641210828394
0.7598519611124019
0.5856160738917865
0.015218677735498176
0.17062716044254156
0.31055918141905175
0.5678900463677292
0.05908033092023962
0.3355687862573459
0.23236425348043144
0.3083669140402206
0.8913604198374661
0.15033670338042332
0.6165267569791475
0.983723771466372
0.16573146056312155
0.34379376051086374
0.9682245802196163
0.10320750440487086
0.0590552596469594
0.5281915893119382
0.3420367712226819
0.7578445143897091
0.10265931600667161
0.7384007232524177
0.07776144976286675
0.7627482366199786
0.11945684397776635
0.04418548284674911
0.2005642610523366
0.24016252185644138
0.7220189513465376
0.10005618670319033
0.46449164038678414
0.7699803338858553
0.13237167909157404
0.09195757429331569
0.9646726053574581
0.09482878613826279
0.9212047892094464
0.9160290861584497
0.22107138573261187
0.5084132446159919
0.6323428891147598
0.5818992964761727
0.645442632102517
0.47866458257881905
0.15774411384338022
0.771452958994042
0.34317985685922
0.7613354602879754
0.1589550421360454
0.2037361886555008
0.2730368553999812
0.2450427594175551
0.7928649526555356
0.9576414845564134
0.8902408708315097
0.0353552781929421
0.49276659098960784
0.18624105059241513
0.5323053658234677
0.8333769327407618
0.5801444508244267
0.7201133836245848
0.9718893686578757
0.4933775399026176
0.03827586664326854
0.9017346806776503
0.7573393328355549
0.7543748008494217
0.8656441360477922
0.6189830877770799
0.18908862610772242
0.5321725345978358
0.04532706316293483
0.9130305460580317
0.038878616509089525
0.831211876152485
0.3159382041297037
0.724373382243199
0.4088047439479639
0.28969366804700475
0.6103624241191108
0.31047946633686674
0.4484795703509514
0.6067819196556937
0.24044111443511051
0.6195062574829964
0.0011443699536315965
0.6172996877723487
0.6489268421639404
0.4367706848596773
0.6333493647690435
0.5771802308682601
0.8244408159050283
0.43412825130644516
0.9178621955062305
0.30203811362116683
0.28083118967801845
0.34714552464540515
0.2857530880801168
0.1615761415274543
0.8392436952202187
0.38092648324853945
0.24114420521199886
0.5741458617203261
0.31938056613840265
0.6026799172928362
0.24089982421403744
0.5686308622381189
0.6458376609388255
0.5175917039890094
0.08157310686971353
0.18492343163445501
0.8060736944253832
0.2442919981970848
