# browser_rnd sample v1
ua: Mozilla/4.0 (compatible; MSIE 8.0; Windows NT 6.0; Win64; x64; Trident/4.0; .NET CLR 2.0.50727; SLCC1; .NET CLR 3.0.30729; .NET4.0C; .NET4.0E)
appName: Microsoft Internet Explorer
appVersion: 4.0 (compatible; MSIE 8.0; Windows NT 6.0; Win64; x64; Trident/4.0; .NET CLR 2.0.50727; SLCC1; .NET CLR 3.0.30729; .NET4.0C; .NET4.0E)
platform: Win64
vendor: 
oscpu: 
cpuClass: x64
language: en-us
hardwareConcurrency: 
deviceMemory: 
screen: 1024x768x32
date: Fri Jun 12 06:39:37 PDT 2026
epoch: 1781271577716
count: 4096
---
0.5447363749548015
0.49626992385448815
0.09940044314492297
0.7014193508988964
0.34680360981914965
0.29361399152922557
0.5870888464943673
0.742486819676454
0.05224303878323827
0.4264726979027766
0.8226646137497608
0.5337036369614605
0.7582048052434762
0.0035657737104101694
0.01093277155558392
0.7314740870595251
0.7323045222615223
0.328318656727227
0.19857941325166994
0.478343870036754
0.47885963693318845
0.8563859767293386
0.011785817242814023
0.5819843658953301
0.6695868101955733
0.9415938384905332
0.5298640716256816
0.19177848060137798
0.18232097201372205
0.45980889233093364
0.833885333813986
0.3305824247989468
0.18369979983403378
0.6004376456395541
0.2897794148366681
0.7925582689367536
0.7903898435601424
0.4717046200065125
0.5521422017833746
0.727542332263212
0.34831374655432934
0.6785533708176499
0.6079953993275993
0.6982347478874864
0.7804703874188477
0.7009597092071766
0.9190007576873357
0.11856611047614362
0.7713230052004061
0.7256417224844264
0.866138732315013
0.7599168991739496
0.7793627724550776
0.5655965126593295
0.25261952415330896
0.44643643236374913
0.9993384332837422
0.43958888153140574
0.5788020004483082
0.15152762169353095
0.4317753125552148
0.6776626116388107
0.16715402619899094
0.4546347157297878
0.15978960060445507
0.8689401005041507
0.9857954481300557
0.7207912266134352
0.7818371442905974
0.5744215343617519
0.1959228285396134
0.42495568710464326
0.7039181603282296
0.4901902537847822
0.03142269021819544
0.7589830155456148
0.6558926250442181
0.8653758862047752
0.6082382062153899
0.031149884658875304
0.3639435745046621
0.05442254033522126
0.6565615637372482
0.3964724195413027
0.7848586157149028
0.314654384858829
0.9706825721411946
0.14062522122237742
0.6876824335787443
0.34782649776064644
0.579331459198767
0.08109079852565676
0.6544262088569843
0.6282938110958641
0.253611950955955
0.6462388271702615
0.763902641112183
0.2606267788879463
0.9901282802788024
0.8463551740190194
0.3213877124674874
0.9659472825709692
0.5336677755107281
0.6602105214591047
0.0016937516950502051
0.8089537639369824
0.8368083612767313
0.3265792518103338
0.6843705508616767
0.44655003642781093
0.593078232043003
0.6521891193988074
0.07713461778045982
0.004187262039056561
0.6258025693343256
0.7259028099888372
0.9472590753882113
0.1674739828436776
0.9665303893980084
0.36350276525621483
0.4105396967527025
0.7143047067312331
0.9149417755530869
0.1982708201754394
0.2635855850715962
0.5067022413590023
0.2363943793227603
0.579624703166719
0.7875651702362434
0.9117649613451698
0.9237750449232993
0.34539359715203804
0.8001719410886561
0.727555007809342
0.6270809190729831
0.09288549191076833
0.9874562083295645
0.952458986182207
0.9371617776316072
0.7897190280805011
0.7083027883193704
0.15549793762765807
0.19931332042406097
0.4374631925154986
0.5317166239035103
0.7802586957349129
0.42791896912134064
0.029448366499373712
0.7407118684616312
0.4465641809933234
0.1950953620078259
0.2286825081613839
0.916482082010059
0.2016951498134183
0.07430491460465327
0.03262668326823509
0.502662545983682
0.7169216393006073
0.3341561280881501
0.18865437182650752
0.9418782101240144
0.625297462716093
0.098120618532955
0.27733931436143827
0.5754037445564466
0.5531163064768683
0.11265327637882388
0.19028703192886487
0.001644815241732156
0.910123570577605
0.5992100968889615
0.19504541630761174
0.00028276914208441583
0.17252321619443361
0.40491572253268726
0.901700008464722
0.44630745297654123
0.21801414790165846
0.8121408514332946
0.22408012936413746
0.8617959617865307
0.2535361975078113
0.9190072076307878
0.8630721077391801
0.38317762545548645
0.014100884191969254
0.460845819252955
0.9303562990355023
0.9578587147211321
0.20502751665066932
0.30689191138917604
0.07795481975819746
0.5264628270800229
0.6101004824692857
0.6370079091065381
0.9022972895523502
0.7955759117557168
0.8946089465256458
0.979983312916501
0.45108222304828293
0.9607677261311587
0.8949254676534357
0.8779685881009971
0.3770318734477432
0.40079412412782295
0.1052252261374223
0.9308576666309817
0.6547088066547897
0.9312676901058052
0.1471431852246608
0.36994152216140546
0.8048826973198475
0.6797167621755844
0.2396113732710311
0.11191323929056385
0.2555062558539283
0.023835909237218733
0.0738142308801168
0.4523126853997487
0.8091793414451663
0.32086354252661275
0.042144987754470786
0.17175660496432327
0.18405073426400453
0.3484054341197125
0.4702414345547748
0.8488081914386484
0.24842746215566147
0.4756553641369532
0.3576248037166357
0.6000972668335018
0.8789315859564251
0.5888472813076839
0.1451607699077604
0.3013109898498559
0.33786502346801716
0.7059059565977439
0.19650678836711488
0.581931764814499
0.6875129567243615
0.03264591908384534
0.005905487732009274
0.5321077813462568
0.03743704354845334
0.9365015244288198
0.6261290196318356
0.11179868317852648
0.3553795002534843
0.9436533654978001
0.44807455009034386
0.7103473060630949
0.16322005994172528
0.401549612941145
0.25745655448943005
0.16888560912682815
0.6864973889558874
0.8912031326387562
0.4442367046140424
0.8484913622924468
0.9293275342567524
0.8222784752666723
0.3468775687710721
0.00376943786972328
0.7061218808932907
0.8988653349251958
0.9762015626143581
0.8045397286331067
0.8773274337651256
0.30496815496164336
0.7825820435986008
0.8375712726087612
0.9084828003863813
0.526124087341874
0.7053886441887391
0.8158102537876563
0.4002033037371925
0.6971945973095375
0.475054193541999
0.5243070057711487
0.42127903845005965
0.2462585896380612
0.025826055720721774
0.7400553726505558
0.31789008659842183
0.3906679478503313
0.921209945198656
0.9772151092925132
0.16901336732151795
0.7337090112415328
0.89430954316312
0.42969633899606235
0.21141580429036133
0.8089464071416317
0.961710627747871
0.40984253775793566
0.36719893226594513
0.9242085393746067
0.08225365728399891
0.9149563179258138
0.4726804903040499
0.06830671459666393
0.0009842549635419306
0.6926704025824789
0.9294684280794341
0.9609627535555066
0.7437659717054421
0.32167368426423637
0.2769036330565199
0.5500527756910035
0.20948554161204408
0.37606022790888804
0.6196175283648522
0.3901576405425783
0.4444756540556336
0.6995767929961979
0.9347712600332204
0.37254335264612903
0.477725910783663
0.18030242032665378
0.03061348931857233
0.21907745388282762
0.04564778927497326
0.18680131834061153
0.3313139504440295
0.0012204111127797623
0.1416048325249744
0.0035479605305039352
0.7226004476750537
0.700113698594699
0.0881145058022954
0.1864316249947977
0.40854717776187726
0.48491906158865005
0.7485736199353717
0.7484046621751601
0.10193252453697393
0.9539464488718502
0.5705543074071995
0.480847294220345
0.8989049755937146
0.05674059496114375
0.38416307897449087
0.5179792109353909
0.8732659157364835
0.7951793724701005
0.2666507321750787
0.45965597400733943
0.7664983990333659
0.08776968129488266
0.32840603756089387
0.9821463253029086
0.14674150141308878
0.37370945732276056
0.9756617376855647
0.8869940671431867
0.06322989042999799
0.6319171381224344
0.06168632529740503
0.9648261366451414
0.5322888388040611
0.4951130189374887
0.35093090036336266
0.8839762140813501
0.1567948913365848
0.05016933363266379
0.88954508411714
0.5530511412332991
0.8030831417133895
0.7333289729440108
0.20087184666864455
0.052075021106291475
0.5376018952537769
0.4525256421910427
0.705976037064975
0.2786039968534082
0.9601862559414998
0.6989207166525575
0.40695698547952485
0.9132121806797462
0.6616421749001349
0.945905200125549
0.6647405992337889
0.17300731926734841
0.7804029696461461
0.07619794299377697
0.8532419332567542
0.09234230407945643
0.5363405537127823
0.926303958254685
0.7782343723885459
0.7466467921157607
0.17938398456637045
0.29247951090784563
0.01195686898121856
0.9183106169407849
0.006418265319630023
0.9034837074996296
0.7134361568920018
0.19280884611269527
0.9720065704302643
0.9327786992788273
0.07969596085992775
0.36876590114226964
0.9467993861712276
0.5964738989684113
0.3044706536613662
0.36741412054103306
0.8620644929740364
0.26319203181193856
0.8087362098245032
0.5349098224696682
0.8195918813481036
0.2881678417218587
0.5513162691664704
0.34522797407441946
0.7432980926068007
0.47627307818086534
0.4280170045547488
0.03186395671903974
0.3021747003028754
0.6772942597966989
0.1241891477700009
0.6033293212646786
0.6437960929727162
0.5216722139518237
0.29831145365453976
0.0304356797504427
0.9434219588277026
0.7160457358162051
0.6431346991340312
0.13261899093993235
0.8958000872254108
0.6353238898978312
0.19612095735068263
0.8360643421862162
0.05509568498455464
0.17164500413731287
0.2523580094890165
0.02814889402826093
0.36294329244218975
0.9304624043857516
0.37082415512249284
0.1907287638802631
0.2954382658717063
0.9001305649852513
0.25882408038923066
0.35905323803032585
0.8069544715641856
0.6637475692620975
0.7696114471371317
0.7235974874787525
0.6519957488636773
0.07064277251441475
0.8546595556970047
0.36886306447991895
0.7258585052565366
0.03978156466866922
0.07473653509754663
0.22620286717685517
0.7807034806500244
0.8284916261026518
0.1928867872874837
0.30698532798940636
0.24570482227383977
0.6672980416631731
0.44761598293766813
0.6779204357172182
0.9082650998744635
0.13528759290633974
0.3360217847322656
0.4421277447902594
0.8978548838776152
0.030304920812805502
0.12430828394990229
0.1975346294600832
0.7548563108203745
0.7744166723569712
0.8470670894434431
0.05845072249789651
0.36385993461631893
0.5874619866141368
0.25690345340602266
0.3466722065373368
0.18418458432932705
0.7601408778897196
0.04243105520647533
0.4852276176374815
0.5199605018619917
0.36297467002792494
0.6453546220806299
0.46088456830555596
0.5379360308594563
0.638605558926254
0.1763044750005766
0.46079445012067643
0.36323853976440695
0.1422851525098084
0.25428273541996055
0.9341603079344678
0.8616407818601302
0.4190346229182743
0.07602614406846308
0.3815705335515413
0.6514537782479013
0.6358420608909274
0.6592856214236643
0.6326491628182732
0.4789881057432879
0.12339507674874606
0.9979682954088564
0.2369310872216453
0.3385953776027176
0.22423008392980947
0.817282707070978
0.8633786015139967
0.6216223524840193
0.19281193612143255
0.723473449224812
0.28071315828741944
0.13818010284404586
0.1479406644055673
0.8054267171394291
0.5737444118841164
0.07145124742870112
0.2390150228185447
0.16437363112772107
0.7401360950784603
0.7963284424908477
0.255065026793231
0.42311335585072473
0.707556375861315
0.022497587365064964
0.8790986798306537
0.997623504355345
0.11291785160104134
0.9066497182995862
0.6701909290845514
0.8016205622369916
0.8934204682931223
0.6193255874863204
0.6418756373913337
0.09857840433134368
0.8533682636027023
0.3489675398244321
0.9977840970465808
0.4159082539803434
0.8912386392072571
0.879073293656869
0.1841065479337079
0.7924487202418192
0.4982407662519792
0.6839168999335178
0.9233359716252398
0.14311005748668504
0.47260759087840737
0.954122118621927
0.3048861063516922
0.19346174979207592
0.533123496358759
0.08544402300893955
0.32555866445623876
0.2622481885411803
0.6608977096200939
0.942434853238655
0.4964672475060759
0.1512623637857009
0.5501513125192567
0.643240355092338
0.2629086143548227
0.5397026721071969
0.5067933811431324
0.7025934237126623
0.019804497545715838
0.5740836402167784
0.49781981394684205
0.11714184868195143
0.4477200595388375
0.7949661960013165
0.8250760468447258
0.3805675559276791
0.7430979523575345
0.1482188231437933
0.07368270883348432
0.4755248606624533
0.07122966571968042
0.591215976996028
0.5684311665397642
0.6052456662810348
0.23161880697869358
0.7233257474095857
0.5607136390800785
0.7997298421505041
0.09277347324440943
0.9452336323341794
0.7640603146132066
0.5597592183438351
0.827098076922699
0.8830950882012025
0.6581139128232591
0.3865441573637787
0.35643748479712223
0.20120449853673955
0.1888797576443445
0.38563176417563716
0.7049593495711305
0.470813572788718
0.10734725532225259
0.13077520657110775
0.14844312017281402
0.46292764753297605
0.2090866846024675
0.6267839878436117
0.14767724011036481
0.08935350971157696
0.1641827651377658
0.5199451343521433
0.05854875904898704
0.22896771789434622
0.45987435943363625
0.6704258768437326
0.5225423640879547
0.8451198062791477
0.21752760712426455
0.8231383466529573
0.25874866159815657
0.12527990433346298
0.29107744536917634
0.3918674470074044
0.7021144824415803
0.8554857737746835
0.10583031996854525
0.30603317374534
0.5625505288447188
0.8798394057886582
0.15452878195147157
0.4602790981622918
0.915644798713297
0.28924893965815135
0.931836318224726
0.5541488243451107
0.8781128547735848
0.9338064480127968
0.3589088007777344
0.012432955350246188
0.2697487476523245
0.9596381475306777
0.4264765597108194
0.2363388748649478
0.9185234997321099
0.33375820706389686
0.8678688944849446
0.6514564330585779
0.4266105343158715
0.739403152980199
0.1626709097882394
0.890562696102085
0.2825004992969796
0.7995189247048515
0.06720995105366634
0.9776292319812456
0.17800063993665932
0.31751799979635503
0.16982718456527424
0.5639658787971535
0.268796594026939
0.11211937447174602
0.6768972971734184
0.10825503184324514
0.9033876169965771
0.0670294182018274
0.7498173337653624
0.38930100448516186
0.03758857995470111
0.21641700294567884
0.23369338568188863
0.8936391903876057
0.1504253413463567
0.04358151096170926
0.5452118309828822
0.42972006521876593
0.9821327230950518
0.682907908712868
0.8201893031826029
0.7862035891236967
0.8260969581290218
0.3841478907870115
0.16055373579257898
0.37396957683630355
0.42396766937332614
0.42326205432846914
0.9660165185350168
0.569770014167351
0.7367969016885485
0.6255026950813758
0.8874534246548283
0.9140199314986162
0.9949458138544969
0.804112795537791
0.8970201010585436
0.40604314199098795
0.4656321181880721
0.711961496160777
0.33428548115988976
0.8871600006395213
0.31937463890815015
0.5536320895427196
0.5581744677913254
0.9053245370406986
0.825223703481013
0.7119236186769617
0.011268805883282717
0.5145882844595051
0.8595491304759097
0.10542261185336005
0.08602322019610098
0.17848892847885878
0.37429043886203766
0.5127468190444728
0.17171135071376614
0.31853197301008
0.03795653993271292
0.2742579535229024
0.6564240961263605
0.07725378185375142
0.7362951429432907
0.013485909382519645
0.4602006087065663
0.549925062261473
0.99943480559947
0.4082023108449439
0.8833802509931468
0.07977372725269976
0.7084354079644926
0.58502623234277
0.16852114138875473
0.20867677471708973
0.626565771013347
0.4116407163766956
0.19473940431046133
0.5285908411137381
0.399259679760533
0.8171435134549722
0.1500804422074855
0.9885615732537443
0.6715846145960422
0.2837512568949164
0.8605417340087994
0.17797220541658298
0.8831902385192811
0.8220212246041887
0.6936243398168964
0.7287620512787087
0.11808651234229811
0.06695038302735912
0.5997980658706443
0.2576659165165749
0.11023402092679396
0.6137566611712937
0.9070231989161903
0.20409582769509255
0.13581204875185565
0.3498425959790874
0.9414794081155053
0.5101067102973225
0.05916275515096542
0.3333870787920636
0.41191018566463594
0.3359578527011845
0.24179237900064243
0.7192058433391569
0.7654992481031726
0.9081026851048137
0.3724435914046671
0.3389671183435461
0.3999527846054899
0.1560092268382351
0.531135571892724
0.8055437491995366
0.6994696500069011
0.010034166204148098
0.9612014424943935
0.4302286974749724
0.3515389272568351
0.10464389833411935
0.09073531912803412
0.8167360142970534
0.29701268590919555
0.15959592872604028
0.3184943027771389
0.7273547127758964
0.9676589081254672
0.49626444174019524
0.9591831908329652
0.7043182343448173
0.17340813858907084
0.9871143406596031
0.529182853063775
0.9733977271735369
0.11576431791666453
0.23339811527073512
0.24616582777979823
0.35692229717526347
0.5243590047281706
0.9194702740548203
0.21467551185824063
0.279875012729038
0.8403852851799705
0.10168458238146932
0.2746282241650231
0.46540874469701326
0.7036558373874546
0.6556593050130218
0.9008302069431978
0.5850709557865602
0.7392873492960832
0.22776639441378182
0.8589843237344661
0.954222241661236
0.7855213111955175
0.8150203747290311
0.5472942251418513
0.3445784069864645
0.2559489840987892
0.5321135863134837
0.08265634762088425
0.12350143665687618
0.28741618693599013
0.21516411551361925
0.22656319447446005
0.2236098899642447
0.6891413222797432
0.25881361263586533
0.18822382708749524
0.8964745026167509
0.4790879807439894
0.4866321891485803
0.19104061986916976
0.81061025497176
0.9703910737929993
0.9143578678125344
0.4434639048294232
0.8166714969675584
0.9536435332255199
0.9813187856237088
0.8163791346791175
0.6217016651653917
0.5101080729230967
0.19745596946296628
0.09656387430123897
0.6894849888932879
0.3864267576327606
0.18168559608038015
0.15938473642853196
0.9154924682700636
0.663158532915282
0.7519092312654994
0.7837874126891573
0.012609933657586336
0.6574828406402371
0.06780150114327321
0.11876529942494207
0.08778112076052058
0.614665461458122
0.8245744035878628
0.0028756669858734374
0.5898943271362502
0.763390074271973
0.14923821768441897
0.43700449482447745
0.6656862069040359
0.7368173196423798
0.16044900035855108
0.5154643917415724
0.9731316540330112
0.1942406484039777
0.11885311912408364
0.031642541172531846
0.17073420781897014
0.7174661876966044
0.7169094729183576
0.7917985326423809
0.626326532544622
0.7015516084691935
0.3354905430931855
0.39424487502858135
0.3704358580023863
0.011296829322397616
0.029133441299963092
0.8610253837092796
0.9569647514876379
0.632887229558165
0.5926328127376239
0.04534010136749328
0.6878826140959826
0.41434773539058755
0.30873731445540703
0.18034756698242665
0.6088189201136733
0.25897410467481213
0.8800321998075444
0.28360842885011544
0.7888943378391591
0.8126654903924978
0.6076604018459173
0.3863172344300974
0.6608210719118517
0.7690900903071471
0.09535508933952957
0.7176017894680009
0.616249565241578
0.4058736802432808
0.6293269410461861
0.04155252115506697
0.6265333271412291
0.8605084853034172
0.9128696150529332
0.31827701529311963
0.3905295123528077
0.9564376438533131
0.019117192206341227
0.7401576608135119
0.39874801872184484
0.09777861229054319
0.2662079842901553
0.9806232308592198
0.3471070443750873
0.8654061864817821
0.21617879678098956
0.18512798975963957
0.5337484793594363
0.4676241068448212
0.15223478769910625
0.8326647407734323
0.2288120155418335
0.12541171002536505
0.19860978606187413
0.10102102358841841
0.5197616225862793
0.8052400575747243
0.7130525087623674
0.7801205897112334
0.8038040686721861
0.45170976277212943
0.704044448099391
0.09517487356780707
0.9241337651876433
0.017770410359190913
0.8031754352390396
0.025002227130259957
0.9281841937907936
0.1420395420046522
0.757673174053896
0.8307553691720807
0.5637608125204485
0.2807467240218828
0.49890339251475363
0.5464303234709324
0.9228763619658453
0.4660862737513919
0.5897277123541749
0.12491295676726965
0.09330408655555344
0.6332696720583462
0.25692629603486644
0.7819520770471244
0.2843103661164859
0.6353270589496638
0.2744630224845239
0.8353307369350147
0.6557230187330978
0.6477144037735925
0.6791910359485753
0.9976403377916022
0.9984372184702335
0.6540411736491878
0.6726668699304608
0.6484448930250803
0.4896560656934238
0.09974111101825861
0.09106171721600592
0.0852556002121243
0.977608322103213
0.6022661778262714
0.5097285962483808
0.13261867598244542
0.6381809395878422
0.8143920666177632
0.3898046975254914
0.7747523295586631
0.3898496060563432
0.15148108493320805
0.6712981871627305
0.6695513284243713
0.153485499855894
0.11405622363759049
0.8704294947018707
0.5004107592393161
0.9000620463512556
0.3637978834230162
0.048566897567364264
0.12720304968343193
0.44198061051492177
0.5440828539206656
0.9859169873265728
0.40887539624266056
0.09267955005753636
0.07544249473603937
0.515200738873886
0.3875173661654573
0.6443860230012486
0.8018253113146593
0.2488659988767674
0.24738148808811805
0.5953157402190697
0.41530665642891695
0.8679580391548647
0.09222209442004708
0.19532074134568073
0.04489621548596512
0.7315895959720891
0.1204508557001478
0.6729307268244913
0.2593517739542507
0.8130223703488546
0.21999016814035133
0.956929015404308
0.004415354079732148
0.8716924406306676
0.35333806633106024
0.3120490700786936
0.671646091935739
0.33008195984285415
0.35824164687493615
0.571073214036353
0.5790314165834711
0.5401601955721337
0.9505084142582061
0.06456038251355212
0.6328164556898097
0.9961870334360325
0.7828679280739783
0.9246248394340427
0.8354990476434243
0.5789925199097188
0.3874289031724612
0.17063360110616915
0.6066957865958171
0.10141623307739439
0.7091597670999622
0.8723849456721209
0.5915921730037321
0.2654107026978925
0.7239534409387296
0.7302763796680938
0.7459477469567977
0.6383832769844362
0.3272200038905426
0.6121652264072697
0.007135134246362362
0.4096712518855287
0.2775835263270629
0.9430706214979462
0.7874494981607252
0.497615314734561
0.48514248541974664
0.35656091931105843
0.8589326488317679
0.043516735735492806
0.3448856570215712
0.6856156584402562
0.9382142550269681
0.4508340220017243
0.13323834714078997
0.19594695980474863
0.4253799863319196
0.9062950266225789
0.709346772033334
0.9462100926176569
0.30263446191679094
0.7541708689036268
0.892590855709329
0.29722846834964106
0.15653462695012965
0.18577830760062464
0.9239489019451328
0.8863037585504681
0.6518270587993151
0.4533476029066374
0.3612201661602268
0.8328768436738108
0.5554304244155704
0.22071298047486087
0.6067442916854416
0.5482508778101636
0.5858621061613277
0.7228534584848559
0.02113921446310829
0.2847828777397513
0.9464159528541303
0.12213180969329112
0.23771230709523516
0.4788957633379216
0.3896558905003556
0.8211500338976634
0.8595818564859119
0.01745784818409918
0.05629776542557563
0.5204595488265782
0.19517926705047267
0.7885222834104919
0.1333098798722282
0.49393541806268443
0.06768477604022682
0.26511417167202383
0.5840702778562741
0.8954432163121696
0.020082605536076048
0.41469837905464296
0.8176767145624856
0.9074985190643787
0.42990412030072317
0.9271565552710017
0.1850131871966733
0.19593836036439405
0.14636039740083823
0.6105467890130704
0.6159344421653711
0.4441950468900286
0.26744836664600957
0.8166151585060442
0.5449379340418229
0.7065825430561987
0.5857477602225021
0.9269733319423834
0.511950431734213
0.9420762770219815
0.04900844999374354
0.25605182613567945
0.470364256379875
0.3683872530890979
0.3052611250342508
0.20838398562772647
0.8862159639453908
0.2107019617962379
0.032066539193329246
0.16547075902443325
0.17040819056994988
0.01027956293867932
0.2856518175613355
0.37142194525659133
0.8501329431155591
0.9051684975297931
0.5480647336928966
0.03676477628336883
0.15616278740642891
0.1986246765623037
0.4991100954559825
0.9862559191628265
0.3794338583994854
0.09038377020617572
0.794714774745964
0.439228539779721
0.433352678978933
0.6617607690380212
0.2945009825964673
0.9299510564249471
0.5475163617770802
0.07761968713875655
0.24873021001254047
0.9506698830113114
0.9140438946702107
0.4965772233431467
0.9284129379050814
0.6314534927835607
0.4094735864316836
0.3653739701381696
0.06226209464420157
0.6586505297651067
0.22319007317706463
0.6141675874104222
0.2303010014993908
0.6777200918012356
0.3376015545017352
0.7665721393723235
0.05631961182853645
0.6263874898419248
0.3257963236102173
0.1315885243082694
0.6400051836853213
0.8005242671467905
0.8591648536872478
0.05414111815902567
0.17445680391592122
0.9678463017826535
0.6504820725480525
0.6667558663415161
0.10592576568350237
0.5134694815537824
0.29720188326443664
0.7069857194305313
0.5100065996636316
0.42655745830676206
0.6352240197149711
0.7435092806123875
0.5821365122906912
0.9187414238191704
0.7651509272210202
0.5883991572626874
0.27014357086411555
0.6026872179260785
0.8710605652363306
0.7638765264529859
0.11271714126745635
0.45313024705038873
0.31607822468038476
0.6389389224390808
0.2900564288037993
0.22289408256526233
0.2695389317235447
0.25456865953214547
0.7415862619954867
0.5928540446154451
0.2972893586570649
0.915799191519892
0.960511712445695
0.09750207387142895
0.9296861243491841
0.34473756910453157
0.7361160946680922
0.7867148687731857
0.21110523389456798
0.5607111270123153
0.6820898240685073
0.6595223003859014
0.6302851421554626
0.6820268269505503
0.8628101192273303
0.13711855412002005
0.6325837822887708
0.5284022567386983
0.20937467426570233
0.23005381042480633
0.12323763218471967
0.24394731270602998
0.7033250286412557
0.5984894384886956
0.9849688193848203
0.15764611491061853
0.49837820007065275
0.4045951073574882
0.6537941128279339
0.7516088139223742
0.24911810965769748
0.7126115079310318
0.2236470973185074
0.9169335527971747
0.9204809324296471
0.20479763132855655
0.38343327462955245
0.6428387936099521
0.2630014070016102
0.15042696528794236
0.7293949739647556
0.90679684561636
0.9561700518775216
0.890192252561701
0.6411713098560263
0.8117196167376834
0.14588384258117498
0.5798235813405936
0.9616958516976126
0.9508178358997295
0.7318559335490569
0.5744203000832176
0.17908275298930654
0.5715755141232629
0.29698259724092424
0.6289420776404782
0.6729097049415491
0.35735148955367723
0.013048624106189621
0.04050014492634951
0.8578140032448158
0.548440482054722
0.2057849676052601
0.9645347919788311
0.7340758536437411
0.6839960191858623
0.5171754268028255
0.3996606940163208
0.43787070207605855
0.46203839980306266
0.7640419571218651
0.7549068197138151
0.8731303428253367
0.08684073112796781
0.6593208249257541
0.488273055941038
0.4024603565575103
0.0013065745425352437
0.5360748995300528
0.03697099739990073
0.87631907416551
0.08652313442823534
0.09417002786687495
0.14741159697159434
0.9876713704320781
0.25149402936590365
0.9756762285772351
0.7569478213550304
0.05358804605101131
0.8331262186505086
0.6674373961422646
0.7795755703064573
0.8457697284284521
0.37986574018598157
0.8278858300442941
0.504241671335281
0.018731799616248823
0.20194744247851776
0.6400609588327771
0.8271027715967627
0.017394626019800574
0.5370440664302685
0.20392409362832775
0.20802460704126002
0.08508153524002293
0.3021704330943968
0.2984443207399049
0.06680620628620831
0.13843427160267552
0.18101864464990186
0.06756293310549166
0.3160588505809181
0.8275139485951765
0.23047085264848804
0.3140271317533964
0.8653652553505867
0.057363104838808576
0.28085599367504615
0.1212160674110499
0.22528930829468957
0.611562142683866
0.1515876143286516
0.46546549395545383
0.7900024106521232
0.28882171401801965
0.10714007436090256
0.3300298198834892
0.9837374201562894
0.14040981024103516
0.03789057279529584
0.5867034156280736
0.21897693610849994
0.9792206626573026
0.5661750637323306
0.572255583023485
0.5332274480112066
0.32055003921350794
0.6499761434365399
0.8542166541607387
0.8464267009803772
0.31014948211728094
0.2849815604942341
0.1541853289491541
0.012476583998482171
0.9968898276638622
0.5903219938361748
0.7767101948607676
0.22608932913574337
0.5153720963304509
0.9041175226938953
0.17793133152483542
0.8900800760994868
0.3580817390375993
0.5120319899626435
0.5005505251243045
0.7484341154858731
0.9371899614994371
0.28535517312886166
0.00033143191605744526
0.9469226068729654
0.06286378786805835
0.8147028496707998
0.29421413350947883
0.6957356709119994
0.7979540713756806
0.5912450727037308
0.27126091296509746
0.37754718564999884
0.3881889011759163
0.4094435034854422
0.3250332404328172
0.2696208921638018
0.6125071594055551
0.4435986681099541
0.2896325339319183
0.5300128237757629
0.949925213275785
0.3850786264342552
0.09152025336037234
0.7356201919717831
0.4173373414865909
0.6179205773619378
0.6653656308074045
0.05377227179818528
0.7969083120040369
0.6575674489325709
0.12455201654458497
0.0792544107659931
0.24222442258738463
0.9808217593760824
0.5256058821724585
0.47510089820057716
0.929126951125403
0.9346692024541643
0.8206951954414414
0.818188669343429
0.5001601370509034
0.6274450136652618
0.7534766346340063
0.46960824562336883
0.5408231271403462
0.5778863042652071
0.52095405584875
0.8649843193809581
0.22132357191179625
0.42593376634557717
0.9976433542838616
0.3513632510397688
0.5392881060312703
0.19371674498901092
0.1982217730091293
0.5849802846637058
0.30689295736574295
0.4259757189130489
0.4409722583989811
0.5481645279947376
0.14013542110414556
0.03624671994874756
0.3667167207083403
0.44383505795917305
0.22847522645835627
0.8384523942181771
0.5665644144322863
0.08248688736189619
0.5898321629680014
0.553114882374105
0.07668476012855407
0.8892606277805755
0.8489344200982487
0.5432258394463595
0.40944663245877755
0.3276354164966684
0.3162698994585434
0.6568793749030621
0.10764896731131429
0.36147946958450694
0.2904003431870699
0.33209387443467425
0.03220030774095345
0.5586383267678865
0.05815632675621535
0.5538190658935154
0.72348792702321
0.576936028383322
0.025238544245836214
0.3439449998466957
0.21280952840239275
0.06740974405983957
0.7740089708785134
0.21219993463439501
0.6026239610984976
0.4797937490862454
0.6157630802097118
0.39914427530475393
0.5830096085988015
0.8617138869202837
0.38153223078667864
0.8020382592137107
0.8066023482711739
0.5057490927254704
0.778473120144113
0.1901813453312423
0.7054174627582184
0.21746168401181015
0.6281589444508322
0.6883913834951016
0.9003430488570605
0.05269362840887143
0.6985948160266804
0.5356120833858649
0.8277248881474265
0.6038711675086752
0.6435377653883914
0.8102078175431678
0.5873459205178851
0.30275554602333193
0.7707094682709611
0.1543247077501727
0.3022360782040065
0.751022921339195
0.9747475794486031
0.5267674889273529
0.4731308974897281
0.7902518173660544
0.19124952216976165
0.6671620667889909
0.9090307058372691
0.8793417756294868
0.15502023818216304
0.2637436496502037
0.820194190288334
0.3600822501450179
0.07864334470291856
0.7829310330217593
0.5710336793453763
0.36053601507279
0.10675283484346581
0.5409176249335159
0.4077619149437225
0.41109667370181635
0.04689031416215861
0.8758303421802303
0.19927287662427645
0.3295253484595027
0.9295907583862615
0.21357759940909832
0.8596223242605971
0.5689665344256609
0.4083471757630826
0.4113281780387088
0.6566061726573089
0.016888962971520427
0.8743628520831026
0.009632787135146092
0.05331789742008425
0.18309213598648621
0.43150726647746346
0.927520716258694
0.07819889832303989
0.8213647726402731
0.5536498487994217
0.694474125105602
0.47397850139749275
0.29207674647658793
0.3295534691236337
0.5290028274512712
0.037033101389539635
0.3919311808467568
0.6897672791674613
0.4456128478493663
0.6260769885450481
0.9522989081715741
0.9054664952228621
0.10028228308427567
0.29272971420505156
0.23900269350566344
0.9509443562417349
0.26912816101783054
0.8663883506820323
0.07411404906547442
0.029469516846979515
0.695768683064025
0.11196503993145434
0.6442704904703582
0.6764797162315662
0.5399551294137277
0.27143379031599135
0.16021686972653054
0.3745904899201203
0.8133682586288393
0.3987626730063397
0.8887192657237759
0.5416555896728976
0.9980443065588671
0.40269082561215485
0.5906954965950959
0.08612337918964718
0.5087159742751121
0.12294217254784978
0.06835159662888945
0.4631914875258848
0.7824240983191675
0.08285083071292043
0.3493088268413916
0.3107696534061571
0.5570760488255354
0.7850057496744174
0.017151119276207105
0.2960186822625335
0.33519720514533246
0.5464051839039027
0.3355183204001586
0.7612410411355063
0.11994214427160243
0.9057441645189741
0.10681564726737197
0.12215669881605528
0.25750246699841667
0.5778412128868524
0.6568053401996983
0.7421051578866258
0.6233686069955994
0.7788430752833182
0.9427916264563219
0.18247322584136033
0.44947319847359856
0.5007293294480726
0.5458054936427255
0.31265488694464294
0.8050638274649853
0.974771240003172
0.22614110396527365
0.7521084274650739
0.11622344622482555
0.13098249435386472
0.7967909981254302
0.5125830165596631
0.13727704712501987
0.3342315935774951
0.30077240655660575
0.5103451889090742
0.4718932375771949
0.05756929672821226
0.8660325571797867
0.8262433474315645
0.08251001758395065
0.43945658955671246
0.15556591156886934
0.20570628734181123
0.22378424870444796
0.8639619116788133
0.0305717886519547
0.31127936708451625
0.8890844273094007
0.8016290862884512
0.9009260347174853
0.6670600027149502
0.16861700968721377
0.15360011239325338
0.24993563562245863
0.06740192486370094
0.8835966238648458
0.2527099024198366
0.9892907918913268
0.4615151636648908
0.4829408997407355
0.49265276065891195
0.6253238275580226
0.9710970749284675
0.46729084865333675
0.2799533921354581
0.6991300629710337
0.7498870128515462
0.53972834422565
0.6333577769397483
0.6008007963237129
0.8520453309845908
0.2733820837889717
0.29139227316347033
0.65196393342671
0.14051521836476777
0.33318422458668384
0.6312220698429165
0.301023230029265
0.537033578360959
0.19235985844843434
0.050572882840298705
0.38193225289672355
0.5922150318658994
0.8438019091075461
0.719362563944097
0.6500345389530896
0.4371409505033006
0.22230437881871495
0.7688222703550592
0.22744679768112708
0.6671431622387185
0.9256971577707513
0.05326951895713816
0.16565736808905707
0.603979896863822
0.35124594528842773
0.5933281849801606
0.06445708321916371
0.6843592946367282
0.5482510371644595
0.689273580965412
0.5740156578022637
0.4307735592695601
0.9285992333403898
0.47931333488158684
0.6508613140672156
0.5748647678217075
0.47409323656080943
0.4099975985129958
0.6387172269513994
0.4240510152991583
0.2327034278699071
0.6845851663051342
0.6015934839190433
0.48889953712086736
0.7054569248331213
0.2600745734925648
0.8492283017328197
0.7217412338046796
0.1914995973966268
0.3747423328411329
0.2639181467122891
0.45627861924784296
0.28093642385244605
0.9054130366731405
0.8629711620443298
0.2834474091415826
0.4633765400382715
0.07731916789386328
0.012463822934317803
0.650549433162227
0.254679028020643
0.1792909309572263
0.8456762280409457
0.928682567672248
0.33521632752663183
0.9731494380916157
0.733526431786207
0.057751117728870704
0.9400420779423985
0.4285594523979579
0.10451974005418824
0.6488479156657958
0.1446707679582614
0.2632304858726372
0.5181741417263455
0.6005571993734675
0.7497466886738842
0.5232379804945737
0.658578402975948
0.8687351239080959
0.18370016629715363
0.09936922897271894
0.8336845420394223
0.018582753825578724
0.2145592517263386
0.6427812982023835
0.6411320327944787
0.5833337536490999
0.29040542823319987
0.8168910691703137
0.6928457179420704
0.05563746122264995
0.012532062833495227
0.20230054982521467
0.6783457887251042
0.5457251421359761
0.586184964644805
0.4576930550803578
0.5906522846078495
0.7547056129844996
0.09083424308991589
0.532018969588452
0.6388629205897778
0.9318438964798237
0.0652475055993944
0.8219225413424902
0.22792771302838283
0.9114344511053768
0.21220426449095975
0.17324375828013438
0.39883942489827273
0.15788843703902472
0.9935121284032868
0.5365626033131687
0.29140419308313625
0.9869121255157801
0.5080553257125413
0.9041353009457069
0.5169518931877228
0.7761615863301101
0.32392676137156917
0.8792053937280204
0.8097912214483336
0.03051633351145605
0.8702647587762492
0.8585550322433764
0.9639097039294211
0.6251226632756486
0.5852363374442875
0.3452947935761829
0.8553642304980131
0.41361509453983375
0.2636788055702348
0.351273146170958
0.30100290488953163
0.6594322166357753
0.9512320269576522
0.19711949522420075
0.6106045091576525
0.42490083982531484
0.2913639933002181
0.27281741579297086
0.9522169409779114
0.1357707046959689
0.44751251135502734
0.4828378588553625
0.06942159402762732
0.028138953473998362
0.5946362802029552
0.1672443681076402
0.46444558564756954
0.08021234818994882
0.5027888575315602
0.26381578084488133
0.8924894972209287
0.3331122164854513
0.9198993458828366
0.35611411321017833
0.9003331899007677
0.2129354076509487
0.30176401792715696
0.03855871024583657
0.18622787845189115
0.5805422493339124
0.9343231789775102
0.7219499648585849
0.7582776702942218
0.7560501084449465
0.646618311170694
0.6015192717984081
0.2249595240950633
0.6917692741613786
0.12239425083151933
0.01446426708233528
0.06412528666947609
0.8003255131078821
0.2841321281822988
0.8250615310544833
0.3857753934878778
0.6839714226301227
0.3453685210161101
0.792831493159684
0.529088671979103
0.15659664992211897
0.9054770583491076
0.10286329670023214
0.8156383157994789
0.5017048471471556
0.8956585745500661
0.36729000552691804
0.9184191537589277
0.8676328807045044
0.2757067514618467
0.44303763350447134
0.6002568398832322
0.06554583543115111
0.1281859690216633
0.35335371803393295
0.0253648184410582
0.8062491035886412
0.199978728654099
0.4492549176454791
0.4542602496547639
0.5886163686735703
0.0007303038081499236
0.7019147548115319
0.8949453692337967
0.03544085200481789
0.2835383872510865
0.6781465594153069
0.20220614683021026
0.4617740066148272
0.10530604861465043
0.31851858185810894
0.19207523248849795
0.8563245242870529
0.692496483550345
0.11127174368070103
0.5699518184574943
0.2582478042828465
0.022598431187351886
0.6350927242375697
0.858565974455321
0.7196640696063119
0.37243132726525124
0.729928443484841
0.05592059363492624
0.6585011101872399
0.08148973807254622
0.7474103103028602
0.4535393827651068
0.4267653236811589
0.4318468785215214
0.4310898448274601
0.9017944478281328
0.346102753276067
0.8557071084842605
0.9815697607279247
0.8217825017820322
0.2955193311407718
0.6475181264239629
0.7727476130962015
0.43216418211419644
0.1753877552957609
0.9796232161302405
0.0027718525865920162
0.9845757265698232
0.21737577721106732
0.2987548916548244
0.2869430162521918
0.28266837243407366
0.16168885606905536
0.11524103454302087
0.8296753533266308
0.39752533774843734
0.7810278395218351
0.7876153240876076
0.34876742837494434
0.2861522559946879
0.09492002185910764
0.15239388332545844
0.3676125629108928
0.9699316751162541
0.8885898323000727
0.7521003533616841
0.8396132100431248
0.03637798459505792
0.8272933919727168
0.9741921184955284
0.32394592544617095
0.49022420938010286
0.5400485998448465
0.6293603969291948
0.0929564034746117
0.3988173635890826
0.535950651231607
0.36974763081214656
0.6188470746487246
0.35199475084636294
0.7117702587915776
0.8759454605849941
0.860952339485223
0.4880583088189567
0.511290227585321
0.9262073848816539
0.6547793962360013
0.7251600432395915
0.5048431901817196
0.30212997696931126
0.29012556066192935
0.881356397276869
0.27177160424320756
0.982127382718859
0.0579655274728626
0.5667850448318503
0.9890388845710236
0.22734363253788814
0.14443517643637726
0.0878626804990234
0.0559778811034376
0.9742181020230474
0.755120955192939
0.11609801466402786
0.41817159707170803
0.4137393086971396
0.7639970060257673
0.5430589539104079
0.992717848779499
0.7594928636233678
0.4987349276324555
0.7682288662298076
0.7426382181213427
0.9849295999406441
0.49774365100394296
0.6479318336635788
0.4999489670471367
0.744850204431039
0.20418009099160378
0.4712018356230662
0.5949195515670553
0.786922963903991
0.5983038273927049
0.6224169049703994
0.7133022912200613
0.9061216470228521
0.7119318388180917
0.04071373652954635
0.17382427547270818
0.8982907836350716
0.8173822517731066
0.19264405877671198
0.9949907792555835
0.028615953369279967
0.8381789155131095
0.037229299823712314
0.7032568629193301
0.24659680305348197
0.18992116171229656
0.3815153664605591
0.8238820938790151
0.7511913693156698
0.8271062881313735
0.09992447154557377
0.39129061527187225
0.5381198172900601
0.7453248506873404
0.9221467621408351
0.6175172170439949
0.2458867796917697
0.5681316824891658
0.8820091632930944
0.06532717086425
0.957901209265389
0.13402853994545721
0.06370471463892224
0.2868561586556422
0.6151433216362532
0.19137695793951376
0.98196069760871
0.9091236825539304
0.34714839673751235
0.40769259867836405
0.7891691847572206
0.5745318943344735
0.33864750639665653
0.904655586443267
0.515199088492994
0.9774688892622891
0.8150255017809198
0.44130357278590315
0.7145540387412597
0.4773939147308207
0.35182719975100684
0.18525755558153717
0.22073550020683502
0.4142893904359954
0.9918624373122122
0.7354631937941298
0.18911637377677992
0.3041225397941402
0.5880317013013596
0.6898128009507758
0.2473250580227756
0.5499673671720979
0.3808137188992103
0.5871466605649717
0.36608569914576694
0.16869530227585422
0.06642711259804201
0.49551453601472966
0.0136553652627468
0.30365092110633135
0.5149983045023381
0.8672113392856047
0.26344447732159853
0.9704866246506281
0.8576383423782385
0.5359837524926108
0.787101859304657
0.5663383828407359
0.8771515058894332
0.8929372451551722
0.08429121822173685
0.16178204530595291
0.5091688904489419
0.3450559650597893
0.8755813422686156
0.49051780943888023
0.7888204941649411
0.1338805071363494
0.3163172099403255
0.8534882368113887
0.762629732420874
0.47177170068305285
0.5770349121975091
0.8621428327749776
0.726134387275293
0.7393210711559558
0.37992841818053635
0.059820142897850814
0.6448085697579782
0.179851720685064
0.2810715000575495
0.9807262757055708
0.7691804158543914
0.1255858766497353
0.8445435669285137
0.1327462497155884
0.26461061461218743
0.2949384870359311
0.36730334640692963
0.7233326419707211
0.14201719624919684
0.11152881026428013
0.48259976495069606
0.6869736495520753
0.8979022223368422
0.3128848870435552
0.7949045969811758
0.7182507738587958
0.050356513957081184
0.34044858592953714
0.6807968806461677
0.5662536629840096
0.1922886119289785
0.13237161990725038
0.5279242802628152
0.8041279958833392
0.2739447916012638
0.9767259333459739
0.9781119888576281
0.6517896962710948
0.5738569239639246
0.025134441845524602
0.19088499157026945
0.20034684106573386
0.22067555899431973
0.9154612031216471
0.750115013941534
0.563528275054444
0.1879158450965575
0.7070825205256163
0.5991983865461108
0.06442579355613526
0.3994640509872999
0.9933937817791227
0.3091169634815193
0.5551147039245701
0.9557630747696884
0.6235891513850278
0.05892887936010621
0.36222514046109955
0.5189153139843896
0.9393844509445215
0.9396818732203565
0.15329452016451228
0.5795118520280555
0.8122360977485226
0.5804367118371221
0.2267393032804501
0.6688170325023218
0.052741968454640686
0.6390338389681116
0.3425419416386125
0.5770078963094951
0.9562927589020519
0.4004316733413149
0.2312568051517377
0.2914882890164076
0.8476752031348116
0.5818901927318254
0.345696674572877
0.6788677454184744
0.49221150625817705
0.4569687158577779
0.252669158623164
0.9000154870988524
0.15215193334538018
0.5792523664624325
0.30139025512040473
0.1696702059067195
0.884420358246837
0.7119166956742933
0.8507099977913868
0.7504068559821853
0.3994456894782437
0.05068541498257462
0.38904317497381885
0.005331589867027031
0.4306942409337708
0.4654315643354578
0.3389055346341085
0.9246965244096033
0.10065180638068544
0.2796175738529597
0.20221409530334383
0.7886964794420235
0.21138613538560802
0.056965132238412874
0.9730177565061264
0.5320296303338294
0.736453987656845
0.9711910807859492
0.42108229124904445
0.9353750395059597
0.0457993625092219
0.5973407536194777
0.9327615675633241
0.9847596219643497
0.556422551549355
0.3821955804846727
0.08484475418045034
0.611858079654211
0.5689821983509438
0.6264271866860782
0.022577026587671134
0.5565890118336652
0.024125753483740908
0.5426152111311939
0.014808993369243905
0.27794130691637375
0.7922260966602644
0.840941810005206
0.2672381037698408
0.6797848176135141
0.8963352618458549
0.33832075573195746
0.18896293076062215
0.9154898175907267
0.7605487973852967
0.2869145271338973
0.8280790306914127
0.6885000146816417
0.17460718580023382
0.4744380943797856
0.11880309812707446
0.2755742435389169
0.17044357182759406
0.6613434623718696
0.9156196250850797
0.965232148488393
0.41751979504958525
0.5889240835956231
0.5292023999050257
0.7260096944708947
0.0611757303866976
0.6175739621610292
0.6243707875494051
0.6974504056466719
0.15184927446393687
0.03588128879910191
0.8920986323716353
0.5313287662726358
0.942907893216455
0.2189318522750872
0.8656014139608084
0.7014224072785458
0.370964649754365
0.10814273704932115
0.6147851081438798
0.6472199468964808
0.9749349969865813
0.9351423870929005
0.8238479840892598
0.020271975113261953
0.35872326809802823
0.7186578516092996
0.9335845058766911
0.3614625147779873
0.05731046729099237
0.8260661353967067
0.6129480664350727
0.25329907054002015
0.32714800341703676
0.8102110297734312
0.8136873798239577
0.3633893395302189
0.949144742237924
0.807282937240358
0.05737901841972559
0.8235931980884621
0.6061674025798186
0.01300384297217605
0.4059363560069025
0.07390873575872153
0.7768574463782094
0.1420552992633024
0.7746831182228118
0.6409715368701568
0.37370013221731934
0.3196324435278974
0.8613374608295143
0.3181166568135325
0.5456643744296958
0.5542024412265118
0.9847603291669527
0.8672730206735263
0.16436487164218044
0.7969910490426579
0.5540797094683869
0.6725304426514073
0.517580617481785
0.6064162009586245
0.7218100558773518
0.741039581816717
0.6450969705850396
0.6046330776160151
0.013844254590318683
0.06897548685570487
0.5692210321162714
0.23855011107133767
0.374702985084409
0.6686159545395062
0.3959530731154526
0.8391209948634347
0.11818434565960845
0.48715583954673186
0.8926793739525929
0.6104128658081911
0.7315644559777457
0.03869905559836245
0.6843849854833869
0.9738962037894916
0.3457573360584656
0.8179402714174686
0.6527672252731528
0.6435974280558405
0.9543504492547723
0.4673684384285862
0.4712640674798833
0.914200191223381
0.14118996965601632
0.22939488640799338
0.46389405686327595
0.9068770507613155
0.1591974944858281
0.4306288571641035
0.1369372872170937
0.9365781985409723
0.6923582324780999
0.6175935363073359
0.7998697362606862
0.7396993994544287
0.5283277525770851
0.4914963884500628
0.665596334410291
0.03249662665563963
0.670863027190369
0.9742373371376233
0.6999104760970695
0.7583100836464394
0.12929057667853816
0.5786591585146804
0.27624095068851123
0.4256055808378416
0.7364828852663718
0.7531144772793146
0.3841298290245408
0.1390368992881414
0.8673217002848551
0.02374408990787058
0.7385177192795215
0.2821775008500741
0.8563849261243548
0.5674317475775479
0.6417956670302285
0.32326585536518887
0.24660134470053668
0.31422084575826703
0.8617156551349976
0.8842534793975534
0.739875475544852
0.8000486741893009
0.10563462124663153
0.03864043210014828
0.8661925399034824
0.7689742257686889
0.8951996925552839
0.7850282255571241
0.9394713626629938
0.9586459712587416
0.7754650057426393
0.7810151922678679
0.8264408280438324
0.5935762551315924
0.8285635119624586
0.7160051607007523
0.41907337862811455
0.8578591532022779
0.40443977963396854
0.15169503290616876
0.47161672184327696
0.022289254112175527
0.8297827917052034
0.26545265945544943
0.640022957202789
0.9604087964479731
0.6111804331621637
0.6944913591159316
0.144581934394802
0.5038311183048036
0.3096501961590415
0.5976929492930222
0.4658234523604556
0.4592586517639962
0.8310834228614322
0.12712640390264807
0.8792609873213519
0.13793398927700695
0.3507733908964119
0.732754625412138
0.4363071737365944
0.9328327952722597
0.4700800377371687
0.11151690497299388
0.20669909085879667
0.819727765398844
0.48941725835439853
0.15592034293487572
0.21202952891558802
0.6553231347659119
0.8741312805972496
0.9574684481201733
0.5004877426342024
0.7989794202303357
0.08847163085161602
0.776700639354961
0.23967142223236037
0.894118522756773
0.977738799196852
0.90431170673804
0.5373392553544674
0.6112196341441192
0.7898257553602659
0.5067653784793398
0.9392312031915676
0.7763866103321562
0.7447531421387834
0.8750118386689705
0.19859152979116312
0.5877878220400221
0.7844307137526048
0.9763638991854499
0.9637874520191774
0.5568399055887109
0.7647606908397534
0.8472822512990453
0.48842407093509526
0.4018269324435514
0.8883311284118387
0.1587652298506847
0.33261380976753374
0.36871708504105205
0.6183304642734748
0.23623402963312556
0.29456692505958126
0.35725908966912184
0.6629473135967505
0.922249530007504
0.48842701755416434
0.7900108913876522
0.8744019354594821
0.9330922419886707
0.5672833232244145
0.37777360707692176
0.06788922852710577
0.7791821014542339
0.5795496890051017
0.8069739007250489
0.8330953507064847
0.8945104068650141
0.8424076083766743
0.9028583052685025
0.3845833441503704
0.3517010968474013
0.5177686936356234
0.006933339855942966
0.3772255452928224
0.427014354253394
0.2842196227358287
0.14790560737063074
0.3989937683809156
0.3235503462367365
0.6126707236679558
0.08244624050752824
0.5458006907134882
0.5611067239662626
0.6739366595074274
0.43542460974810426
0.08171892431146627
0.8975883364364363
0.8332360822063297
0.9788261893367269
0.6927871124626044
0.15956333797646222
0.01960441265785884
0.554390283645394
0.2537448616923581
0.028504819573173745
0.9974720752791271
0.26707289720873583
0.34442154270030095
0.6544527750264667
0.7131681219267243
0.35476124824168264
0.9761366191129397
0.9502761341332191
0.4408671611525061
0.5742358503508453
0.1183518685417913
0.5574102839154402
0.41050508231369803
0.034197132783420514
0.6519488624670063
0.7678905248593562
0.9644471835458905
0.15324330784613371
0.3178878632521688
0.1376973525484403
0.060199860502741676
0.82400696455368
0.07863690048692612
0.13287478696382698
0.11321490548364371
0.9242278447390595
0.0646429573594291
0.9125782069912578
0.756843458241061
0.03135975307933142
0.9392495525227951
0.27215343532630953
0.08575406237989591
0.5693798058003956
0.08284838423234358
0.8445443899771579
0.34463760494819034
0.6447885322466764
0.4706848985707662
0.8897715267027793
0.8257792367725226
0.5133597239372059
0.49862096947723167
0.3899188309447559
0.9470855201554287
0.9600190717047561
0.2972903904521807
0.7110126671650943
0.09641277702853096
0.871301176328724
0.26746576831509905
0.7933704341187113
0.8485502945234025
0.9331546198098075
0.6680883355211928
0.6884431800602515
0.5879700512609827
0.6964351956037724
0.09329477931499574
0.27287068239415163
0.4034622933679131
0.21824778145666818
0.5859081908243244
0.1394138139722541
0.3600342029003559
0.10936744464497211
0.9522430690302217
0.9896233021629599
0.8989566308590058
0.09629088932530988
0.5667068243759616
0.33455025282288686
0.16860171778692534
0.1410395666333094
0.5845635172867816
0.9474983639082595
0.5467221076475479
0.7526560724711409
0.017357969131684636
0.30676359525279606
0.4790800698099007
0.3714058332366375
0.567881357483235
0.21650200899154953
0.02984290222812147
0.6100163025561625
0.4701922759178907
0.9003121287491049
0.21591863947590512
0.6958563498187769
0.8350899190917286
0.12481309922772871
0.28041401018645756
0.6737786030231647
0.16256899345921527
0.329445673694378
0.5496541910589844
0.8014181231120139
0.7501686461365178
0.3139179684965924
0.4137120680922138
0.09706074993882407
0.699760670586344
0.7661635657581368
0.2721521585940817
0.18476518689972943
0.10520482491679872
0.8013745916124882
0.9947024481519044
0.42224268333549797
0.7894321807119076
0.7266178312025122
0.5608249779373974
0.7940691023278271
0.6519000686731231
0.4457374055800726
0.06266407784356026
0.2061238497441628
0.2859950426992528
0.27569244843459073
0.18260869652911493
0.6267209725123379
0.03084301109067078
0.4581740127761756
0.5897132469022461
0.9857177580782239
0.033118707015517834
0.31929031370697713
0.4384792061153321
0.8649563886447087
0.21182928241568394
0.8553050570650711
0.2990074498213734
0.7917150403411595
0.24267965835922678
0.5038587856726776
0.3992891400748735
0.3814143168769918
0.8085101865507234
0.9977984018043215
0.018410798185125032
0.6666461167785027
0.39842984346635
0.4926854378716966
0.2337070078505306
0.6966614661230226
0.8806511417291826
0.6092490907382986
0.9954020398210596
0.8947749469369313
0.9226655546818149
0.638494942284227
0.6790394628440859
0.7207131199807704
0.08728132176116965
0.9198761127031323
0.8490065067466661
0.9007548656681268
0.09417805820828773
0.3218784932356976
0.9557181756918261
0.8605819021314336
0.3040156088799674
0.8295672909527059
0.08453321888874132
0.02407795946314306
0.9557672354549525
0.47508712319694285
0.6762326004353858
0.3258855142998178
0.0678301722466021
0.23480368683318814
0.3468984767252297
0.6263491274412698
0.19959938111178443
0.06071983175172918
0.5492896249421758
0.714544927307442
0.4625729284280517
0.9139944921637237
0.8383170841467242
0.23841604768583624
0.26869063126301173
0.5248381661222556
0.929981642684687
0.21060401587413435
0.3084900749720453
0.6157539229853521
0.5761424788079122
0.7043864875488803
0.16279698262603842
0.49403823040421896
0.5167441601675069
0.9762021810294984
0.7690500316250807
0.24465124922325937
0.4166371012559689
0.5295638694180306
0.6869923948559718
0.23601148250528636
0.7458841604616613
0.5697309023612396
0.7383459616901599
0.2889651413735964
0.02045412736928176
0.8893327503596535
0.13121607483777142
0.6531255529835989
0.6844605271249244
0.4722057527858586
0.6223581968949989
0.8849737705084819
0.18561191401995886
0.0060251085051640785
0.6190703119715802
0.8285563218455673
0.472297834649387
0.05388488884922027
0.3773577196407603
0.16231173467700538
0.22374233837286073
0.8507988897035836
0.6141499596479663
0.39450256573067954
0.61391461227454
0.5631654561102448
0.9187320148261929
0.7649251325118489
0.30539438445989653
0.37756003885808054
0.32218503995205355
0.24201428860800383
0.6711474133841953
0.969789015747488
0.263514635107034
0.6921560396585676
0.9501740345077458
0.7459592124245478
0.9772774215069495
0.34196611919261904
0.15725198731530593
0.7443873462601825
0.019899475135882305
0.8544876678589549
0.08750197139464927
0.2404944076658217
0.25051313317712353
0.6967070185918197
0.6832627405106866
0.9063997971840189
0.08702128863220143
0.9884813319203707
0.3637700714833317
0.8427508876788234
0.2692313194214986
0.6919174466960369
0.6573916758102771
0.9223935002644665
0.6782834550035345
0.825436664589943
0.6216782277333153
0.6638094776007418
0.9852312249282681
0.36820527180251616
0.08824824640739948
0.28681761873320516
0.03151449583997551
0.658306141235585
0.7275324488120728
0.6938546296379928
0.8801984192121641
0.38197183648230426
0.29266114562658946
0.8672230183615599
0.41923432192594756
0.7013952984733833
0.17228572567950484
0.5760133882034273
0.24663151097044933
0.675079102825428
0.5588835100276459
0.34597840310077116
0.3223116850143003
0.8873798315778815
0.1221027715526734
0.3614566490802329
0.5325505517024875
0.12284948006462243
0.06596256816834783
0.3405143697635091
0.8802939230401952
0.9961708244296504
0.8442300037906962
0.45279375821632467
0.488268508774326
0.6799293508447461
0.6100551715522915
0.03412651023813873
0.981690379887534
0.2601593899689303
0.6839518996837672
0.19279190739760443
0.10350690685030589
0.793547597389731
0.9384703406771349
0.3993688331509225
0.6074906666164974
0.8403719786350254
0.01841500900452997
0.8054514729867233
0.5731369917961023
0.10370043813213497
0.742220072719896
0.34606883090805085
0.29119901487978317
0.8180675023750746
0.8631009601967339
0.6464685128318564
0.779827653810951
0.6997937903754687
0.6078598157207846
0.37599531129578645
0.808666019821277
0.596307699339943
0.05672958287192065
0.9701158245771555
0.03188125155191629
0.4532743317186244
0.47939962110892564
0.5762103083947413
0.46099897475596946
0.8560318235209235
0.20037348721436016
0.6695735159837772
0.0445388161518267
0.19578068070354337
0.4310673757061625
0.033136374525796375
0.5638321061007215
0.46116702111505836
0.7765653160972376
0.6977408145934092
0.40303557945334745
0.7623457762831935
0.8017054268008124
0.9993704450491048
0.006237877327082086
0.9573055710050243
0.12417890992747737
0.12555980284757834
0.9956883761413311
0.16918179088931656
0.9915816251732441
0.39527549950259016
0.9925606815816279
0.5584802803608797
0.19486564100039655
0.044882787368216104
0.15529595722817407
0.445578824335079
0.4723962300503084
0.4773813114842199
0.330454125272646
0.7665693058818724
0.2668272207115082
0.7729143275141785
0.49713358948567465
0.8894486201998298
0.8112659132120388
0.7556256113473034
0.8784032334444953
0.017861546399285166
0.04170611347208841
0.06525919606023112
0.69182307886096
0.7660445333046475
0.7594659672262369
0.4914666598151614
0.01601268610621359
0.001314022644839652
0.8003749463575045
0.2946075988617141
0.661359611096429
0.7193890383546522
0.7067121375735843
0.35889886578351015
0.2503424722150599
0.5430322967733783
0.5434060148073039
0.8020887661639113
0.9365765364154062
0.415939997180896
0.05176321716650656
0.10040230858116705
0.32157214126207306
0.20150541077427936
0.29200230693367607
0.8783243728044997
0.16432937600945546
0.19002692622903267
0.2901257075404339
0.25985767502284063
0.42127493112691927
0.9681263479315518
0.9751711504825757
0.08121277703352508
0.0026803522776933097
0.7105885823104181
0.8696417932541016
0.3244577881742869
0.38658298567672194
0.717529448038291
0.5789217373660558
0.8474756059797938
0.8923646497735336
0.9387430151305846
0.1147418182935363
0.8576469513162428
0.9835249370508554
0.3022760152187289
0.48326796136093747
0.6049976812134175
0.4428196529298485
0.8957214157866125
0.7701426414015304
0.45511931010445006
0.6428171368869124
0.43641918771040405
0.16281750724268773
0.8429917118505634
0.4210584308479157
0.01069700288059805
0.9647729659949944
0.6059076836548882
0.2613897182975693
0.762479602757617
0.6767287796865349
0.8470189386399516
0.581668689144101
0.06804013015442156
0.6467070029655383
0.7905938254076614
0.9329287691282677
0.7463628179352761
0.6238166809852093
0.05589696648734577
0.8262185150190022
0.023530950425270036
0.7898876924108304
0.39867165763091544
0.720715869085954
0.2947500257795927
0.4885885018150819
0.24752607689099876
0.4303500349601665
0.2090608532547315
0.9234207420092486
0.2970944813964214
0.8360463047964061
0.23949298206653557
0.5539913625084729
0.010665239117848945
0.3268423745730397
0.6953538732951762
0.7842206298542749
0.13203755315130167
0.835507003038843
0.08354477029618046
0.8066522790740995
0.20968907806581272
0.682925080929456
0.8322394543843021
0.1437900343521154
0.695907264410823
0.7003957607109583
0.6529573189985752
0.5103921088842069
0.39935700646610117
0.260123266543164
0.23600763594640228
0.10991370861383631
0.9416281257069268
0.9115626515855882
0.5494770969788696
0.3737947296671277
0.3966259172066465
0.29491576574685757
0.7433780653976807
0.4540482284178842
0.47623886209793786
0.8829552442915123
0.5482702644704895
0.4876126210421349
0.46653747579250226
0.8884875439537586
0.10161404094991716
0.765188716855959
0.6158288176488299
0.36714846315082217
0.33530840356559155
0.45779014635597853
0.829211442251916
0.1438575499953793
0.4143127687176791
0.480993971012818
0.3338458979563948
0.6961407672835487
0.22894614686976888
0.40988570778326405
0.44497612583387363
0.5386633227990281
0.612403228513186
0.09695102301246205
0.6848074753714005
0.9706975727442435
0.780221980487148
0.7906741283294141
0.28466741298168513
0.2718836357289446
0.46988265714538146
0.104360616660639
0.5354452289470547
0.5615232913526884
0.39641343224942893
0.14271045977540586
0.5421273713455721
0.5727802849636601
0.9338232708500251
0.45792461338966217
0.6853154219969555
0.53554330213891
0.3823778952179757
0.27763639511438054
0.49593390384644
0.21034045797037204
0.7881800233258136
0.6237168348125111
0.7089056675229417
0.8705769794702242
0.04421033835070276
0.5240107266631874
0.9773925561366343
0.6915007847236392
0.9209310694321164
0.5083183295151821
0.10126968067073505
0.5716830900551983
0.7497492027916379
0.9754448607608943
0.6518218359858628
0.8864344071463464
0.7140818763096581
0.8198985229654797
0.55922087848398
0.05245880582683349
0.09046161274032932
0.9148248265120382
0.5701631591139542
0.06918224765134267
0.3260644396381833
0.6620233909041202
0.48011655335728365
0.39457361137224156
0.5392393520958773
0.8404009273223874
0.6979468358779914
0.6119098159869929
0.8860626920787603
0.41097191765595175
0.010263461832407783
0.3488192746800271
0.24863658309585673
0.7695264019044743
0.37864521706077947
0.821070709188013
0.8697955131859859
0.17734214736522685
0.22497635024725065
0.19095722320258002
0.8840808810794918
0.7458261056649293
0.9384443200359263
0.6537581624612814
0.1762884092112928
0.4027280039110532
0.2723204563221565
0.7956445051803609
0.6365884982654122
0.7255767542395176
0.8894651168864348
0.30252574247806096
0.6751653205113988
0.3922481167264436
0.5625694448632534
0.5417196297966119
0.8095153673434186
0.26907978851668423
0.43846584673027766
0.8869585967816798
0.24399162870838875
0.8337081002232843
0.335409887447876
0.9121295145383488
0.6238750222661973
0.7128081756728011
0.2580564779504951
0.7402764662661023
0.5651997058314693
0.6041771850452229
0.18692354683138496
0.9017787998044533
0.1367545707860916
0.748108358296824
0.7274566863085814
0.029249609938830634
0.2021282005214659
0.4147608164888594
0.38837875847966663
0.5965827554114319
0.41736012336557826
0.5822386922045832
0.0998284336605057
0.6957090091110478
0.7237064072533951
0.09435018164517761
0.07886220349423667
0.5370051098181764
0.37522288378707175
0.10752549188816041
0.3032146585404537
0.9579320561077986
0.8973148503282443
0.5631301353152787
0.6637821380915215
0.7293619037857113
0.8850970713974174
0.7544180353764466
0.3321150254958959
0.860185008959444
0.219353432314582
0.79662659428577
0.0012745936953718062
0.41817278497494153
0.10308101814843462
0.954223740584589
0.4367302407137781
0.6087033687384068
0.3030482824164237
0.33107479923735994
0.2085435718261861
0.9828409010777379
0.118492733303453
0.3873047866973278
0.5669059888548584
0.6823915541347075
0.8930287028767474
0.11088959210310445
0.17016658020763625
0.5719425732910883
0.3360309399697857
0.4425173591363159
0.7778078831519881
0.9565230336595947
0.5262053451677957
0.7290189852152767
0.08039676896766212
0.338408246731066
0.23275320787791792
0.5636748624369399
0.5543586364262609
0.32772222674083423
0.10848089859355703
0.36096230789304956
0.6014929127718882
0.388875627650153
0.38440204128103355
0.4088163429146705
0.2614686103835421
0.5785093303736721
0.9268245683418871
0.943234136029442
0.47010845678793694
0.8104965599340242
0.9056105352197885
0.998061208401428
0.17709114828568478
0.4696894682727124
0.866241577182888
0.3970552940550131
0.6337708387911781
0.38847869602765106
0.6985185447076287
0.27583179613108804
0.815133844633656
0.2988672782105305
0.8511688970704894
0.9480521311114635
0.24948254745425957
0.8776433173264457
0.15433082734466014
0.7632247084165489
0.4952569893188179
0.4133682190042649
0.7808285603278502
0.8427453496367555
0.12647481248128228
0.9412805193697862
0.20234826410285067
0.226312470922776
0.3665905149682272
0.4158479177269743
0.47806967844242864
0.01260966642601008
0.445145546816448
0.12058295668516206
0.8510035480100575
0.5361564518046957
0.3424006290608471
0.0508707231210026
0.4212305367777896
0.48648547633637245
0.8342125371708811
0.4479395302583432
0.615432449200948
0.1463126225913874
0.652737388760017
0.010738744811947254
0.27855191185444855
0.6021238843817809
0.13811320134893795
0.5673701267961346
0.4761120423370184
0.8636111102613164
0.9720945155230747
0.14885265233389055
0.5146729385286299
0.3176461683524129
0.456682269970865
0.47538275177892763
0.2630970160396494
0.8379910431589594
0.3291126366529601
0.8388854427839747
0.5887407370511717
0.17369923514512764
0.2891384093246043
0.24553423625012455
0.6103854019096281
0.9471716811757598
0.25535726947914694
0.4680504697434312
0.5136650640055196
0.7070879056969723
0.8644113254828327
0.34997591521900245
0.8749449657116569
0.0019413961756982733
0.8802027092556991
0.3027449087555324
0.7960491933817538
0.36666566993916666
0.9898403328904204
0.4412652601837082
0.6649314679121168
0.4478454074067406
0.9288531699914109
0.2148500302286736
0.026328422170751153
0.23226491430169616
0.0002758344261376
0.7077249791349471
0.8716300696762187
0.4890538267025763
0.8305323802780216
0.006969406626277597
0.6386472018444573
0.08744797633857676
0.6396148339795361
0.16563074908628467
0.34965116229332704
0.8101910113481665
0.3938728529463022
0.32488639873469876
0.6100064055903747
0.6468602040925642
0.9568017907110938
0.5015087033361411
0.6399117955537497
0.3219077086330021
0.7565361386494245
0.3955220962995934
0.11821180344675464
0.9889664082969842
0.5483261111251927
0.32782415515707297
0.37993404637571343
0.6059770756472634
0.5660952710275385
0.0786750168437389
0.42815508756853476
0.4949517770000376
0.7292473459801487
0.9653426093369082
0.2959914920299508
0.9856958087503356
0.5992107098276787
0.9708237789349622
0.525958657606254
0.8445686146322251
0.46477960795699235
0.11544437562926202
0.9216351255353237
0.3973718201694481
0.27613092630298935
0.5492740052883862
0.27051540784514533
0.869710179993212
0.14446627338592677
0.03567412983593654
0.4371298291441372
0.4886795061680874
0.7775489707930036
0.5949307949062348
0.08195481921889808
0.3164927504854872
0.5309761747530692
0.08180648698428083
0.27433288132631184
0.6196639883625967
0.7208462971941252
0.38197779239669555
0.4365665047130319
0.8166272653022364
0.4655527980465282
0.7297090254542697
0.38154546788474253
0.6921754583082876
0.602754971880501
0.37274435386256593
0.6877126565586946
0.6188618350842636
0.16214741226764778
0.440283852595414
0.2928686390834021
0.9835150702634161
0.46546959766378876
0.40604193808401867
0.982260346291443
0.8812761690048679
0.17226761163886145
0.9807690799077404
0.39659497771845164
0.4100733818671828
0.4932402852429734
0.6172509280882777
0.2920651819551704
0.5752094340402181
0.35257240272495294
0.06568138400863405
0.0471670363090127
0.8967427764642417
0.49647770098422294
0.5784392837767343
0.8300375603730938
0.30160258620825986
0.41724514191052075
0.43068097303100733
0.41523405793231566
0.7778851015051669
0.49040165386709666
0.39679404816306823
0.3703225009506157
0.5705365208956373
0.9071755411321216
0.7026400936963925
0.22033792339587854
0.40563565500684323
0.8252643733716783
0.7596472680803876
0.24212465283454615
0.34474728694662693
0.6579820584837612
0.6791964620383591
0.7407599324036892
0.3913249221402993
0.5751797437025596
0.16437722152579154
0.01670953267402131
0.8978996036001487
0.09890574630788523
0.8810728387015312
0.7450593353320123
0.15579913060000983
0.14258973180592344
0.8214665460279815
0.15711226070734635
0.2883998765200792
0.9646070857320849
0.490443822592507
0.23983506308431118
0.7144211572073467
0.2853992857515249
0.9689982160856806
0.15008506476164285
0.9995301121924126
0.25189679458199504
0.03863143771053856
0.17824186593884073
0.8725326420606606
0.023810952111688654
0.5868708485784863
0.8898148459665658
0.5466837890987541
0.5034319997948577
0.4564104639996921
0.5237920592639496
0.25715898052041175
0.1338904032274439
0.7490144816383032
0.33294195283438704
0.10248507376382165
0.7504090257598385
0.35020491941228176
0.31397418759748674
0.8607381126717672
0.18489423847791625
0.10188805628853137
0.6944115357388072
0.44057257047159953
0.6962839326645398
0.6174569010703319
0.6182198459435451
0.022654501156311402
0.32739117966258024
0.2075399363289595
0.7036886247195037
0.748828914516724
0.9735522239118618
0.7644490548791161
0.5347498617495165
0.024359623071929293
0.2892080283377835
0.7395125951907031
0.690868254216001
0.11283736425813251
0.5556188455107839
0.5398618852048191
0.6208311322960469
0.7238600427322526
0.28623153129417733
0.7698728983713943
0.5222118409878083
0.7203466906656845
0.6557897586694754
0.747347170245082
0.40097539919396124
0.9053544319629236
0.8050974810382726
0.6356490095921228
0.6546410829450544
0.08752569471543037
0.6954163612312121
0.35039881763905273
0.8476110796321032
0.2698007798147082
0.46479826824527026
0.12295535301162824
0.828720648476501
0.8577884017297864
0.1732239982033132
0.23280219125241625
0.9787595813564818
0.24219505033729521
0.41424014226586975
0.9570868198267247
0.16966086811980818
0.9739714530080971
0.5178557662390604
0.22794344857499288
0.9672472098487977
0.02134248931562266
0.9727814301818192
0.8368634020000065
0.7158716795344844
0.2746446432610045
0.2556629603562319
0.2802598935893443
0.4059839866513236
0.5479028199861129
0.4707829518664555
0.5015066463347848
0.6445991382052312
0.8153361726228814
0.07577328207053446
0.8521127541628195
0.6238406176913708
0.3164906888221412
0.4972019076220348
0.5683290036048834
0.7141756144509541
0.4654535207775521
0.6244681907551822
0.9393635043054753
0.19665482996947997
0.20761250082328397
0.011260449773065728
0.12951752928918037
0.6924151419040527
0.5816815454991728
0.11090057328425851
0.3089351217198557
0.04789838624508308
0.7652209197159909
0.025220233413897897
0.3462929472885873
0.7906849151006825
0.8086387466711069
0.05618394613304445
0.8216394345126741
0.7835359923584831
0.59566830288539
0.8152941986679745
0.5287255592523843
0.3731843231155039
0.3075731676995058
0.7678845698839187
0.9535517873069019
0.15560727643774036
0.8138403278194174
0.8677267194695142
0.4394890816721203
0.46096283353128536
0.9638790355719154
0.37194757482701324
0.8792143706141146
0.7990633265755013
0.7122510165550462
0.017073553764258786
0.8098337331825132
0.800207819378947
0.37421553324652146
0.4840884664283564
0.729949432529722
0.6363886644758463
0.07888048568832168
0.48371272641476065
0.3060598069644599
0.5143336768660183
0.6640087571935801
0.8526811801352063
0.8905635266211345
0.5945402645907722
0.8395365204045584
0.7676175897170407
0.4347730171619807
0.6094034420130996
0.43611833945632333
0.5551739909613698
0.4477241901601331
0.5287346862361895
0.9505214751790502
0.6054233530015748
0.1252027834276912
0.8524142577415905
0.4014497982287582
0.5800644883004018
0.1532902102947865
0.49761455195273135
0.7173854319665869
0.44781832250014763
0.9768647685856571
0.7919777244436296
0.4922939659324864
0.8764649251347735
0.5158767493776024
0.7843257189980264
0.965547174409481
0.1642911541274048
0.4108489266584848
0.9409266606661538
0.5091747115268677
0.20328904405548315
0.8839365950786743
0.30803633625754
0.7385640541687211
0.9322651778194158
0.21301426076350344
0.3903792957641512
0.6019862278035563
0.3600919016017462
0.6336387804234811
0.3204290403283761
0.4498319093018924
0.5176513382219483
0.2073716189054044
0.3747922609675317
0.13620108922386348
0.6315935884442714
0.8248257835047443
0.5316975091401785
0.6634966211572536
0.40385070233734904
0.04793561913677835
0.5575335758053336
0.7449303994787491
0.5279184302516946
0.9383306227885175
0.06057874235152355
0.9303581679590955
0.4762380304939558
0.36732719975197897
0.05650692555117537
0.6176172082528615
0.1525806896982589
0.5579350689397807
0.8529521788525216
0.35454870567441443
0.21915750653325955
0.7704078375569768
0.47935850486476705
0.3261444902954003
0.7802481495613418
0.11025018105429918
0.46353695728208693
0.8167657615787366
0.6324618963360317
0.4112267100885084
0.4877975258530039
0.7391389221585733
0.4763146979497615
0.025800511156598316
0.3452185826274938
0.029841903473062592
0.324626502528827
0.14156219872775988
0.6605618184623592
0.8252517161788084
0.8403133663919753
0.9345930991691351
0.04053624148474472
0.8524320854537661
0.4894689646999514
0.469338818592086
0.6745596847560347
0.3961977656879454
0.20520082634110254
0.7594526804436161
0.9198620327726585
0.5365998431976113
0.7235063735491407
0.8152008641165853
0.07371929715184383
0.09033428279847177
0.8745448283535013
0.8204041647296079
0.36080328569868763
0.835083752005271
0.8909807296735903
0.8055241132540625
0.1450767760972544
0.14756036528925226
0.22964561557485918
0.31338376769319403
0.5133593249016302
0.1440252944884764
0.49358424894219277
0.5901467041165548
0.6716344421485312
0.7763184094402034
0.7886227548123366
0.7765600140483099
0.04536385084395683
0.10693935370379698
0.2519154743801091
0.4231005381628247
0.5815201506876992
0.16347906238739468
0.5494985248601412
0.4075458183248646
0.5127442245984024
0.35570869095972496
0.8556977076914012
0.9946244168872527
0.7629793346294269
0.4278905451653513
0.19930911536726642
0.3447829852708604
0.2491289107832167
0.3143835756712919
0.08979086562817134
0.2527401431799521
0.5647306372745173
0.06837382766649208
0.021274906299932505
0.27638025768152363
0.9193342970102107
0.24156781100489222
0.7930279725854243
0.7026728799952192
0.7512167420356572
0.7069449150928623
0.5820611297162381
0.9896863244331724
0.13126214732528424
0.9371724977761837
0.35690777088441716
0.4223970310257502
0.9322813072691429
0.17804533597461297
0.5311600684215612
0.7248787786790947
0.7507389713355035
0.7893186872114838
0.7211743583751979
0.282588768381675
0.7368035272565547
0.26456227386961245
0.09442608204634573
0.4458506140738059
0.8138285627771256
0.0871701793538539
0.07331539815103322
0.10926663960990568
0.24982143246106758
0.6314194067416081
0.09379475295055506
0.39167525270824993
0.18114884393231773
0.7754778375164193
0.7090100148963926
0.7774013827781374
0.4826752079585001
0.7575199073071959
0.5752173121112669
0.5219314057749589
0.3287244670893516
0.07661646322256871
0.7605575985609343
0.473776177068034
0.8957017586517864
0.9168226199202415
0.37684173052994873
0.7191691294494765
0.919906216321766
0.6558957026184193
0.7503188720250294
0.6173787593504492
0.24301186349890974
0.5093329008116234
0.21947151338130993
0.861798157214932
0.052888627253663445
0.2559260697753857
0.17620042482281578
0.1756063696916063
0.25888099462608205
0.29278918568171547
0.151333720276008
0.13067991954484326
0.32835693141656996
0.9758213753290119
0.5862138646973549
0.36456504939534445
0.9552852515896233
0.3158266336277384
0.4291872376832358
0.16270437314922947
0.13179471678799137
0.6210189029169382
0.8491410386483322
0.9717443998166734
0.5501135350870998
0.6033991013932028
0.1678025847415987
0.9146330022703388
0.7749834073918042
0.7994984691252565
0.5783363672134547
0.7893490759572981
0.2955871831384698
0.8952405696788652
0.33984468456094863
0.3504890732548769
0.3912249796276485
0.690181646076194
0.9156977324681157
0.8965682162106119
0.7264184808851449
0.9881475250968699
0.9581896251985555
0.31577666507652446
0.7288189474289437
0.659292412751538
0.13283695230860998
0.7790642275531385
0.09723911429081544
0.4828632220671105
0.5227067492800244
0.21180939684814942
0.2373251643018544
0.1504605402617712
0.7564813150310823
0.5239619375601208
0.0288298857596902
0.9863454064685839
0.06353734604278982
0.3334304085251114
0.09114332160792748
0.5243488095172728
0.17513729990374854
0.578619551168684
0.6326830264516103
0.07019845887237974
0.3629012363438201
0.9834045642678391
0.04494075447266038
0.7735854968967097
0.934047678347802
0.8114626061054987
0.63342820351756
0.5360513938827569
0.18746228971607592
0.7267644458409503
0.26545953526556015
0.2887831928413628
0.17547346042595968
0.8631621004067582
0.2586535682109031
0.7886629677108866
0.6132844434121285
0.39839101238483593
0.5342342983958914
0.10142540759696317
0.9313316391101915
0.02643819083836335
0.9156530958347737
0.36753494680280907
0.775409191738964
0.7271105423657526
0.46575189930425037
0.2794019582512695
0.2252202827092663
0.1427705425118721
0.9246314107440459
0.9378150690429581
0.6240859107314147
0.6895888271726026
0.6355842061078433
0.40097470677295904
0.19086200615875215
0.25429675458113665
0.827897403241663
0.2912707168271877
0.5196863850743054
0.9573040347260604
0.7630253540223133
0.28295455751838566
0.6639971517619765
0.9991799832933825
0.04457785021420757
0.15811467333917056
0.7483344664617912
0.04987941000860835
0.34276459337993165
0.3888712280324261
0.9547579596790351
0.9887270121910041
0.8903823426211981
0.8804642011162324
0.29028249479958357
0.058057107946563546
0.3701260203888038
0.5929169214020917
0.7575549283671954
0.6545381403322854
0.231950690704803
0.24821458699578203
0.4230654524167369
0.049594388882592266
0.054406503992129984
0.22544520909816368
0.405506611742168
0.303970007942156
0.2953140839574246
0.04810861232053021
0.9914642479994045
0.5213633789375356
0.6648429750375919
0.5758062264864954
0.9264441761981748
0.3721926372289365
0.3980013592530676
0.1267829621084951
0.42630930530419864
0.5109357856875274
0.903740342687132
0.27829969483520494
0.6075218413217047
0.10912207227379339
0.6243214343878198
0.01857302834069824
0.8441557229784065
0.23093363361948643
0.4512913495635162
0.2570267565154061
0.025464620569145724
0.1895096014309237
0.7133533088641304
0.43885713969900025
0.8098613109298561
0.3394274284174142
0.5766195374316911
0.1554220440894391
0.7494844075120859
0.9844691212338346
0.6791748493516969
0.19372175858865648
0.5940986838920071
0.20966290022425843
0.9595766088342951
0.42624715252347633
0.17389587234924658
0.4827235842675432
0.9328615716698444
0.3067285771952044
0.00783263939596468
0.812397634348936
0.1178254794139103
0.5078267973827242
0.18746324036587347
0.09985207137561286
0.925786685152977
0.4135650049814884
0.14579423548827863
0.07412875073914449
0.08374013125277596
0.7623088617737052
0.6365093537096117
0.8638185684975895
0.5837536820245034
0.7253591619136595
0.6209825830646818
0.8244930859758797
0.22565372215003004
0.10172970057352343
0.7888180918889833
0.7150636197020165
0.05149266686030152
0.11144070963447056
0.1222257718839177
0.696120804416998
0.35798598293610256
0.4776658041277555
0.25536158589110363
0.9094404098224587
0.5170517571958957
0.10232868330148215
0.3768321276710369
0.590224044982644
0.534781368920201
0.6602531042751938
0.07688331995120834
0.7622761688649424
0.13561467957789897
0.8637277121878502
0.85036306663741
0.5712015488363336
0.17118900129580028
0.9823553340801816
0.9323685446947554
0.22184040316546816
0.32227593309208285
0.44231365392757105
0.7655587112992237
0.3035407440693517
0.38741581617130244
0.9746624447339911
0.6764330025524171
0.010501080159289577
0.933304715449147
0.834090153437437
0.2724477015597725
0.3942983853791597
0.7196840948865222
0.06750045747837302
0.6626614823009839
0.32185011155313603
0.10542888307771031
0.6760972221780892
0.8516722271015686
0.25444106466198474
0.5927246405452597
0.7851341153658883
0.5599272744110098
0.31207919098155456
0.7726701365803081
0.6122530693896532
0.28305972622945696
0.3423268805000944
0.19833680795222935
0.10834326195002225
0.6187238242620945
0.8738875209283532
0.1302617737824292
0.6341105380093717
0.7614723479912715
0.9026094222764461
0.6745467748191853
0.9310545687647244
0.5945398895999214
0.431202451466711
0.5651801831039285
0.9473093061262043
0.9919655519367038
0.5638453531719219
0.7298950937904511
0.7868095945657281
0.785309383811945
0.7429943532573868
0.8228213561529141
0.16450517315219781
0.3462869982202761
0.40808695266880634
0.10738497648262846
0.2708505635000044
0.889967118263592
0.9544670118542065
0.42935367795312
0.8755576250932078
0.41274708378263686
0.375740638320108
0.5326224124186245
0.8336050426160899
0.6451418674157376
0.38390470556877565
0.6392782923313156
0.8957569496700024
0.5214921767332343
0.11897295034295935
0.04067948836910096
0.871350790397643
0.4470177650743552
0.7834573545264358
0.427728081083634
0.742872136650522
0.07721213936187343
0.6669451342796954
0.8262120296079325
0.28984210201929283
0.4153955337241974
0.06214484728605779
0.29703685619588854
0.14380089747425878
0.7813129497583426
0.516157518437496
0.011362969572971448
0.966678688313843
0.6069845441215351
0.7093618469740113
0.917109673351594
0.6216028867926318
0.07558609069871375
0.009185108197541702
0.9759825359110943
0.7881986637443457
0.3349572033725233
0.407164388195874
0.8691257356176042
0.46369755313857563
0.3894057057673045
0.11508545606882686
0.14469665567353657
0.1866765052814659
0.8017966798480904
0.5696194213898944
0.012105074937856341
0.6220077646791534
0.022484792766845618
0.9747602035005511
0.3753546937175235
0.35360766551306716
0.5024694370848876
0.7974985972593216
0.24187018602719584
0.34583044727460954
0.7452217733872604
0.8245514539110685
0.34338786375026775
0.5548606236553444
0.10495369305661373
0.4865975634316157
0.6619339977361616
0.5982156229415396
0.4486686756579839
0.16135427236447625
0.5666094968518578
0.22347806896830524
0.7651550273708039
0.07796199520113678
0.4358453602039945
0.5566348661514673
0.426152093065588
0.26252651233101925
0.9649885702430425
0.7559081231795053
0.08324055452390833
0.6883015691733888
0.8405232503315245
0.7487206889970831
0.11857821274099195
0.4238773729958079
0.09992745389172869
0.18744704682438945
0.15842268832936634
0.10887324695374023
0.29011101172694
0.6238578763827283
0.4054532740384112
