# browser_rnd sample v1
ua: Mozilla/5.0 (compatible; MSIE 9.0; Windows NT 6.0; Win64; x64; Trident/5.0; .NET CLR 2.0.50727; SLCC1; .NET CLR 3.0.30729; .NET4.0C; .NET4.0E)
appName: Microsoft Internet Explorer
appVersion: 5.0 (compatible; MSIE 9.0; Windows NT 6.0; Win64; x64; Trident/5.0; .NET CLR 2.0.50727; SLCC1; .NET CLR 3.0.30729; .NET4.0C; .NET4.0E)
platform: Win64
vendor: 
oscpu: 
cpuClass: x64
language: en-us
hardwareConcurrency: 
deviceMemory: 
screen: 1024x768x24
date: Fri Jun 12 06:39:55 PDT 2026
epoch: 1781271595122
count: 4096
---
0.422771250386965
0.3789612810422913
0.4787703075175842
0.6139290952469275
0.04711642677756783
0.16847017390975916
0.7530047568817608
0.6190884885889372
0.8748315939392433
0.8306103363164792
0.7636551665748124
0.09061258682797735
0.6004570670350837
0.3262983163406961
0.46922231032985523
0.3219107596604194
0.9585096028237738
0.2062819703420985
0.2657533803727903
0.06410071527342564
0.10706446147252368
0.04505681520856247
0.061441757520696805
0.5219027299640402
0.3733609422407873
0.6670196924654262
0.6635828309803049
0.7782609750896339
0.5572625718525641
0.055271042795834446
0.42420524262920683
0.5893729971867823
0.37219219680676324
0.6313288194041025
0.3651115474686105
0.805284676556466
0.018201649060299474
0.6731184830519297
0.8087256389959676
0.7659347072732732
0.3281242040126449
0.998955179303197
0.8780589335572898
0.8985093305979167
0.40529766767444136
0.68683567484392
0.09727108063402667
0.3991942820221576
0.18013438859288355
0.5212092897781371
0.7237150585909084
0.32088785684490295
0.8528541215646415
0.06349859361372045
0.37302065198768647
0.6081652670092368
0.7609843584282094
0.727992093848937
0.9606843083252803
0.6217611258060605
0.8127719689572912
0.01133289527893594
0.9767974923752245
0.47706357699125307
0.261438994665352
0.07167871206184384
0.6349595821060973
0.08458990834077462
0.26025444859736935
0.18271018730686755
0.49208564791594344
0.1251402762458056
0.33468330040189564
0.19801627607638728
0.7227332770393861
0.31830258316280363
0.6354124995693383
0.05298653100673123
0.3497368193400771
0.250208211979463
0.5948432517953646
0.5041922461345935
0.38235141337460904
0.7149147836021408
0.3996776218886577
0.7603395374099775
0.9937733273060815
0.9935187760953044
0.5135168973182727
0.3942292888662223
0.5818169964135501
0.7460773082764431
0.33592779494291713
0.9417602272561516
0.7996934995031908
0.22364501286911526
0.9682219825458431
0.8918631886273041
0.4182489728910929
0.32120848807554536
0.9712333020700297
0.35035592432192663
0.18668575273499277
0.5870272993966947
0.9466662828681999
0.521059768242995
0.6957030224273537
0.679867233527544
0.751128260891709
0.2891204233912619
0.6151576673941628
0.9228378647902758
0.1607470071954118
0.6143274078360295
0.5777604265132781
0.5410231523903611
0.8443143165341933
0.14632771328019373
0.41098613753430424
0.8898204681187727
0.5741853991678372
0.45898104447952886
0.381291169947485
0.4818797640968854
0.7067027928180473
0.5677054850383372
0.6078950839388405
0.9027613557835336
0.09770284306079541
0.9415141705749292
0.8277977220774358
0.7689073014804351
0.7837013673935248
0.050544657311832775
0.24936682456877668
0.7262478667530881
0.9556447908858188
0.600235007991724
0.31874556708103374
0.11374116738683865
0.9796516590355799
0.9949012123197525
0.8414932880407622
0.32337081007385937
0.4779585906348017
0.24632306667068515
0.05128677790482894
0.07660239876413266
0.7733240054165564
0.4970465036481825
0.8981736003762382
0.8070270836631646
0.32143167745562406
0.5634623057054551
0.040782989942288905
0.08989627661669042
0.10837555507503288
0.4203224746003193
0.7700639289245847
0.59147845391051
0.37409615182620964
0.3462073328468805
0.36653388652908353
0.32464557225052193
0.4376779556241428
0.5285577508664101
0.1986861695804087
0.09182311037982704
0.8467062325926291
0.28723863320227094
0.20711747410774878
0.8724143335032684
0.5504210189628783
0.7172011766370356
0.2871014692313039
0.5690359263145224
0.3051946126634998
0.473663296601568
0.4817484789308056
0.9653787498144072
0.060898462994471214
0.6273287467476942
0.8285549795664201
0.9682339163034126
0.6480141344457737
0.002517387139508054
0.1640610723741831
0.20720121217073784
0.6878820174831037
0.17768043319767074
0.18449805397430058
0.847822989447478
0.28227092829816813
0.37562617477131627
0.584722059289636
0.03736384228705192
0.7034901686416857
0.7998829964668883
0.15339416072574352
0.7471822919451201
0.002555360306812249
0.5839785848125605
0.2892810233153586
0.9016177746951215
0.18045781890608042
0.41201504528044053
0.5217146533896326
0.590542479579729
0.32637688423059113
0.041772029341348715
0.2676634033860025
0.8512043431663311
0.9167130135539352
0.4156707369930149
0.2385308467661354
0.9747139420810493
0.2901092519541802
0.780283920474145
0.6217130065371715
0.5435045780756657
0.16616708885459624
0.25167812519787247
0.4051084536035385
0.4383215470868629
0.9593521959227008
0.5617260704915792
0.9871900020261162
0.8667730804507021
0.5546244716393593
0.2996287143706615
0.5209107074485375
0.06020183999479872
0.15761581065328362
0.8232382229061732
0.27663077892912163
0.6616127351926728
0.8097182726369885
0.15637409776756783
0.6774165062930247
0.9846191519467887
0.167234018743662
0.6111771019875802
0.5594758202707295
0.26184626588331466
0.18377808600298034
0.5786463166191752
0.6411596602233204
0.7209568167315912
0.40641324043966226
0.9158569975945556
0.14587196466941815
0.8274411048404393
0.6985361709151179
0.6249578578177337
0.01739561126250566
0.3155397141546113
0.3363225665000375
0.06689833615918872
0.1905551750272677
0.6921437410234237
0.5905781706187601
0.7819378126552083
0.9358019135027696
0.7432444039903778
0.10213172850915547
0.09934037015661212
0.3832201517206213
0.1984797028018822
0.5864448465429271
0.11026020694206451
0.9496184878158478
0.11655314629799823
0.6619030210896653
0.25067433632288344
0.541783010402109
0.7427755877831661
0.8862908077819819
0.695320954283646
0.08963425588814161
0.559707956730954
0.4072435260450073
0.9989531814266395
0.17494323148588314
0.002859315338404722
0.9850067172892593
0.9378195508775218
0.2644261119892418
0.8456210708526557
0.5296237742574417
0.3021342989894783
0.33045129141623847
0.571094824032931
0.7097110705614422
0.46940180342117343
0.44825655782367246
0.14319795491324638
0.6362692363496512
0.9488113645847962
0.29548795554875656
0.4654074678318988
0.10251789777487458
0.7285198612303023
0.34803640218412407
0.4727292408243641
0.3695307742103026
0.18049156782371434
0.9655617731293082
0.24095647857325691
0.027486533581387196
0.48166577337661276
0.4907585192051556
0.7170076296550958
0.03364035125936915
0.9955745931534337
0.9483307951782486
0.6751105362373422
0.6306598390524358
0.8251348307694788
0.9228091302655699
0.28582631647447543
0.48275825648817316
0.7951893607292986
0.7187549030282331
0.24838290018693215
0.03209698645151704
0.45247494006738387
0.9625627188224408
0.7815148132256963
0.7742180768200186
0.2810451216297781
0.3919849732139583
0.893982191335792
0.8788071652466278
0.22277831542057147
0.6976669947962224
0.26316880813906756
0.34087565419992244
0.7654527733893244
0.9303950466701274
0.7386352299907857
0.6374904206255736
0.31497163434796005
0.1684238650530176
0.9572299942482385
0.6864683476409881
0.30367295659070253
0.851163865771684
0.807338023050874
0.7559918152878264
0.5032610592337583
0.4286730687473042
0.5120723080763353
0.8578907360530947
0.3087470406356226
0.7508119508979066
0.9146912419781332
0.07237529341380172
0.33888822231806026
0.9255843036860368
0.14425072339808048
0.1982931379608
0.5589672129832696
0.2131005167244706
0.21547647521392732
0.10052337425532048
0.2733535719415661
0.889764439147487
0.2740689405617024
0.13490907276025632
0.758142051921753
0.9166984409032635
0.13712933941033078
0.07116898346760858
0.008263189094579071
0.6770858238549641
0.49812214980431674
0.005518035896750706
0.05881371893097809
0.009023507102965233
0.6667659752938073
0.8572656949129234
0.60695540870049
0.2536420796478136
0.996471115912331
0.17744972378853907
0.20858305756969991
0.06266433996114556
0.21541885234375985
0.16260253831925642
0.15306346271731713
0.2652376093419629
0.7221039228480355
0.9630360175486483
0.22969891748448873
0.1807889968758573
0.5321383894765032
0.602569768458781
0.9911704906633842
0.3828169895302832
0.9703414729570303
0.08541707367186524
0.7920677408789176
0.06794674967147951
0.39061655806114526
0.5559816729983984
0.8347129595620619
0.8652405922990374
0.1758432172133938
0.6986074917371681
0.6898400019868927
0.1326691141990466
0.02098863545651103
0.916862825862924
0.2762889245933295
0.5308126252371335
0.034869110534401504
0.21572912708494785
0.08172939160211356
0.9382764634654295
0.5094694877371424
0.12510397129668144
0.485527392239212
0.5789679001868411
0.3004541829400262
0.44931661165153214
0.40522128132823354
0.5682964797919927
0.6384805907757008
0.10489371077076065
0.12967483350594855
0.9535235014862391
0.8481520446892841
0.8176018417212636
0.12482648253628314
0.7229006437613525
0.8899239485576782
0.9898324200655777
0.8020553660549763
0.18890165297618083
0.860003414420142
0.6206838049777417
0.7245367788145733
0.612765056431051
0.584259307885549
0.7636344606425705
0.49356061184739375
0.9307300774566254
0.2243859697986007
0.6404898379764148
0.6046383325793215
0.9667618261003861
0.3780407948206564
0.19532509400821962
0.8923256634523109
0.5722259727764762
0.4994019114521819
0.5684346230901981
0.7930391875861809
0.7198872378781171
0.5925693384923508
0.6978382116130017
0.5467473258112324
0.6977699615717117
0.037459193241438315
0.014683302897655847
0.6312672325065324
0.19783309007418376
0.09631698154564372
0.9889212033067861
0.17700083191559224
0.27507625431994764
0.11870308159090464
0.10292471186632868
0.8452948808363296
0.8646071809698734
0.7137794763845073
0.6832532668830891
0.6702114338828757
0.7873652225387342
0.19095383674562538
0.9045612038835842
0.6613465603551651
0.9496095348805406
0.3834133223614365
0.19468326194156898
0.5444369673056083
0.7469446851256616
0.563807160048228
0.21622118352098796
0.8768454052390893
0.5205703473400203
0.5373135871910502
0.5774935037334332
0.9166177121275514
0.28160610094228583
0.1545533751913189
0.43450066684767285
0.046655389331171526
0.8187559961769735
0.42528855970492923
0.1855956337467523
0.25964980810886684
0.7352420190687252
0.13357176774804652
0.5318401100638631
0.19477505152946767
0.9228494000608176
0.3559878268199186
0.2785649440699023
0.48373844010117345
0.474090871797519
0.5668562856288937
0.38744267903312884
0.71163918963212
0.0579109558034826
0.07773960949554298
0.9534192215096142
0.12718705491954413
0.34001556982701564
0.40332875282135344
0.9771403730731722
0.34718470712687105
0.11582622051064595
0.7717540138826997
0.03104861143643145
0.6917788511094021
0.4422219660964338
0.40459605610558413
0.17611401589623782
0.45983682907723266
0.2036467673090726
0.3803481106703741
0.7762024816523769
0.4079068816264609
0.2288235173377019
0.8648073043657902
0.178373657444108
0.9315720317800736
0.28623027271029544
0.24284931629331524
0.5799397229236964
0.9646088058366973
0.02965839977602258
0.21826741646513775
0.786905373431745
0.40921384646751485
0.2395861563038421
0.2618332162501281
0.9834486564632849
0.9896628133937302
0.511765367076078
0.8824632825902732
0.07839080890415456
0.7821178183979578
0.8813331623910817
0.07235212165549304
0.672142914225146
0.31490074522472205
0.7389244169760147
0.9341587650434467
0.1964058363254319
0.05640193434604063
0.7946748503503185
0.9368106073093878
0.31893925740452594
0.3118947739946914
0.7766687893994135
0.4662148286746317
0.2770043355031503
0.03587861729711961
0.012299506278785787
0.3381442441759278
0.40562398585342374
0.8331738816219032
0.034174336410351
0.7227909514476428
0.7605935515487281
0.46984471684007195
0.8766105805379079
0.4939578155328918
0.40121379577170263
0.5441263583784834
0.784432581910792
0.36058421336606233
0.5940072132655789
0.5778856126904691
0.6426939663070985
0.2642792781133237
0.9262176825041475
0.6807446170282765
0.5541137386881275
0.4337621807253643
0.07668261112065011
0.11184971455159254
0.6404282871023971
0.1755856941703412
0.781705786781888
0.5183684608544196
0.3245259522833232
0.9502459056859503
0.35484796247747635
0.3651497253397943
0.062144594046889656
0.5337573101048669
0.9720918147661446
0.08658325921613252
0.7350768641988499
0.09699926616690513
0.8176262744222249
0.7895466343319971
0.6922415477169579
0.8486162571818612
0.10053494140858765
0.9154290465526162
0.7306440433136324
0.4819809399781533
0.8989619312780186
0.12957304940570574
0.14516243692252845
0.042705785479161595
0.765867652397624
0.8480769500447886
0.3442602029355454
0.9904151301574071
0.039276340073596205
0.23475183865461535
0.42814030668575237
0.166966674232572
0.8399557285028326
0.20512921144719637
0.5565197113804978
0.10303751796881172
0.8107588200834022
0.9597664335051578
0.8951173279841595
0.5959666812925315
0.7543965258383525
0.8356988618488373
0.4231124662455384
0.7739724524962576
0.46019889461651886
0.8127391175196494
0.908244819358459
0.9253395891743308
0.17546203525421294
0.8404255495685196
0.9118915098798622
0.2158978346618165
0.373266532524696
0.26177335871344853
0.7733700045222551
0.044089922758751454
0.6961926471337052
0.0015836060205209334
0.14088062385921446
0.19015372322872248
0.21414616605605136
0.8599166846604294
0.7659158676450775
0.10441963908006635
0.4245481979380412
0.20543864486521524
0.9586279856696381
0.6494511839492871
0.7444311703604385
0.5987000874336659
0.3135603878863806
0.3617330393469201
0.5965222657545894
0.3920089692702279
0.0583124122534146
0.8308373907907214
0.5751847095041537
0.1504104315785989
0.6521211982022352
0.10747619990773771
0.5931262204094234
0.8173879596622096
0.0670081879414669
0.14657332531060885
0.3560733698043651
0.9092520049024838
0.5210522144979788
0.16746705682218138
0.9901490214775
0.6637838173776311
0.30151490084223686
0.47058036996235403
0.1554798541446757
0.991553435682941
0.7149582317197727
0.688372489179077
0.5195992809270749
0.28243281051565133
0.13215841559646557
0.6681120110171921
0.035500833981947644
0.6051763060692115
0.55753385786969
0.18498866620749027
0.07173555765464312
0.6045423042692076
0.14596938794143788
0.46630678669559983
0.07573638544270283
0.44828168155365094
0.6143330321317328
0.07098079097982862
0.11659143417462203
0.5054197928178956
0.5506452962572177
0.013278938338563584
0.3497771397468378
0.04761079315480532
0.2107753677082393
0.14573863613880794
0.1739013538959348
0.15694430074046262
0.5107025929788204
0.7234028741345126
0.6082954365212283
0.1964361108160546
0.5717955022241463
0.760004015623031
0.21033362396339294
0.6535362406453237
0.3572249622227202
0.2564477355943091
0.6726467704284441
0.90233909308994
0.6495418490354715
0.6329264797895991
0.0929368638445488
0.44678209125163276
0.8626139922137054
0.7282182843235228
0.7928876743868276
0.5049708404362909
0.9555308391672205
0.5432034933925027
0.4777059283855956
0.3738700981033173
0.021748640015960663
0.5003583881085098
0.47411643038999507
0.873951933478978
0.9636630211400516
0.36696133538643743
0.7621738798149206
0.3149933052692553
0.030959510307035587
0.14697346170126674
0.5250427325755622
0.8470676500217944
0.9005072313454854
0.18503296138834102
0.9809359964396951
0.7648759972774217
0.4062244188308375
0.44572780976873904
0.3326926078694765
0.3189148607947414
0.9892590345909257
0.43228912364565314
0.7730121429196572
0.8535801092306352
0.431991362851144
0.49107346953542774
0.6171548641420795
0.6401568089070961
0.4637798225629249
0.3116789111124941
0.7999538437660498
0.6017475018125049
0.3820352090542925
0.2772666384207146
0.1702753153229269
0.23754207670382465
0.9191225947413163
0.9456360231092186
0.24360217260832123
0.4454346479553399
0.20375423984899216
0.34882787069252296
0.33220490067358704
0.6148439785293293
0.8149509324472244
0.9875070695517008
0.262402817503004
0.3156957582637805
0.6073130585017206
0.3661024301872528
0.2097082121610579
0.14487655270993732
0.19825721663460993
0.6656580286865803
0.5351844385526691
0.8080707466795914
0.7510376923071383
0.6835769868428954
0.8901383869435393
0.3127435290948578
0.9617864697231992
0.48291520374760194
0.2713068010439502
0.22713424602060223
0.9644696512770117
0.2886089211606856
0.15498486028474945
0.3204764193899821
0.20457189815948723
0.043996924953275784
0.31608464018505405
0.5412618327353643
0.20048473311830495
0.6982243908145873
0.44690003649136006
0.21321802094257874
0.5109886687405646
0.7335921557217666
0.230393759278201
0.5327698753974775
0.15788309729064331
0.6616416507666751
0.09411127260690222
0.9371076115964183
0.2147318650022999
0.2177424320624648
0.47336541053967063
0.6785851178523807
0.2658567900692876
0.7661755762167424
0.04612437029245747
0.9890239809890572
0.964125063574369
0.9911831263820832
0.06707541197412259
0.5466002960565606
0.9717409267541486
0.2941798387660072
0.6246247508353577
0.568342721197137
0.15516571894753023
0.44330060250047226
0.37213408304347967
0.7428720522588753
0.023454820984399716
0.9286829645200165
0.043482691255436134
0.39086385132091483
0.04871364381873872
0.16536118233348534
0.8530832848989802
0.6948174343880762
0.6880393529808926
0.15537441531152607
0.7017688672305641
0.5750661355839433
0.6382287250307218
0.4716684873127931
0.9625069049617168
0.8055650394052576
0.0976966990378717
0.4585971117582608
0.5036862120072804
0.26084429247369717
0.5844643224590922
0.3573050936264306
0.5227608965316259
0.7646173678820918
0.16473880721844886
0.6590024313029172
0.7093248101301144
0.8708854060702921
0.7835223828302038
0.3651150531741085
0.23422929144133986
0.049980318178415695
0.7568508496087533
0.9905241930825671
0.07014550360457161
0.17484067375915496
0.38467668229521196
0.08458329755216365
0.18901225545667333
0.9069163166995131
0.07407572688612357
0.7643276143460509
0.25309895540441796
0.5664488871564706
0.3243703228758016
0.25526831677470063
0.5189525336596403
0.3384771727941424
0.4189261722059312
0.7173897092883276
0.8072861496867424
0.21376779161913373
0.6927938779805941
0.6974442529803785
0.5569066051102232
0.8929730169379102
0.80103048918421
0.3933672230537878
0.17706660051356898
0.9926695907828718
0.4994503009318247
0.5426087896555232
0.1401665922742768
0.2835334293894931
0.06771817668274743
0.15340844884291677
0.5155206768518808
0.3637569240394903
0.6541128836678818
0.48651292074366586
0.9349394121518504
0.12491724834947015
0.501951799274067
0.6645651512594739
0.3021720437046358
0.60285536360478
0.2295825919028487
0.03736906585386407
0.9107892332197642
0.32272704187468653
0.07901133746650729
0.9634607538427718
0.0188767500792158
0.045239038484810645
0.322650903721156
0.9818935600585519
0.3439495947375619
0.9001846766985563
0.8233371195217973
0.4428712709672515
0.3877849226676963
0.2537451898482795
0.07967454121841877
0.5418398466575345
0.9784114052675776
0.2976241283977098
0.9569377887374579
0.3588749297123879
0.9252815847695083
0.2709343135414137
0.7031681364848912
0.9436787702026129
0.2236930167707572
0.4298578878242947
0.7807694341034634
0.7062270177644796
0.8158126897160374
0.3654518767923202
0.5058213891806761
0.37408197405919935
0.5181987960199373
0.03657310451904783
0.48049216311685094
0.5596159960856138
0.35950260148038165
0.9327479183892843
0.3283466489657036
0.5438647886235364
0.23707219970241822
0.11091374379334945
0.29801034524654496
0.22845724477329404
0.4974694507332285
0.4603109179859711
0.8875633794507771
0.3330449162203954
0.7734497861294032
0.441405117987505
0.7602028085573789
0.822880670835831
0.1687443568842032
0.7175719495200994
0.8711256641754099
0.23967297469961257
0.672022359913947
0.5523768860542416
0.9062492515131921
0.07856834141601604
0.5027010300513268
0.5806355975307984
0.845299058541849
0.6050914031967216
0.9438094776440202
0.5780407962929879
0.7049590816874693
0.5380985686285618
0.10090175467380646
0.1519937146911517
0.2921929742880398
0.8382776616908825
0.9410535891434258
0.8553796053853397
0.10350893222552926
0.4364525238621549
0.9122662426337633
0.08537839875830239
0.34285489670364005
0.11192834330936385
0.42114006842420964
0.27100312445702695
0.3989951013143409
0.8883396922276054
0.4554694134814763
0.2759102858840738
0.02263265469944803
0.2529401123853287
0.678449375395687
0.6471279035478782
0.8742072586362362
0.22499847969622605
0.3924744368928448
0.3256986167195759
0.0752110476596431
0.7999439642835979
0.8730475167520495
0.7018366579520014
0.8890295336774319
0.5781281085212824
0.7071073594492585
0.44504915363030145
0.6817289933078506
0.45054886528746535
0.9351213115992885
0.36877376527045413
0.8688752739882771
0.05860817681658176
0.992579326768323
0.6994362378171182
0.6413835042417197
0.3709512350336265
0.6740643359454617
0.5114329701662306
0.8815618229594296
0.1276619843574306
0.6018629950218204
0.7623953068035296
0.8299267430487005
0.0905662441066154
0.9711201298461383
0.31719374114784215
0.7440314003199078
0.008120019104477405
0.6648290124841929
0.5844920381500318
0.0024623854266160316
0.9543375196649751
0.1844887387694345
0.9062623232390597
0.8503245206029002
0.2334397623950269
0.2260491912249612
0.6385244361306487
0.2569475449470034
0.3553811385782965
0.1458028861251212
0.9406738153770939
0.1622120067082486
0.6821381067195048
0.007172275665397465
0.6511140235071813
0.7248065224124329
0.2206204972220614
0.37688000870969934
0.26851162559587765
0.05389197792812894
0.6952926222587541
0.5477787902771237
0.9808424886638682
0.3050626222699099
0.4720680305416827
0.4056564706383747
0.8885003757916976
0.9521581042581371
0.12476790276990712
0.7286211525397281
0.053089991216185406
0.5083942953062757
0.43641028385100033
0.3102100869329918
0.7701286128531272
0.9634451897106276
0.4098232679747086
0.9311552316865554
0.5117313683230624
0.72752180165894
0.4255523062513345
0.8697773431173728
0.31445758794231293
0.9291584844859324
0.02975805676332377
0.33726972189498766
0.9978464634426962
0.5003307315989565
0.9607778952133885
0.9516714457144118
0.49077227817034474
0.6006929787081106
0.9302508069939579
0.12311947692276204
0.7156009575969813
0.5821386190979688
0.3631817543403599
0.013007519215853524
0.9342309757836942
0.8755488577887289
0.7710484705196443
0.5509691338684449
0.19545374979609092
0.8935107881956508
0.6830298666118422
0.8461411999031095
0.5396696004780004
0.28594936840003865
0.09266203000304435
0.21295321403580358
0.9148473598204881
0.660031849718393
0.19070436491900594
0.946726804254296
0.33671716798960876
0.18136744275910288
0.7497246996782272
0.9306589652502613
0.68653739628661
0.3104389622888306
0.9018891463112869
0.13330146015158833
0.6813784178442361
0.29636722217082895
0.20866890153162926
0.06443824909117368
0.974717447709503
0.9495231894952829
0.8596523888304868
0.29730127804124073
0.04924004458904102
0.6451667493003623
0.5573784859085169
0.23635467405817873
0.5490957412371699
0.4722051453917985
0.1460823328365179
0.41241596143623427
0.9654566806737933
0.9343281601125978
0.3244721905767612
0.7206721999042622
0.13707955051558496
0.6351912117691034
0.8461325564812105
0.18218802704616016
0.8566729672740038
0.9349815220146891
0.4558746917702534
0.005791522187208853
0.9842238575466196
0.6526166348511431
0.43633296939867366
0.9547629109897218
0.8600378425952564
0.5059886528646016
0.04633155044286413
0.2815404287444673
0.4831004697899627
0.13208156506538932
0.3210226834881128
0.7836961649020749
0.8744674249297959
0.20945307110687816
0.6735242768701118
0.855724485571876
0.2807436391605745
0.4174865300808272
0.4887612866061082
0.7637240891729053
0.38931260137816376
0.709982467578019
0.43244165664196393
0.753844158129599
0.5248287827788157
0.6550734308388262
0.5115743986474869
0.020403995951592424
0.8755877777380302
0.3991097859127102
0.017663751173739528
0.005884684577525445
0.15874019193730981
0.14907830117635906
0.35969009916172545
0.9825302442643913
0.7749167775384359
0.9362792909174296
0.4512147120532472
0.37408498205212637
0.42568427326232716
0.8234022374164482
0.7544222065668558
0.8162325788813993
0.3713523792492036
0.6478038571289886
0.30364071431770856
0.5255918317065076
0.9920044357764544
0.8557065708872416
0.03185691242613253
0.1496626731343712
0.08122556532541064
0.9751995998795057
0.5059691815062126
0.9039054783393294
0.3498537543331166
0.8003386115134992
0.7399987620253077
0.4671754259495971
0.9461808566326822
0.4143043381304019
0.10020570071351103
0.8030230877747183
0.4093820260439055
0.7664942552340206
0.4420324139352537
0.8019110809349748
0.3645539064960358
0.6365858437588515
0.5260247148092203
0.3981861344889067
0.4405930111678631
0.4680235859484104
0.44835640449106856
0.6056844905427807
0.3462476720386812
0.7340464075374694
0.29131031181714595
0.7371380918652086
0.7750284639078042
0.21128587278012717
0.45004506302505415
0.9250877309830113
0.8262632588224104
0.7791297994252497
0.12420342586150329
0.9457985683535854
0.9274350537819221
0.13746004493044261
0.27639493416985905
0.2627124095352516
0.8220419538963685
0.14103688146434523
0.9543115275308789
0.15226026564169864
0.047570436563762364
0.28571707843786736
0.24921199090491902
0.7523977544499425
0.4697744501335804
0.24985623774805493
0.32073732295767526
0.8830148909378317
0.8623046834922277
0.29366040319470177
0.8564956780128117
0.5274109743733282
0.22483357952164107
0.7499159568200289
0.05458232712233507
0.9353143435932254
0.5181734953827629
0.8014405894466251
0.7181762596084624
0.41046580239830676
0.761486934541263
0.2337628154860591
0.3335820355710544
0.9795734236482079
0.9845391830986743
0.8759506642708509
0.0665617003976251
0.30448589421469324
0.35704543080347706
0.9981752489929164
0.45652848182518446
0.39572021489159853
0.9275159117942482
0.021508186873600565
0.21415013336976862
0.9130188874276981
0.7956042012550518
0.5136161963681172
0.9351367891870319
0.09740060235931552
0.21481532822436378
0.5934304741806169
0.7314644229785673
0.6692077728916794
0.07653202040924983
0.5485320978416623
0.7510117314629663
0.34794292412476385
0.4616688114872353
0.6809090496821157
0.30756485043809356
0.002225493161390979
0.46286547382284093
0.13990446469446982
0.8753706617140948
0.8219891688781591
0.2779826639353635
0.7755897107311855
0.5158963519568132
0.3200793183249446
0.6547642538157153
0.8514600041566083
0.39917907314986106
0.4166989761923946
0.12688250124778272
0.7922643803892937
0.9581264520214829
0.3376909478483237
0.12318363646653568
0.010945768128826805
0.8713549761861856
0.5664325641252551
0.9548029833100411
0.25808110549029434
0.5086301325632443
0.6291588626186337
0.8889205469578002
0.8678754685379728
0.6926983744099568
0.06481892673725992
0.0032792082249332166
0.7366782142796937
0.6322779924595611
0.5331090211022467
0.2821894359418221
0.8631532083076636
0.6632020942520047
0.6481156236153254
0.4625960861890695
0.8036492448950212
0.998183822720293
0.7900401071553516
0.46788410205480424
0.45198096819519023
0.030400210132172145
0.8437661575295323
0.8774518255684929
0.1397444755048346
0.8620679182839447
0.5405698071079694
0.7716819253943832
0.17145596064027874
0.6364103385050692
0.8380615119076376
0.46479179202907483
0.5582157381527224
0.9398924119598608
0.5634880591633307
0.09214648690034038
0.8942642393054605
0.011325971789609146
0.3668118852328081
0.7539691300999327
0.032710343398545505
0.7454247540020221
0.8825238160636115
0.9339851315861103
0.45987669408012826
0.5106152410949096
0.8829348699489625
0.20938818078288956
0.042120712121600845
0.6143856712789899
0.12073131249269947
0.8476174393849141
0.12465379415099764
0.8441822004945632
0.5048665190358396
0.745787133014995
0.7987957837218189
0.887837956768357
0.23140233718879155
0.3102110311729863
0.5222652126363412
0.5947470105859884
0.4997012684414055
0.2963160729822864
0.17652048043400492
0.9774720843388382
0.48441050496278615
0.33334093077875593
0.07583069911200507
0.5732011997685432
0.30496720696249646
0.8435666791020053
0.40466945717871466
0.2854451522852631
0.8368940472217228
0.332428683297739
0.05318833725186589
0.1085942505919516
0.3429428368499491
0.5737098421554476
0.8449415172476163
0.2014292213601141
0.06718308266561856
0.043117513851939904
0.7066965576360268
0.6204078497962069
0.13142156713466652
0.06389739505872627
0.4170807183559611
0.6495254650851991
0.3008779053834075
0.5197397457399718
0.18897603922412148
0.07077391900934376
0.44483023568777496
0.6630843546882051
0.48999066484401254
0.907700216713556
0.807984270642782
0.5010328328972058
0.18599782856883218
0.14429274609779002
0.5296078312308032
0.47642772241214326
0.30464799938418846
0.6723992523940749
0.20001220442377182
0.6782600877764203
0.4589238586957627
0.2531075539278174
0.6277507969907162
0.613418256921177
0.24522157134931255
0.5909965774481658
0.4059443058149903
0.6508924930958733
0.7361062749558697
0.7148915098831285
0.31243105368812246
0.6099013740425988
0.5248033585286647
0.7347339174752161
0.05597999754186578
0.6050077791481052
0.6466515299844657
0.7014037624915472
0.38959298571774586
0.18414346419648092
0.10215742935742233
0.7348071998226131
0.1519619284390783
0.9995630694347197
0.636955822711061
0.8052704079230135
0.36943574055102773
0.737099905113181
0.8958933240946959
0.5542561787083065
0.15339066648684246
0.7956972651445784
0.06161787708166827
0.3226469168324942
0.7616870144394359
0.2570409151839581
0.6124698925213001
0.11831367952148941
0.8579341209165469
0.01421948986710908
0.8901354901515188
0.5994181515527192
0.6985745813160867
0.5386916256470733
0.7544359926694975
0.2758704032478256
0.7053377835766166
0.6564398060363563
0.7207919532432312
0.03859215020777701
0.6394018236559353
0.8770425654098765
0.6253142855962401
0.8147118224241558
0.3836420976789486
0.27349851332160224
0.04313871994902485
0.6165440796986698
0.16063354826917225
0.6459867392688685
0.39753429601885903
0.5031832548554336
0.8666132415571717
0.719350154778511
0.9404804432984752
0.005766537857152476
0.08539823775466121
0.42193967586746655
0.5598210893087243
0.38093941180553486
0.261293512622503
0.8725586266583015
0.6737688341014951
0.6517824092785709
0.45631315842379993
0.5625986522304899
0.3104456862330531
0.7714346670821721
0.09457761032432149
0.36205952886477083
0.8383113026005589
0.40187660786692536
0.10553837483879863
0.40099725142296993
0.712743636720905
0.7388102952987863
0.9177209995759405
0.5820460662749984
0.034700891321206184
0.5333028994270024
0.8259660507975652
0.4650116725138484
0.6793078479665066
0.9618349667118389
0.3576867391343782
0.5311347533975523
0.2453736363434884
0.27862205910570814
0.3974513067013207
0.3824748637104877
0.10126202481601254
0.2475546239817989
0.9942368632623488
0.26096711710002573
0.3581995929372017
0.19582765014969977
0.9719907635426812
0.3820548717675289
0.6890208661796189
0.15730824059779241
0.6916746378313394
0.9694037355614065
0.528513852773373
0.980915682506741
0.5717550620767846
0.5500535865694378
0.34094338659100465
0.4677653814232437
0.2641440585907658
0.02346672995000698
0.32099365826968634
0.5705542551986533
0.7038817817111307
0.25328215850627644
0.10628551783189033
0.43964208372892854
0.6033925588594974
0.44718715501587896
0.8227880716674729
0.6325096607854154
0.34593469377413233
0.3881692936190713
0.05885829641375351
0.11675119896289415
0.6479034843545468
0.6595132896144404
0.1693062559691802
0.7914850670241545
0.8059358742808877
0.3662587376619294
0.6477978551644247
0.1280434342268948
0.8223043731937296
0.49743637393307566
0.17407073965226666
0.18802797464580956
0.21087677849423425
0.9962521428814028
0.34185349118399266
0.7152953715445394
0.825957408797287
0.809489701305181
0.0040418303218541784
0.2181628681017232
0.6276145900580441
0.672753662187864
0.6336000470441919
0.9591007448689923
0.8996381917586942
0.1547776598121895
0.09181953804221598
0.5514051427189444
0.07006005503424395
0.5318723490353947
0.7199808290669288
0.4258211374314247
0.9492092393878402
0.3926906948879816
0.7261290878277551
0.7748126692371435
0.8965630949940675
0.48383879336662694
0.42558744484244026
0.7081524278068316
0.15519422861164206
0.1984626055869918
0.011996512418709692
0.2607312021005018
0.351402375967407
0.28279215017013553
0.18508250442596924
0.5819632180789281
0.947159491518117
0.7897263953248679
0.1420202818876629
0.10588984719115568
0.25428519818129103
0.04389381591817637
0.15117192127602963
0.7520614569967405
0.4718088649106521
0.39922482525738156
0.1701454872791241
0.23950293321329707
0.09176384241316271
0.8679240696198525
0.7445324779763717
0.4095455920874427
0.9336980641570787
0.2788321332503153
0.7293466950157419
0.04803443908457872
0.014474667109466543
0.4835177288665365
0.21210144868407538
0.07339634068347472
0.43747508130635176
0.27004289151738236
0.38462569497548354
0.11428130291747052
0.49410625228270166
0.06719543935314459
0.010134170588591173
0.43896555166423634
0.2105526473722827
0.22608452175825833
0.5627304713148871
0.9184317761230887
0.6440027614028726
0.6513463986576415
0.0784359353663523
0.20601821434277667
0.3351190166132546
0.820809511654295
0.2500016524703333
0.5987551966489173
0.4573087912194601
0.7803191439382429
0.3221744915218386
0.10898396336319493
0.3683935262145925
0.5295237435205802
0.8997525794226396
0.11957931135533128
0.4665620334667464
0.3247764464745612
0.867679301357009
0.6220742962266563
0.4800328651022619
0.8169069975983613
0.24058934923976038
0.4442114284100826
0.5786399103551997
0.6144706037107495
0.9086339514934014
0.06192179643238238
0.9855945760750834
0.8171821413693382
0.9270770735657337
0.5604597345966257
0.08896641466949306
0.29959542132133393
0.20906778990830077
0.060397515521585954
0.40496393732568353
0.041688936990680714
0.22415857123491833
0.4564108907773807
0.12888555851973393
0.6008710530232113
0.5795531846839832
0.6302629224947085
0.42465042343711395
0.89901903411163
0.16673167880030698
0.3941202888365829
0.05010745667551125
0.858518106138505
0.8930145705636967
0.2963124584059313
0.39286008936574523
0.06286812859931612
0.8857916328482471
0.07887107961852868
0.500133534211014
0.5402770204442673
0.45655560773286824
0.01466315303409177
0.226250021618012
0.9727617538518093
0.042544495546809113
0.5716583887134773
0.19256688811611883
0.11862921399540177
0.8057105704904249
0.8528474718191368
0.8572712634615516
0.002810778358297239
0.5618981778829718
0.04255478862882672
0.6262142218211839
0.4773760891384701
0.23752641316329936
0.6533655109618274
0.6010063099495387
0.08365299050272845
0.10673701340941222
0.7126134702748545
0.25688548287328655
0.7577322173141129
0.6488815526979089
0.15335311493246928
0.07040743431243729
0.8127369374030706
0.9843863810767162
0.5819651115221263
0.8757975072276396
0.8040889113497468
0.4964477594023268
0.28302176234019144
0.5188422506950651
0.3381043354525898
0.4266734380052147
0.7917650533979257
0.19848799783231247
0.6196044777632376
0.9447014076144802
0.6155268055844183
0.7388526071551305
0.5508272007288479
0.4349903378376837
0.7176466065901654
0.9181459062767032
0.4917774136585646
0.518390213274482
0.19092018218625012
0.8960330686148156
0.37125610261850084
0.6317661333628519
0.1423371323537455
0.7272645861600778
0.6981586730961126
0.8258618182098516
0.18684373246126923
0.9269353034736906
0.16423561804307862
0.809753660819859
0.10509283597181684
0.06152403654507599
0.9523593904531875
0.1696604635957289
0.1586196474881314
0.37990466710214826
0.5684433933591215
0.12053747418844823
0.27560874177827343
0.5698082651510818
0.0005103383942933748
0.11079797456309587
0.8213939994952348
0.827755068680935
0.27500891739488453
0.09366942862354954
0.9500600151366387
0.5642642721915827
0.028329154064188122
0.30310528724124103
0.5969898599933727
0.23118847048532004
0.5405684164222742
0.9278377689974913
0.01693080608373615
0.9543087329391883
0.7889518234648037
0.16407078118567225
0.39812603600776075
0.8818653854762548
0.46991193354803834
0.7454762966314632
0.49028704452892
0.4184886750314684
0.6116845880142094
0.19857173415939105
0.37265789620973105
0.8040323311415793
0.353379051751645
0.7522196154657903
0.45814924623325875
0.8181024483934074
0.7018323944449607
0.04190506908647573
0.5804962837738723
0.7436128028900151
0.5941592969768401
0.492610907816063
0.5436217110306718
0.10648715340447312
0.39176040594259503
0.5385236170136304
0.8258610212885198
0.12366778082035712
0.010653646976706676
0.6434683489980983
0.2264343029005721
0.2378788810654554
0.2533445727470345
0.4228842707896122
0.11752505297414772
0.5951322176846023
0.5490533425066986
0.036316502935361095
0.6225531225735017
0.8297518898148757
0.23196764228191646
0.41881416761651746
0.47970565130647424
0.061733540493881245
0.6912921173663773
0.850288856460593
0.569516169147053
0.5825430988271558
0.21221681192557906
0.8238011969517431
0.0862587295735387
0.30799860241005655
0.09352835308341706
0.16690785305173045
0.11515048393278893
0.7106680485193806
0.6754393784116892
0.894615027793958
0.9408327209911746
0.6092552403064384
0.24031320396009464
0.3281485725379882
0.7573268022309381
0.8887345777136812
0.35931236718111375
0.6006650971182228
0.5756381590383972
0.9525347442553182
0.1496009784836994
0.7891923839885755
0.03240805351667708
0.46686063267768485
0.07958278252037382
0.5615014442944974
0.4914891774932563
0.7472814055016397
0.41375810221785186
0.407276751847537
0.30004803003270863
0.9590021855438653
0.1241343835771867
0.2348650679479643
0.3117733144251263
0.1547754678069635
0.11172689229681365
0.3580475486042151
0.8219963221280783
0.05819773320959609
0.8795373700434045
0.6716937161724381
0.873005730590565
0.4151756971518173
0.3775002413970676
0.12081999073289201
0.4825658962172939
0.6826355516591269
0.6002373184548198
0.40448956676316333
0.7246241855105181
0.8010878909552961
0.6600637728590879
0.22415451766349453
0.7484195291836881
0.8064499048630895
0.4805394436990514
0.28545492072181533
0.7606809450059371
0.07656539651368338
0.9599613450414512
0.6931539726607911
0.7153312776607044
0.07915256573598211
0.4395445527580137
0.3408022576665902
0.9560879671948785
0.5904481274550231
0.5776404852066603
0.38988803657022275
0.3395793785542695
0.48760582968078703
0.2791929105625034
0.9576448397301334
0.4300714997499581
0.3829461367355396
0.15873376140599143
0.6883515303528276
0.20162668100883801
0.5644432180136847
0.12557225460024768
0.9698741045447712
0.30949244659509806
0.9343740971390959
0.07143250502467452
0.17536255599385497
0.3997449875538195
0.8968442864913104
0.3136462489354622
0.4594301866347023
0.11468870017037785
0.43494290799307056
0.4011090228398758
0.3188068644648185
0.42123940090768386
0.9395696132989364
0.12555952859958708
0.339371692330609
0.6404956670587651
0.704514648676682
0.09734361066995556
0.2946346699180328
0.08892912495697186
0.38616230349092784
0.04267576284698954
0.035151063801058036
0.5551012911369557
0.14122725782262418
0.058512637852631055
0.4140161013530007
0.9305408052116342
0.6022222891328247
0.4215047653007216
0.8305017877013119
0.18939182812113114
0.32789493154533405
0.1890938469924529
0.8420617083740793
0.5686706896158631
0.8746595646960096
0.7536751055591551
0.6943436461981756
0.23944449313063976
0.17509081703714024
0.7148452238969027
0.5495140297395673
0.9789719595114523
0.48083275243831336
0.920108298717353
0.6551122248933106
0.3548234549325358
0.7298179687885816
0.291013675273777
0.6888166822998357
0.7142233812476871
0.8314791037939071
0.09955100874755157
0.03891914734983065
0.8353352277094668
0.02867500593840444
0.6887297238228441
0.8359671243109656
0.44193549784963976
0.19134230542879893
0.2416212714120941
0.13794891919377472
0.9088998110792648
0.624422590746428
0.09474444711856833
0.7895593756328717
0.39315075338274396
0.7314042369634786
0.26452528813719073
0.1254990265839162
0.3131937521433113
0.66485705866137
0.3096650450055312
0.8684228525236649
0.5700936688426834
0.916627045293736
0.3876007555426529
0.2840692353514385
0.15372153617138556
0.6528974652631418
0.3798450793641202
0.8992637746278769
0.8103273541750489
0.4831116936870708
0.2588431218684916
0.8629064711073255
0.26097134186432474
0.2667921980124824
0.4480858417486309
0.3357151267816553
0.05507269504592882
0.5085792127499747
0.7875711037972703
0.13141156562041334
0.5193115715274974
0.8693515186702763
0.8583049784370283
0.20020168166132884
0.4193462568240166
0.33008108338969716
0.8423874935599414
0.444814029971824
0.8902843746356419
0.5851121880447169
0.7993286086023872
0.7900261068766408
0.9115734120334634
0.31284472182074635
0.22459166060457125
0.3885211435140198
0.10295232552762168
0.07434052030220839
0.022963277486803157
0.3390826290074391
0.9003327374633506
0.7241605675202497
0.577200012408976
0.3175476420747765
0.2339546264485513
0.3827800222254574
0.4215039318590214
0.07660424465751042
0.675888049357269
0.21621693417223287
0.13973054677047586
0.857432156598574
0.6499290451066193
0.4960499385776162
0.4998342037572195
0.374350021804859
0.7041642756057815
0.6717887631517807
0.5089078681872121
0.1830468011497023
0.03495576797225669
0.4776009222858628
0.027275148819997985
0.9236385001485712
0.42082338062835345
0.41668675623881657
0.8154448267412668
0.14170601304080654
0.4756795163227164
0.3191340723721851
0.4043388555921764
0.13363352139001905
0.6630967542090754
0.052872911628463026
0.9770570962186729
0.5369810104835577
0.826766154688489
0.882389606773526
0.5295430609325765
0.1922888669522832
0.08703003782889285
0.41614889894952667
0.9378668908547487
0.1396260040527837
0.8293499487148142
0.5612114092537686
0.20144305752523062
0.48135767272238966
0.16779693759440756
0.4123233383362643
0.05435210391223416
0.24202253108603844
0.7051278846339352
0.542793728725588
0.3410370845005511
0.286873188310046
0.6307380904382243
0.7357644378914242
0.03799707865653029
0.8225480828375578
0.19875713658084382
0.7970162217558749
0.5697015952013174
0.9965068466821807
0.41078120859065053
0.7242440732121718
0.11480136571603538
0.636275278024578
0.2912120529699685
0.17277364264979056
0.9278124925171791
0.22521012598529527
0.48789895270262323
0.8539796329317317
0.3118025321055614
0.7984079202230306
0.05675687110013111
0.2302064277665115
0.7692086550420152
0.5605463147012539
0.19626051647580261
0.6287798443335173
0.030769483934237673
0.6768600549148495
0.38619033376484196
0.6877383704283059
0.1166540344676531
0.8691184421563922
0.8547334290590598
0.8672009365181921
0.31922237180117946
0.16038433011628728
0.5490186070250627
0.6128277187576769
0.013454509632547462
0.3554996978711185
0.816391599045492
0.6416191875423698
0.498935425416327
0.6186560110827707
0.817212676646796
0.7353378667271819
0.6563857366607284
0.8150725086376294
0.28468605790041856
0.3731263284933981
0.0620790062418618
0.12071873322756182
0.6232063578650222
0.5124339297784701
0.34508842275348855
0.772182578186463
0.49393446018210435
0.8361538993477053
0.9951569899983154
0.7281983474750437
0.9747914275271767
0.8239114758779853
0.5330869538700239
0.44501409930770613
0.10178574250630862
0.07673284703793132
0.9408958386112944
0.929691080021642
0.0995658456396269
0.42686361023362057
0.5155879193434971
0.7285924246611241
0.891316106649825
0.4982946952696113
0.8582416038280973
0.532732252691779
0.5415915492933078
0.5485926808144781
0.5392146760102853
0.6373203875145799
0.1304125834577891
0.618920379072246
0.09062106189266272
0.5797518566423896
0.1829179238277181
0.24667291093144206
0.3688341335457221
0.8984546666784311
0.18610048078566033
0.25394317420836615
0.0026232922886414433
0.10442313247113771
0.9126272144173082
0.41507008818497626
0.5966321233762234
0.6379282192372058
0.24147093116246077
0.12781175854607168
0.5952578515102586
0.7948104979106346
0.9160582474350716
0.565224709170111
0.22859354403697751
0.34992519397269744
0.21286471947159874
0.16911992865090813
0.7599459554535948
0.8797230469443168
0.8068645273369868
0.7610046831680004
0.33354354476225134
0.5916146135753935
0.21496880377624494
0.992708967724369
0.08140071335453475
0.8046798758446051
0.07456314920263607
0.3364339532358196
0.7899059290016219
0.09444889208637708
0.17148160155217018
0.32274902795740423
0.34955286039362526
0.5138934264413912
0.5702305964009398
0.27510326085896347
0.4153352594413133
0.23343356879887578
0.4190034209274005
0.3607058028229951
0.19067809522402523
0.40467721015489194
0.003001829988717508
0.38016925984041533
0.014378522123691228
0.04577458210662688
0.4018082619285003
0.3520986698369509
0.47788237641053294
0.2706840248698207
0.6700288026409517
0.6138482465694393
0.12932302123390138
0.24030905102100986
0.8051531102878091
0.8559566053880201
0.4311013026623245
0.8003810840642718
0.8925547329399492
0.23531080547672128
0.5293864552789615
0.8891261746914689
0.7247812058564726
0.4708780856940849
0.5667700016279042
0.4471681069403307
0.880760328701631
0.6158835883893409
0.7234055519303582
0.742784251178788
0.7202753299464986
0.0216012866614006
0.9073195962555461
0.7375448224974199
0.00003823928678897692
0.8604644111086979
0.031179484201652174
0.3605300644625843
0.8499174781626765
0.45999071847255474
0.1106566176083742
0.33373394747126367
0.6613519740043168
0.6140570684640018
0.9986243446493035
0.4969271363961895
0.03471107108101418
0.9843467008123643
0.42978158587426024
0.41716605755186814
0.3083355553783818
0.6823319282298661
0.1918948667406083
0.43629873868770835
0.3492221401150423
0.1309437065239656
0.6627029608216264
0.20923248258391752
0.2237901406612534
0.34511876103997224
0.6556297408574745
0.21639221004919756
0.08689545093683537
0.8417041323412195
0.5028028287276511
0.6957125296789817
0.1282338617373055
0.4917378331577327
0.570476628398251
0.9326706784837204
0.6975020576734568
0.7619134537091705
0.9498104040953863
0.871281295328097
0.7931611503275189
0.9570757527635273
0.8950532773256912
0.5646384842577704
0.9443744998401247
0.27188313979945633
0.6915397541644772
0.07050422515779425
0.14166775021122962
0.6873120854435752
0.027500920854363175
0.015606533913979647
0.879085758976486
0.006467647085566852
0.6165479400159921
0.201724820253877
0.5590977541549635
0.6142031662100809
0.7717861800863636
0.307303824992251
0.48122833968419787
0.8663415583857545
0.8678697550333472
0.9502516375201524
0.3863688337374899
0.36682925412287354
0.14390777522322334
0.12074147984764793
0.06094974476910808
0.7749433608271378
0.0979854445096357
0.2672508004571926
0.8186319438815806
0.1997113562593455
0.8031642549869957
0.12473539784802173
0.7719004893941019
0.6849918439571234
0.8351775610863159
0.7107504099722013
0.6819217336115431
0.7662038782787766
0.14363901535080015
0.7834938904167407
0.832250950022943
0.5884815555763356
0.12143317962608496
0.4551629710222214
0.8104539709240464
0.6160694320531395
0.3310588879923282
0.5846764864345977
0.3014334203038821
0.5340635759159487
0.8320478832499241
0.035732131569503445
0.9972261425107894
0.5461420432921542
0.8201824391854251
0.8793301942351657
0.5102653902765889
0.905717664028711
0.33708753179959244
0.14431003219049532
0.7405776070010499
0.18298495924952063
0.13787439737899276
0.7751094635870296
0.49211048438111676
0.46662230151216954
0.4148642877854933
0.04287141753094981
0.2593653246269213
0.42644931061397323
0.9670222793978151
0.7741860482154896
0.012733242290517643
0.9221285943011235
0.5775830265651874
0.41117085637738604
0.4994117170679196
0.6330399804089862
0.816451607437516
0.09725511284000221
0.04650396570427118
0.005744561373106194
0.21931434131686633
0.6949492550650129
0.10388067665247702
0.6679947589161292
0.8119958724699294
0.8850437219500155
0.7966099827622083
0.3420358344338613
0.24645057130157522
0.2710959402118357
0.5702380290785545
0.2049832156769999
0.39387761015406075
0.7187281027242441
0.606929400479191
0.5903491744920308
0.10080091869217533
0.9961725737301489
0.06645274822766306
0.9023313787646027
0.9555566219343365
0.15066573363436098
0.3632238719488719
0.6232649374234391
0.3354819818799991
0.9547050978740421
0.6290951415528486
0.33467858904916575
0.7092018825099682
0.18684876662214855
0.23130623637525094
0.7436848236536773
0.15375993072466881
0.4736500738569592
0.7159882785378981
0.8089726978803613
0.3129431477306736
0.9124847412588326
0.8298397188678319
0.19446115209278747
0.5710006851856465
0.7194414441598727
0.3360688397301279
0.44370992748214804
0.045058591761036715
0.7021111248526721
0.18542460393845245
0.4644738258126902
0.10988411791001834
0.44402430185624375
0.22911372217394826
0.14032559600981304
0.5602547818666812
0.7056496927928817
0.06762880513998104
0.14506137488747622
0.18903877260024227
0.6962815592385877
0.8179886197257579
0.3256419706860774
0.5131951222241522
0.5518071601613816
0.5516184869288199
0.34071218800784975
0.6152532044180388
0.5652600059405565
0.9060748283956854
0.5942794770428752
0.5844331905916846
0.4602282241867736
0.9060451127626362
0.8879223071139746
0.8394202293571866
0.27160196548903537
0.34253046911969914
0.6299375984661859
0.6939069539564265
0.2038073205386171
0.15384501963590646
0.8861259078338817
0.8863703117759845
0.17358867912700604
0.1280425606468268
0.034451586037111015
0.4371504024792963
0.6125652865640188
0.9036078297347587
0.29460487349930053
0.11875042545091285
0.5042018530843804
0.6837258928011383
0.9435313314930261
0.02937865863355993
0.560497282893383
0.29917007135989193
0.5992835221961401
0.24510451675942085
0.9056094348076236
0.2558252780895536
0.5580886164342571
0.29260289596733846
0.6267980510333373
0.18509001805054154
0.8033149206985117
0.2323118941774988
0.07748201334717586
0.6788771952450645
0.9700590272701768
0.4709312547712928
0.87287098875884
0.8356601664870448
0.24536490062287503
0.03253978818396264
0.10554601744691189
0.9699871456314011
0.9116246186450101
0.9092121077081481
0.4265270426913873
0.845113619150006
0.9995001175189423
0.28486630517427297
0.286780013402389
0.4768790378472459
0.3067439165857579
0.8801757770036276
0.8147799036006214
0.026680483114519593
0.8605863092121146
0.4017300753551673
0.5176602203527676
0.5523727463673846
0.7538950647157545
0.09523111958539315
0.23664354479444466
0.41815066644145043
0.1691031350922802
0.7003627474424152
0.561861720161801
0.9779461856359251
0.31893880535911034
0.6840730705936912
0.2173385183544282
0.7415992617753262
0.9792816893338099
0.48936070836406903
0.7638213864205198
0.6090380566248466
0.2670072143635493
0.6782575504744317
0.33531320231852413
0.9149307682256818
0.3244710883680357
0.270552191967392
0.024568946397071522
0.9647475960971394
0.6123245871689622
0.2838998447048492
0.9634861639734158
0.4628983970207612
0.5836402293183356
0.46631601709609516
0.10623229359860059
0.7345875638188946
0.6148667488517634
0.47865279803253763
0.2161160074471628
0.9252547976920988
0.20292116814788336
0.3325082866741278
0.5816234461441764
0.4249466377721172
0.6027649509790821
0.7181210403114291
0.5427049564461499
0.6096902602890768
0.2761001434496734
0.9671532099315576
0.9953112201848802
0.6179176426024326
0.7493606391787474
0.7868674628809269
0.6603423205348694
0.287214883118883
0.7379626312989425
0.5750543384305911
0.0525870843505753
0.5651476509682971
0.683817392094839
0.07916831530866436
0.765894136780741
0.6776407950385807
0.17439871414262936
0.3984824860606885
0.9027302309318592
0.08936631224536334
0.0641962076013457
0.8446730036073606
0.21944534750404293
0.8228206572991019
0.5031748846503836
0.9740965379791494
0.8329783036996878
0.01624874255055264
0.49190042576782916
0.18412494857037342
0.14040054145954878
0.6952988878704547
0.02927862338111853
0.6262534372925723
0.9396098366976233
0.6092690436921245
0.3963965352301544
0.8302997380733218
0.6076497644762663
0.6400316507087296
0.6287420015747793
0.35686353582911295
0.5925448550850669
0.7302008185379118
0.7691171040314091
0.9993168239529594
0.40520539335425803
0.4968319597619416
0.06485048028525986
0.5419476611268816
0.7598697556963635
0.6979209627495594
0.8754520704102011
0.8474809712336413
0.5047165827702317
0.5011961078133533
0.6906433248022006
0.09505208971369289
0.5086927284043325
0.06817282842873951
0.3237347202831357
0.31880978854365993
0.7262673050679111
0.3111677736846068
0.041611615587796524
0.00767763351718681
0.24873604084407885
0.8069452519647331
0.12012845651349924
0.418403484161858
0.2688643473985558
0.7578958651604088
0.07250043486383173
0.42687917476685683
0.5350713544533834
0.580123359090123
0.5883208021969508
0.1968132249655679
0.05202155058324898
0.1675425740916746
0.04212113929455119
0.6801918376005518
0.4964043757590713
0.1320678219732122
0.28293067972631447
0.9805641942915116
0.05984645672193756
0.35219766006068365
0.30008029417529874
0.908040142912858
0.20531507419559558
0.975778373320497
0.27553538923982
0.6339898116623885
0.12903560149207094
0.6174554278892801
0.47933124290246526
0.21378617447044662
0.5568596772529761
0.867298211339613
0.4422234213471443
0.8875331023573644
0.8721848603056888
0.38431051595651055
0.8484547120460322
0.4915733002721774
0.47194081952665245
0.7870152532729873
0.6315794420559235
0.017671668603319923
0.677820857025099
0.2730287855180868
0.82757472754877
0.34212151815723707
0.49185189627890846
0.4005167186157102
0.8420076332218618
0.41362247760777976
0.978559930087672
0.7466495360274861
0.9218159480754405
0.7366306157365265
0.08040209866726511
0.22165308540954048
0.7872996407634305
0.8159826015607041
0.22880069826750488
0.6617753701786885
0.5762088363223867
0.33894764950953865
0.20002815517246725
0.9504678522977807
0.4793534592506044
0.2624623148158703
0.28335661289106334
0.3243058405381053
0.7059487184315042
0.6461547134498127
0.978299215403267
0.708649205612291
0.7069493747234696
0.025866694554897318
0.11843472127377963
0.897771249914475
0.9059152678029749
0.35773339388779163
0.5312210088440492
0.1451599682980254
0.5394893278777617
0.07948199230889824
0.08636681585316702
0.26192277086189036
0.5933583107138585
0.633462175272098
0.2597456290408245
0.6347019709245509
0.23460591260542596
0.8750231051800397
0.14549930181884796
0.6692351707830574
0.5876565161139511
0.1502029440436065
0.1858930720663432
0.041671173161160924
0.1785472565432587
0.46829825395050983
0.7566480359461525
0.7969783937096275
0.8810550271934912
0.11773297068732935
0.14489080152876277
0.7722597765478774
0.7382439725406916
0.277747200646464
0.38752430924620173
0.042514199545025555
0.6042883624008337
0.6637785134711995
0.8997378154166172
0.08736149675147597
0.15396455063435527
0.011009354888319777
0.8165382820184872
0.15947421242945336
0.44099484839563713
0.24840628610102966
0.4945990437349761
0.8989363739745673
0.8514653831657751
0.5446777700441328
0.6773861594028594
0.5824755156825571
0.9948287449776227
0.017929219648082473
0.4134367049624446
0.5224912785309945
0.8025416026400318
0.7923955312543287
0.9358272111259707
0.038030118906404675
0.8631764027075462
0.2584824815817593
0.36028474458182485
0.10833238222216695
0.8128851298527036
0.8464506369273599
0.24005708372656947
0.2893045278365204
0.4213827212938601
0.3594262381431977
0.7275724584481591
0.7242458605610054
0.8661560411024087
0.9280256708835948
0.33608348287765716
0.112385634490204
0.5713940594719009
0.9467313426844104
0.06890385265535775
0.31226307785166735
0.9031735663345888
0.9312585045827525
0.9895106033093894
0.8517092364309761
0.9587238681743705
0.09650411210850168
0.14269866757649008
0.9921664568417956
0.6651330393753956
0.5962702707328338
0.10513845473125011
0.1523073766213477
0.41164742496265455
0.7888065863771416
0.3431015693101664
0.43439240043945354
0.4797548848586172
0.5963169557492789
0.9857833755757015
0.7165308089574636
0.6065317440773599
0.011928414594380376
0.584565611296733
0.2749873442769128
0.11927201143327809
0.07422061766901705
0.9217260431493217
0.18290277723252696
0.2132069841982609
0.17726663224782418
0.9565162942480654
0.795273318789329
0.10916188584465414
0.4132368265825869
0.5521931192767328
0.4747604312490084
0.02428572256996908
0.7549696407543186
0.7145023681328744
0.33887925232737165
0.11652939298072767
0.27751421870499343
0.6902788661003586
0.21634005665067324
0.8223360413291965
0.2905015756600633
0.42423982729588905
0.18879423378435944
0.2970469315654648
0.20730272017028672
0.5527129493524165
0.06396240866681885
0.9888150591855389
0.21228332621353163
0.32495508971593056
0.877099014685745
0.729357787261008
0.3040664918580121
0.5858806706299223
0.049974419472014586
0.10866885056635744
0.0905664708922142
0.22843384500885383
0.15003189844098247
0.3158492142337124
0.7906578719397441
0.3295018869673047
0.2871034911226374
0.07450515813497721
0.2576964027774311
0.520181640411465
0.061045494146006074
0.7787013228254747
0.48170872135643217
0.009374915116766136
0.6308805804435621
0.44424509783781335
0.9499208013248134
0.07910259622013582
0.914510337350035
0.6301182006599917
0.44939517696857856
0.8005915782481454
0.14778850016784634
0.05616013200448122
0.38089983990869797
0.18210238325015876
0.03272175459209198
0.24564727914372225
0.41973225856816987
0.952629703654292
0.4867914378118019
0.15520053573353282
0.4070742447098426
0.7100218351631107
0.5688662088142409
0.41949343602112276
0.6845545170336076
0.21772936700944656
0.5019021575664873
0.5345216134614263
0.695047538445351
0.2213072872500766
0.8386034093246726
0.03073391672444581
0.5643389127715279
0.2739589496227695
0.7234430319743329
0.44611393192556303
0.5511386925436337
0.7098240703973555
0.8929203004830657
0.699340434792514
0.7070263017165611
0.08437754637838157
0.5256571712315498
0.28444378544080523
0.8232614355816166
0.11321924809721045
0.30491335806767156
0.5609146123298518
0.7579976621535679
0.3836996976717997
0.08832584531380583
0.2970102081290837
0.5352864751146384
0.8882399768015088
0.3931553186724214
0.5390430201977518
0.18636134650114394
0.7338688600995531
0.5000486046015617
0.8257246856915732
0.16404287699095465
0.2194136557119135
0.3543026332577662
0.7441782061513642
0.30270763660725175
0.8399458239051523
0.6008421638173906
0.833019914890657
0.719114863006582
0.6774961233698905
0.027599922940445442
0.8779517359210988
0.7534868606187404
0.06771829449780808
0.411714443775803
0.7165937670564488
0.035590267267111675
0.3940942422288364
0.2639375903101573
0.77182565407888
0.02716723449161107
0.35443792427817144
0.24886989908783424
0.6666948522138686
0.9399168636834483
0.06886893113120673
0.12211900219406657
0.4389886094796702
0.7573288091383705
0.9540910679668457
0.8702024853427246
0.06985568740813636
0.19902291300152414
0.3757251545110123
0.36499330402486524
0.26840280997493343
0.8578496229493943
0.7086094247353609
0.2517324870412075
0.7129800260121644
0.4128581380676548
0.5843948574640476
0.9781102482057096
0.23990812941955097
0.7753404742122546
0.7864269260170391
0.8416433847140881
0.7916903478684222
0.26051121868455445
0.4638192996268643
0.6835532344634896
0.289289602449377
0.3939843945394839
0.07978901367098923
0.38957514268811505
0.9768418323554644
0.7600603612116742
0.7837368775896938
0.6716068589020772
0.20221451456694595
0.3779372415540182
0.7022206487502098
0.698830017701729
0.04310919793659751
0.45231295603378807
0.9808828776084577
0.022915121318236975
0.6659453937930347
0.9864455031186631
0.27755924397581005
0.8991473182614642
0.813552435982942
0.6685906284570372
0.806207170109976
0.5437866582723598
0.3577351374986255
0.6468376903806332
0.9619588042889727
0.08770311435875061
0.4240678112524959
0.2927159904542915
0.019516291480803027
0.987303162652574
0.19881053224619671
0.8205454826980223
0.39027146485738295
0.4359914429218902
0.1616304809177087
0.6773572684338793
0.447946084821281
0.8828873162462018
0.1528503369249531
0.9473109160375803
0.9882127816882582
0.1102430272494071
0.3802346537630509
0.6248871107282534
0.9746711402642767
0.44698639233182585
0.1978642950423422
0.5027358561417483
0.3417169232465101
0.6030378583591602
0.24843800279824313
0.5929118058559989
0.27425732202419073
0.29752791068528794
0.3503793246875625
0.45433004432903895
0.5648880698014036
0.3237679060938671
0.3324161225234695
0.5346271519238147
0.3610635966986715
0.9448033939794637
0.8708389428303178
0.6512138491922949
0.8579542173290136
0.5456060881252989
0.2684336137070826
0.03415724174949003
0.26709943136217245
0.2814367234551378
0.02912248912019777
0.9326321200923293
0.6966297411226194
0.056637984489925575
0.028637881210053173
0.6470324003472143
0.41574399460023603
0.5440931316669517
0.05909010526709951
0.9904353092390972
0.34429286005898546
0.11281225816020696
0.5340819110680006
0.6059625430815325
0.507733484902998
0.4695852221483287
0.18105986007942876
0.2706841055209955
0.6283842486392466
0.5403662357566932
0.6188823768606673
0.3020621874059964
0.9858226444781509
0.6180321692833475
0.8211233599453953
0.44953389961134565
0.17243322459970034
0.08538284359842274
0.5994191590404461
0.20168338276753084
0.3945270324963107
0.08572840254779462
0.4062058213269169
0.26855523783097934
0.5251174425615508
0.3581351483058139
0.952482668228021
0.10901280276843744
0.2013518960368968
0.08037805134194437
0.3637771573929943
0.7646465656695283
0.8777626966035477
0.9698746561753436
0.8562751939824686
0.9345891859359587
0.8959143207808896
0.08135130184039441
0.2051201186920074
0.17969555628008082
0.3116888032047614
0.7097198552334994
0.5981724428111739
0.379897574082291
0.4333645034438657
0.5576189979608619
0.8210618574505695
0.08514517211290451
0.7668080147045326
0.8593010014523961
0.10315164711438906
0.19819631481284267
0.33851274976457723
0.46602174591068507
0.3690751006847108
0.5066207587281863
0.1728820204085163
0.9928175175505425
0.08679234549985465
0.9417333106932367
0.03706817787821848
0.0025297240277761257
0.380655156424709
0.08377448659155406
0.4348439594108262
0.8601642480050217
0.5867563018439901
0.3555076418203384
0.23039555580100124
0.3291494387483179
0.9678791878337849
0.5505032424519445
0.21359167734984224
0.20078284556630976
0.8766525033475871
0.8277328543180025
0.3801964279438256
0.2491337140996276
0.25805365542172637
0.07069637178725907
0.6936582376604656
0.5858944546709017
0.01619382789709556
0.5571582240420434
0.6195207917436054
0.05315121142983409
0.4353566191786906
0.21466941489556535
0.7791663628499285
0.6367700080211638
0.5415513321553043
0.34740402351951316
0.6565156395175171
0.009071554431245188
0.018380730049729732
0.6114401747873499
0.40947259656781515
0.21669438740925573
0.04981265756025055
0.18846738080356257
0.4873165185953126
0.21802256106001871
0.2524834572889697
0.5620032557312923
0.9359078508215324
0.4442806793728658
0.6814505838872554
0.03555467258729289
0.9844884062085135
0.8093755940790769
0.7458506530601791
0.14875947393899702
0.7510202520424642
0.6257907432319909
0.7547081940253073
0.44539690242213364
0.6774222347308523
0.6973154461452022
0.7281797735799489
0.6262561712077395
0.6117267156607592
0.4541184226773419
0.05580667589739979
0.9802041516704744
0.29109311415432703
0.37165089410183483
0.5608889513024787
0.12839497829298102
0.3477795018954051
0.07209159238257229
0.5388822289013367
0.5394155652139572
0.8595866730769128
0.4455222974203143
0.377758196463995
0.977262988049193
0.8969539700759902
0.8477492702280757
0.4395581790317073
0.029400858964320264
0.48079976252668233
0.9326623419234747
0.9849090081674758
0.12874373982442672
0.8583636538176466
0.9592501244442899
0.05605859497089832
0.03126987452813407
0.028721634699282405
0.4768663149102071
0.3990285876440306
0.5400643215991635
0.005309213366990473
0.13706856528405853
0.7017696769479129
0.3769461568964488
0.3897020309233271
0.006328083595411593
0.6527449375968974
0.4944346001994021
0.4490671378461069
0.16113463504799025
0.5831551175206024
0.7936610693348246
0.03911227230420039
0.5354980176976347
0.7460590886931829
0.16793514311954788
0.3950248095917467
0.9605740611610103
0.6069317545088558
0.027024484674699145
0.024805671876829527
0.08711918827629472
0.8727406886805324
0.9738098385597709
0.6825678889984603
0.413704674948173
0.3704117413113863
0.10282838464233684
0.6737835293559878
0.9570979979691145
0.30059328832611243
0.46931956487185006
0.5501264569741937
0.19594528886173895
0.8389173797450138
0.6377397305265731
0.5884729863364924
0.7948655263028915
0.5344954069181911
0.8603131581620398
0.31678604850571234
0.27329360361132404
0.46417503807946975
0.35903856056727534
0.749022835393793
0.2218859426686074
0.6411237972093764
0.3886719063103968
0.9218699213101231
0.8890291001133838
0.747594347835397
0.24355789715786424
0.7880237583777041
0.9609679688854975
0.8642650558717315
0.1377838442321358
0.5138987713009562
0.1412972679197122
0.5023388002700562
0.9359815347278139
0.7540590687233237
0.6990359860889479
0.9096218913094094
0.04120403766225772
0.5303340712070124
0.49923155344960357
0.3180941857128623
0.35665593004531587
0.9304922803349884
0.1560167566909707
0.5280202507783802
0.12965722342127656
0.9595114489634053
0.8552689810792932
0.982440992949972
0.6590725452028008
0.5258977529559543
0.08249815870774052
0.27592357023011893
0.30153890776161296
0.7261701518278426
0.9613160204031317
0.8627371112372071
0.947176861300208
0.30254066579913574
0.1588161602479713
0.5821604047081836
0.15207133918125337
0.39198504636918885
0.34642073095120546
0.5024169409646642
0.4126602827035387
0.4593125134722379
0.018226226565652315
0.4997717362421616
0.6462704014248884
0.6125072636112895
0.06360749318224534
0.935613393388038
0.8023911983223587
0.33552849145661334
0.8668154433502755
0.771884056880432
0.6708798989384845
0.041919779291615555
0.8635306587850515
0.4740087401636841
0.3761414533113954
0.7519928198868582
0.42281170139497503
0.0905147212466097
0.7504293438274361
0.6270141987051909
0.6426032167657294
0.9698208713335474
0.7647645311675091
0.05573856288028378
0.14794595436952096
0.6772155284253749
0.46257146698980483
0.4817949951151684
0.26325681952983493
0.8088309262222717
0.38898152453854084
0.18484786177811607
0.9935241220812949
0.5644610312878462
0.3378558716738853
0.7841174004200024
0.09398948522885209
0.13735876276035747
0.34893142195802345
0.31975905386588526
0.1338645652695118
0.20668772305200556
0.27909488449354136
0.3857652901908399
0.8668570709856513
0.07709241223491059
0.94464168823942
0.9374668445293058
0.4097576111835611
0.29989028253865707
0.7854779811723604
0.07737522079088477
0.7000648220924797
0.9316777279368171
0.23757555025987675
0.33502177717040177
0.4546033130357594
0.9386812924140411
0.5165909947869698
0.6996129420639066
0.3833153562917441
0.6389746392014981
0.3134121782087043
0.9387353439288215
0.7258836282814551
0.489720488945003
0.9814963384942426
0.5420085246771966
0.2735692056939132
0.9728861112786598
0.1562160436454102
0.9654968138950331
0.9146253515536804
0.8104199761842928
0.3880305436449932
0.7208565336395607
0.39887416740937903
0.24866604743955162
0.2941516928712719
0.25260814793737723
0.45551001328232054
0.6918315115406659
0.9374753117412798
0.4775873461014591
0.6179197977901543
0.5356125653079833
0.6269001387281787
0.32254330407237697
0.1102870462973865
0.6546222025191052
0.09975837741462068
0.5890158698692387
0.9329732454788897
0.6310526863832243
0.09493321736214805
0.9990380529058299
0.8471463010611986
0.47704480726751153
0.6543403548052099
0.3308739954338553
0.3038526799299902
0.2995247999605264
0.10080205718589041
0.1409165660958901
0.4887064316211941
0.0838089600887314
0.5319439203987969
0.6860330416713245
0.5605945590290906
0.5310651751106781
0.8425959879513782
0.3100611916635993
0.8512751770488134
0.6747594437737534
0.7422815158771829
0.738822270970265
0.2624710185527007
0.8225046472310429
0.969728115397889
0.4399313997053013
0.3480378481146299
0.2222679304977781
0.922937816005581
0.4468499313841607
0.6010135414126028
0.7356818981158145
0.22120376645189538
0.8210384278163988
0.2788303531642744
0.7162442870579645
0.2945632680473738
0.23173298724538271
0.6946993645154558
0.2364793778268408
0.9565281235765346
0.96978166566024
0.27915286805435013
0.7856738028646202
0.05753488439957877
0.08014176859588678
0.8729565464889017
0.5685883655438487
0.7394092942252202
0.19705309565004975
0.6510805399922452
0.575586507245154
0.5152405837636858
0.09656578655330727
0.7971442993909481
0.6659091915983895
0.3844129887108058
0.9430161234756236
0.5487274009195555
0.00836492329668942
0.4591433184245303
0.6992070604513604
0.516164556082698
0.35749295768285194
0.12672511577480272
0.1944649031011536
0.2409197424472816
0.8082963466155582
0.6007812419736744
0.9004070883892792
0.804361216193716
0.8689310791873801
0.8251786070037989
0.5511705160429364
0.9237351987630289
0.918276141425896
0.08586012152234534
0.36301373624867805
0.37936316529468444
0.37409878921565387
0.35870052233255156
0.7576202026855895
0.8055638155954083
0.18756804930330412
0.37559437167498405
0.17409438915411446
0.8475274692284433
0.6011588574518554
0.6263359899247711
0.766555912313269
0.4373473926340569
0.45952793223527777
0.030452783923294146
0.5274015026000064
0.4746388344887775
0.7467319279253919
0.8110048426812617
0.6507184105927084
0.5106532173029965
0.43819715010533616
0.18146531755597078
0.7559968115384961
0.1295217105210138
0.20213944944892181
0.8171476276010177
0.9292032372616028
0.5962385257145215
0.9626717447481048
0.7242472306349676
0.4064405544430443
0.9982212850212738
0.8456257853154836
0.042416906124294995
0.12483468942922415
0.545762043394621
0.568153902608473
0.5208966451872898
0.29595181790544667
0.916409461261092
0.904465435052078
0.8935701677806784
0.6189641493198233
0.5292986175068758
0.4625916111070513
0.14492201515297487
0.7439463848580857
0.4176722883063722
0.6408618169797628
0.7067208154382564
0.12009895794273645
0.9313133564957652
0.2978130887784677
0.9543555055565739
0.41935824040788455
0.8453349666850058
0.3655438535767075
0.9821031831237668
0.31276811254155923
0.5777515906248398
0.364062019768726
0.5282087551680858
0.49515101034035896
0.12548062097535173
0.5329664321399423
0.09350798137988952
0.5030310526362404
0.0169006483728944
0.08683994551545948
0.7514271540552353
0.05142558686306925
0.04881930832189818
0.9220212770401875
0.8825444254274821
0.32703571192762076
0.8266799819557198
0.9549620192859459
0.08349883634685495
0.9185302799768055
0.15906326436050333
0.15616416822975504
0.7978853032631947
0.8390322014611069
0.1710156853653455
0.25873242051736206
0.795874813907199
0.4015795143505185
0.595464747526115
0.06686506092435584
0.48965111602567973
0.5452482454396514
0.07795578545744885
0.2671455936559506
0.2133563134052056
0.5777876075287152
0.4871728669302658
0.6542870969981656
0.019089730300057117
0.20003272390685728
0.16218249476516283
0.7230196792200948
0.24460569404976001
0.10802361581971853
0.7470653040211214
0.649100940078399
0.09370761136391592
0.4306735368226373
0.7645776538330578
0.7849682533551985
0.7369371388601398
0.7539937650670597
0.36271153300550163
0.9293405552639049
0.988008991362837
0.5072959910153425
0.7314976895852684
0.795116784583559
0.44054334400578915
0.04245743402595009
0.5321235880813966
0.2962068095746805
0.059999261210842814
0.8242480549179513
0.30641426164218943
0.5014698979401024
0.6173145741732484
0.7678831442171663
0.24195069561304272
0.36272500288094456
0.02360861610350512
0.9093786266928787
0.8565769640779013
0.6138357620649066
0.5794061781092257
0.27495072887126254
0.13577394968224188
0.5591627389462805
0.3871925451876307
0.027615194180610758
0.40735404219120463
0.822213946488414
0.6927109136711846
0.7123060044502827
0.7701574273790848
0.5091142351576192
0.7182651170441586
0.6952469614962071
0.2069078978390675
0.6565527778329092
0.6303923218207574
0.6989740018758866
0.6061117918806012
0.2801573501914104
0.6446214615383847
0.6713198914893925
0.793860996453364
0.8167826874524802
0.9116353834073581
0.0948372560397086
0.3336268579115943
0.2629897746407522
0.7520056120356935
0.2425497351669902
0.2906089902679048
0.8520316276638148
0.010770664649690231
0.8165852517030538
0.3769291490097308
0.6829502950490873
0.7884801122622032
0.8681594414140636
0.8949369130205045
0.31792888890256915
0.5719283453500109
0.8905412673167219
0.6781208876615314
0.9978316173534281
0.8356534512256664
0.501047059090713
0.7925949440074131
0.7909035104416572
0.5143781755613594
0.18377300171541494
0.10685653341300921
0.6858910587887812
0.35692164479435684
0.15169055836850342
0.9634897867446618
0.3683836579843919
0.06371178081964374
0.504893027777135
0.09371320198818228
0.17796505408964158
0.28288030674605313
0.5111956200535401
0.6041481787400993
0.5338029856801834
0.994023477144796
0.015955558584864804
0.33491111404682205
0.9375940644369982
0.5440633155433059
0.6998927638808101
0.13910843979493137
0.5153205458655302
0.6162458929883074
0.14685554410390456
0.6660404773951781
0.943063928118979
0.7111643935700682
0.4578901215718366
0.04389663121789139
0.5171601932974925
0.2977966152107092
0.4536365429339677
0.45245092520400814
0.07526993215448185
0.6528979025262571
0.3439879015400104
0.9522434233606617
0.45247593914896466
0.548692115288116
0.112113487732243
0.0939598134648178
0.16530999775049865
0.37165495937378456
0.7593610186737077
0.7701978079987081
0.05664939897332305
0.9592852063590125
0.9882166510307881
0.4915355784697339
0.7057130017974484
0.42711132181694283
0.8624159919609141
0.7697942111768526
0.5099256371708631
0.5247822910356892
0.47646307533078175
0.5736124985241093
0.47920866825141905
0.6079430620290074
0.6912284455497197
0.8849289977574282
0.9482936601980209
0.14169666176737755
0.5479616587129996
0.2296930420508319
0.6089451968939552
0.7618065111355564
0.05996734208544169
0.6821026289924033
0.49151773066663123
0.3113940727013005
0.6993582157263987
0.24889398610795227
0.784060865877908
0.9437385415951416
0.04571242175447782
0.728683907666869
0.6672258775088001
0.3358868187516531
0.7441267010688823
0.11109276687537578
0.66451600279269
0.2931335470532309
0.1320708231387444
0.33135241939837195
0.35996171102470675
0.5410326637573104
0.6376129120968396
0.7283300561424284
0.7190912589089381
0.2994533097446365
0.32599934068435293
0.8673753624956166
0.664105973868266
0.31229471560253774
0.7772368166993413
0.48412502162675036
0.00045883838095817086
0.36682602933867386
0.8142384848781822
0.18137522886360052
0.26957382875455166
0.9782187131160778
0.4692598933540994
0.1683593582885864
0.6112326133416632
0.837690811335682
0.9757646099461954
0.7702443607206397
0.2591944070761654
0.8267836922377307
0.5035236336263626
0.655386492591571
0.8649035419750919
0.8856437063699261
0.8166663757499982
0.7288627673832542
0.44667868999296906
0.7897825595977373
0.02756550079559833
0.4230220729511094
0.39556654774392463
0.9376418108690616
0.14385169321148627
0.6792753945224317
0.6340819369832701
0.5803886564820788
0.16151851349758484
0.2600721073432601
0.7203452135271521
0.535721360237696
0.04399163228362579
0.15598515936672697
0.4176671543786813
0.3190645991851348
0.04520085610018226
0.7600549171945738
0.008420392965955925
0.7983863734440015
0.4841072294556701
0.17001791817867973
0.4210755394739729
0.9329696836137813
0.2588016735245361
0.4487731977452789
0.06056921570753815
0.8918238956609155
0.10020578184427198
0.9244156608535582
0.08471041881116931
0.8640220395615287
0.8085692324378528
0.6433923800833001
0.7531204137563152
0.1711021333452702
0.49037253878176445
0.9038141846485898
0.3902407168120475
0.8707718411432359
0.11890783377221153
0.3906817303278229
0.45023254620504993
0.9015077780008374
0.5787243667771982
0.810761523265231
0.14913038767661174
0.9592418146883538
0.7222896920231616
0.08207413156544013
0.13840118739107937
0.7201787645798563
0.8666313322890209
0.07143326780864228
0.7340999249527988
0.7278912201980736
0.5883879092375419
0.5932010398969467
0.2871013092982134
0.24818861548271043
0.637612737206794
0.8834011862320783
0.38242627366156906
0.6618597302035594
0.2838369938375588
0.04555880234168935
0.6894712920532022
0.5132387762978011
0.4323136148107665
0.028111311317972287
0.44998735251489424
0.16164724429489707
0.40402703356410685
0.5379625411101849
0.7869445660946395
0.09311504581251284
0.3599681354250249
0.9207276840112979
0.24495747758318675
0.34138599982800616
0.9683377454436638
0.4454439223770734
0.23173528633558515
0.14006447290970386
0.06275596306065134
0.6199981270479531
0.3200598912243898
0.881861289025337
0.7202188585137376
0.13324895073518345
0.6910843436462908
0.6962488713093904
0.3994580532428025
0.7707982394190416
0.35228268390598194
0.47343685613024705
0.5235227653638468
0.18359217079271428
0.14717177497689326
0.9604312539895444
0.16481791469168977
0.7020098860309539
0.9889643611608907
0.6340414450183622
0.2964960360627529
0.48282351022656744
0.19660198547987856
0.4160514313779284
0.4110147766225995
0.1523902874204519
0.28915523527514997
0.9373725150464625
0.17483574170479565
0.7666638216535753
0.10336794453501918
0.9808470416212759
0.18765472531312677
0.3470882558308483
0.6391610168828745
0.9364735992674869
0.8452170284091487
0.4711656817329182
0.6092006535525876
0.5881762160455477
0.7666862330763101
0.3974635297715808
0.2711747152858729
0.31784136377039157
0.24069813859929623
0.9870554489821206
0.7552101405898086
0.8601981369377012
0.6686462662224211
0.2468656155315359
0.7639032562010823
0.07121874914119891
0.03940908570325902
0.6651129412795339
0.2187241418206085
0.78306778389496
0.05664309339958051
0.6350283895169317
0.15409486242321252
0.7102303906397099
0.6579303020364511
0.17024495432782305
0.9192308701799491
0.5443011146961522
0.3144823049962137
0.8037365904873455
0.5378736619851385
0.8290165602524806
0.6807675069858874
0.03190888146852561
0.8973319455411255
0.9424668316547797
0.8753420495115142
0.9164206679022395
0.29078761773219974
0.5300219054476275
0.9173289029160785
0.48854271945213734
0.7206119277255085
0.029361139595873053
0.6174038895435112
0.414335888208867
0.2854761497606909
0.508095201715033
0.5278112178615222
0.9736575827180516
0.9203305155272429
0.8948216054380984
0.3928454434883953
0.7819824297795184
0.7358635483619911
0.8260564421462886
0.9094005347880667
0.8412491411739655
0.21284382697534598
0.7543364621932371
0.5066010926661122
0.44442224539441083
0.5467845600984873
0.6668873805551088
0.28419446746624815
0.17818415245785507
0.5096608575433336
0.7496055455956018
0.21129705035104546
0.7691492180872185
0.2979484048402225
0.5977019668765535
0.1802516264641657
0.8012183062317478
0.9700415054517848
0.12220915774473279
0.5347669569387955
0.3951688102073452
0.24114730463990885
0.13065269076295294
0.24717489432480633
0.7863016595238109
0.6000422943015844
0.6705411167544575
0.0065542343979402284
0.3619433925145228
0.9396160169685268
0.6159293279942273
0.09763457636996026
0.12782797380024247
0.151916178457966
0.6501621340547518
0.09980768833804376
0.760859590995577
0.4284483898592143
0.7520061465986895
0.11623777855757672
0.37548412475006604
0.3277725278954798
0.5277299608787127
0.45497619968731356
0.8818738121419123
0.02497738305289321
0.2482939145651208
0.4271501719669584
0.3463558172332182
0.5414036145940747
0.24866236734998404
0.2017091470480767
0.07799228810284808
0.168024665825595
0.42535300073549437
0.4618765363168375
0.2599459514636735
0.742183939340288
0.9286892876695255
0.945368591713281
0.8202417763763239
0.9149260679528686
0.7878236388129476
0.8186061787607963
0.8937618468009658
0.054948471429280776
0.12945042951035662
0.23455950505903178
0.6657873113314632
0.9752392813385871
0.8552298360641818
0.35452954213397936
0.6071274866826248
0.23975615129758415
0.1282944687776178
0.5760843571437235
0.11185312359806038
0.41003977211385856
0.7858130525302459
0.7025322963359457
0.3308771885112719
0.22544498562732645
0.8424362284254192
0.31372823819535844
0.5581030761887056
0.3757114609208419
0.578551845477528
0.6536730891878676
0.8705868508530239
0.22088478320329025
0.3176279513119478
0.9372807982899982
0.8501367147621636
0.5411381945171085
0.8885238768491037
0.09685124672363399
0.12099902902404819
0.15783394674524637
0.9415010099049498
0.6382013072881021
0.12675750068584518
0.05720243603018926
0.7407664225689123
0.4570706849347403
0.03929808455417244
0.46930653663497845
0.7917343304571209
0.17833291544073093
0.9436690076563151
0.20749720817381767
0.6777916510737481
0.8237062074445262
0.47489179744013465
0.45735581686947807
0.7792056099679114
0.3880726290739166
0.8962558330748985
0.11915775028312375
0.12591297011301822
0.21017856661564066
0.20335542963234704
0.7541805177861754
0.49628180844224545
0.8604029662791781
0.21410503846494105
0.16271910601951323
0.015538638410744099
0.6364444141375218
0.7621947218000156
0.6304601786285879
0.9304049537844666
0.6571917809414514
0.04992467268740147
0.9199056816446807
0.9405889375044636
0.9757074776195791
0.936083979456553
0.1548257039154135
0.45312973066213985
0.09416632061525182
0.43551551634158625
0.8482593307159121
0.3921930742784779
0.7567571078633137
0.9892354659945152
