# browser_rnd sample v1
ua: Opera/9.80 (Windows NT 6.1; U; en) Presto/2.5.22 Version/10.50
appName: Opera
appVersion: 9.80 (Windows NT 6.1; U; en)
platform: Win32
vendor: 
oscpu: 
cpuClass: 
language: en
hardwareConcurrency: 
deviceMemory: 
screen: 1024x768x32
date: Fri Jun 12 2026 13:55:24 GMT+0000
epoch: 1781272524888
count: 4096
---
0.5917672474717856
0.3185256823650423
0.017404462018652977
0.9681032283219947
0.08848734394369706
0.5809361955849764
0.28669119607682847
0.9515952380603588
0.0665461028705221
0.3041795470678125
0.3060440418257503
0.5575922530462826
0.6910799080663436
0.25353846051332984
0.7953961302870376
0.7625238198935435
0.04381677856224209
0.8006459322560379
0.8897482527452771
0.4311904042504605
0.2308670707475433
0.8214628121173537
0.6946917983299731
0.31554081293149794
0.7143813138640956
0.886960183708565
0.6576332103893661
0.495247279097064
0.6198166399417593
0.034983375267295336
0.6489494587941561
0.7856215512127764
0.6890410224704745
0.8992225869197046
0.7794748011118978
0.7359862503958624
0.7880900410461931
0.6598979372164709
0.015424398815543361
0.053599639991514736
0.9088621869084921
0.5384110126706543
0.9255385701515094
0.6941795597039518
0.5122528123826643
0.4247769648316079
0.5209833856429644
0.9361365222272094
0.6100929266156486
0.5708376007119588
0.49019047290494566
0.8123197117218905
0.4842289303142918
0.7522839436069778
0.8014866329383266
0.12300856551047823
0.2214782682275539
0.7198968276455187
0.08961514541624838
0.011503188932052821
0.27813667343657056
0.8538074771406081
0.22676128922634242
0.27130912836970045
0.7720007317612994
0.9791334552547208
0.6933158268455374
0.2295079980169753
0.7287790363751081
0.1895263872738061
0.6670748190669664
0.852110354594305
0.3991405885121746
0.4338130476817168
0.6234077707362982
0.11743591618203908
0.3564855313822397
0.4443957738021911
0.40653026251800695
0.4474334790749198
0.7470473205093752
0.8323648533645834
0.8688548482788276
0.8049239392549538
0.407731469301051
0.24106550516703207
0.8494908370178529
0.27573279760179825
0.6558554800775281
0.6193671077276561
0.04726277822123037
0.8883316974691853
0.6710664835627904
0.9380198533274281
0.6398761280781996
0.545275050788222
0.048408924871927494
0.03256726734962967
0.14653182940454257
0.25829611433879474
0.6464900458822026
0.001715375287239529
0.45805772976568027
0.3029918772826822
0.6070320063160222
0.11043501781066889
0.4531026133107181
0.7903642175760771
0.17687012823971904
0.7936604884030355
0.9202958840353652
0.6101067928708954
0.8220890463377863
0.5402429846002864
0.8618421233748956
0.8792636761411261
0.7592805078484803
0.8473584119892948
0.5740522696274162
0.40060543037990837
0.6959718337935649
0.6031042392223903
0.4912601617775125
0.5900328640759572
0.48959784716309274
0.02412099063829798
0.6213665727137718
0.8054926350548985
0.013436911576211297
0.703196405973816
0.615204325302793
0.9594550607091062
0.6727821207264577
0.7940112727158988
0.7529793938103504
0.6641844959063408
0.9825680820164984
0.12224453325537166
0.38621508070519084
0.8494379210932994
0.9457276839204785
0.3432509784655675
0.6811190349335284
0.41692323792306696
0.4473803286421436
0.5908654774523397
0.523885229449854
0.9749586644547212
0.9968566473411039
0.15840228859059713
0.0813443439907916
0.8625463469771024
0.6923571260521388
0.46226373818708455
0.017999938748744282
0.44389693072084346
0.7287990738581529
0.9251154615976936
0.32631439677346075
0.4725737615505824
0.7955798176055238
0.6735405912819752
0.06854054072355387
0.11894891169919541
0.9217378018671906
0.28467290302327786
0.855932170199659
0.529539628433892
0.0831480461058165
0.6426137883610757
0.15479937713650016
0.3252473105950887
0.723784893819403
0.3915346253620866
0.7365373880008996
0.028429516963833668
0.007876525088819308
0.5672474798287611
0.2720260774635571
0.26554548435241176
0.11947708642015953
0.09490331745991687
0.44469437861162964
0.6182458724144053
0.33287244715958375
0.2723632991096915
0.9796934652038787
0.20982485198674528
0.8428084905540987
0.7868232333842825
0.44037980905204266
0.2087657864515099
0.9346555019231221
0.5715867984920251
0.802659521744129
0.6954587742771333
0.7029269223737111
0.6307594154467117
0.5972523389947058
0.15198605117698227
0.30145762217086847
0.14424740566346994
0.8671524283482414
0.7873250077057603
0.379412740527044
0.32737120483377113
0.9427282678526484
0.7945175816850206
0.8798542431434756
0.4389574821693717
0.3809243931489499
0.0899320345407385
0.15797364343354214
0.1344550100556735
0.7068822652861076
0.9259006347255156
0.013937643589064908
0.9544426733946239
0.7664684467903561
0.41146163649446954
0.7057923102419414
0.7078129542578697
0.5555628508516917
0.6436143472144802
0.2278241634859084
0.061840910230913426
0.915196057986702
0.7670532834612681
0.6002094900661459
0.32871624066680216
0.43083440450082977
0.3384024313787478
0.826207455675277
0.8524657094505108
0.9976887152100684
0.33651872228323454
0.894530626429438
0.23823889125870534
0.3060317276174793
0.30862882109799394
0.9247131767272553
0.9496216360158588
0.19826821137934758
0.4886296380912871
0.8357632839887784
0.9688723926007787
0.22391871157833076
0.785594114221278
0.6865488020775767
0.19038194341531445
0.13331344070596263
0.8372651998498309
0.3574466311588348
0.7820999376624824
0.05247284358227611
0.13919790459449055
0.596090224176147
0.6369950645181148
0.04830806430327261
0.058812041618577005
0.8242325028305072
0.929108468775729
0.5592067445681799
0.2883918692395788
0.47156729249873086
0.2575667167978447
0.4694894575364644
0.9861294241365347
0.09809408019314048
0.3058635339683601
0.5515969066726779
0.2902161067319604
0.11605453540287769
0.5851091167449071
0.2304215727069433
0.4858800339667204
0.5202025593035148
0.88436878777415
0.871238977359717
0.4405730004740783
0.020814854350046708
0.06048874517698788
0.4157805514960595
0.771042989995967
0.6925165870991191
0.8783153838439148
0.45263459537557305
0.7794968523556516
0.5940275673863972
0.3192468385670322
0.7101403276969034
0.6965253747932738
0.7807528093429151
0.5041488376828104
0.09241890718721868
0.6742367779388844
0.8398317762247243
0.8380024293413918
0.24558175065015797
0.07622245145547069
0.031105353798762114
0.873983535487959
0.17560730561348736
0.5566957367811766
0.06055980547895967
0.7668350871558307
0.926705995568888
0.387516737416321
0.9341385839190554
0.6596516023719636
0.6292434844395746
0.5464969117281918
0.7681843042668558
0.6745724647661159
0.8744855615374721
0.07792012127400538
0.4311784296797564
0.27989403842305716
0.16651895554284735
0.8703180176682662
0.4175804772771615
0.5278355436258743
0.7173636435542861
0.29834380008831385
0.48077619460015397
0.7471299238748027
0.3215920122586694
0.8132672296132026
0.867645942083188
0.31612708975989534
0.5966861856532197
0.16140128479850113
0.7425340567820146
0.7665375647802533
0.6875520955436094
0.6247458066886658
0.5967454506533866
0.03835816137922432
0.8848994703726224
0.650812076339452
0.21115502654103768
0.6699827129289152
0.8494371720222456
0.1727292560372945
0.15459465779960757
0.8407549799711512
0.3064988168647076
0.31372044345607075
0.7079950979078256
0.08712207834696495
0.1714512542210842
0.646207693860545
0.9675346171364484
0.6232495606484021
0.8849107982073615
0.05804378392064313
0.23799872986517712
0.32343748351073764
0.7313834262110059
0.06347158544123233
0.344380498185352
0.5416077197008466
0.0676948482389742
0.16955914119619786
0.2965341202032513
0.06464068865363692
0.5462710139509379
0.8844178879666419
0.5412584712450565
0.23670153338072686
0.903777538339114
0.8485589548609263
0.8880975306449044
0.822080599092862
0.057396746843587976
0.67800540516624
0.6928901395174314
0.3546926332161864
0.0007157517311712214
0.8955170442810477
0.719417951454345
0.6252993821258982
0.6946419158073953
0.5911011094755422
0.6189263589246867
0.10626208013477367
0.12969772190684303
0.258482802943688
0.40172578165371453
0.6434842123040883
0.9322296624335543
0.5908452676167035
0.2930288726789374
0.08329301198476513
0.5152226306300663
0.523086020887889
0.800911792757625
0.4101879366695368
0.5918592014045349
0.19533159136773492
0.631522261068971
0.48558632031147253
0.8920209057852699
0.5655326015803311
0.973578269451915
0.8604880525465479
0.5243391101371279
0.7686319991400468
0.6062054662992558
0.10057202475484617
0.7742984303144762
0.029017874356563222
0.07178777024958483
0.20141135637369623
0.29642473837088057
0.49619642112003415
0.31664048647910037
0.039437373598585124
0.9200421121144005
0.6501162091808884
0.02337127347185053
0.7381034734965615
0.11301120622238359
0.6178938419865649
0.12655649452279638
0.05113251261210228
0.7480541362064536
0.9432411114189434
0.011175571861067657
0.9150191762024604
0.2734236258955959
0.9475350672837157
0.3982743323904814
0.013534324403665532
0.2395346589366737
0.3269074062358406
0.9574763953133322
0.28712500851355394
0.46068627781040805
0.9659852456202109
0.4949007639365507
0.9192715998530557
0.18327948631251556
0.08224318179326073
0.9127456435882288
0.5136150191761693
0.7612112817415827
0.040460981145187036
0.29192776176005386
0.32646568138532117
0.39833019523898927
0.810132924025191
0.6274847118676267
0.015340328438054773
0.319999975456855
0.48339953098944277
0.409393283346865
0.07429667896780046
0.12598014936646695
0.9184163957944065
0.1647895154369906
0.1125438509093789
0.6703071542885043
0.01209589610387507
0.9737939429439155
0.22095452828488216
0.20071199170558573
0.5775710077025449
0.1945670005247494
0.55751375734231
0.43860881590929435
0.44625958018792833
0.4477002756059276
0.06724591456519158
0.69168116208636
0.549255088105152
0.9104677425287554
0.2907804464820466
0.5018714249516723
0.7514701713515245
0.8553129334125599
0.3685562815040896
0.10601667995122321
0.5260959038483307
0.8598336244058731
0.4195861277746694
0.552529271144931
0.42173540589844727
0.0390918011326552
0.9381310026230508
0.051960715248203115
0.03637467548154838
0.309665925366587
0.6310386244882349
0.11593826271830066
0.6258438247098214
0.12856756688727733
0.7842584241333589
0.23477711434541404
0.8655445292539226
0.589566387224119
0.5292101902579005
0.21570923284102983
0.8022960746612996
0.6130052965140113
0.4654060208397969
0.6956256533398909
0.7639321802777136
0.30778888241255387
0.3994388688700439
0.34166310797473476
0.7946916634463644
0.9105839849603988
0.01767310300828362
0.1372996538027379
0.8337484411618945
0.8831109331029225
0.43604116262967796
0.9605756023521521
0.18934643207730206
0.5652206483322972
0.5820675528758654
0.04150626070866392
0.6096107578008013
0.5505475641960718
0.7183162387074766
0.30394791787650643
0.5486268543405911
0.7435960106367298
0.9854823148927199
0.4908849982451954
0.9812727447661643
0.33139849376807873
0.3083114407691029
0.5626222503621768
0.3072536767917068
0.7769802608629371
0.7786619401638489
0.9327144070375916
0.9318975716512696
0.6017819204159429
0.7166870620330321
0.34829702981312005
0.4199025406362066
0.028150865036871142
0.05817365358436177
0.7311509204261388
0.7515270521162037
0.06397433646994832
0.35512147823654383
0.44414314303532854
0.3846775938836986
0.9117221755562431
0.3555395202795585
0.666357460338618
0.6877971046399308
0.08496843326955383
0.2590483157392537
0.9195982206486905
0.4555120165509411
0.6725624319141609
0.7622791664345069
0.3926042018029453
0.4933572129609546
0.9514602186532612
0.05656788391262102
0.6201242307775987
0.027214566564846554
0.8707811438242546
0.35135883974695703
0.9549154246959279
0.4683823083487896
0.01963315279136979
0.6238126209866812
0.2450904270877805
0.3341886865809882
0.979895346146045
0.19463700121066907
0.4121263695120305
0.9350323853612356
0.7211537844358755
0.23329801482815615
0.5715580727093048
0.739966852105341
0.5400915592120468
0.7963105113395402
0.5876681261765834
0.9140380086235402
0.32299104755312324
0.9909765676352317
0.2014720769817857
0.5162445830658473
0.7669475703891496
0.0591299453165417
0.5733871629447786
0.9991082018456732
0.0219456917406885
0.5766798717372162
0.6193444934924652
0.17427676151304738
0.5378778572138944
0.8800600574163887
0.06377148965534307
0.9625557577965466
0.5434630367477694
0.872903423738691
0.797631583556716
0.3498196027184549
0.4369433213818885
0.7714774798665806
0.8353986049561717
0.884196450040508
0.5904418543363726
0.7293505122462055
0.3266365567015339
0.583977236436777
0.4248409605115703
0.4128709854895176
0.14328325266596242
0.47097160498542234
0.4813792282370628
0.1777344069876411
0.8224621054849512
0.570849688576818
0.10959043200391227
0.8324437430528842
0.4886849177108342
0.1926338876476824
0.19534352436186186
0.8617575336880398
0.16586861470393344
0.6027471509577769
0.9341039687250172
0.10305233620303633
0.06778382847465969
0.6428016117915534
0.21583517681529762
0.009764230551466802
0.5391177610424103
0.8031194130876412
0.12867119850506215
0.7596878671332095
0.22268745323799766
0.23555378176854502
0.18399943308145916
0.2231787220665158
0.012725372051821893
0.6979593691592554
0.3629757458886905
0.4225932950034793
0.31221342140510744
0.07521441409136453
0.23312385747833964
0.7371567220979319
0.07654788705421689
0.16991255722148269
0.6848290777172912
0.7353053704500885
0.6838746736182836
0.058444602397248024
0.4764814989270286
0.04248192179676613
0.016400389798855497
0.40563790609531714
0.3639507342087561
0.602756069052465
0.0672818552376705
0.27967916237440393
0.7137289481698098
0.4560272201453961
0.18119260086817957
0.3351173643038683
0.7894376456732899
0.3747085685018037
0.08438002949876677
0.7062640050951364
0.11934042718046523
0.8522245625897472
0.1381875679436535
0.4344986800052343
0.5389596041745404
0.3832461787281294
0.9405002680458888
0.5792579605572911
0.8501473816807305
0.7867960621050692
0.18285076121114818
0.015362353310992005
0.016158107856010018
0.812869379698924
0.9690282825414891
0.21222427256716137
0.045295530603555956
0.07351467620655594
0.17614712677192046
0.14980215450539613
0.2064370451017956
0.5055110490516762
0.12302465802465334
0.9745439175381861
0.3599394860576406
0.37624889153664576
0.9204728660839917
0.5826160752764831
0.5231089210866543
0.6881188292297447
0.061485045789123616
0.32770481835514453
0.4628961693048367
0.9382442363020713
0.09362202174566492
0.5249404486110919
0.05304210510109031
0.6025053813111155
0.813174323809621
0.6146288401638703
0.41238687918995265
0.8011494666657538
0.5864127907995828
0.8436590580646061
0.5997417202136894
0.5144247398924672
0.2793266356935882
0.8060783034779667
0.8301892550308066
0.8168783230829787
0.5486179333917933
0.7355154076397384
0.6802844357870087
0.6816793380469691
0.7657674194159435
0.7642194311541712
0.006220919092462807
0.843952012150276
0.6430825672140897
0.8913645721723383
0.07228594859637993
0.6617190816452391
0.2991461992722463
0.9759101523832437
0.8350211878830579
0.40201791015120214
0.5088174350413827
0.7246599542141667
0.6814657759639041
0.18325599165621342
0.2323937492394358
0.29207217843086897
0.412495258725604
0.3223572430648963
0.956730243978027
0.3693681670568124
0.3867309071963805
0.4539789770217221
0.9870423902590183
0.13134102809845305
0.880785435242083
0.46885473338096395
0.4529769889267311
0.4076117971475651
0.32383165096880717
0.44737943996438756
0.7322524048967041
0.06814546437725577
0.7115216539465415
0.7512469623074243
0.8274385168766585
0.5842569722236584
0.951966773591144
0.25414550759726406
0.6378465396112728
0.7446648695182375
0.658331212604953
0.02393232515119359
0.9186843118016795
0.1612743353110706
0.6995843765499549
0.8819581816696449
0.13339514415207698
0.8740481413192683
0.7436525856564546
0.49686355257112136
0.8213792740748642
0.1741530428278213
0.21739839954274431
0.2763019732396569
0.11446662077653047
0.1009051984566468
0.9621681968845796
0.5012580203344048
0.20220552478109421
0.7336125908037472
0.8852424528460637
0.5248343313644004
0.6693125564411107
0.19935403097883053
0.007065977438482252
0.8028934877140063
0.0881516082313285
0.5939051596390057
0.006574935869081089
0.34763445032222684
0.9702624347609199
0.5133351979707128
0.5944516079790899
0.23013631817487856
0.1502881140034279
0.4164109979819062
0.5283145577985829
0.754994441448768
0.210165218724358
0.8946262488777365
0.9289763400424552
0.2076900885848063
0.8175205511103641
0.34354772660692745
0.010255117499038735
0.45386625433102334
0.11919371288625924
0.763760905164632
0.31999726467591616
0.5958618496065108
0.7817154554453035
0.07679800801217274
0.556845278721095
0.8769463589573059
0.4825198564725862
0.5110115797159704
0.1008697948439582
0.9780520845024469
0.22892633441170773
0.18102869060030757
0.5056215178712344
0.6701236979674918
0.2622314168850841
0.7886713976903849
0.6809249024696935
0.4989104910699501
0.7547932870424469
0.9532587276097576
0.47809723604947174
0.8945671460099932
0.3063989994336116
0.7708241204786178
0.20361337973565918
0.9600741777196724
0.921321941608902
0.04531464673800223
0.3998681453425631
0.30234740145801686
0.24516229927586264
0.006265853933207666
0.39655332851990244
0.9601420483618918
0.9476147995181912
0.8951279533216545
0.31096701127312765
0.4416811083173455
0.6226078716913098
0.8043308998806239
0.9927738544946098
0.598632520394107
0.3349460403274236
0.9818217872684939
0.6295638465416625
0.06812432614960173
0.2960043170636064
0.7981824934979262
0.8103323546850401
0.23381030730099972
0.8767905196783359
0.7970354998844694
0.26697668062628177
0.8322653212775853
0.8256517829368712
0.18703475738224695
0.5267391692026631
0.3448495810855299
0.6546385675425151
0.5819674280049375
0.25527073173288073
0.8761490429514128
0.9571540939835916
0.5696166353998079
0.7572677904855327
0.5290952157670223
0.8003275599382689
0.23723760484258982
0.540118119887982
0.4761682934985656
0.8703939799252248
0.6977579635070831
0.33334487329374407
0.7715983431394413
0.8526270172475943
0.14180191068680947
0.9211044012664928
0.7542982887017049
0.0663391337551974
0.021271345170523093
0.1616651993232049
0.7984116889534167
0.006726511475880881
0.6074376668455279
0.1404047412719095
0.06065506165790391
0.75397512100161
0.03719155998929691
0.099573911903869
0.025633603732261867
0.997915585270434
0.12435486771330895
0.9112683097631447
0.30995004002833204
0.3559278795320634
0.49442942340820584
0.4638971333656755
0.577305488434371
0.1915070510735617
0.37176006691048635
0.2494216339644888
0.48192537009680037
0.4965590366847096
0.3583386847141441
0.8709055744571511
0.8126905867906434
0.514870031752405
0.4834639402353782
0.49029508386684717
0.8908432937510149
0.4836531435393022
0.88102875981463
0.7769180710665058
0.2237465898060521
0.2219977145363834
0.11574487363681474
0.12858535844179753
0.9045962212972011
0.7143456810598052
0.5797062505090353
0.31149438719225664
0.9030084799122131
0.45037793356804534
0.3251098470651812
0.1899285677105127
0.5269292406138412
0.9609686369641058
0.8133609701288523
0.4558769753113783
0.06008899777395049
0.8977578182337133
0.20682712205323972
0.07731934309695587
0.0636385561783912
0.6556638536289394
0.10652610065061174
0.8588674427260338
0.8539686200414114
0.043544319037854606
0.011864627464960198
0.6437387302868481
0.026952538605858556
0.8616672152068671
0.031600761072408834
0.4896743950069862
0.005039559046704278
0.14013969530462078
0.5596853400957049
0.09722110244029669
0.077666998734091
0.40158869750606596
0.9423381089248993
0.09888687131093898
0.4558001196925783
0.3981050300527256
0.8307808589248158
0.8995466097413369
0.8903169985673003
0.24467209613688146
0.5423179123303021
0.654572715648428
0.7640824433954567
0.3063262736293447
0.7559761590427425
0.40169852240285664
0.7286669965140226
0.0898091635097582
0.41963360659260485
0.8223211936523788
0.7345941853150539
0.7702044404637052
0.5435512989518443
0.44250270669803604
0.18155540804780013
0.6880882906514555
0.11378489325134034
0.9878376699901525
0.8353257903261295
0.0018209916473866938
0.556681111940119
0.4363815940968817
0.2288358027377967
0.6487693652026385
0.36302928664635925
0.8014883904143483
0.4282386358661491
0.6886210980245117
0.2679886177730325
0.7053372694774735
0.1378331594720531
0.87724641500624
0.5458559826176306
0.5835266315974833
0.3552853420054194
0.0644707474108015
0.6575057637716366
0.34341291672873053
0.39085166401385085
0.4263146734493499
0.4646974586102194
0.9985810842316117
0.3289017515110195
0.6307652374188738
0.7006909100062866
0.9671536775353305
0.9829036924456149
0.6532415266746934
0.42535743666886017
0.5544041123499615
0.7283272922398417
0.3232143686599349
0.4257003698040106
0.9426288168774191
0.990624153845821
0.0011999304074420403
0.8578063937952668
0.4141891064149751
0.8650180982109117
0.5953060626515232
0.011714177769293843
0.5234765506662112
0.13429961516566824
0.014952015467011526
0.4213282805741555
0.05849664164411095
0.1071181348082565
0.8844507646476493
0.35546555880401887
0.4068041535494915
0.6208206028723607
0.5102292685568882
0.21385574886040748
0.7490041067940301
0.7597349074397937
0.6833931594066122
0.7481011975774947
0.4092576394215276
0.021654504701343447
0.7598851083649912
0.687613544660954
0.6420442222325631
0.7410152246921237
0.927346031313971
0.38570739230623163
0.5867772496439078
0.7984013685154467
0.8329709033068733
0.1128808500048939
0.8610256122249946
0.21595154035697928
0.1290066067919986
0.8274023793107003
0.414435086699923
0.37929705526472945
0.8912968199371674
0.7655051418046669
0.9438767303392053
0.8731627926638552
0.37153931774757665
0.8026448330057059
0.3183363419889498
0.9445619710172884
0.7720640024955123
0.6097039558675638
0.11161096680663385
0.8702895601877646
0.2325363548254663
0.7050039002397352
0.2534822286479862
0.9324811924495611
0.8409895899080745
0.8693371304954696
0.22709195883383537
0.43750722397606234
0.4512672160990334
0.7991820469760617
0.3232643051057197
0.6083927904528066
0.21343345004461978
0.5244953010721431
0.02672927302911765
0.0496547076250724
0.03498999940559444
0.8845328354225906
0.29911251691764007
0.8158386495423271
0.07617217603505488
0.6237824574255019
0.8600848054985912
0.9115345086256209
0.070786764909891
0.4822174740914946
0.27140835224699933
0.12960385866106494
0.9367129139346821
0.9923203404791713
0.44536794672331226
0.0913958186512086
0.4885692939669334
0.19579346303391787
0.21481032996998917
0.03267166982965508
0.1886412879037146
0.045615361174279556
0.4466157920723517
0.14316000129677353
0.4838749550619439
0.17915793056882945
0.1608772458930916
0.6114097796057558
0.04038236854072297
0.6656603404507513
0.18718596734920834
0.7576966244137543
0.3818955241270736
0.5970938815415308
0.16970997184090864
0.6330804466621819
0.23509427340991018
0.21064912920129186
0.4461137909642787
0.978406104139305
0.001961394753410617
0.26051225021520386
0.2284352019226027
0.556345422881068
0.8881082111708121
0.9625225180848416
0.30693138513096696
0.10127036060381456
0.18187450919420567
0.2959479456172497
0.76976482516411
0.6028804041954549
0.5230133269942121
0.5794209642769075
0.9591206459113449
0.4319881516192692
0.14104053754236912
0.005660571973967965
0.9414853512701967
0.7925839444299324
0.8702079582913199
0.0050347273257888014
0.9131607948964088
0.08047337092533935
0.6226244540134823
0.4437095965754242
0.29624691129976966
0.6516020295972559
0.24692024992075334
0.41900055285495275
0.7373172200935634
0.10090608959070035
0.057733564386238556
0.8388687822528466
0.43825206465061894
0.5258421597546754
0.5692641430465387
0.018445603268692823
0.8563493107815721
0.32890031087886895
0.8300513559399253
0.12120112875089417
0.2620150409948404
0.9211292495798749
0.2665124084047279
0.06872576364795124
0.9414133482229752
0.4796364472482991
0.6496857073082644
0.6885014952719724
0.6208407158384944
0.8703172395204247
0.1873447820997728
0.5818901024630289
0.0288807423808769
0.4596237102977656
0.3472672499909325
0.41967147277434746
0.8482104595656685
0.2035409979397187
0.6470568448002596
0.8630085541717342
0.18750863390599948
0.37043557069032096
0.2837743597764054
0.64579739946581
0.5659746127962231
0.44264824807064485
0.37372442567040787
0.30892563650473426
0.49105017140024343
0.7564408042161576
0.24193053505410045
0.5314619676814851
0.8772309235284206
0.11308283516899831
0.8246026205576117
0.22597088553447253
0.4639198826040073
0.3594369090649112
0.7100455163612626
0.8670176844779668
0.9925776394828607
0.8230717584247715
0.3039868813948825
0.33412840510861286
0.3536174085678623
0.5238499561420868
0.8341139231441222
0.5175954978290511
0.03144084744351194
0.5413997119844495
0.5671810851308758
0.12474663233544547
0.8144400770489917
0.25039878354917067
0.1783397813215556
0.15236328553546996
0.14843852820908277
0.4799401278953306
0.6337923600294885
0.6611558396306869
0.28773918036686974
0.8803428474951227
0.09385609797440031
0.11823819262839752
0.015308744133730623
0.9837594184427434
0.5795018764502035
0.5517820943221546
0.8159736553903301
0.512411851825276
0.10843158511058948
0.07408385107325721
0.7092054171356812
0.5157132623556674
0.757451220319579
0.06781373470823282
0.9891420547086027
0.08975795627498673
0.8256518334171481
0.6085388557137832
0.4047793714368244
0.28148632968519693
0.4288241731732041
0.46528864919052204
0.7550395829199131
0.10406794457138624
0.31615061549118695
0.4342178848359841
0.9689602853920863
0.8625787885970374
0.39337762895855366
0.6104174650940318
0.06878904001608788
0.0447254668723569
0.8413742632966634
0.13519896293200995
0.5906004624945352
0.8371446230420394
0.5095830720595147
0.6474576629880473
0.10558518474719791
0.8483026781322869
0.5830705682259814
0.2631321827608125
0.7476078266051942
0.8961748605967925
0.653060665031789
0.129635112165999
0.20158354741900741
0.9791807037485106
0.9909215885056292
0.050785772726739675
0.857998363103263
0.41137753507153274
0.23199464339801334
0.10041057485301941
0.1412177338621401
0.8909187632461439
0.444255070287802
0.6716533233535934
0.03510276132988466
0.18621912191254752
0.6417132343807465
0.05818827874189225
0.8443745383130378
0.9433757845393798
0.4425008619627361
0.18195129792940878
0.990165560558793
0.5173312682911924
0.8455605948390208
0.3942074328939291
0.620572931882921
0.9020440238364379
0.236072547953187
0.8892475328846204
0.6992426934228815
0.040619866197785015
0.026218188260525355
0.3279340612338212
0.46066328742913254
0.5369033860631122
0.7980330803717312
0.44467411451509686
0.7866355732093647
0.014509392701921087
0.6322703109502485
0.6310332457502029
0.016636604758082152
0.42338518935308134
0.36824955983264573
0.41913329826425005
0.19500027825242727
0.4033651970476424
0.732988073214292
0.38643621571082853
0.28745700698152
0.4115513883932975
0.6916308676168768
0.0528598595619415
0.6837939900445628
0.5581748457479979
0.05593976363134889
0.06701884465896157
0.320204889413235
0.5345573248473855
0.4069757152347312
0.1199876629257356
0.4249034111098754
0.5980108434083077
0.28329389747378075
0.22999667847597427
0.2346156869100653
0.6944459736256458
0.4205569631276743
0.9870717320682114
0.366378120533136
0.5445531105656382
0.19667259966969164
0.2288974316347926
0.1297731274166033
0.6203199999680742
0.9010981139946523
0.7160544879094386
0.0791301128558688
0.04154884878814091
0.2375033314018964
0.18292573900041031
0.4151082528257801
0.6226436456697032
0.9433779775320471
0.7840896212920477
0.7051831075739586
0.41391599919809374
0.9820429856624153
0.6475192153431782
0.3148143342425067
0.6116632383381622
0.5213619301168528
0.32941598768120384
0.47870140966348873
0.4750296908249788
0.6025982551016111
0.9852857458792957
0.9269999459504769
0.8109980279423417
0.20813853623135514
0.42309333733683896
0.6536908919938073
0.9232218423364429
0.6264271613113165
0.9918711560944451
0.7186948478503088
0.823650625236304
0.6634590372751588
0.5096614736624203
0.10422597249196641
0.3854741181079565
0.394128604184105
0.031729713733016474
0.7591892754159625
0.13511339865771632
0.9882490485975881
0.48224940337716116
0.47296435249348123
0.9414901113357889
0.2455994327807699
0.24078388408603413
0.5199496160637811
0.5226792287946825
0.8553421318558658
0.7429821448387915
0.9773589257673091
0.333443874685999
0.20041546631087248
0.5799174328173343
0.959346960214442
0.029723745095165066
0.388507723520234
0.19702193541533009
0.7881522872646681
0.6274254374432409
0.43856191986898774
0.44129663788749196
0.48202326421733477
0.5465984074769307
0.7379108320363394
0.14759635951997052
0.2532019584905564
0.8087841106314837
0.14199851782981932
0.8045886358181958
0.7323938238880101
0.18642923885071006
0.753732772602782
0.8865388904351484
0.7531357537859344
0.848872386961909
0.2141359900682155
0.9716393307376632
0.7660496400914708
0.9946213285702782
0.7407163254103386
0.8511971095683001
0.5394571694658709
0.36667338577589836
0.4454315419354884
0.7162368170769633
0.9663933547441378
0.4289727404117978
0.8376495267272059
0.3137222802128242
0.3575072944928537
0.921347321161717
0.8195632603888442
0.2837593749314602
0.6245065721349516
0.06855935463292506
0.4052161460752337
0.9197244854578417
0.11232482749962447
0.13047803284802784
0.6782167720050917
0.9647007157051405
0.2456961109566047
0.604072568780487
0.06576038329137279
0.1959623114679434
0.3350613487854659
0.7908171620293755
0.6515353183624143
0.1622269435687509
0.9031273920423454
0.8395681402542571
0.04477607220199864
0.18797085409713543
0.8763818939159708
0.7486644102494125
0.1416417385960388
0.8227364324919461
0.38163626469621603
0.4315325428871897
0.07443147492801094
0.3445073456435529
0.29838236572911514
0.9936188610725026
0.8726229915145561
0.464225559121645
0.5352700888396686
0.6523772710952481
0.5160459850283249
0.6075839759699356
0.9657713001621375
0.13034471896817135
0.6599562055547197
0.1301409960016191
0.23904330314919198
0.633579040178071
0.7025781828722886
0.5373407323393865
0.45868745781868914
0.5876956989320873
0.4023925774362461
0.4414874745042815
0.8148823270374034
0.7525886307948954
0.5068110897067654
0.3523935890800043
0.6496299939402429
0.9953163226109589
0.7572282056851436
0.1948506552947079
0.04829572022175199
0.9628865066522369
0.8663924996245472
0.36220198202507603
0.6503809176651999
0.17557390708072462
0.0950764131473697
0.46143464864587846
0.20924057051589795
0.18389529060982113
0.9252849865129938
0.9102764568487424
0.9709927569585496
0.09630800091618874
0.038424473988650676
0.8296830341068137
0.8368987640386336
0.2866561382416637
0.14127239256612978
0.9171369046678328
0.4348519584505963
0.42933029662865896
0.4377743805404458
0.6978557133477867
0.37366030795540006
0.7924180013242249
0.41540830959744224
0.862402225155994
0.40233288636321995
0.15312223819674375
0.41378962719261125
0.35739582649945545
0.8570406727226909
0.9112881109453497
0.5148934386832242
0.3919876701602961
0.5426990052273812
0.3536023407715839
0.8581145691702848
0.7352725817256729
0.13416712365172068
0.7338267665484719
0.878112312213871
0.903089334589917
0.22332357186709306
0.5157153112462263
0.3932751528071251
0.07432594586122032
0.03200568556220029
0.04892079671123817
0.6707470480733315
0.8803600774523413
0.24186021578126482
0.5721790280086229
0.24023918196900973
0.21615168572568277
0.9359711211939727
0.34473162046882033
0.8512295087522874
0.034424904068428575
0.17400436282319554
0.7124936365889288
0.7018492397526628
0.5737310072129096
0.5637306903653434
0.23091428919229606
0.31566254742742106
0.921384373587782
0.35228163430887094
0.3817447922699533
0.5044040203391554
0.8557643346859689
0.20611722618487438
0.9510661378327442
0.8872866416535279
0.7496802142649269
0.04549897302611394
0.33244171713108994
0.2179799013518019
0.210045622276807
0.9127042952658532
0.3812231182336976
0.1230863457959902
0.13135993764108167
0.735359453207645
0.793349720479565
0.5811964615169528
0.15230500924799406
0.6920315703641342
0.9981814943886491
0.4613578324669795
0.554656096794603
0.7907839074610507
0.8568252774552618
0.802968396419063
0.5433310230122408
0.5284777147457416
0.033916908694888726
0.7025770115054935
0.623109330132458
0.09298471955342058
0.6001955841008135
0.44870117616642846
0.7211830456838626
0.8777160912688942
0.8154542125222649
0.3557090275693727
0.9627038853915342
0.653355785109646
0.5925749319683888
0.7848379160887825
0.48665822280384485
0.05351154648286427
0.8762259182353831
0.2514938386019996
0.2637214345263015
0.33948887593345
0.5308365468019965
0.3747002536298699
0.8097004003262693
0.9054236794390287
0.7044102249083092
0.019094672085417708
0.8925855239691781
0.3787324545340536
0.3147566106890697
0.4316774366010401
0.9179200192826159
0.3372025352160719
0.12927588656229005
0.10237284669152269
0.8047347091887759
0.6569699277122414
0.24594870687610304
0.21003574561344218
0.6610630936197727
0.1550258032721279
0.38365377413768553
0.6226641170405471
0.7726403775026869
0.40571477060504335
0.8362237480872557
0.9232376209438017
0.7276075226257431
0.0394294130121261
0.7594126977451395
0.9101918982732649
0.7087637807988416
0.9611886334387935
0.7522686438721948
0.22289572708818983
0.13351982558983977
0.32166493028832166
0.4002975400203388
0.7946026105192289
0.34548456039628905
0.6437352237522979
0.521185739830539
0.059643385618768585
0.554875499750002
0.6827462497112381
0.7392505741909305
0.5483146953452345
0.3548982925391999
0.4552328127476798
0.704868245676912
0.8002769678760421
0.07455045656850434
0.3084912317045083
0.9892791673564512
0.17364097760529584
0.04568924843515332
0.42536203600744127
0.04910182577826239
0.24955025142823395
0.6062232292132773
0.019722149193538208
0.41600661587536936
0.49784429597417656
0.8159605705543573
0.0014114018163289277
0.6528611990100197
0.6905971788321705
0.9243374849739389
0.7288073422301212
0.7224737004784629
0.8223508147043395
0.03269799544679186
0.9745117793687557
0.1715817245620851
0.5406938174298644
0.8197586320211245
0.47311326401134446
0.9851553778547949
0.4783008330948074
0.6583103763194131
0.8280352280051426
0.55642896015857
0.5641706292556662
0.44644371287954876
0.2795126785197295
0.9519976666889537
0.038084836104519626
0.06838512221846016
0.5300059718268747
0.2550521518908946
0.5960412845845114
0.8473289129651982
0.8675820787343984
0.49525982990241413
0.543444367671863
0.7978802103067526
0.9492477712272032
0.3446216746277684
0.7292220151102624
0.21209078784143465
0.9086287269543886
0.7875073474774666
0.7403481023852416
0.22888074493341137
0.3796879375344987
0.9942370437953325
0.27882696403002405
0.9294560829063776
0.7853678431505109
0.3720675031794616
0.0077066150115226995
0.9489397243797573
0.41963931782281527
0.3520972148024072
0.6472384528186718
0.7147447048371405
0.0692619770509656
0.5933231006299444
0.4865462875670389
0.29972564455127626
0.6115250567648796
0.9796385319689437
0.5820987987466844
0.7618050181910937
0.8133800079525502
0.923581524804175
0.8078442175708234
0.7195893977618265
0.9208206219895169
0.29552607227240824
0.8926934428765521
0.1223531185413902
0.2014414357366039
0.5549382249114216
0.06841377245115654
0.912659126722979
0.711371759322376
0.42872109699020367
0.4377429133418578
0.3232104323825493
0.7217211086117507
0.8763643901017134
0.8420677686565288
0.6339531130104294
0.9539715891318198
0.7822662028599031
0.6550778163266964
0.2900055985929463
0.2999728208154223
0.9927810002599514
0.9940655819866083
0.5537691075010738
0.2058511686069875
0.5769827912388099
0.0047802536031053
0.16837815209424078
0.3317060719582108
0.03951795284669746
0.6483513551586513
0.42333470927819317
0.026886997734163476
0.011166674268140775
0.632456965690125
0.41090294245030223
0.35807092086646286
0.8806432250320557
0.39415757247922034
0.365045387175021
0.3233220843349148
0.18961232678715234
0.8464635334222286
0.14873981561457894
0.26550663689682485
0.46292305199916683
0.22325818661039687
0.11883718386301245
0.8302607899302868
0.7613275073791664
0.9928891588376589
0.5246172774937938
0.8223094532410941
0.4087008251624651
0.7889955342095294
0.03957488472642601
0.8710374641215373
0.19834939760814663
0.5519592844114389
0.6102627559043603
0.7549579590896341
0.58033379437488
0.6002031767943538
0.15705578707015888
0.2170660896126455
0.2760699169812665
0.2542034672407576
0.293761794296692
0.8542174947372925
0.3043490097646644
0.8800721439752213
0.2449036154413281
0.5579064142692419
0.17850989163408237
0.06832275309628255
0.02279404869782664
0.5211321489435672
0.9744960901577113
0.6019914325627129
0.9941048604587024
0.3691581113573572
0.9481513754086719
0.4267245450852112
0.4083894361240862
0.41076373326581384
0.6535195675094931
0.2724014220452696
0.6531303776729868
0.3455417940267199
0.6102326857324323
0.46965389859857054
0.005556076098547802
0.8965482709217615
0.8387119393717716
0.15039342752084317
0.66513779279054
0.362286438889474
0.8827085838163636
0.5810742496642812
0.3454792358227936
0.29218423540531613
0.3282669554974028
0.9678925993541989
0.7112194069098151
0.24573569792619843
0.5189127569758857
0.30817691798341385
0.06471582733782633
0.5674152281981338
0.3065340789448652
0.6764166144227972
0.8158393314353162
0.04697574432029383
0.8827476401625933
0.5457665637085618
0.6417157709820277
0.09585209709511222
0.029405751861151908
0.4652455930073769
0.18825856713536226
0.8716940790894376
0.8724471058256534
0.24585452363385119
0.24767832839156545
0.38774238243170855
0.8652666473803682
0.09766222796970536
0.9269387082588707
0.4599890313570443
0.7081968209191035
0.7428969089366304
0.23450016230802906
0.2532977216871265
0.9135963472538525
0.7625867038494678
0.613150489518814
0.03923163435107013
0.9481263460871784
0.11001617890196236
0.09223109590415257
0.18795982655845156
0.891448717562963
0.360998220967804
0.47180593915461067
0.9713324302923474
0.6925429068696749
0.8013305068913282
0.04892876204282148
0.6070118987253847
0.4734854945567566
0.4557404885319327
0.8101112755070082
0.9322587847509217
0.41831955357328365
0.6520325408341202
0.8579746374563306
0.2741984216132328
0.39552883885298773
0.5935318244952662
0.5305116471366278
0.3090162386706159
0.9723420609814862
0.1275640041378725
0.6523783150484058
0.729553886385478
0.8490771522549713
0.7975971472486371
0.6493691145929276
0.0816324739430746
0.8631457796995211
0.6326871109255543
0.7688128457230196
0.6726676971398339
0.6762051146227774
0.6674686256008285
0.4093730225947775
0.4265342507856601
0.690082970766579
0.27709927080907415
0.32551020066944825
0.12858922009024032
0.5576576730617238
0.21192177995080985
0.3283267200483385
0.7990522113795289
0.4861080652568619
0.4663818940592872
0.40817769624653266
0.9689541395195099
0.25234398088253907
0.6957009897944965
0.9123813814543384
0.8766314522979748
0.835830721457259
0.017835869333372778
0.16643336128306663
0.7611677060333567
0.13364113163107272
0.4846962946767469
0.28468145993144267
0.5801869279405216
0.18609735860136467
0.08271180034660808
0.7201786188685751
0.9834350978872187
0.4361844319923719
0.7884908492993983
0.5380572752591009
0.308406496206693
0.8305306873240415
0.4008435592912202
0.03542944432826489
0.5554347441650974
0.7457870171753292
0.8632398396999921
0.18056300246967405
0.5232008543169119
0.7160275801945313
0.011914470583052506
0.7492954181996
0.8310850617377997
0.5743758666634814
0.9186156720989435
0.8705332110505252
0.7895384764895222
0.8414664797422078
0.5928313470949234
0.5302278870483332
0.9645503999834633
0.9779994816071582
0.7926391712118915
0.794872939870395
0.9471857107873993
0.18223251491116632
0.7844410435634709
0.6489829769167557
0.3680437845331793
0.16419835051745335
0.2014928593661781
0.28222984184761757
0.26124685081122434
0.9576113212373395
0.81514587758793
0.7213320243311002
0.0493517665374531
0.0441036315671407
0.6907851967903273
0.346634997580899
0.9885706171235848
0.47650260779933606
0.5857208202642662
0.9866499068930326
0.5552234682907148
0.6877185279456632
0.981066913971884
0.6995607797302348
0.07433452227587112
0.3663441185249434
0.6811456574102956
0.3565302558604154
0.6058849264118452
0.3727415204704033
0.2642028766065284
0.6572982295007793
0.9649570248158449
0.0033135368961446643
0.7219433239641807
0.2401198425902319
0.09582826077128515
0.13473212701505533
0.30362704972290755
0.8492882994025741
0.05889945604565239
0.524258278129187
0.5546252826980617
0.11760046105811639
0.1811047302636336
0.9286599876668481
0.40151658675224067
0.6100948842513872
0.6076981571897414
0.8597711676357478
0.2091057445221648
0.912022269713919
0.46893153938001186
0.09575855345577533
0.3647255658856252
0.3803506103039629
0.3419689537080147
0.18668634674191342
0.18604964238598154
0.30165568569087853
0.2130902728110814
0.5321345373222507
0.6061092440163984
0.5854858092986851
0.8310369880537047
0.8354649193369809
0.14607928133353898
0.5538609608900679
0.6808370471976619
0.8366102032268974
0.11444545369922876
0.036952469828916756
0.8264766684950717
0.9892794366950399
0.003997013867062749
0.8819324605685087
0.47519762709182534
0.5360979700809477
0.6319040116730855
0.22312098956902204
0.3574620018857769
0.8138831027494932
0.21147861650417055
0.01905927183155587
0.4782369359341292
0.935157541300806
0.05209367806648768
0.6259553153937849
0.021246491795828715
0.6219890043598957
0.6270154023308873
0.25635981842296773
0.32264622448535396
0.8711476303529737
0.05750895847610216
0.8440663046191884
0.004789334844397253
0.7214529124839085
0.5006504781832946
0.5279603338195896
0.3833256161753542
0.195603488980565
0.202263725603823
0.10768805488028621
0.43133565713870614
0.37146084259114553
0.3997248668472366
0.03522623580762996
0.8167360775579622
0.7744683483327551
0.2365006638417163
0.2670774360517242
0.1833856448905965
0.08994969957767007
0.44641395414897356
0.019368935547546373
0.7838403490324153
0.9445693123177955
0.8837031335639653
0.7683337508729864
0.9254248891464606
0.061471557292754
0.42171858672539564
0.4667153308506504
0.5817500237349452
0.43095136400076617
0.7424233070623469
0.039951319953454134
0.08598773749961142
0.5351626070454495
0.15486763721643293
0.8689179730369718
0.5584810725349257
0.9885502584184819
0.2896557368004945
0.3306150071564645
0.7592394194774317
0.3163049065289515
0.6020287498530877
0.7787743963846673
0.22989797968512404
0.2282483017796878
0.7449482798539
0.7101863991495316
0.4327488916469002
0.47231396578270024
0.7603758001923722
0.7259122567411429
0.4754661240615118
0.4717896601491198
0.04714511216215822
0.5004005329943366
0.14625089392797486
0.33130796064436663
0.43875455100002436
0.8394826929641808
0.3412050239277844
0.20642066050647845
0.4965825772689968
0.8277688216205996
0.8102974736816547
0.6893704680847597
0.660689800720828
0.9587417951852542
0.6937724639833586
0.00674724562075657
0.8053955924766296
0.41097400020569474
0.8068554252169472
0.28588695906976236
0.5543696539354984
0.04121968896472661
0.8861198355518177
0.9664869869133491
0.9380117570225049
0.7915283067931017
0.30245476709867314
0.6429135657436951
0.5489198042565318
0.06150517697068936
0.10494518039336576
0.42673515542583784
0.3150551618641747
0.8471509805701785
0.1973319293372573
0.5819927156535168
0.3410286791819439
0.11653375156450907
0.6682644863443806
0.039804979796193685
0.32666998930605373
0.7946370891879607
0.3770215794556383
0.9677349039709906
0.25083836369107215
0.8807776351241922
0.7303265971727061
0.6992664666292389
0.6697554991239332
0.22511469634335135
0.5393889424100907
0.3997156025024604
0.3959965213083193
0.11190254073634232
0.746572359750344
0.5221434151213891
0.7495111523363939
0.3031721184186469
0.05382424807219477
0.7827358916053235
0.38364797948678986
0.7657991116936976
0.7982625772445261
0.7189625465451946
0.638456107435751
0.14640202584668904
0.7560284440846089
0.3773075512240105
0.49618003856871706
0.02110185412104526
0.8448401512034044
0.2107011660463054
0.48547889241012165
0.3187433236286332
0.5058991182242987
0.6691461110501632
0.6204435361355648
0.3048467564136649
0.5009835369652783
0.7098594472889308
0.5955602325519871
0.87537530895506
0.3704932793379182
0.694651084836379
0.6892390445852439
0.9407017912249178
0.4463077812505706
0.049451921007481636
0.7245599413411585
0.9612456141087657
0.26051932365591834
0.8173773614366637
0.7557478157048241
0.5906957871450095
0.2705617447772425
0.6197530733094976
0.889005700165363
0.49065679843501986
0.8443223772355065
0.8347654022905323
0.5801814227409798
0.48666894189442844
0.9755190579965479
0.15303235695620065
0.32135318917452893
0.8122926934315813
0.18708851665687554
0.7936158208280896
0.3162149004421214
0.6116761739747145
0.0005762960118838034
0.6436144275603243
0.7167056393797697
0.2681575943015131
0.005212536121845246
0.25046297477395507
0.5634519133352413
0.57099354692283
0.17264542277698347
0.6423975323945849
0.5153197425094268
0.3311028967920605
0.3707410186427953
0.52922273972189
0.6762590510657907
0.22756752086283305
0.5525116854484929
0.6375724817598167
0.06920854984707825
0.20729512495795754
0.8696244170699229
0.12201421581429572
0.9065643443398002
0.5289149149791942
0.6311332253094493
0.050207423438202836
0.9776012815702951
0.3909445220427845
0.8072480054616158
0.4042904920084718
0.907615627847931
0.16957187971132115
0.7922582619116816
0.1667855852646437
0.5221804153801709
0.521232359498295
0.6351907408785666
0.821292559771083
0.6899149834045543
0.04466426979360705
0.629951550866416
0.31935468623345264
0.7637810916718188
0.6681129866328186
0.289907188408839
0.493820469569512
0.6523995831656952
0.780110304688773
0.34044798716769287
0.5261343718411527
0.8671794591576786
0.7015470758144944
0.3939240023500675
0.4188576194484046
0.9784691598457979
0.7088285337249556
0.3213800563281267
0.009796620524148758
0.058106184922382065
0.5058028678312269
0.1609052195995585
0.499592089837949
0.36736152866419225
0.2775656536837484
0.9517212481448233
0.4530099994652078
0.6913279245362169
0.2211763880288936
0.4490294452621538
0.9207680517710409
0.8012403617807841
0.7019310267150298
0.8302781264165784
0.9540055034394666
0.37929929565821396
0.4207661157288628
0.7064895063391124
0.41496237728592955
0.8315018868530542
0.23006947328587724
0.7584023321712069
0.4181585625429357
0.6223505609001805
0.7352290287517486
0.5074331366828246
0.4326212801543533
0.8688474261165502
0.6859784361052251
0.21832181108771953
0.5740977556134915
0.3140550063393478
0.8061031104353598
0.22787064701281845
0.6293192798675975
0.27128827576685044
0.23184838145761943
0.48124849390044044
0.23741533866191267
0.9258481581863027
0.09619963276339139
0.6239461789628329
0.49156443173289144
0.20796850247415177
0.19908295863364467
0.4012302097718402
0.7426627957713465
0.4420478869190865
0.39403589540345474
0.6424373583085516
0.7533195568804021
0.5935448966079374
0.32007341430244407
0.06847066033495242
0.44272248447672213
0.29926639010201317
0.019494852610897673
0.13856696540612967
0.7497182509117002
0.7165609426665708
0.6365752913846006
0.5703353027628897
0.39316354378149865
0.3098431419635318
0.13946825790364947
0.4276302641777041
0.6192359039260306
0.31221714465366124
0.6407882772929513
0.35566528279542464
0.6282526618161101
0.43232775684848224
0.5890425605200466
0.6142462203490563
0.7780930262899597
0.7948556464825983
0.11602716707768013
0.33177751440479186
0.9837870716571168
0.03978471926147131
0.545170903371704
0.7909679509902168
0.09591536260578493
0.6773474587356783
0.8573729163292546
0.6910522836525478
0.22313185595766194
0.8930383731595831
0.5214574998190792
0.018654373091305576
0.7647261257626319
0.6193634791890898
0.4862712465710046
0.8964451188639042
0.3421893766147813
0.8658307537283005
0.7890857513760039
0.9131442457834337
0.897834398168198
0.07979345356850998
0.10245332552175224
0.27541658488835463
0.7379999239301042
0.14811904105728346
0.16805877741070807
0.7713018042189236
0.356390031042907
0.436181346420607
0.9136442566391157
0.15631799829162163
0.15298950254270882
0.5646780990579576
0.943688536532168
0.658059623889258
0.0775912214486727
0.07560564012927551
0.5228353346712622
0.8969388213103958
0.460282290880192
0.17207392593383963
0.9352502094076864
0.6998484538217923
0.809888855227576
0.1919091796935115
0.913970198559907
0.7733848881675517
0.007337587794555067
0.9506340614645477
0.2866205510829375
0.8599272399535234
0.7730291301527638
0.6543543099067873
0.3316488243214002
0.9072688902367154
0.46258052106526415
0.027582364162400563
0.13030882863794724
0.7554588412247466
0.4452833158963029
0.036295164892199305
0.9852680637772004
0.07669316228570933
0.22613023165129342
0.5337608805167791
0.09383185917248393
0.9593489983406105
0.8457001531243252
0.7502490365324175
0.9660791601993328
0.20595712668195687
0.6801385184020035
0.33213747035122765
0.690776204517633
0.407404611713991
0.9078017027202857
0.9633802661079887
0.6127701928500775
0.13762076189619787
0.9113941839262016
0.016286474739180212
0.5485350392383307
0.8159702462075838
0.39624509969523525
0.6135998831369187
0.4946670318170676
0.12857912323660148
0.935702221056242
0.5378763270535823
0.4200451044187511
0.6008285590442947
0.29209226225282503
0.34836312853419216
0.01663268613105995
0.2872252226905948
0.30565102329096294
0.9813966763977986
0.09987412671607987
0.06328940349735501
0.8001793253659234
0.0295829442774157
0.6412462407251717
0.036190941027586576
0.7346221198208527
0.7598891741854292
0.7673441536865625
0.20954083875621898
0.7800262437664893
0.30807815140879435
0.10264412443333093
0.8804843471814398
0.08336205329862989
0.18502613220804387
0.4482122499788649
0.1829780594433258
0.8298535253910748
0.9414139498222118
0.21889537043481455
0.14840233243052092
0.30398459849426895
0.81989430435195
0.5263528004399145
0.3569840039194643
0.8360228400726131
0.5139400359103541
0.5784599532166426
0.45983770831579796
0.8604068568019945
0.7354800407105813
0.34415328072172957
0.05012055533590665
0.034200009315741964
0.07178621236199345
0.1289815352531336
0.22168211637586055
0.26389342386263837
0.2469987466429363
0.18660073500679242
0.6941600009139044
0.5257897646286424
0.37099623523645575
0.36751101213344617
0.9232666200856637
0.6950531668374382
0.2611444086900968
0.4927767117432219
0.18782141976970235
0.22792167011702635
0.9049221158266416
0.36780812764402837
0.8188367609664777
0.5113863804483578
0.9625520792972442
0.7499388235959912
0.027556474308742085
0.1691344873944325
0.8607903224765361
0.820056462388691
0.03757788728455547
0.22811196612444873
0.27501509947239966
0.8215482114850325
0.577513764768909
0.7553886967455146
0.15054385722037467
0.14037051141213996
0.588637334038025
0.7635248284174613
0.9320822524545477
0.39449926323067463
0.8154039484588363
0.3158855963326881
0.9095867179371182
0.12349286095382805
0.6218767913762082
0.36524658658260134
0.5122376804355044
0.7385099610640298
0.4754242504550552
0.2552593004277679
0.9138883162122291
0.9411888173739297
0.8137242573234028
0.3731861860248844
0.0012956131951364913
0.40586217516638123
0.3638965823606105
0.7227170375468905
0.9758883135332933
0.7568003945775692
0.2267953790265459
0.10117595457894846
0.4897384303371154
0.06734487862459004
0.47943582347801805
0.47401793472530174
0.6155129231468869
0.1759587227183893
0.20068800569356637
0.20728024075736695
0.9108886799209028
0.2544415756913355
0.3859370037295171
0.7438163581068346
0.054223332345512465
0.07123269998321313
0.6206615782601861
0.17419221593911327
0.4136605469074719
0.15400931691422937
0.6783382097569354
0.9406340953613297
0.5465369271946583
0.9651485679211735
0.7917086502986946
0.8109787590943238
0.8099055084519131
0.563797576591288
0.22059251885277298
0.36477832756530526
0.39346359139693354
0.4657872337703556
0.06413403440776022
0.9121983204073602
0.5675145272168253
0.895425288685548
0.9087967418063594
0.9431248598644466
0.174022470835419
0.044475407812585854
0.2258652678661982
0.5489867233193628
0.06622265906496771
0.09170885740653989
0.8403352843556713
0.5243116442374806
0.9727938861698533
0.8085962267278805
0.4967168858771519
0.6814208092599794
0.23092937849987027
0.9303501462536428
0.17150922107602828
0.6504138281945189
0.7692155031353038
0.678748839926779
0.8614450755889587
0.36686647209706935
0.9774599205610652
0.0910159702298573
0.2930045295107393
0.32807074043964923
0.7963237853740442
0.8115027440662617
0.7018747449664916
0.10999565803552225
0.3258572757047328
0.16470488124025062
0.050384744299456274
0.5126550549721971
0.7043265754964161
0.3377397568254481
0.04706214320069013
0.7535884904722522
0.3460418994153788
0.47819742157797895
0.5375282116136544
0.19559455075618615
0.40176411782651544
0.5068137767588984
0.35950800148621975
0.6599478393163356
0.061337042105075845
0.426354567702647
0.5852762644872089
0.40520076406001404
0.3450584225373049
0.9903500643833175
0.4449100226717181
0.6710096597980959
0.12233410049515392
0.7885557489068942
0.7690462288779722
0.4039735774679256
0.41130644479541656
0.4459015152853655
0.6944510335273081
0.4347988454092949
0.22184459836480475
0.4650871463337958
0.35942914356949485
0.29129623551851913
0.10082866947041413
0.060763660069576675
0.9249050842006173
0.9518061684426001
0.8604417278017723
0.3674998196396999
0.9731105476317873
0.4326057462321602
0.3873608715703799
0.28532225098041253
0.807745205569663
0.15080741033944878
0.15652218207084911
0.3910265935787507
0.063380784366593
0.16903705758553755
0.1498487583007896
0.4135558255861972
0.43493123555345126
0.011135775766684453
0.2992356313775959
0.36421371193921626
0.5790313377657204
0.12080593260314387
0.8628811560670994
0.8691982121927879
0.17310388327288906
0.6846902947951929
0.15541164543792185
0.9247850371980446
0.9211615123357376
0.24004818312332377
0.3250963192870523
0.03842572925158971
0.7505689920104053
0.9138758191804868
0.38208226754704155
0.9310500908010455
0.3398151361236774
0.41778996931523393
0.5394798389038095
0.1332525096461772
0.7969037256090907
0.5198938881783561
0.30772626409213966
0.43306877698755486
0.2522025447599
0.9775232978864608
0.10306094941730382
0.4676255944170512
0.41928872716380783
0.4325176582634309
0.903446371559371
0.3852566963420554
0.7554003293465189
0.9729119116281149
0.6513762764120427
0.25515844245714214
0.7666311079096817
0.5097951286864576
0.5487877321810667
0.10332848144787043
0.8883620089125361
0.033333501439085644
0.26355854520289723
0.00992881644803656
0.014404670341072179
0.449216325911276
0.40044651005880816
0.625506114577124
0.041896724925227
0.5485817998974543
0.44058176956022566
0.044852927769079676
0.8788434654405672
0.5736129983968348
0.6423744195201692
0.37294053884764344
0.06945475180039096
0.6418675193301846
0.9116678064613315
0.5904478478648565
0.9466757131444772
0.8286599803544047
0.9393210882140476
0.6531051140593149
0.5856220235468116
0.8985228626795223
0.8235537281056584
0.7344182902535973
0.9995055389728131
0.528052468216359
0.8881168583616406
0.4003064979590091
0.5651716422082579
0.8181185276931088
0.8949223414949313
0.12745923037222284
0.04979217632305322
0.14342137639686414
0.12506355292522175
0.806754743865436
0.19232607554719838
0.15316467182590188
0.3192909005229265
0.716319392800656
0.7509817524301229
0.6691543252937255
0.9924748389084789
0.30419619662579955
0.7805446750448801
0.22224220044052045
0.32886503485628626
0.2798495809640764
0.07902368378026237
0.7287124446643668
0.7139694211276854
0.6385497194603721
0.05523995745351107
0.3615798711929381
0.2452114233795334
0.15986182992404052
0.9122531520245656
0.8145946708754805
0.44283138552751433
0.07930803503547745
0.771364536618327
0.9471884776031159
0.8525066875325414
0.5619531181634168
0.528330527222424
0.8585068322033038
0.16296804849629265
0.7488844188381052
0.34513013249794433
0.5096998291476652
0.5889155358818077
0.6489849790724096
0.9575141466789935
0.6981251227929897
0.5413362832390014
0.9390225836618818
0.3959812653542679
0.05794677793996972
0.9110650237925401
0.4814486707961749
0.976577895625619
0.4736902428250319
0.04980936093710897
0.08637402373036551
0.16400420705929009
0.3449156731532633
0.2229609414058492
0.5590943702499229
0.3987885079299086
0.3373680807006748
0.23870639691413864
0.5518601833399222
0.3257975223271373
0.23006525540179823
0.5533418805865069
0.09303467993888492
0.7317661062664862
0.15963200458850568
0.5787425277634741
0.2933223604376348
0.8565201012593433
0.6062548384279906
0.14810512442267398
0.9599635360072865
0.5221436774236881
0.8224459729403696
0.8466909260061817
0.8159824374811472
0.339099801709162
0.03418882166304715
0.11790811282938696
0.23772027682618302
0.7086614452309572
0.22843271545628951
0.830947101443387
0.8061243141394985
0.4870483889804449
0.8909841628942925
0.5548052314578303
0.9117501456223881
0.22257577592058608
0.7586009550833593
0.940360228571481
0.50720814911679
0.8763795859916392
0.8870401759404108
0.297404249192488
0.6502057778065566
0.02847599448314697
0.9161991735826357
0.1687009870448053
0.7983119464490351
0.2838881430618888
0.28392549243622534
0.7853109074094646
0.27901071470201444
0.04929107597463356
0.6221162605869288
0.9374036730047483
0.5165570614895508
0.5845043437107756
0.6089641703514739
0.024914028453535852
0.13865697421962575
0.15804830417371496
0.6023486062104653
0.032858553945742
0.02073888936136581
0.3418256050175894
0.18666410152626467
0.5923493551325562
0.16073359828490608
0.4373983048033466
0.7147950463736673
0.1426410431788261
0.9546848254541048
0.6995057667282979
0.6550934227644437
0.6564056339930352
0.0583475804869632
0.9341339959796053
0.8539539252643497
0.7262162706122096
0.4021065897977527
0.13839639208611487
0.43970480049518845
0.9779513811521526
0.5818570396354356
0.9053518112451076
0.032756741084471575
0.6212985464244207
0.2728861735503858
0.729219625535028
0.4378314403072955
0.4227380406672001
0.09900007145956102
0.9620630818621746
0.2593631110949275
0.19962221489507692
0.7520613747870434
0.60624850691991
0.6552999660810019
0.7869321500008213
0.9944058266226689
0.4394819932184181
0.9691742405272684
0.5474231165005725
0.6344458951996997
0.6446349776812462
0.11274832840420024
0.8407931605310037
0.07046177564910316
0.642866222473298
0.7909218859104235
0.137591904817983
0.9168265558388603
0.7793646146665507
0.5337638092389893
0.603141744985461
0.8706622082185954
0.17890331767541778
0.37423901800596016
0.6375083606464966
0.5605235482992117
0.002269949058853915
0.8089492675654614
0.09853859929747766
0.6096246401712351
0.6351130093503722
0.6363637294214244
0.7597004717747552
0.31426353708197974
0.43682669285314224
0.1686179726955488
0.5010123431497199
0.8164068667697092
0.6391966441496507
0.8626034317623494
0.15063627195385865
0.4132212140351931
0.8421081224855196
0.6489342404705503
0.4142546920666481
0.5065922534419841
0.7196692983324803
0.7935859130404259
0.12100951122592962
0.3045637283994651
0.1878790450738682
0.8633925881116861
0.13517072279870102
0.25752034841096794
0.9471851074498219
0.8786435297799833
0.5591389053357099
0.5421144863440306
0.2613838415346601
0.4040098991419103
0.4666625976236115
0.2716232129896353
0.5076188002066182
0.48041058488546773
0.5888096590975554
0.4085414190562807
0.16052803751311095
0.4343668150330293
0.9787247688715752
0.4943073598497395
0.6868463732223576
0.7968057473826696
0.902987078186125
0.2388726502673728
0.8688397338809797
0.5473776998289159
0.19928540475725165
0.9244403539213186
0.6724046547516286
0.9988121545418335
0.3613264033724479
0.6163127809110478
0.2044108286425933
0.6322317534230782
0.02275014201269232
0.7233314646063322
0.8645777366053768
0.9641905460324602
0.29693588910086244
0.8801789233474956
0.8239565953045416
0.22169584403234655
0.3712293592992243
0.706648146536739
0.19524354088124396
0.23292258931166854
0.10604496598948843
0.3256768085189473
0.14569029246516485
0.9058558401977891
0.14796200609541166
0.5218069247699206
0.4240497275199553
0.6150061220293347
0.617959767797757
0.032475203670695674
0.8557350745521612
0.23600638190831857
0.9897350589561628
0.7450292261647841
0.7427786378752771
0.008068595928641509
0.664359631993038
0.7442152983422772
0.24097446847621484
0.33927426019144225
0.4441500274065159
0.3342561845169364
0.31378600434552106
0.887329907621476
0.01599927560820258
0.6433748172505769
0.31401679284544126
0.4362518680560652
0.08089011648300204
0.6886344273501231
0.5053138784352343
0.15499187176723972
0.2986330392892076
0.5782694703093796
0.21525790336715056
0.06241265611978075
0.7022902581770194
0.22306731786365963
0.025254864345474304
0.5291507934108955
0.0738777786218261
0.2547764202471354
0.3122419667025863
0.7578180775760008
0.5499913177506551
0.6829644270524257
0.9582624344780922
0.534226634585453
0.39284501420662876
0.8759812592493642
0.4239948804914594
0.902499710366677
0.5430089281982317
0.7722966459426123
0.07171539280954464
0.4713292501782552
0.23779028241182398
0.46935440232965375
0.792312087450255
0.7949524504245056
0.37576147660643766
0.1077440142374938
0.9634492853024722
0.2519117938845198
0.3730981769197135
0.7180741587246915
0.6683474339092099
0.5460147839978937
0.5277595137742954
0.4197779523378712
0.33337394754058314
0.5906510230869432
0.1630530627670056
0.7928174089847267
0.4636049630333162
0.2726986266366671
0.147766253888011
0.4812946093419652
0.48745704324845174
0.5550803507833225
0.1126603503208291
0.5944183732482538
0.022297045338189214
0.05825509004661189
0.26692713693334236
0.6260112365755736
0.2979997871334522
0.5171468052964923
0.20482100663316893
0.2095410840750873
0.09036255020835948
0.23388867901827104
0.2121520257048266
0.30291303061062114
0.8407905172154482
0.8412140771059781
0.6119134631693522
0.2773934203856334
0.35008938996010375
0.12999547875551887
0.3722025865813866
0.06583222183874338
0.2966444521187095
0.4823247931650665
0.9669613409185719
0.6977149950245212
0.6707639329769856
0.5039691588156456
0.9700358665564157
0.656909782656105
0.9274153772197358
0.8867132020974648
0.3502800873960019
0.6951495747112888
0.4512293944268748
0.6644376894385453
0.8330916328242282
0.44290383901841857
0.2804937227422699
0.7662889710140091
0.2855027711428437
0.8560692081308934
0.1978207809166308
0.024866303535323597
0.4646706085217418
0.26329799909028884
0.42152874728674405
0.7368554569355644
0.43541091939234444
0.06796171820266239
0.8139435087008242
0.1114575953371374
0.3873283792904314
0.28113612566227086
0.9752994797165385
0.326209606723887
0.1111777455079569
0.28303276525823895
0.29720630553770555
0.6121888122287722
0.9055456381911876
0.7988311230820192
0.15490182858023827
0.16994660126508565
0.5311249898829831
0.38063072116017005
0.02378627636037911
0.09728073203984677
0.6178364037573499
0.6510403818576843
0.7676679293427775
0.17575647082125145
0.6036421771622067
0.28504158838257865
0.18515495967695705
0.39223304867712416
0.37373312277979565
0.9825198864284617
0.036293331538081675
0.577761904886863
0.05931343160404712
0.18689355183033274
0.5617877479071633
0.2851173136409928
0.9892726296120676
0.8155867082949361
0.3760019690808365
0.4585850045764178
0.4068338245222758
0.5968538316687804
0.9927085475480346
0.9736711372406106
0.9501724664517054
0.302148536904565
0.24004752396797313
0.7659271846489342
0.2663293240443917
0.8785830232726183
0.05166489186776646
0.7537065872512867
0.9277465568256849
0.6162513816404045
0.701333255233958
0.506138828518909
0.7341967336365411
0.34255662789460006
0.33218281284314377
0.4207900166485098
0.5808919608702849
0.08298493045175925
0.462217849624474
0.04528728828082951
0.6997997824190284
0.4929326712488078
0.8143453369276066
0.7658804473360362
0.09625848087329536
0.3548596396434083
0.5295052138014226
0.734691587670698
0.5160765571927249
0.750317668847595
0.1099808986263282
0.9453712244373165
0.43449951878026905
0.35413701810121145
0.5512786890522371
0.03389119182936606
0.2520080258760451
0.845263048608141
0.32560739412319173
0.007042909587712476
0.30672916122781235
0.40204069756422167
0.9298480009806679
0.0012212216138788312
0.11974034205613493
0.25822866613777484
0.1529190543454304
0.5986088090999192
0.8078575217657711
0.4970662570414218
0.4734663474672809
0.6025669501871379
0.4670491164702324
0.36698690747518226
0.2908703130511542
0.31701304239354455
0.518528717855511
0.15205353518211073
0.8547375332748849
0.12558139316072003
0.37326700285090775
0.19588582445102531
0.07028476732282751
0.572143244889546
0.31689738842803694
0.4116260202336567
0.09260325829897043
0.17618303717701178
0.8601017820473329
0.81178486277881
0.26819850154745817
0.7050235036317035
0.9824721862699808
0.10330044872630983
0.33694567272154796
0.11956985222760341
0.11089001461914072
0.4993335334902098
0.9913921113971116
0.8723026914160372
0.5355252490161929
0.0764175420837363
0.2467482273419851
0.35557702594554497
0.6306606961584834
0.14702743937152007
0.6390251161109612
0.47362095945826954
0.8821665859160016
0.3273509458345527
0.23791038345463322
0.8145225709970731
0.24337435368178761
0.09578554791343119
0.485453162685593
0.1315266815951599
0.192544737016898
0.6957109281453357
0.49684110466134845
0.6319196318719851
0.6816087185665223
0.11846535849523698
0.16796842272212464
0.3328017612882044
0.6987827966689585
0.5559147788631016
0.6558434137689693
0.8672924457495825
0.14961018290468064
0.4664800016935392
0.35694085986094115
0.4186886668370543
0.6894357351753114
0.9088111919449885
0.012957366105451396
0.20947369153819229
0.7783929994622183
0.9306596966003062
0.8807373830677602
0.42177614243265427
0.4596948472465505
0.22261432489741217
0.31377344644040095
0.9090442958705733
0.404472223579595
0.39504656074030997
0.7239989982320637
0.15833371828872822
0.9937499888088722
0.38640130826007546
0.6457865246814171
0.28760538120412593
0.8308417552342146
0.07627352029550116
0.3043456266852831
0.8203219647008771
0.42952122892762923
0.8194161818679888
0.6461014865874728
0.22075096166417518
0.9536841179739672
0.8924797367834498
0.6557232922773211
0.6416032570323731
0.9725253685140975
0.10133768305607227
0.9401261273067085
0.3067359100147483
0.0950188386388221
0.44980097391186025
0.3797651347262816
0.40992116680911317
0.5843190586821356
0.8260955029854242
0.7542134849855919
0.0595642333464379
0.9366793715071918
0.47415157954687037
0.059475867804359095
0.6268222122777299
0.3624068900103157
0.062472862096463744
0.46356329533201845
0.48454744266030003
0.8146207172574907
0.18642854272700993
0.022670174381115404
0.7498271197236371
0.15198149822271834
0.5380148766239126
0.3914037881713247
0.6566795706996995
0.30444027031039433
0.5595772877495581
0.9216435867856576
0.1749696686671658
0.23083417365215098
0.189945588319406
0.7905566637711556
0.9023419967612506
0.137036823750886
0.10421468160602909
0.29929072568143644
0.9664466245446584
0.49459046194913114
0.833203175551834
0.11815911826124914
0.25815422753095496
0.9843778740237694
0.17631185486456624
0.7774316544424863
0.5219031089959593
0.15155009265000152
0.7236442322243608
0.49292793730006945
0.49057731686910033
0.374278050859422
0.7147030059402093
0.344161748847965
0.7989220293179834
0.22076806750892242
0.46285912759313996
0.8379899656322494
0.989266278718542
0.7539859840153693
0.6296822335161225
0.8651337910562836
0.9048065350795966
0.18995276236857617
0.10407574741637404
0.46339954475718625
0.21771586553906286
0.806154462589871
0.1780831980915365
0.1243436695263952
0.6590015331660327
0.6620436308378367
0.2875467239968841
0.1440685811949095
0.4979631565222806
0.32870550332765647
0.45390926907668916
0.6177562924207695
0.6281705510369291
0.2181725876072731
0.31856467985401593
0.15090505894827955
0.34477136447525225
0.8759042832248997
0.7898869219733776
0.1333335623159192
0.9847469743659428
0.08673375938515182
0.841117895174385
0.6993639855616782
0.8675026404599178
0.9813367957393658
0.4881368062542558
0.6980494485098891
0.15693694767906363
0.14169233088389677
0.4494419990377517
0.29407650989040945
0.230332482961358
0.16996811203378814
0.5001488515968741
0.06262774948581518
0.4015152147805279
0.5835953299012241
0.33762375547071943
0.42454304897607376
0.836131842867378
0.0563242605115033
0.7016698762902082
0.5829578029964334
0.29604844684725906
0.5674233679065265
0.32606694589394325
0.33700239181418334
0.43850787120557466
0.5456212155895277
0.5627727931654387
0.7459663776623132
0.031591557095234424
0.9386843236167588
0.49483541128328556
0.4206962142962287
0.13726763444791545
0.2571127068259095
0.2466986349965432
0.6893962757423481
0.5511074907537633
0.11382950070135767
0.5415997163597385
0.1591856447393193
0.5554177634622877
0.26606399247831847
0.8852513428974206
0.8523399519752521
0.41864067619668
0.06398707313363328
0.08606050165468881
0.8930574497527118
0.7821683985689225
0.4365264104008537
0.605182768535635
0.7620934001985066
0.3969274175801004
0.8784828653797966
0.12947073248198537
0.3458637635873749
0.09243256228663099
0.7976394064005939
0.6323237616573014
0.5543043322369506
0.9204879417316851
0.835256369834005
0.3613259407813777
0.21425932396484137
0.2819509278939095
0.7987026441752652
0.6068887657984688
0.649316990552981
0.17782913834580605
0.4443824402481982
0.5656112375519368
0.06744871299071908
0.12408111867838367
0.5404484206924175
0.06650339643544212
0.7972561951776839
0.2750579735342388
0.5401224625183784
0.3164768035071861
0.17118683499043852
0.6016289661689077
0.3141318735461732
0.16275936093144672
0.6862767541974782
0.4661967139928265
0.4864139655498628
0.9842179072592009
0.7714319258285495
0.39669900337491126
0.1270680837310254
0.6400751543729104
0.9857303234071206
0.7659592510378826
0.7293589534449618
0.19989069200322818
0.007162109483599188
0.2715824000760735
0.24721193963022414
0.27013360788287766
0.3559257256696906
0.7862588780290561
0.7073943628265673
0.42286367336604536
0.16788391344027043
0.5805431550089094
0.5769642147792885
0.8960188560156082
0.9661505174618336
0.8989779713492613
0.8208555057690708
0.16757127103569103
0.7192819367932652
0.4619533422031451
0.5648667907414247
0.05939520993882441
0.11826126652882174
0.2033897592840307
0.5005320931232523
0.4067983839172725
0.1035416215883389
0.5367164497542309
0.6809523572943934
0.46325770467641914
0.3618438019653698
0.2419683666860919
0.7288807906997787
0.5819504161480641
0.18864965089090546
0.44991264056566105
0.5056573634574445
0.5265696060439153
0.5582851929560838
0.04208491111072388
0.06771041180715498
0.3501608220240615
0.8709682661284658
0.4082929321504637
0.7475706328613094
0.6247631883226488
0.9968098925102183
0.0868664723577951
0.9414433352573885
0.8694010314243611
0.42289739833845663
0.8734844566108091
0.33891628827030196
0.9564112355007898
0.8077939551573711
0.6497337139428844
0.33691489311028244
0.11807760259784095
0.563044025556185
0.5206198382773879
0.7901138532919929
0.8758775677046993
0.6883315338488682
0.3418940090659478
0.09248303447980011
0.6707350276213457
0.7522628758935608
0.9383792995468859
0.6881561436796427
0.7860062432111306
0.24092497776496757
0.35158666604987887
0.8624689962396863
0.8991864418524412
0.16102862197914125
0.6461540773654488
0.17091787515632295
0.7659095831527911
0.7221645195922328
0.7295836192671048
0.6320492501530737
0.5687922992900842
0.44231492207671286
0.9427386500108706
0.3588412367453099
0.3657506928472183
0.5365729854678325
0.39648856477823924
0.42836618255845516
0.958300518930095
0.9921094134582515
0.11573106137845901
0.4755658176901939
0.9129752270729418
0.5098442090196528
0.4973300202040667
0.09843644312459854
0.4588806066869503
0.8689038908165577
0.5195110840600711
0.09103658377628354
0.5608466480393703
0.16672789348504524
0.20716039984808265
0.4490921971334868
0.41538222757402665
0.938983781024418
0.20935317945986465
0.0733369324409916
0.9270970223250036
0.5888780260463583
0.28683317535542385
0.11720794917148325
0.0021138333760500894
0.5826715579506873
0.08045315357457916
0.2675746124148337
0.6075707660758481
0.9244176396121206
0.24258118367289694
0.3192537366813324
0.1507953972878321
0.8300713016667506
0.30930657362037606
0.1505273579909029
0.9137970002368099
0.46250728344537984
0.6966525772497423
0.370266803558026
0.05497112914404567
0.7376034208958702
0.7543243047431389
0.5289125047194833
0.5253085763362257
0.39814510887203003
0.26189895448526357
0.39692280783900724
0.6881633172311795
0.1594487536106044
0.05764964970383124
0.3170186802882138
0.1909568467316327
0.9484823860328359
0.511140820137885
0.8072739855940592
0.7882869186095676
0.7690425090807195
0.36396068666224957
0.2755027827775115
0.01495278983935544
0.5197065241994077
0.15227348576990685
0.045178237017309275
0.3065930323731012
0.7295249463243018
0.01838848246196767
0.27638381031485204
0.5546925320724009
0.14737742862220005
0.13894793452053922
0.3106414866936943
0.7603622938543485
0.8822902406164655
0.9324656960092682
0.9410143015950334
0.29298048439771984
0.6575302726380445
0.5875322421022916
0.17912109891474193
0.44845323873700327
0.43886060224228973
0.9933087796336572
0.07164778088496448
0.5338063416642299
0.16495442450110986
0.20685313824054263
0.9342492334489968
0.9376910635299937
0.7689214069440355
0.49094847010093023
0.34022579405125575
0.8579800372513963
0.4514872713474648
0.32194002286962675
0.7917884976785897
0.3340664065544674
0.452262360977323
0.7379020967693524
0.0709986439000051
0.3423312898532963
0.5602952479245147
0.7279723980636532
0.8128796838049375
0.1387017406373814
0.2667384130004884
0.9734851346036211
0.5071810769832903
0.5720570695468669
0.4092212911132642
0.3729379006438367
0.9670391396329773
0.5373707468341594
0.5566955116575256
0.4116798900245724
0.280904685806296
0.9616720005525595
0.36626021643042417
0.997022519953804
0.2949626125090933
0.2170942213167979
0.5789434224447102
0.14587756473529834
0.7040320292701447
0.12882290441654975
0.8155275577680318
0.22465691711772007
0.7124148016601599
0.9079946399653513
0.11077289768832632
0.6431801824261986
0.8983548878369331
0.40286034311463725
0.5585352955698295
0.5999944679588051
0.9900666418350791
0.45817870767318647
0.05401376780029088
0.6301019324272359
0.19539457226975787
0.8207133854843219
0.3148585166902984
0.9537521752859918
0.4575789424235287
0.7113356752972347
0.7375160755189473
0.6734645764461928
0.9137929469436699
0.03271499696334634
0.5238195917956098
0.9754249404216737
0.4953252602841094
0.16034841474632955
0.2818328576915796
0.9448898265300377
0.8485496963420324
0.8527112489157395
0.8663459983391166
0.14689501699899987
0.7719549650761618
0.14770914385203704
0.2410959091720336
0.9319278507159042
0.8510719741371637
0.5140921418858524
0.4168596751710191
0.48104771509210587
0.7982003659289071
0.5213376396257672
0.05164212377285193
0.9744619175976874
0.5251341316391797
0.5490556219925142
0.679624523689144
0.7559018830374785
0.41085242934765465
0.95656640923341
0.5954072893421722
0.5106906267306468
0.5882502708001454
0.18490073881107116
0.269151501914226
0.2726370266732645
0.9557312990558203
0.9412645346171694
0.2610095317384956
0.7967935990652065
0.3517467264692429
0.5568623639294127
0.3639609689165578
0.6055301599098716
0.3435257505065076
0.8945735987837558
0.12574834100004262
0.10316099682260971
0.745680644939769
0.2865919664863438
0.552764418473948
0.7530258234849051
0.7393065447228266
0.7427827867192089
0.895800000368979
0.3027847524745063
0.755255643511594
0.3361219970999445
0.11081913092873397
0.3932867391579238
0.1354706637529618
0.13420146423334034
0.2747127736223185
0.6515282005308871
0.9452632372757264
0.11767116452638637
0.649222004305652
0.3243924018122085
0.21167805560986164
0.29903232113654277
0.14202399267775945
0.7811816959045673
0.7788296525834156
0.9864094380760373
0.531328581364979
0.7203455980138063
0.11967132509709166
0.027568129443531486
0.1974403910938063
0.2923278138560296
0.9856881664154907
0.322498866985386
0.1474924292339408
0.6807513619557607
0.7880324902092749
0.6907755439394284
0.37746197487968924
0.2624547336526313
0.014684437557146435
0.29361202176601564
0.9759340134446004
0.4775037825758405
0.3957527073015924
0.4795444946277925
0.6586017044912923
0.8082186545043032
0.3014951441068212
0.15462627337852286
0.33023956109703256
0.6476991041456888
0.14719851531724282
0.9652524843136486
0.3940574524404996
0.9517877430054226
0.8225850641696729
0.17043026575220566
0.04945277004983473
0.8008969555333522
0.33667784678816703
0.32858492571132447
0.2803023025535504
0.41911678315854195
0.7517562518979841
0.18696685525391443
0.6817947878677835
0.5532617663925323
0.6909162635520106
0.9451765371038436
0.5772401184014454
0.2864755709464444
0.6908478798045513
0.3076571508527297
0.7266826488571477
0.6247285851136533
0.6654136022931042
0.11349197025552715
0.7566204192019642
0.1941830550231921
0.26680586454165167
0.571950720349816
0.047665982468050094
0.3620630046198171
0.8822726038293011
0.4915275834302332
0.11093989661617154
0.3990472327977661
0.469413669666328
0.6485220654919724
0.9570648521678163
0.06161999990458411
0.7782579325653375
0.796476589405348
0.07030795420380997
0.8840218643841503
0.408478580104081
0.3266852158188316
0.6237275897009235
0.01930453180376268
0.12192867863997958
0.15580354098601457
0.8368158376210407
0.7965132089256979
0.6232468013148331
0.3966013572866891
0.5234585179940221
0.027735953997040652
0.9954500641285237
0.7276008177505002
0.17204861027925733
0.17852907131231366
0.6165280361732896
0.3653851468380741
0.14225760063165604
0.7999304526523612
0.13831982839480206
0.3073217029465991
0.4760449280417759
0.5857119836854333
0.830227006821192
0.03485449477850344
0.04361785430141596
0.11351041700137332
0.8984535254970526
0.2276777606822914
0.8238224442550675
0.39180963234600485
0.689132896832419
0.9392102422702241
0.43101484934942313
0.9830721465791429
0.27447813138301247
0.20567257078779966
0.413701283415702
0.7275770790986047
0.11862784451427555
0.40953065149977763
0.7785854999964327
0.3206701598256343
0.06234626200248128
0.9214933399578917
0.6883943015599036
0.38827174695293865
0.283285187007151
0.8737659210110853
0.5614220264807963
0.3377030703601679
0.906097350883155
0.36502293670119446
0.48985189859731315
0.8175704557392227
0.34781904609041414
0.06321440836024073
0.26687116837667413
0.4959942058622884
0.2430869107359208
0.4210074420581774
0.9098008215219053
0.041744257446815425
0.964152327416749
0.09617917325950953
0.7592740377964572
0.5336871371391816
0.6837036717923306
0.14113942713021022
0.9717307451232786
0.2669860090808662
0.1871308072613681
0.8292911817840892
0.8216374303330913
0.5396271112823726
0.44855628867577035
0.40830101463372703
0.5511684699532763
0.18934259562690037
0.35282859974021596
0.570632666656341
0.72912326669583
0.07395140790679888
0.45065948062452477
0.48196775263144886
0.15152358822546297
0.16804615819945534
0.3501708971680253
0.2876278787461187
0.03176434493827196
0.3957473022338711
0.589012645495805
0.8202390483873654
0.3696594119255715
0.7871629720606702
0.4840151930131257
0.06423842799196167
0.26227305728899564
0.40246204432590804
0.5601738356395507
0.5938187066422783
0.9623408202887325
0.32595913556538114
0.41269884177027794
0.1363612885149783
0.19416241717444538
0.06322263478466528
0.6785573932125115
0.4733009638785517
0.4863332137569065
0.5551815719489113
0.061597037833365786
0.8546186282244885
0.7431121154512805
0.789951258016995
0.7437859077877901
0.029996530509505348
0.7404824912329248
0.17657218427250942
0.9287082648523742
0.30319708402790524
0.10701400343733725
0.9328947601389658
0.6178314209745476
0.7742940328036356
0.1552772464198492
0.1873133770907146
0.2223508077360019
0.5891065517376984
0.07041228884011352
0.7960930343095326
0.10967250932873573
0.42608483843059564
0.9904467426704818
0.4208445215629849
0.347160090898898
0.032733548720364825
0.5838947579430545
0.89237057108045
0.819867681826164
0.3160539918725288
0.9460815646804052
0.48126654589532225
0.2930908345022809
0.8329119890940655
0.5605566347966418
0.06699321701284267
0.2199547629943559
0.4907380146337066
0.009149295832894033
0.07301594907087128
0.15136863359681063
0.3180401453492403
0.37761351613261973
0.9323352683103352
0.7295205112500758
0.6634508351740105
0.05596659969152973
0.6379658092237701
0.4137066119380509
0.6902614474246341
0.5896159864555812
0.3014422790180956
0.559298712777047
0.36387692429257934
0.3272867739825466
0.8639587992353039
0.2504080684532459
0.10790675188843679
0.5797171207060241
0.3156153360208265
0.3049328903793116
0.9040092289279289
0.19301973426567465
0.6024870993298963
0.48856676856641046
0.7298890743731908
0.8284309213084825
0.27665739419635405
0.261849382258192
0.8061669824837169
0.23379996473813736
0.4956596211658634
0.9797259091146167
0.030775404664082684
0.26596437137875084
0.7545285209822918
0.21266093012784093
0.9755811694513256
0.07190057171783781
0.8908105310121184
0.9561603311804003
0.8522402332469654
