# browser_rnd sample v1
ua: Mozilla/5.0 (Windows NT 6.1; WOW64) AppleWebKit/537.36 (KHTML, like Gecko) Chrome/51.0.2704.106 Safari/537.36 OPR/38.0.2220.41
appName: Netscape
appVersion: 5.0 (Windows NT 6.1; WOW64) AppleWebKit/537.36 (KHTML, like Gecko) Chrome/51.0.2704.106 Safari/537.36 OPR/38.0.2220.41
platform: Win32
vendor: Google Inc.
oscpu: 
cpuClass: 
language: en-US
hardwareConcurrency: 4
deviceMemory: 
screen: 1024x768x24
date: Fri Jun 12 2026 17:11:51 GMT+0000 (Coordinated Universal Time)
epoch: 1781284311223
count: 4096
---
0.021309857631991003
0.5956807382947134
0.17774303072932351
0.464200182249324
0.35738457030864246
0.9765849221391381
0.3210935203588383
0.6077302982544013
0.33039188881775505
0.40584274614237215
0.02991093101422737
0.8621082121444477
0.6764715126488992
0.7463850845924467
0.7878220939351741
0.9588077277531224
0.1616471076317605
0.5270126422153025
0.9382787259992615
0.21679118929050567
0.04903492780810037
0.3994869351919488
0.375012026482223
0.5049793080725256
0.17472981628812745
0.6704854952005432
0.04777745101640418
0.14591703852385352
0.3130297913879747
0.4756412296390711
0.020977868960114332
0.12547331042591625
0.020925265004742455
0.44146960301250715
0.6504750586323464
0.4399408362549839
0.7439222385076365
0.22179217557455821
0.050102644437896915
0.4678155374702542
0.312493339900104
0.963987604445006
0.8256111978619447
0.8877468153487156
0.5852789334291244
0.6226429861724092
0.9101551606206706
0.4248264862873399
0.7198218953212161
0.3967116291373063
0.21650701974223074
0.6495269625578914
0.44776523131103163
0.41084830633382063
0.04135013774681062
0.4985580459540815
0.15232256219715112
0.7413106682266513
0.0023059986531617227
0.4476434963675562
0.022720046481805145
0.4328159271476373
0.6165747097804688
0.5851053852183665
0.32405657705859103
0.18823911448714226
0.7825056136128603
0.5777502022345178
0.27648395359155775
0.5283024117522885
0.5593672166876891
0.23149767805663823
0.30342494005084997
0.2078249842306208
0.3605431877694836
0.3540371141168075
0.9071748019756178
0.1371077395215623
0.01866194973612778
0.2269547737691926
0.594454237674255
0.6611975629468243
0.8488011141787968
0.8492201643622681
0.5722595917684326
0.9135617868856956
0.14476595114955026
0.7442904137243258
0.6838086722887786
0.9174859558110255
0.4378585460287241
0.22905519829480747
0.7793159515436905
0.029540121129589814
0.18026008371141278
0.572478349888772
0.6985212343403082
0.1593464564291862
0.9033752449712682
0.23185531500826828
0.873149583227163
0.9321810292176915
0.12059260055601051
0.9755285876983326
0.5886906700619006
0.6567324454821435
0.9920407593838247
0.13783946315128293
0.8663602526887277
0.8569949115525992
0.3571316394612767
0.43620332247892946
0.05938362068888381
0.660383340240777
0.6399798310824321
0.03705703333322918
0.10440995204659842
0.13159119231923322
0.2342633874137725
0.05475223277639407
0.647763224825701
0.2912437687847935
0.4381491164322677
0.13547480019144786
0.7740301861877166
0.7709158267145337
0.4541978351182958
0.6118324010762934
0.5493057181701162
0.14599223833757624
0.7015528815275889
0.988047799144578
0.15701366825021368
0.6427591410606703
0.8229790232123593
0.9719241071514404
0.9983244176147077
0.7244899648326617
0.23125440162258482
0.6734926955769498
0.6676372504173103
0.5333737699797658
0.8089035694821107
0.8889185044703543
0.3945103678111086
0.3647204485364066
0.8515245763890491
0.4179701732905212
0.26714841782648135
0.054931918079183184
0.4715814819122619
0.37045718262502203
0.8252061706367035
0.171023877907023
0.9999290588149881
0.09461662253305181
0.37949484788950616
0.5792409434700645
0.8708459868376892
0.6185367501217507
0.9821729315941128
0.050650261084724146
0.9622640460526912
0.8462878522205184
0.04690341007830434
0.3234689397148467
0.9840083963063484
0.9928091340313516
0.5958757884616999
0.5301858123565175
0.04634235732618697
0.027895510194293704
0.42308875324128636
0.8850851664878097
0.3233964336760973
0.3192970614401065
0.059345790563179124
0.5423382344448029
0.08318348182099089
0.34368143565048115
0.7144617393674804
0.23015130958909102
0.30083427186887146
0.5547055691021581
0.27687680485279365
0.3621923159993623
0.5794524407667994
0.28594779176027885
0.457838982797635
0.7632446977193403
0.27675260251604095
0.36182775670287226
0.9360721551056004
0.43514180683579706
0.71672137559517
0.6218692181297842
0.04571778915927971
0.8031265296020611
0.45694213271213613
0.6439461720246336
0.9976794931563073
0.7564606174874127
0.08202054230299383
0.5658118397736678
0.29246131287814325
0.8223959318474794
0.7882718136384466
0.3480714705050436
0.0775611993481311
0.7737606739033378
0.78476129936322
0.9504010728866088
0.266188990093168
0.23926461731671855
0.09516839730475879
0.9503457800798478
0.8907064305980321
0.9431110624609
0.8094975674570055
0.053040616669533636
0.2550624590190165
0.812131864052593
0.9075232483354205
0.7982561975251838
0.04460315923442293
0.7778529566705701
0.3201059638596935
0.6322465046044468
0.5659987669768278
0.11434050715163724
0.09117453578739232
0.03218852701854358
0.49437002141381137
0.7830319037459335
0.8788110444444828
0.4819902614938656
0.3106177225974518
0.8193453541304783
0.261234015498911
0.3157921597768478
0.46192149654048564
0.8060802407296943
0.4563503400217048
0.6747013357582716
0.5964879224523356
0.43357962526089766
0.8153163183403527
0.28654240599104464
0.5024004527105359
0.77384785707976
0.9108496659617369
0.7490885916021186
0.3019824688714432
0.6883892177351127
0.07441370856756535
0.06603697466782688
0.8212762296116407
0.01671792967026753
0.010529526882136153
0.251319019462535
0.9075728446155265
0.009134757227970747
0.19230043418159082
0.13715471873418728
0.18396428113563612
0.5676937692221145
0.8171045398568411
0.23940288746514016
0.22336193440368568
0.6430789136979296
0.9158559459662676
0.8490693628333412
0.3243134468787001
0.3540979491082208
0.4026113010297021
0.04401219037129689
0.4457397540227839
0.41127097487345043
0.9868688619056987
0.35092749318607463
0.3716573719303169
0.34449621071733416
0.8240072842630113
0.7488225957722809
0.3851207521868145
0.42309435136350637
0.8147755527944089
0.7191276882110424
0.6914630871905034
0.6396378995723015
0.8915589836698257
0.5059011897835302
0.23265819664181153
0.6922945924885209
0.7495779035191301
0.7976617530729944
0.3223147589092563
0.19860823219886092
0.6266544764871373
0.6761058873483012
0.26183499673754707
0.9314772583545423
0.629076022595991
0.6117590739492746
0.0530827253639361
0.3776177096515596
0.019912636515124094
0.45920170094377655
0.8239738487956287
0.26682930786922676
0.852008307471372
0.35138434420992426
0.20200812181209038
0.26196567443956886
0.1320152219827171
0.7387779801902772
0.3833800225370816
0.06194767723204153
0.12625567648982017
0.947368721457784
0.5592034137615436
0.819735548137128
0.8224910571297233
0.3947879520572508
0.8750340301889357
0.2991653638450835
0.727819053806213
0.09672793025824733
0.6143961834823874
0.7605575056992697
0.9330876745947347
0.09290842021948942
0.5478531859082645
0.11942247704754139
0.5298368683377477
0.20994832504868044
0.03459744185326419
0.12369450449710695
0.04028937462192883
0.18261655068226523
0.6533474313931573
0.4257993062530965
0.5628304325540934
0.11606538699611169
0.2070653008025387
0.14649380341294949
0.06410928098988
0.22524435217144045
0.3596449880489452
0.41704156757073907
0.15790392479243853
0.03821714741659932
0.3306733899522649
0.7758514313363936
0.13724377629161366
0.380811130204749
0.4266655075266763
0.7021645560327892
0.11687006500859742
0.2370264486843836
0.3134466809957559
0.06994402674566524
0.8272842265213405
0.02847591591887344
0.2962419836422856
0.27861189845444745
0.5837720172664858
0.15787579314904798
0.452678784051717
0.10362676521122927
0.5838518222370648
0.40647161849122937
0.24710644456519582
0.44349824029501894
0.3810661826710928
0.6694140756696141
0.8775467765539449
0.29257955107731504
0.07136439140390571
0.7768552309941203
0.9682146638135918
0.8604914447974805
0.4972644582826844
0.9085848025016494
0.4930173229301327
0.9206959693881238
0.5112506202116187
0.24240700791501046
0.42232688456445633
0.2308948061295486
0.04781883350059357
0.10564360240987214
0.7751975308795491
0.2472956706370657
0.09156076741227492
0.4782003360203395
0.9821086419389871
0.3505103765148796
0.39721393999443566
0.7128590173637972
0.12352619786662511
0.6467317753367798
0.23468015303240808
0.654992587121012
0.7082212882822223
0.12322378877201179
0.8212381444587913
0.18867284254322692
0.10683867426021432
0.9493100615925296
0.8934970560591899
0.8453689673351772
0.04157269984786205
0.7513325719603143
0.43164119525051614
0.3180337411711307
0.467314796391477
0.49814256547563085
0.40851075804704906
0.05202257835329682
0.02168662975426172
0.17121326853574326
0.5211135603784016
0.573499524327844
0.1292862924633933
0.5632650877264473
0.37665652811113604
0.7185062018561839
0.6012106268831701
0.012445943101717871
0.871781891048667
0.010306848840539562
0.5211741499124742
0.043681566380238124
0.8345840559450113
0.004265618213927569
0.8548224360102179
0.7529526868881906
0.754672726003466
0.08908914851056648
0.39201856426152837
0.3131933206856219
0.19570592070371284
0.8764882083684631
0.8476719363189222
0.3082853325275179
0.06838499064454351
0.38841335676650024
0.8922706341507489
0.32272735930620144
0.5241474398068489
0.420528150011547
0.39016386568120676
0.9919452673713209
0.43111572412729493
0.9845399297013246
0.25833981499056025
0.8682598351430859
0.28923163722657996
0.9192176474600577
0.5799903757926239
0.2568118094923222
0.09142286948432843
0.15294093928697783
0.8838824862071417
0.02407666489165905
0.5804832649010061
0.8186611896472007
0.3541881004421392
0.5585302080737156
0.5879985824994987
0.7860980354642324
0.4709161865849807
0.8609418778317441
0.8983822440341458
0.8160572986268697
0.5285877450164527
0.10408896714191007
0.3060556682912936
0.27120265486760187
0.8441808942608122
0.6239391638932743
0.536182192740875
0.8819131747450621
0.6160125330314197
0.8186623951339875
0.27579156078638567
0.9239637210774354
0.17090779257589372
0.5872483892175857
0.4178963900550918
0.2937265153398678
0.4652595458856461
0.6763920168566209
0.23372697315219004
0.3989657332989205
0.6818631203094028
0.4684111970888247
0.438582080118711
0.6244137395203966
0.4525821478500167
0.8897807669721796
0.04969592547627344
0.797210018958936
0.5767754040124731
0.3587580125249692
0.990184665651052
0.7603348347635168
0.7970810511107056
0.5489695668301724
0.8416396508772952
0.4977103248315986
0.9491595886990483
0.25613765002473454
0.22785480049555296
0.316503563758719
0.5612615536208274
0.1775158869059228
0.854929653964986
0.1546715837392756
0.31801222798480366
0.1122640254821603
0.6517946307222544
0.934594309375294
0.8507597540862171
0.46625774318825663
0.1580323478095882
0.5341352092466729
0.3996052861809354
0.7759368971127247
0.6115472623231752
0.17985992450436683
0.012758198009827026
0.5638017320858117
0.13579960691723425
0.22377465357600435
0.4276210883291407
0.6211864515631815
0.186911937550716
0.35628781497875495
0.3798907455983003
0.986824130144135
0.14168811355091804
0.5400089478759844
0.43490171956830515
0.9281272718383351
0.9601517364630068
0.8896747982259223
0.38006954938606285
0.469255082788296
0.4301651210438804
0.768526115301408
0.7856505608703817
0.9454886958768216
0.9755669003799461
0.9354214842139701
0.13502087797932316
0.4340866526653804
0.8020442548522912
0.0876995117658923
0.12359563750571745
0.38871835188978276
0.8676127886610703
0.216416803531297
0.6991820466197856
0.024954022230790684
0.24874067905767894
0.6417014061828925
0.5516325712755963
0.1483687467865662
0.7580547662232704
0.4139260257694757
0.9853604830292113
0.009052344422547653
0.7505480326333502
0.7723777270841214
0.2739075742755235
0.5332149237281902
0.47835990298252606
0.42359096137853447
0.9371874344792586
0.09536853917839383
0.9798825770859976
0.01912628389105997
0.2658022396568136
0.2927368833998274
0.5478138301875928
0.07676603441234153
0.4395478755992226
0.47125896892221664
0.9193679227473917
0.7703691653476077
0.8509165067134119
0.5304780392966411
0.16556888437493011
0.0642533830382912
0.9445265647830685
0.7976939634803981
0.2782000533392963
0.5736709663260224
0.8331873904451528
0.8323087201418384
0.33563534712120346
0.3014669027545964
0.11474635280471124
0.15814642275670265
0.9368152759450921
0.5422137070700137
0.8681909625617406
0.9171055168349269
0.7118291077772174
0.147474065692917
0.5437602559975803
0.18259087036274035
0.2823391685406058
0.9701968589343719
0.9201576685045729
0.47996014893007977
0.964536239206055
0.16958036362232254
0.10204067544586448
0.44681111584844224
0.7401422709565939
0.25056659874855414
0.8629579739479367
0.9721788367134456
0.2565026475819021
0.7128522472558492
0.052849228900511136
0.1444610442606824
0.7123937182284537
0.3476351248044056
0.7656935598998924
0.2097183136204619
0.4354234953207319
0.7845477584790372
0.5462950993023945
0.30294568052946125
0.30374533806349713
0.9119987746213369
0.8334418825807319
0.8214001947139198
0.6279990520551268
0.716133097431507
0.8256261071297102
0.2618254642253224
0.772407677097352
0.09647184100315043
0.7465901908488908
0.409357876974054
0.7579059695876555
0.16849335152617284
0.5245680360198515
0.8335036735759371
0.6366706877241171
0.23726637113228333
0.8103782335925538
0.9317990993777656
0.25853513027178754
0.23179955335637858
0.6564519621272773
0.8825337710166652
0.09180673636284897
0.46661338679434183
0.42394388429182506
0.3290448619732582
0.7645274253928596
0.06789626117741232
0.5441329784326712
0.0065619254446176445
0.25406840016725973
0.6396337877715845
0.22799025835107178
0.8197390855533766
0.09616035168792769
0.9981814863575393
0.6572047747969048
0.7479900212065627
0.3546868843356221
0.2918674588902064
0.07884048168310698
0.5449027134567728
0.672971475807544
0.7209743156125361
0.6665077644567985
0.6206515038651002
0.07682014716363916
0.6450524522076282
0.2812228504948764
0.5359820844603906
0.3588631107929665
0.3281268495922629
0.9091828700093565
0.7921406286430477
0.31351712127433373
0.8741562539555532
0.9260018313837524
0.7358346505184488
0.48512146861683814
0.3120842505047363
0.36560172472571173
0.40067439171949304
0.550751390639296
0.9272044087294153
0.23124335823359
0.7663612471881178
0.6359988354593429
0.9409798022782201
0.13070539244296508
0.6171659880704758
0.20917067126119138
0.6826378501263726
0.7451367621136984
0.047318102229450654
0.06364001603819336
0.25793436092815325
0.7851230000134239
0.9420142675038972
0.5298566371284796
0.21965854218308412
0.744990117751446
0.22430119702635087
0.9466716739755923
0.4258854604148401
0.16915131529538585
0.9333858595053448
0.2005783855840262
0.7220998517488726
0.10417829938472178
0.8928957837637037
0.700678727945619
0.9527305704961762
0.42969534688701505
0.6247893565964697
0.4219560986927373
0.9900482549685428
0.467815167405329
0.4158734177536869
0.848143693944069
0.7633675823523278
0.29183570939389303
0.6697933236853542
0.20650495168878935
0.09428869801934714
0.3869670204055147
0.3781910126011392
0.43518156360999893
0.46297260585422517
0.9934712742347263
0.5729793281455968
0.9301599746019
0.06271925038377346
0.9010549481710157
0.6734036086415833
0.42458291367320133
0.08748646758511502
0.5066025267746803
0.12075403935998774
0.8369210093777648
0.06478553681043242
0.1476496434804091
0.9556085929847242
0.8457046743537757
0.7131892254246377
0.10766538622357658
0.25149215546914405
0.05272073722316173
0.2335977985966935
0.6259719703138698
0.5155236880670533
0.6339189069367785
0.5220470828577608
0.15045246317212668
0.47590254010053945
0.6338669871170171
0.6803418884169148
0.9723019553800893
0.9431467545083947
0.46734422341995985
0.13582448672893177
0.5463777630069064
0.4753682391327734
0.4536988162127811
0.8525217889587431
0.27678631064692727
0.9917520804961575
0.4243723474198844
0.5903994838889144
0.5002290438141086
0.298024489362267
0.9941904766100289
0.6794677957960318
0.17229872854385708
0.8659063724220675
0.0308217296504969
0.005338323540061696
0.8613555582277244
0.2857301901446001
0.9888705690827324
0.692689300956127
0.8847680292566877
0.12302813442703742
0.13381515343166006
0.07395567958966232
0.25935510744373413
0.16713893714405703
0.5420364967545499
0.16490169767599117
0.8599804740307202
0.9666095125721597
0.48406271785154376
0.0238624225965407
0.8056537269333164
0.260070502569516
0.1989055580355139
0.692000418958916
0.7351241990941839
0.9667876438595153
0.9915553627934619
0.11956142135891756
0.4182405682130552
0.5020327143914922
0.6213363891860966
0.9746783840537714
0.007139374578918556
0.6980659181311695
0.8773465959027666
0.6414647445091084
0.7409023050814403
0.5359669387129606
0.9163475134230805
0.02138332923417563
0.4228014583569717
0.51558161938533
0.8900527004463967
0.6984432258738169
0.24050655362062034
0.9513915885826243
0.18165546083442208
0.4887766494089272
0.13778616875771998
0.42229219013998076
0.9775598244023667
0.27693203729961935
0.18677223183459413
0.5902477127092955
0.8316931022546152
0.9034565923166957
0.42729572535596594
0.2209199864574487
0.5929509022565698
0.6405917131658796
0.013826851465421397
0.02859858873829091
0.31145451020508097
0.662504749571657
0.8813192153457696
0.6010901200679197
0.5989849435935395
0.39460137844887644
0.5844887223601147
0.12218389427476661
0.3600016696607258
0.5382488296320957
0.41103962290223217
0.4257777140168546
0.8522442630902924
0.6033053033126892
0.3569311255948848
0.3812611210974597
0.832631191168014
0.569695248323512
0.48440733498192357
0.5574515276039529
0.13450989926336132
0.17483620687515367
0.7434412494867102
0.4042991019036941
0.9027641695882707
0.17730381197905687
0.44629731532323125
0.3960554293959102
0.5077269451392665
0.6953981023150075
0.9333883241515715
0.4363138413802867
0.6170558479268451
0.011305654035064672
0.10743907552319842
0.8589314537938857
0.7339104373325605
0.8501759714294588
0.28968859248287404
0.6772146516803124
0.31200325057491307
0.670652046341428
0.2783175694831801
0.45247803434422407
0.3271338033311353
0.44935555219332435
0.8712781253935773
0.5072808659637329
0.66581701976641
0.4964598810047929
0.9500133852749288
0.8100849247540067
0.3778526201420409
0.13759177299889647
0.8270571147439976
0.34532932579441455
0.13594536426715975
0.1306464305725319
0.552796534746125
0.6661526858081763
0.38934770645148387
0.08017497390664308
0.1565764594149921
0.602815213130059
0.1469394333542926
0.7346255548029257
0.035097622179498966
0.9431428140978995
0.9579629842263699
0.6110081099959064
0.3563895731768585
0.508963672945556
0.6383509083094361
0.04931150048329114
0.42797172028353736
0.7417452582955499
0.826360305553979
0.7723774105450059
0.8781775309747646
0.8015924458720132
0.9500405720673362
0.7623069728608955
0.36343996939883594
0.257320474686598
0.55169836957194
0.6814970402390383
0.011702908293770298
0.7530257002616292
0.3429124206017502
0.8759816314002395
0.27752116205390864
0.2912475947232378
0.7167091601282141
0.4991399454239345
0.8186621636155964
0.4301941144989103
0.5313209058511141
0.5345358432347853
0.750410110118958
0.11870945542488776
0.8133725596745394
0.7763900351313646
0.008733394263612082
0.3915397914718439
0.629336983509466
0.14669243784307318
0.7042590142706002
0.25501756877958015
0.9008882216218725
0.8115058302653932
0.7458809388266614
0.46219080278560165
0.2813573534333722
0.0034554376621083183
0.5188040956617435
0.6594480097618527
0.34351059254368854
0.16867357489843737
0.596563321381284
0.4654561533592527
0.756714361099778
0.38399188429788933
0.35610309597030443
0.8199299859341049
0.33088137492647207
0.5087388746890624
0.07125414963091914
0.8105976293192763
0.5171677730218858
0.7560521245905198
0.9378775112326851
0.6560551699273622
0.7539899529086278
0.7332521484070305
0.15861050231005192
0.6741363125032631
0.3264490007743599
0.33128653171878586
0.04826144778621955
0.77921119620594
0.08768706341546073
0.9476898074084041
0.30085772979948455
0.5578652340651586
0.6373932808621243
0.6934268025211849
0.12439954948192167
0.42463669476477084
0.8430724660921078
0.7455418791594399
0.24731220618358107
0.03476672736379971
0.8401489126262243
0.6899973545230105
0.7101397553125575
0.7292389508307191
0.05402088418905571
0.5788159078747281
0.11139503953384056
0.23965371426414062
0.8718044472560749
0.1955082029676034
0.11489853527927263
0.4856064548673966
0.596902816164113
0.14780067142624076
0.17859502217333345
0.8220759426050377
0.306799880073894
0.037919945935105615
0.35307924129894697
0.6967654648143351
0.644170320951166
0.11654904942007849
0.5394398198007433
0.4820798696443831
0.3293675927274633
0.5107162865805082
0.26990364858702454
0.2284402223869888
0.850845768899102
0.5761951169951518
0.4261297496144758
0.08934237526993494
0.22829396100478117
0.06960283892235952
0.23258395559517409
0.45986202910663887
0.42794238875865065
0.8771855879721318
0.6570906431876
0.07863644051316476
0.901378810490556
0.9940981006553635
0.3244251923137025
0.7807428711764615
0.8380865600521845
0.5336069421378511
0.3581130996065147
0.9779712152683699
0.9426266273114294
0.5281057281867467
0.6239614411329013
0.06531405689539826
0.8618415981793659
0.8979388021223267
0.7574308346538665
0.3362959135252632
0.9851744642763327
0.17615515503262547
0.25544836406540306
0.18965809438522863
0.8477716572328151
0.1408399897062036
0.10490225920042762
0.34434454044069285
0.5032139704336385
0.9456860088194374
0.4519809496956735
0.9237846864267487
0.9614028307600968
0.2081455099903753
0.3210780703136902
0.2610241046916255
0.00990413929549594
0.3391591778222671
0.5877613723648991
0.31807874927519353
0.07399495194157879
0.9814376543185961
0.21115264652435894
0.3856068233215044
0.12111354515528072
0.3361523940346911
0.7569626039157293
0.9154317991165748
0.6062573769715764
0.6204251462154322
0.44966254245727866
0.1683574071061249
0.8250501288072098
0.11151068797040686
0.18222515556653818
0.19858016067351913
0.666110589447976
0.7927715402731828
0.6081918577216585
0.8240922684648537
0.7655673687948696
0.9970490964229672
0.015278604425318587
0.34450956084477613
0.8391444081297834
0.6224110269543564
0.7240155998325701
0.3317743788531746
0.37125399186920816
0.02144480144926386
0.53108729513955
0.8200358967654755
0.5717060811794978
0.02408525000070383
0.4903232446033079
0.8448508664864198
0.27448140623935857
0.3052778411731223
0.32460067056803465
0.858110047328565
0.040845456403385993
0.15515889158233342
0.12046766488227245
0.7838305482113992
0.8601851696202651
0.2683801712363072
0.09094343334809629
0.9916579333534361
0.11906776176122924
0.3640381984094949
0.47513679094545114
0.4336162460804902
0.8865431453001593
0.7452524474356435
0.8760135119340338
0.21752168539022287
0.6818364984768961
0.17002840624168947
0.9611940848302474
0.347106850768909
0.14206108369756332
0.36034723328734586
0.5028754791643641
0.863276037323705
0.9853020458688224
0.4477840283226322
0.9960180044224245
0.5075079329529368
0.5235251202678293
0.20078024848392917
0.3735240043264705
0.45641318390717633
0.87542174349219
0.22049793284893449
0.5707169600379993
0.4946505694490855
0.01590012499388216
0.5107903477479319
0.6546272221177871
0.027979362046567813
0.8201710519679055
0.7109564557162595
0.1401770390644128
0.7883094990929802
0.7462267101592981
0.6582311166592392
0.6869628179666498
0.046216370601536605
0.6199843603913178
0.13924724709761915
0.7418304407770104
0.6308066818487703
0.18087258457763644
0.3815350363505221
0.8800165781039371
0.6172059325030415
0.006859354981550325
0.06569747044710872
0.4719525201583141
0.4439359960355196
0.9737533326711156
0.37007893774539613
0.4075554563353645
0.013976811837484115
0.8409063612295642
0.9096056024413757
0.4026053192014136
0.27025255668826276
0.07202974908074888
0.5874744408438479
0.051119152358185094
0.7652824718324496
0.9118392816704606
0.6505915523284442
0.5546044198863842
0.1713542052415271
0.4370838224770721
0.3697016857761335
0.6930628108468884
0.8629218994198342
0.04458533056262093
0.8548418510271452
0.16349671992947012
0.5041375698815422
0.4168679591045594
0.2920366347552361
0.17670515272812115
0.32511741582636344
0.9894535324939482
0.7745704627005898
0.19285828924207404
0.608702590904826
0.025099116185812065
0.29826225344919477
0.8962851641556382
0.1711946359558878
0.1448327088943604
0.7394539399460616
0.02067725691763278
0.6549933709447839
0.6960089300803429
0.1724384288735814
0.01262909805611323
0.7816119241444288
0.4875010062944698
0.9198804778785208
0.5472915164266834
0.695701353950325
0.7958004610996878
0.7827846338956139
0.9929506789206568
0.02571561044036441
0.6634877059025084
0.41288950624952636
0.659653298042695
0.5676662803937067
0.9108221555968838
0.9234513516021008
0.22077566049411668
0.04878319434870804
0.8038111959175887
0.15521731456062038
0.20052425169213195
0.3147990514995649
0.5656213995555655
0.3682858995796061
0.45073281607191684
0.26096678727843536
0.6812394440174014
0.2569507171731935
0.5322630471024996
0.6374586024934126
0.7050060788873576
0.0027602820757730573
0.6672641797394216
0.7229972017949085
0.5212397089973364
0.949297648950922
0.17042008506718687
0.7634154001925879
0.25133381668727894
0.4889132988258249
0.010473873036423331
0.2734086810203973
0.29822874366384866
0.10270982704320297
0.7262918865664221
0.3557110718756016
0.20663995825177106
0.35352724812355163
0.9376390225106181
0.21272887186967737
0.32490242185524965
0.3786475939818805
0.285924466365421
0.20581785411509324
0.7113191671682799
0.10229138813881744
0.12489059651567658
0.8970785586056405
0.1096255012097378
0.29029717101963093
0.1964637000525784
0.9412446941650774
0.6664464412287241
0.34952424599904686
0.5166901862353728
0.8660657726114287
0.3218475612631557
0.3393319688254277
0.844146352231701
0.699373878833704
0.7467910790960357
0.7073516444011336
0.864703314099311
0.8071585450720082
0.7677583770782033
0.05058681396220943
0.43425366764623297
0.7534918040579437
0.17210397996802418
0.6924146755846237
0.14420287128974518
0.36368609325378265
0.7258192865725897
0.015033157868917124
0.3253557406168175
0.1460065655645253
0.7103280623725294
0.35415299440820225
0.04398376014458427
0.6035889861658266
0.3550374965853462
0.6624071615003748
0.549242880993325
0.0002315227052058777
0.9380565327638908
0.8057836175303252
0.012026062720132069
0.02727439478768945
0.6836802112855156
0.6999099233649593
0.3158411161713752
0.685030346967316
0.5274874673878875
0.3708279599765085
0.4051273380031226
0.7580701420958107
0.5426419301619769
0.10251686698241813
0.47200586516902154
0.8593746992324462
0.05437035484554631
0.5388244145352874
0.3464522503989349
0.8007678961918658
0.04369563273032262
0.3176791706400972
0.7552844879423777
0.6420219977750681
0.017503339941376872
0.628585072921289
0.6935223287363599
0.6795330792052656
0.1474961300167923
0.8210988498009046
0.044445082108844014
0.8817227741783495
0.5981800500997543
0.19768363186582483
0.10362070768662757
0.30816335441853293
0.3870016544858257
0.9873517545779489
0.24727101775979432
0.23800343716408845
0.600499204546574
0.19993485286965051
0.19117898003961442
0.42593150353851117
0.44081040231188795
0.1441517623108961
0.3460195943867135
0.7070734107235088
0.6228466339237755
0.13840926156883837
0.973058496844438
0.924910139303359
0.6881814184021273
0.0461908826250248
0.3054872697704796
0.02122578118318197
0.05424032851933469
0.2732847642565823
0.6014124315240841
0.4956760044722277
0.4248444413942525
0.08105991279304292
0.44124803726139383
0.9897275446801463
0.9364729633578919
0.1827060274400647
0.27625037284454557
0.0535592668782201
0.940404170499342
0.09928253493706762
0.5122996214330098
0.11338786064595974
0.33631876312911646
0.1812981599583603
0.056083819126771406
0.039980764022136794
0.07300125559803727
0.33935894710011505
0.9363244826188075
0.2362848773029933
0.7537470518431542
0.6898583537709075
0.13403143704526888
0.7470451842062555
0.5994238856306902
0.627736359217606
0.09254362285044815
0.38476145877156376
0.7203951634719501
0.293485279588527
0.8191467828163719
0.6756790725863824
0.3703233599821629
0.5717598046556744
0.0687289579795416
0.4465281907741361
0.8288741747135617
0.7284407572344369
0.9609766548434602
0.6343671872306964
0.49774204401263566
0.1908635703722088
0.6141885778683136
0.34102166483306395
0.9651399512658341
0.4933427729920299
0.7194793010548337
0.09540255376603035
0.5555203958468251
0.7146407179461287
0.10594274988402841
0.40037262237223503
0.5399956366342356
0.818212683036255
0.2348653142892283
0.9517293566481062
0.8984267517504707
0.9110008471653812
0.30231771808269503
0.6086086369822152
0.8564465618655197
0.6514597433386038
0.28703850546461185
0.2680296167747893
0.11485861268937425
0.5468363805757972
0.04668121150306748
0.3391316114717682
0.22241268118035706
0.6429322656732679
0.26530705683637934
0.09692436654378445
0.8040531964803603
0.41644487154536747
0.9322078931542406
0.2775938792719137
0.8374316089850538
0.7022775263219629
0.09806105774885965
0.1354919973276203
0.22796522561061594
0.8506724527214773
0.5772669295599733
0.8888478119550762
0.5179241965576857
0.23608868106197645
0.09482409269851932
0.8594721572610047
0.05973034900826457
0.8431462908064051
0.8048034913956454
0.23584736366514858
0.14610025781635527
0.036643551481097436
0.3508263190419434
0.1541825321214152
0.20937363886587756
0.742260908150943
0.07561557863314228
0.17494048410397434
0.4079438214597473
0.35782743737531364
0.5333070333623289
0.3214782756249621
0.956688679715574
0.45719147762701096
0.6028601990007025
0.6385932591939096
0.021799091023918082
0.026521615181234637
0.04512425155427158
0.6352390280113906
0.43099789752042406
0.4546498928572369
0.0463953077517536
0.8147995814501128
0.4496911985650227
0.7718865683225182
0.6211117110208908
0.8210403985542303
0.38273581383694766
0.36106264396174215
0.3723006723496054
0.33384140277128704
0.0882867996341643
0.45993977255028673
0.8211901099049077
0.8297711191289259
0.6066843892835012
0.2439059573202298
0.5837810130061665
0.4655630758978817
0.7287156690559033
0.3083875041504973
0.9006348895387166
0.5418524492383481
0.6671768403331895
0.03765522129609522
0.9541012606635866
0.39609056312297763
0.718910369241625
0.5182722786262841
0.11293288442367322
0.3473023467943437
0.2843168900683013
0.4255450376798704
0.1419479843623257
0.23779182235965823
0.8466326889518618
0.11357337504107479
0.41750920278532266
0.1014764042175853
0.6711964553470173
0.06099074747024291
0.656319765667098
0.13486762789023943
0.6613380110264964
0.14498026535069974
0.1733171111384868
0.07477940775338543
0.6104889723142861
0.48781109699011305
0.5398174885674285
0.8399444579438431
0.8982496393514876
0.17049796958086083
0.9075657864279401
0.23203975036661806
0.5117999842240886
0.8315193012107036
0.8220463416758559
0.9510228884150682
0.022580893622230258
0.9106792979621305
0.6770226300204065
0.269516767670104
0.6833226804993784
0.4890270105680756
0.40567319432782445
0.7474024100294925
0.10453745017696092
0.8780716033411677
0.5464126118120134
0.24750868495473122
0.9807158976645503
0.5259123126352998
0.9538262511311459
0.2679767949271066
0.25473690896454704
0.7433718139596344
0.6919064902242038
0.14378132751497508
0.51745902601893
0.8330732042165248
0.5580693658191049
0.06085867905511555
0.35333934894341734
0.6865709260443353
0.051922233194947154
0.5681925959924168
0.6366314725926208
0.9167591127067913
0.6606010924524823
0.9415589833938267
0.5207727847143453
0.4110528448635
0.3699113747362446
0.45488304021927206
0.9543905409212567
0.5397146846388938
0.7959865044952918
0.9627402751177883
0.05069985006364974
0.9090081249650246
0.09298691154204186
0.19151759284502656
0.4248121725693048
0.5647875400546964
0.8409638902401131
0.5349321687977158
0.5559083517000214
0.45519287369408445
0.8400360258860924
0.15941247129425906
0.6467724210895764
0.16473410203193106
0.9265989709664362
0.5225302275322974
0.9170751919410274
0.6642463847701172
0.42063709512017255
0.4224310177820745
0.09862874792707199
0.6063265883746782
0.12242734029804891
0.04118088426678934
0.03539692012121565
0.8474174877850036
0.921752587657217
0.3485194141078638
0.18606403814348926
0.2621243537266795
0.106054074347818
0.8059158366740136
0.13265006709897587
0.2417604691801689
0.8226264476710328
0.8152847705767727
0.029753577275085652
0.5336368882832758
0.07499328930838356
0.42831180702453553
0.022863557415565783
0.6014136089113395
0.32875505238919334
0.6968259401684478
0.07640662095680462
0.18982342624260862
0.6487724146462788
0.643605357658338
0.8242020263977627
0.06720425257978135
0.08293715545221358
0.12437580600675568
0.3664523005251288
0.32923745117708725
0.07264719916963447
0.35264007907380135
0.9630243259002513
0.83991250254555
0.8882492962671185
0.2890861885735285
0.2876602290343706
0.7897129989005574
0.26448652074652856
0.35038704997418035
0.40148044230593105
0.8999977943052584
0.581892122446648
0.3809886149003425
0.6770097461447497
0.8949758903224387
0.2197023632859345
0.589910167231976
0.48966117307346235
0.7455841520497111
0.28490531219132786
0.5832840235659877
0.895608742507038
0.5831095301590152
0.2461045161290223
0.9552427782020334
0.13137741804637648
0.7019616031388607
0.222395535399182
0.4797868847870288
0.6880190324442232
0.6222186494413482
0.1270295768984906
0.2628971306798922
0.5322643943987178
0.28976690942360794
0.9760142206107068
0.639807467590261
0.8819340183877777
0.08790610869577442
0.9353472375330827
0.33218413752316267
0.416211018675523
0.03301714859279259
0.01088683128729473
0.7669538529363937
0.8970655049039189
0.38223782165951903
0.1093405046310072
0.6605850840299381
0.7115628393447089
0.6926994802696846
0.6068120434931277
0.9194278689177819
0.8194820264619775
0.9970301132683295
0.036158936132415054
0.886733164525418
0.9065848373557532
0.1389002654953484
0.8926099934169707
0.4697127077959933
0.8880321615213425
0.06035442480478115
0.28465626945681755
0.4359127553274338
0.5676737552551343
0.8248933756098518
0.8321239399121623
0.8612099623395186
0.4679741192066049
0.6903244017931931
0.885667601884937
0.052260979583663936
0.9335670781517327
0.0378196367855812
0.03410530783740118
0.6614383916840665
0.9807442964649635
0.8024445420531721
0.5065979713189581
0.14926642825395153
0.409642786827644
0.7407304668624795
0.6024077798820664
0.1962837441545373
0.2620131718507064
0.0456466652669385
0.16307708003305232
0.23985333567707712
0.41899194050270006
0.5206380896131007
0.15558738535737082
0.6219737192626595
0.5664933797002685
0.4963878763808738
0.6611099550449024
0.3939382903502928
0.20842856082206462
0.5757412068948169
0.21400098095159326
0.33718045932576013
0.5088479084444328
0.8654719960971073
0.46558202844040264
0.6332944664624189
0.7626149830034012
0.9981382620322965
0.8647430393769284
0.4341436267461498
0.2500242539980826
0.9073119057729828
0.09900431946132127
0.9122382669131317
0.8736875123342325
0.04449357251439623
0.39739940078084124
0.741939476556084
0.9283097265805715
0.922227528232131
0.34499532297027913
0.576711257074074
0.09606359949834586
0.19060297738507948
0.46717099953937113
0.7642628550979202
0.8515499133295501
0.2887377755253666
0.8440617425554033
0.951768176738039
0.03357731267341535
0.951373377901304
0.6282140339446347
0.9856722570399798
0.4620547175579601
0.19938727766756692
0.1887771986397051
0.2862492602966278
0.9780072736102303
0.9481613296261373
0.4279479349765596
0.17208876457459388
0.0490972473240856
0.6286524240886635
0.6614430160226783
0.8155084733760347
0.08444225057241606
0.8113589932796454
0.7445114070265062
0.5683817717616433
0.31447166223937284
0.9657169317218226
0.5025908026385024
0.2248254181876641
0.8305984604036061
0.42902306215414376
0.8890971425318122
0.5723854485807773
0.0754544575692424
0.648853387622528
0.2878716868621778
0.47649948835419265
0.049353257632202
0.7269575396061632
0.578213439731668
0.7365596441077631
0.10008240588126771
0.15217622095492356
0.3776023762682521
0.9688076055411918
0.5416724894508498
0.9287482149104218
0.7758271518353284
0.5898260790439998
0.9430793367211348
0.17068914426992565
0.7676859481609031
0.43934918816605983
0.331310551384296
0.14104327446931553
0.9779378591871157
0.13517806523064158
0.3895051248015078
0.6254796238383917
0.20996537912472713
0.8366493847041165
0.6549162879157935
0.5476390835752132
0.2640229029946648
0.7797743615274308
0.8598513438230706
0.32271954413009274
0.17428156341335543
0.016587816611195016
0.08397147071060562
0.6477349506298573
0.3113023932078829
0.08257811889530342
0.5898999436875652
0.2762081919696533
0.7974527906848377
0.1943387316192382
0.6375137295423807
0.41933882546170875
0.1255642007120521
0.825913806065854
0.9653194246940271
0.9372534535528756
0.4310651358030826
0.24871680442943256
0.2437268587946655
0.9431251952916295
0.38968177757294753
0.05483822845131092
0.5223932388443144
0.25710752246316226
0.39816450495599387
0.956582718615425
0.39966932995275894
0.018735255708460352
0.7657946242374434
0.18790734525421082
0.9482074313401281
0.8163884929344252
0.10151294309538383
0.8491201953132832
0.1540172453453612
0.6732860051315421
0.7415410586382258
0.6855294536042564
0.48097271421733767
0.9891587253386485
0.6758709903895759
0.11974420324531576
0.42599952668549435
0.8972391608883574
0.027216013318080545
0.25942002266136255
0.6031118817589987
0.5788867280143062
0.6908845056739537
0.5470069020626354
0.9863978750109583
0.26224233896198856
0.6401072321932668
0.18032117739013143
0.8754483819343302
0.10966793826842514
0.5813633651161914
0.8347781093185933
0.34394139990571815
0.6281393321114122
0.35730385034145384
0.050926155828541875
0.004458628683166044
0.9898314452816195
0.07983731173603781
0.6457036206045557
0.6270054808297874
0.6604152690362037
0.2950792594822671
0.48687837352387553
0.31180105801358127
0.09894278594566641
0.1448910963376877
0.2985714984360057
0.5794498197431159
0.8147819728740868
0.9703816496042081
0.41763099911241497
0.10829468543141574
0.2457167453122735
0.17032420398574133
0.5168125229383422
0.7267303069700404
0.22279917872899158
0.036414199694228655
0.7463469455695033
0.9465948279326106
0.13433844078810586
0.9267930653554062
0.1420461421190684
0.8986560784112876
0.3657752768062912
0.05974457422710233
0.9147431665437682
0.06596172711492798
0.9686638174980133
0.9846456016229503
0.48671323673452616
0.15930454188288157
0.25809211674900756
0.9653639938201801
0.23748451901257295
0.755777417805779
0.9444512617135434
0.4462238116661248
0.7315211005785494
0.4206610135959732
0.647274853610172
0.916245781880743
0.37753684868333304
0.3781899022006836
0.9412287243142659
0.12234807539126114
0.35809577637355394
0.6047355397640075
0.7157812688302354
0.4029276556788215
0.3479631729777102
0.18487051380496888
0.08175817421770737
0.9608980495467172
0.7230841020315801
0.3822703211367704
0.0741755772463859
0.2777209610422975
0.39801470105025083
0.12897634354099807
0.8505598463792059
0.09808389835985354
0.384933026623963
0.6678307798468579
0.8072221087116935
0.9598035110323697
0.2300002550802691
0.49151972191689275
0.7753564667453419
0.6041427383459399
0.5807813117568106
0.02750158879161857
0.9646977795387606
0.5952437688201899
0.803675642621769
0.18779011452691807
0.19336930766486904
0.11790956783172213
0.4823791367129062
0.47162292799955896
0.2734988650386081
0.36649607187120314
0.5382818697554554
0.3699383504987588
0.6501196252602917
0.7803983065086932
0.7793366191312276
0.4448814610155618
0.16856604605666847
0.3012533891487814
0.5352330671516599
0.4268072468479356
0.23623986093817817
0.6059600904525135
0.26475797732347184
0.5166582650352065
0.4021752870717765
0.9207351235462953
0.6544707843713542
0.6629219136680684
0.5821615131211777
0.9809657400303629
0.8183524129486128
0.9095781782266723
0.8608589951938921
0.03426551077638362
0.5715567667135573
0.5292598009995026
0.2345728462067478
0.6769011677902477
0.0787053219786249
0.7056480393768967
0.2852942502369842
0.3565451815830645
0.6061993288064385
0.7378827948262938
0.756861731691576
0.6713933234796012
0.031786041091512285
0.6127314303102553
0.6473823889935337
0.3471270138246725
0.1495571799421469
0.3810576873929883
0.15316368071903885
0.9390704381495873
0.6364789330281411
0.9758471516376479
0.19727645595885934
0.9759888354387345
0.33004433182078086
0.5034641266704285
0.32395802178236166
0.6086093524958709
0.7873772965569923
0.22666674216744553
0.6538898312458061
0.15280423658016273
0.8609221421865156
0.48000767152809853
0.9033192062429096
0.31198630239897884
0.19737786855648753
0.7311725375937188
0.014974336461014426
0.5474656528847726
0.8021658358162975
0.7887645400662235
0.6988303008555801
0.9677009663707363
0.47511341650904826
0.13270156042719994
0.647143007470262
0.7243573950865054
0.7292933215518691
0.23753919864175832
0.17730370465094558
0.853893861519406
0.5421579888032579
0.8742031109221409
0.8942318776340701
0.1485093972750171
0.7190938992902285
0.24670817668127243
0.5661764114627716
0.1729043436095854
0.6112883268927061
0.544249317323602
0.5326241917844936
0.09769307117569515
0.37286532732292077
0.38234506908876753
0.913832406748408
0.9239475164511126
0.7264415478878661
0.5960305561948798
0.8048444898269338
0.39007786627129426
0.44607736508465723
0.39234582215014346
0.8386379310461922
0.46878098997723505
0.8000502185746927
0.0040016893392007535
0.12631893965709828
0.555450387367429
0.8403401796093677
0.5796044252487058
0.9319571472924921
0.8606086390701329
0.7948063494304645
0.8573000322272142
0.47366819208085786
0.17745559767639785
0.3171327306880609
0.07541319293054394
0.6016223770117555
0.7736152108836414
0.9605060570997606
0.5441392479824365
0.43772734695764304
0.48963278771412044
0.15940831914839748
0.3092770008844532
0.6886144210134106
0.42637836288485254
0.31313841247583096
0.27372704491734523
0.6079443546212691
0.03084876788482971
0.5240865888700954
0.0807606528555036
0.3382696243498704
0.4611548688182019
0.7557030416187194
0.7936035973170925
0.6968569414073662
0.8462026200783614
0.24222720684066767
0.06465122861083605
0.4339472569718328
0.29202144973087374
0.9247286385448927
0.3783667993792035
0.5041699358337073
0.8767750531554335
0.47673286219682187
0.5965558259331067
0.7932299716196807
0.891953917041272
0.8206659834113821
0.4263212084945387
0.24328484758753888
0.7220087138640878
0.8010078884655991
0.7556018476822262
0.002554771761558605
0.9052130384235131
0.042743701523922706
0.16241348973074188
0.15994239842533986
0.8637008484444826
0.2712767214473164
0.7277734062669261
0.5271018091347306
0.1535598795941464
0.496246203601471
0.4405863165923094
0.06928490131594356
0.26900096180427013
0.9050342759994565
0.566043741226046
0.1562507125846706
0.1047217313682236
0.5557595969325351
0.6957753791673851
0.1635658707143035
0.09519882528424373
0.2082855409093869
0.8221801134425373
0.604429829662416
0.01872029295696187
0.4843887008103904
0.31063213689162517
0.9250031896109758
0.8929848195067775
0.2990809201865001
0.24586786295497642
0.016706409643476583
0.4019776703994482
0.527119712492242
0.37131109599533874
0.0864685448910103
0.20628911285747376
0.9657625369285199
0.8006219900162781
0.643292034319384
0.9870281369299692
0.2967040600869564
0.834652367089715
0.13730795086846648
0.3123428798141956
0.07626601740982619
0.750527262805375
0.783147321589206
0.043859717775011964
0.34772788938245447
0.9919156638195692
0.07013351683123203
0.5466102840060771
0.4500347322287277
0.92652058618957
0.793185063127344
0.21145633998110602
0.43381488290618586
0.7966554824383767
0.40415703694483573
0.5246088414967314
0.5920124780344076
0.20214011193459513
0.6689105393180976
0.006573256330501431
0.5279146211377115
0.1862573996496275
0.705351231184203
0.06799599793133293
0.8709861574799931
0.4131626059439799
0.5200777011806956
0.3263647316192524
0.8582205760991488
0.1609908786180969
0.865484883561173
0.945301681023454
0.3436814243820321
0.053129498353079674
0.8243352047352295
0.4826971243208156
0.9289116582556967
0.20803728945366018
0.928642854356172
0.5613223372970733
0.4185485572276544
0.8969557000958681
0.3264271098084406
0.9935562220581646
0.22637169625522668
0.8809007274757112
0.7270817977849167
0.736537792129732
0.6601818868382661
0.3174014545085295
0.6147724322500303
0.3192925473563153
0.3548625342993832
0.9240856010265317
0.5660760411275689
0.4480725310786853
0.734763148220063
0.21893404977787423
0.20175167447664033
0.12341062795973246
0.6681233359181946
0.6003681490084087
0.7948491369020949
0.26634395698269797
0.12940929214711994
0.10033938476229776
0.12069763578232462
0.10199393841509163
0.4886958007196882
0.41158484935593354
0.4720451144254256
0.6548639625034844
0.6459080369093599
0.3262944481901484
0.7789827997380265
0.6070943366380648
0.14836279497284877
0.8787930492263463
0.21796435526617786
0.41502834224638896
0.8946629569678568
0.2104525385473215
0.7288689798735579
0.039537850109815365
0.6591103938993008
0.09523029123814153
0.5586128385170788
0.7508368761408941
0.5264578655378755
0.8602535533400328
0.3868147028695923
0.09235990542360861
0.6450891274082828
0.0042994659053052775
0.13316038006552056
0.5781337366753683
0.6647523366452912
0.11064231292587157
0.9034698542117925
0.3329268127635734
0.19514760397162023
0.9074311337143925
0.38987607542471014
0.7597554055748219
0.5344430096757715
0.7853084856792543
0.28934944396206563
0.5848425582651253
0.7051959754783896
0.6881350288900652
0.38728820993061763
0.003925124404425162
0.9030409816290186
0.3665563451584348
0.9681765355556855
0.691410049050837
0.4016425375127761
0.6440339317325394
0.11337195267057254
0.5154738162838397
0.5349285463634903
0.45385366140112016
0.9873797812072012
0.6922894516028539
0.6807566867999053
0.8174184016082242
0.005212887045753067
0.533287245903391
0.921357349399365
0.8501875823331351
0.3892561730419961
0.5424891704660388
0.505883495365332
0.6292533106850198
0.1070870208382324
0.30992092952322925
0.07144399021080616
0.8942510914100654
0.5044011476145913
0.5773584876295497
0.8327785994114474
0.058823916491270056
0.714993535979962
0.6301172974247837
0.7777750013429365
0.4340880291931304
0.21823600654459008
0.8262389640828909
0.5229088024177717
0.7743489846340523
0.9784464523335312
0.6383968071714143
0.15330630307449433
0.17920059145974343
0.8435369500435534
0.8302747668317321
0.9258147261728917
0.4707241505873403
0.531468985295628
0.34425601583533805
0.3479070104267379
0.9786006178239484
0.3127131682022386
0.6212954176274474
0.4589917744116514
0.7025763838938064
0.5963387920262309
0.46252532143720937
0.041960143474988776
0.3191464255692642
0.12103107439303007
0.7274567211339784
0.8862357784309103
0.2211810285324045
0.9899800903009559
0.9906935425072585
0.6516405761395094
0.29679109871286413
0.24656873169422
0.8289674098227204
0.17701942321208253
0.6621826828017949
0.24191728260295164
0.9291781387378124
0.737257369598173
0.2511355354397333
0.8613920386654657
0.4756643310179971
0.38146599980953355
0.7858776879681046
0.024120405107383558
0.5492549917975158
0.5744181944573763
0.448196699116596
0.36011534721527694
0.08937165809019376
0.05305677275643883
0.9758480919717043
0.38504499559618344
0.07538588957123626
0.8918165842401331
0.954126465576496
0.18452404389389243
0.9550176014628315
0.8682162907877669
0.8142416302029796
0.041190874349180895
0.9900202988809907
0.4920232790336183
0.5532406465200586
0.7269469585028223
0.24974356189793823
0.2768253992329359
0.5384365936376312
0.6943124166492369
0.35977538598700454
0.964427149685976
0.6498636045848054
0.7370567358309834
0.5538708806608719
0.48557882168946764
0.2859326387536767
0.43592272770293095
0.5671094202533236
0.3513640346332012
0.9729182339971565
0.9752270686161999
0.4764398897642146
0.8536135673705432
0.7134112518349078
0.31840818793442804
0.9814787964238567
0.6869182561468812
0.8456501525152156
0.575440975421738
0.06445321467153686
0.8128354311215951
0.8748612547927346
0.7011628869112008
0.36510569526147574
0.6314849607403137
0.9416944444453947
0.49489786133591274
0.8872509758765816
0.3681017125896582
0.8994254538131228
0.5670718028980997
0.16058832770660492
0.24523249096215194
0.8005952581448266
0.9467506299532658
0.938445935744775
0.9469474479836857
0.25148972981335627
0.08299400989486894
0.10704294246735824
0.282428174913367
0.2544306906112028
0.8289210928119091
0.6148071303970362
0.5584264642061401
0.9628271882333796
0.305871624368955
0.6929029088708649
0.45826176353927495
0.17790372066020255
0.593792780093747
0.6236277449546783
0.2044497256150568
0.6209033808235076
0.0614490068977398
0.1072688528203074
0.8031164760947977
0.38892894458771177
0.28370948872962254
0.06100522483962911
0.3982497886531253
0.058817234305817534
0.7840711041955937
0.9492036373637713
0.7890360802136125
0.8807705548742388
0.09850406653890786
0.07219078463201822
0.3878849086290579
0.45611883564974764
0.22952960118667787
0.29271715880167726
0.12489342023079475
0.6096788930502923
0.7819463869991536
0.731775335281877
0.30066518105973095
0.13659035518062956
0.37386923702461305
0.48324348470575873
0.7828551406683748
0.0617947311519369
0.7502806817894703
0.13253290329689515
0.695479446249013
0.8741504320911428
0.8022219666663084
0.11713721314573489
0.8708874487732265
0.27466958191593327
0.588242434551359
0.881670053343308
0.42133654882562155
0.7676278629330209
0.8888788787365893
0.5102611628502727
0.14335423609583064
0.9857110266357656
0.6502372395169127
0.24310179763195583
0.6344712940772024
0.24128662212758
0.8742535418369131
0.6636890121536831
0.266816198129892
0.2413467004882348
0.6076713630365629
0.12283489066932196
0.24228474265033384
0.13738477206008382
0.7408052578306414
0.45362623559402415
0.9248143251879655
0.9206979915470501
0.8672777547704793
0.3677343771105559
0.38517654998865836
0.7188293287009335
0.9370570664721911
0.5750443197426873
0.28638474550953097
0.39485100697424036
0.7312739627590628
0.31819749941615805
0.21531029160513904
0.334778362133507
0.37684658184386843
0.041113854075158995
0.257381480876824
0.3834261692873018
0.10518098070985182
0.44819382758292403
0.9371397956844445
0.7553609286305298
0.6375578847739809
0.2643245895441009
0.010252309888167055
0.23219066707514302
0.6619013634126716
0.8247387997528994
0.04948865504384892
0.29380377736576113
0.35876558649657486
0.7627401730263388
0.6918629063561905
0.06294099790294583
0.9904545081958642
0.10141596752437598
0.7624738327574132
0.7408350531386416
0.7411634580019346
0.2958946464779224
0.19777640449854927
0.7804067294716281
0.3692894311946653
0.3834959164387224
0.5109068740407188
0.3439905432779857
0.10778347064999583
0.7747484468935006
0.2803087784883105
0.9454381554332718
0.08781819845545513
0.13864969971302687
0.07640683832209993
0.8864569628642898
0.16960899736549417
0.14534495813207382
0.0725952476816969
0.21195962644594535
0.9399404626230099
0.7669718079323944
0.2543129791835914
0.09306166903087254
0.023654064040987022
0.20996365179141674
0.7467622220436958
0.5188097982716302
0.2292752893364014
0.040436544093091165
0.12299319421009236
0.8011181071375573
0.5953022049868102
0.20892792183272269
0.9916070240178789
0.2543245013145039
0.11828585016660509
0.3630437233267756
0.5245471254342209
0.14311552193976462
0.17177709486844317
0.9720851436549822
0.06951234297244047
0.4917985763163095
0.28003122268235026
0.4163724924944061
0.9696390734912013
0.6385313193096456
0.6541248581895078
0.7258404214895977
0.32561793907856407
0.6422482627212234
0.794760288942779
0.25742599300920244
0.7223008645947928
0.059452515871977196
0.33030271710328485
0.046986257802395404
0.43670478899309195
0.3476474335449813
0.6673218931557658
0.6288078232350145
0.8478829729431006
0.48695793648067043
0.9488153805589035
0.13841743368342807
0.6417590182007853
0.9864146156172302
0.06710616643627976
0.305646808395478
0.7643669248265348
0.07751153549242495
0.05165019634977952
0.23408827366600393
0.8868312578217805
0.29572193727094187
0.3857053572565863
0.5098635620461252
0.864247352456627
0.8474171810978104
0.13247342896591086
0.5745953569626903
0.43716954798149166
0.951787353189292
0.4755642292006157
0.19093163663542745
0.04824027806157272
0.5509141013089214
0.8645528116910426
0.798008741896727
0.27333264340759356
0.5301129889179423
0.5317249036129919
0.7167895102823587
0.5507183223400083
0.410526787256017
0.2784866418634768
0.9513034692782623
0.7457685533614682
0.5115186906226701
0.01645120936695177
0.32272485530092965
0.920723152702239
0.1684873907637714
0.9703655662992072
0.35820204787383947
0.23194472616713546
0.42296527945817064
0.4607395940726853
0.5978601496734284
0.7381018488652324
0.8909977354562812
0.18600752606199777
0.6956575678699259
0.8280181388906065
0.702095370834781
0.4233162359343918
0.6454007666172576
0.9726546704032364
0.3277953840779553
0.06438371148830546
0.9678014191762776
0.7122467982947245
0.43749127028412294
0.2719997548943065
0.5529507638566817
0.497207434111949
0.1959935127800505
0.6903963103367463
0.16776808813467947
0.16008814635988
0.02616537088635984
0.040308107594445586
0.7458644218072301
0.09715480621091266
0.5596890514432962
0.788834754599969
0.14888704446710688
0.7527544933196588
0.3976266613695909
0.2490847811371273
0.32377332669337466
0.36555523375126175
0.914231557142082
0.7191543063911956
0.38908834480753196
0.8017611058508796
0.8243090444005639
0.5525097306956877
0.026244230900898557
0.12020185895394508
0.7640616421300579
0.567396290802245
0.8747156909270932
0.5210572819725912
0.05920560099271688
0.7563197879438592
0.44041249684525363
0.912246617545734
0.30050406969509336
0.12272188510617421
0.9416791332775436
0.916857245011381
0.7280115770322486
0.6951345642450193
0.042911180978038255
0.7562117174486702
0.49346455342364726
0.572289960447153
0.9097089692228202
0.5298516439385317
0.6162256026900514
0.37383770740810895
0.27884492136324734
0.20873228620097306
0.687979775765299
0.2050885809893419
0.17558375414177774
0.777194194141712
0.809366490808991
0.3335954919675901
0.7462551389349332
0.2782918348641439
0.7699841537662233
0.7606064396564014
0.6611300463009158
0.022161973678834546
0.7968836649930693
0.6537187287665984
0.012633700469092846
0.560365192004477
0.18975346681263328
0.993917151446341
0.9229091278101793
0.8355599934505848
0.612874790215229
0.569272988651234
0.6557585815939573
0.4526068435990973
0.34980453122542454
0.9631682569348057
0.5507104455018497
0.5771261435873363
0.07405377149286574
0.4471242708314711
0.33503144872323576
0.00200753062364889
0.07983297738286521
0.3912322739768179
0.4243545108358553
0.5742670993746493
0.8335493155899509
0.38025300257751526
0.13264160269923253
0.3438040517471872
0.7824698468592743
0.7339610198003028
0.6224664962070663
0.9098590565868787
0.1990871235418008
0.814509693375558
0.8293861054043554
0.22503017471778342
0.5994550808402315
0.1491753165771339
0.1203778301968983
0.4347290150491383
0.4426030628255604
0.7830120658004132
0.14541123273684775
0.38437736478312856
0.9619674359770432
0.9145932874644012
0.07785378106580998
0.9444946359289708
0.2480761342849771
0.3665560392137144
0.5320734801821025
0.3212851038371236
0.005437519491279907
0.49845842520146943
0.10909168492102861
0.07332685905882652
0.7740348635230836
0.08615459604592757
0.7313097039673255
0.2618959418784885
0.33571023579281545
0.6356201673244897
0.4963779187057231
0.030473574174812557
0.6113243184670474
0.3559603584477755
0.5378105539387865
0.9602997046632369
0.4149507304820752
0.7760576384907691
0.33346199369967433
0.3543565639051587
0.46039051555351795
0.0339095613634075
0.6019132176574833
0.7564842503285951
0.7653207075831707
0.6685572058149734
0.13572045640727204
0.05282359538454462
0.3325685889029468
0.7869818785163634
0.3647611326328102
0.593204858408976
0.7651032848588557
0.9744299885360228
0.6537373769005876
0.5865953770332082
0.6664639971008093
0.8832517044342136
0.5187103991489976
0.19728236763558904
0.0600395633736337
0.26439614058781724
0.32584588106794277
0.13246083930236896
0.9930336862754372
0.14440199550803823
0.7003120873742332
0.8959635636441496
0.6145717435117821
0.3463958040189139
0.9975527835670217
0.4955250211235409
0.430794491984432
0.0869181223997324
0.5623158325708926
0.16642706826991338
0.5377381999145783
0.8454391390578502
0.6063109271006515
0.41137571368525805
0.941373205411526
0.8359868312872216
0.12563096756358028
0.6220734933740693
0.7697829585545044
0.42883715439700687
0.5756591474316373
0.900610238008728
0.2942903156886887
0.3444633589584809
0.7561210024643048
0.26536645699364314
0.5687017981560181
0.6422291186302296
0.5238904456781797
0.8409125871856225
0.5764066307451987
0.34704442157864657
0.061355138196063974
0.9109624257086675
0.00022793249040242713
0.22938607397675304
0.20316970868425255
0.0382439930360452
0.24262778374800753
0.007639728855273198
0.5208425783800965
0.2737107588534362
0.8350406989754642
0.7254349377045626
0.3239142395236405
0.861500474802428
0.6579930330933292
0.02350249550019856
0.13894155390828677
0.7727452630860978
0.5759092496291061
0.12173130537606625
0.9930312078810872
0.9172621901891271
0.6124690095670429
0.983092954188757
0.43818318172531523
0.14350181061796707
0.5366953485089525
0.31800914192186425
0.06758024939409024
0.7779189324423188
0.8734753459975308
0.37864955638275055
0.8612935132632153
0.8487927489709182
0.4264800194021863
0.30959792765410343
0.5800769217034771
0.8444960785485203
0.8434736253936337
0.3875635480417159
0.19609995250537704
0.4198156430007862
0.18534862489603454
0.8319458752443993
0.4601694128613658
0.18930772437753451
0.9077936717883937
0.27504794340225525
0.35005712602822414
0.4743460832788142
0.9524290756311051
0.5979994406604319
0.0737191825054806
0.3054281656382474
0.8589486311911338
0.22356469452265237
0.07209619564864012
0.5287246345057639
0.3854483271921578
0.5388278130963808
0.7711772146290226
0.15460075859440048
0.7416909195339592
0.17339520572213973
0.9170783080124494
0.09783570609253656
0.3149732512293417
0.6587724016507734
0.04000660084526042
0.15326973540629685
0.4563638382718158
0.6086244982200304
0.6608566644936096
0.38940341072985984
0.6307515971766564
0.5328484813270595
0.20362678737242912
0.7997346954972797
0.26674625702608323
0.5320635373915577
0.8711087225152778
0.5308319094013243
0.34073332454314387
0.11372999048149635
0.3799541776728701
0.7777965630269399
0.37636375063791316
0.11024182946554162
0.5946055504321981
0.8311189835886654
0.5586149348278935
0.848098382211947
0.9520686772489855
0.22889424668702407
0.8990822853288729
0.38337760632068907
0.566764611087569
0.8550021895251245
0.006385871165236479
0.48669548406092744
0.47866416139131895
0.9133176882467167
0.8485042363630999
0.6203160346147596
0.642002331525555
0.8754789712669164
0.8719152340633045
0.05809017331863253
0.43209476016261883
0.5781223989053057
0.11043119381247024
0.6855830067182176
0.031899529307836794
0.6669544789075996
0.0451758387999881
0.8542357226493305
0.2649506873434062
0.6914749412530614
0.6777278473729833
0.04801902825281612
0.3816289874397485
0.5190879488865214
0.39535686757111144
0.9317359849593752
0.3571151279527871
0.5931869224810431
0.38657295946820147
0.5494033399410332
0.30837893331272914
0.025964301156572445
0.91225730476247
0.38143890888641674
0.9005033129838311
0.7010825958132412
0.5652437570639699
0.5839096872681107
0.7377994623356696
0.3062707974158967
0.04571355387260034
0.7431918361731289
0.41616949817014026
0.9006750472012657
0.3892049831032556
0.2862092210195326
0.42922538871800975
0.2718731013509015
0.37663894063182246
0.03356100170036047
0.21287471959620397
0.2362602887647971
0.8147568392701048
0.7397371814003741
0.07190023796696088
0.0718032438822247
0.5540323896287491
0.40499127939729695
0.1962280686846305
0.25394322485979215
0.23969291062903264
0.807096220652399
0.33754035621643563
0.7629097877947324
0.9697704862959267
0.7392820727950364
0.9633737550853274
0.2853379146548367
0.5502963343899028
0.40412376636606995
0.3459250306303703
0.48927111150759695
0.9693537614973957
0.5561368344549869
0.4965587760666266
0.4899161428257819
0.8032790664330707
0.9793045160737206
0.6931245953512302
0.45334813157216747
0.3763582852676577
0.7156293667661922
0.9632845965175003
0.23741102080037124
0.8164148886421858
0.03591828278838238
0.5228650185881056
0.08523279027599284
0.6310544974132837
0.165663732878653
0.1934558629017633
0.24409832584187652
0.8917485556562614
0.234564502194204
0.7644078304668751
0.009201827169762034
0.7030070469785137
0.8032982383689429
0.10275208962435589
0.8353198213717801
0.21191874045027248
0.9761230473007283
0.4021944597076763
0.41531241035768707
0.020071744741047448
0.8060913328149011
0.35526001914260297
0.4745589393696361
0.07768260825960671
0.8799404770127497
0.6783259955062226
0.45220490218831433
0.3212450242596945
0.4080204476303513
0.7349385809114966
0.4737576649321631
0.9311917783947381
0.4862385942884695
0.8325664744212649
0.0340471221811367
0.22568083006535122
0.6206203742785272
0.7082125772267038
0.5105420917995442
0.33838790443249067
0.5588061316655193
0.7451542991587081
0.020148771030912727
0.9580437747153132
0.915143249614008
0.19150880047436258
0.547804689288262
0.19793084719259268
0.06747095832902539
0.47843664155348375
0.027091976254870254
0.44128228427766425
0.1659564655514676
0.9465490255880056
0.5792689584314112
0.9519694215655927
0.4852857444781744
0.11231069964952511
0.6745438783408615
0.7942841339995528
0.5977705148096562
0.20564530838103834
0.7379809764760279
0.7753796280627965
0.8851419328211296
0.6806545777702457
0.28640943810455255
0.29455911324557427
0.873314276087769
0.3210450713693611
0.7418294893692616
0.5681859661441178
0.16326457494279922
0.6800910342695188
0.251366485703737
0.9346441826040028
0.9730420063489884
0.2581263773297804
0.6003985063537398
0.8020343241267471
0.016623411220296314
0.03684903148494545
0.11275741701286268
0.9922293206173898
0.5841729975246805
0.6441816921867913
0.12241841175126211
0.5968771121785357
0.019002953294294356
0.5613437762910993
0.0634018767568636
0.1853161701174333
0.20267681106340274
0.21092297841340146
0.015450475999305269
0.4851369068867437
0.5836910114005536
0.472551419523211
0.5814272535533602
0.6084682341248853
0.37997345879148936
0.5505556132569589
0.8791781923462596
0.94033880793235
0.27296516583038777
0.21834747419288125
0.5425813020597974
0.8907261296988618
0.1532658656665009
0.714057619709602
0.4392064846412118
0.5512527382454033
0.3929559704287542
0.24486521969716524
0.29461473896752777
0.37586853638179263
0.4467742891352937
0.4549568153406356
0.2714490577380557
0.4297710520804481
0.19940662668132636
0.7974814010331839
0.18838793829314038
0.021022600592453866
0.33649795707675056
0.9530646343340963
0.9981953630671667
0.033354280035092776
0.234758353751237
0.5488213702792593
0.9633841998729189
0.9935044734375886
0.41066141640230813
0.9646077853698012
0.06686657656780515
0.8760284004713677
0.6241919954426631
0.11340349004606898
0.9870678788498841
0.7802305424292959
0.7334425533157742
0.23861768457772592
0.32298930644773094
0.838492360729995
0.6046767242215756
0.5678640919490854
0.014264698916800711
0.5093526775014343
0.520725246218027
0.9219424918803292
0.056870070536679584
0.10356116794974612
0.073470239422057
0.7980712525055305
0.7831749425481997
0.0916534171049126
0.9993002048278508
0.45953348841162667
0.40535234580797197
0.3031569228663946
0.9635239930447554
0.58569514244645
0.49516914817416513
0.13237604848617157
0.18653311634047776
0.39842523891958836
0.6942440809207224
0.6322067566139093
0.7637829723974856
0.7734819493366092
0.9430311974192669
0.6193720610286517
0.4210810376243508
0.7326279770535262
0.9268172857294497
0.35999356673188454
0.9030954234900674
0.5785385417267324
0.018628100767298816
0.9169959389978004
0.4125684831697636
0.49088048852557686
0.9998034344994444
0.2620840374669646
0.5450060651484949
0.4301722978703617
0.5967418478324844
0.3453394574175308
0.3663753429439709
0.028022646840179855
0.1294847078205339
0.9244414794638063
0.717173092655853
0.240620022963413
0.16267995508346678
0.33796305059512566
0.3844225652148541
0.9122734026483819
0.16012187557402924
0.5359620763390216
0.26236726134177113
0.6864089421653716
0.27512273580128044
0.7870462874959696
0.20840159569486816
0.10064794838172642
0.9783550425090075
0.9744399585360628
0.6597218853314328
0.08006377732337477
0.06266626437157718
0.4518325983836282
0.6645569559127749
0.32024140560539305
0.7027343573143134
0.1331300457096638
0.10059566040427304
0.5511268878286832
0.21345188907564006
0.5580912733553305
0.5893683150219384
0.43868439437457507
0.5625521288617814
0.016171808790727438
0.47295701649207156
0.6390381856825968
0.6277446211368942
0.4124164981310532
0.04966220376817887
0.5625962286948443
0.797248704132306
0.24984539072514234
0.7514094370520752
0.848138588792589
0.5138350044948439
0.15178764575264259
0.6823543413296556
0.33685812794957104
0.6134841669170248
0.648719864197878
0.6634621168511516
0.1888122958676519
0.654972117024097
0.7535691755164238
0.8370394458091717
0.08435296978861828
0.6699525687449694
0.12403768616441768
0.6751030999168903
0.7238699448732455
0.9659887715764384
0.9549430918239186
0.6498474150731195
0.9289795452743623
0.04893268359365077
0.6655761086462537
0.46281511228237293
0.44682015834916555
0.4149046462967818
0.3361724180974648
0.8404384890310128
0.6923082241521039
0.5463374187665739
0.21049447013848854
0.9183740323335923
0.9686181852652354
0.9990418044135192
0.12956272595673068
0.09153116035058684
0.477259337833269
0.38034665806684775
0.95582496530515
0.4702206693495272
0.7554737005463681
0.840897373930162
0.6100873390383681
0.3788841490239756
0.7465875085383702
0.475188239430995
0.1996477251679296
0.18318743298217255
0.2108511064898655
0.9534788059679016
0.9004140917361263
0.9244078356576577
0.7251044147037666
0.866006963419512
0.5997243485037156
0.49237486646123996
0.684615875182109
0.009350755569631275
0.3967956246551607
0.05905420455653165
0.6304330714207018
0.9395484147380593
0.9282547702008643
0.8602914973781159
0.6522898669671746
0.6129645002369419
0.9426782188928513
0.17856393971411166
0.73928397576421
0.8601473736384686
0.6472496370115037
0.9884139072625604
0.08863928853551006
0.7029529315393803
0.3268960381431947
0.7947313997697794
0.40177726100807676
0.22525136435874882
0.3181535613583337
0.6766805549642192
0.41392362971224106
0.82003081316621
0.906255066911624
0.11523294860219191
0.9606583413561676
0.8200256710663656
0.870401383158911
0.20292339665751502
0.8904248403358515
0.3689438646990164
0.46655714597726394
0.9270981353494074
0.6034734954237972
0.573531848229873
0.043166765460160406
0.12175793412287383
0.7917740084745584
0.8641436473397022
0.4776454440511062
0.9172309082579533
0.37195015846020407
0.432385328871572
0.23232416169839087
0.34077030836297206
0.2832862306320221
0.35432203252045924
0.17639116670768584
0.2327479639066805
0.07624292393732257
0.6165457042883147
0.7329382641192215
0.3484595052490349
0.04953393821257124
0.2376926348868662
0.47129168820765033
0.7710639778585597
0.6027252153597937
0.47419638544317055
0.05437705682124894
0.7276017457908421
0.7487123106405278
0.5679466094205254
0.5758685176024869
0.7569872413720016
0.708208615917403
0.656905970860366
0.30912818825065713
0.4259602975819481
0.035095699118791845
0.34429864546735134
0.2587165166717218
0.7614195523673759
0.47188842812375253
0.2020514605519459
0.7851392067804239
0.636736028308083
0.678759444704335
0.7316560100319534
0.07306885454169021
0.09106591388461238
0.7269257586217899
0.32515499772248746
0.07400185258910574
0.33591493108595705
0.6612717373917534
0.04615386766445839
0.3569941466292734
0.5660957406029121
0.7296859764193759
0.146038655814001
0.9528167880439422
0.22138946602855336
0.7357534723412658
0.9009077103074901
0.5241605811433554
0.8447557960131462
0.9125449746150276
0.6400836783863879
0.038405571691011886
0.5887606048045084
0.6307980813889278
0.6752199633411216
0.37886205581701393
0.025063328028503973
0.7972357159523651
0.6193893678982774
0.05986163189798699
0.8567577402311839
0.6006341946230231
0.19635980440755696
0.6992010803746096
0.2520055476199461
0.12103878757771414
0.8594484379885037
0.9883247297912889
0.715415994826738
0.9748105090512607
0.5973783274195255
0.7251575756399149
0.34233490515562437
0.070111705098165
0.7752528285423586
0.3987414624638397
0.48124562108293367
0.16970168216563164
0.09288148233471549
0.030202733246911695
0.6878905603634193
0.3743903073894992
0.32713033873740516
0.9881938639353722
0.9450660062370837
0.5791180864922816
0.3588500716185532
0.6158705815234016
0.7667189491247155
0.42834988728065837
0.047058656809283006
0.2783106917628113
0.3091505090247091
0.3503765849410405
0.382945477150368
0.3714789694683671
0.12065596729338557
0.10704402030001403
0.5037704097613036
0.7074933859586587
0.6903499951328695
0.07701681307188579
0.37014866025393034
0.23358965152200906
0.03129069150797292
0.11834947235684945
0.4098929601575758
0.3164714577003671
0.3948579451383065
0.9081123947095764
0.024477658602871877
0.2116726717382058
0.9384932218417843
0.3585451417768797
0.45648253368395975
0.3954733280743805
0.48693221563291433
0.550130688811455
0.4189295447131913
0.5302508681240994
0.24227319853485918
0.28604101440409835
0.09754539168344323
0.929121627332542
0.8139696168119037
0.5643794466757477
0.9248644022114978
0.8047195572850117
0.5608944789877821
0.9729507880640049
0.005905683049140409
0.10172270831605124
0.24946625829378144
0.07860804434144009
0.37754518355006295
0.7783808125724561
0.724815321308707
0.7551722744902281
0.3877748081201853
0.13940862185280545
0.5053271112759108
0.29151510665687397
0.9215314062717994
0.8373217261712689
0.31211861060164114
0.5044933535897134
0.6785244343759687
0.3097100411949487
0.2500431386689814
0.38359875105224184
0.6939880168462038
0.016206238593825306
0.3438138967029052
0.6156090666974978
0.9152762318378658
0.3046331410487608
0.9679175106889835
0.07639156721580065
0.3706580076437025
0.06253156055585651
0.7892741143701394
0.7406314662257985
0.25472333741165554
0.5573874691569687
0.6087245748109782
0.959166650989344
0.7626534153682907
0.40486318967711865
0.8720087680748125
0.6004595899053033
0.328010720011483
0.2969132105969827
0.6622398999720025
0.8926330298092451
0.6653993627712576
0.9879855143268232
0.5704862742485171
0.676086383449942
0.024264571641748445
0.314837929140676
0.29287290541840005
0.4937663686358087
0.3808282828285694
0.7560467278783096
0.8551270976740448
0.26294126069372714
0.6390676847274868
0.025940251766038536
0.7387030832166832
0.014864705418596857
0.5582848541042813
0.14699762070804612
0.1488980591795801
0.48847428467081144
0.05225875464105889
0.5693067340144766
0.6166800311217173
0.0037559349282219046
0.1372640414316726
0.2572449566523032
0.8753149188646829
0.4448389621402107
0.592761765562551
0.9720524768978573
0.8790237310385651
0.2834956405104363
0.2013681541835861
0.42739433396777327
0.015784124230608265
0.6919319766528365
0.23906893262009565
0.9012377686543109
0.22232823839704952
0.7094990754740162
0.22376355522203606
0.06409436064085039
0.856743456999653
0.029884962823599537
0.6418349258172746
0.2541465334809718
0.8192295192415913
0.3620803160596082
0.45644403855582305
0.6416757623674307
0.22732485005717518
0.6001505842740331
0.26164399407815364
0.6733390049898307
0.18145248206711329
0.8868697450030818
0.4385861452286055
0.972104007585828
0.1462933375525579
0.7902284999430251
0.24799684577587655
0.7664102567400384
0.017559348511533734
0.0038560909436389235
0.6568409628741363
0.6345889549504775
0.49852269624255596
0.8623386644319762
0.9211936842732953
0.36199364843624693
0.910631479556081
0.7940857106932808
0.3901609768948604
0.0002630144356570163
0.8010440829669643
0.6033385482022853
0.3811049682402614
0.13828881235688084
0.6486345427109019
0.04878089746293912
0.3471806073329735
0.01735702381926041
0.4422504058508512
0.9919925543533208
0.9208412934338157
0.12982236717966655
0.9076640931932982
0.9148980564918439
0.9179185626846484
0.989105822700725
0.6427507871911333
0.12173526778439547
0.19770452628075552
0.5547170410225812
0.779988278707479
0.21024942428723703
0.8585131821956737
0.8874516213624033
0.962531810810604
0.152675155950192
0.5977657483851306
0.9213926232365239
0.01899318818671003
0.24462566050183998
0.04196443405396444
0.42567546640822895
0.9219607429762624
0.3421270961586127
0.03848714814285836
0.8974183412664172
0.4175997288157933
0.09758906966324621
0.9272441594422505
0.857236980302182
0.9764775032122055
0.6317278792158374
0.6040428949876737
0.10975457810338396
0.34657649266154245
0.2517487993034091
0.43412464624780633
0.04165570997749879
0.32224553609326145
0.26145935689702315
0.5358478328395995
0.7558737396150446
0.6907038052027825
0.5970965386823519
0.8653786198407911
0.000383165455446699
0.26192376833201836
0.35816446872752294
0.742551755989755
0.6598124796698401
0.5711398460221822
0.463366811282923
0.4463232184435837
0.21395752122708744
0.6851524037858021
0.05758101532378168
0.7696431439027596
0.4516050524795798
0.4775387440720966
0.32191524075435995
0.9124727003803257
0.2031148174329025
0.7748278568766831
0.7368597787497932
0.36783831058603056
0.4307744167815575
0.6211475789963552
0.2925945633721754
0.053981497217038044
0.19757481812420652
0.68348629054098
0.9013398774296131
0.13753873880048761
0.990853995358989
0.3886546426146136
0.6977680242284512
0.16883452210501226
0.06514315492218103
0.6552317441818449
0.8305365712010453
0.12057018668221775
0.2243642644148598
0.5148744177098845
0.9929954162720307
0.03370827381769148
0.8484919145096854
0.2833126128912373
0.7628925792195562
0.011639113491747732
0.5925695502616868
0.13879781240898903
0.11341769276808744
0.28945925124284355
0.7924884394618117
0.9688019260969241
0.6221297614698367
0.8341848625370964
0.7840088240694711
0.7074000540167797
0.21217657194212758
0.37726385962552467
0.5969997121090744
0.968427572380604
0.07718889018734143
0.4467134047913208
0.5543290637100629
0.2799813685321306
0.7799080652815331
0.30596492295857636
0.16105120329971268
0.893916489071509
0.3489723879867286
0.07533748131583029
0.21420568022528208
0.44858349206390846
0.09871293724376118
0.673780199351516
0.045660077523084874
0.013807352056273148
0.8858971790967316
0.29507676478395806
0.8024288446962455
0.7593612963803615
0.6229767689230064
0.33873814407558234
0.3935675860392369
0.23982618202579653
0.16221352422204594
0.32156379275295865
0.5608164561204558
0.6183770114191312
0.2392782358057668
0.8764359066077598
0.20742907189997606
0.9864871094130347
0.43103174658856225
0.7601354490603252
0.3866045392325457
0.8026508168635218
0.891411845386733
0.17951704282369407
0.8381015742223854
0.6868767780951284
0.7257742720708253
0.5648208267208126
0.28820841673931064
0.22935253308017534
0.3202273082523648
0.17721188824998735
0.8241609300512578
0.5463225504154197
0.29256171870503445
0.27696972744993764
0.5265063563982479
0.07507732039847514
0.4606752569623931
0.7189332645479776
0.981659796789214
0.8624536270820995
0.23183234377380701
0.11939808794506601
0.28915425084394863
0.07902087667737878
0.7381808694437291
0.16461879057738926
0.4065749638061642
0.3641092917683908
0.4377147604749052
0.4716486589483666
0.7952630798053819
0.4043624798111989
0.2981109231072008
0.8720957089458647
0.060192764779916974
0.03986087619903911
0.6248798710590175
0.5427545360074482
0.048079266057090786
0.8339835897454282
0.6673723347856415
0.6435214030719842
0.36243704147064526
0.3240537777751793
0.3255082791985935
0.19540640255640973
0.22524590698358593
0.4451070483444537
0.5573453716589079
0.9105979596645764
0.9038223711805393
0.1917171700757727
0.5132120592001217
0.2369843837868324
0.021607670633967624
0.08006664544532072
0.9730192261171995
0.84715793091853
0.23547808269864534
0.20850475550468017
0.8808198797914693
0.6357793842914761
0.32619006505905146
0.9689353913126657
0.36883714804108925
0.788477371836406
0.5452795779790869
0.37026806277563273
0.16459195790256986
0.6564417943511058
0.17237671463325177
0.7321658451822184
0.9649751869953753
0.0746609210961573
0.8526439960663537
0.5947375066801808
0.7963649086571192
0.292599559670329
0.026551299512308724
0.61210788703209
0.12022370616212408
0.5890755740660447
0.6422609213285599
0.7153881300466767
0.6558476167362852
0.6989656399517516
0.07380282413789185
0.8996136722017369
0.47841164839654815
0.2700395959157631
0.8440654319621912
0.2279527507330894
0.6324742148795046
0.9022088644559292
0.9100884932043745
0.22914029429552096
0.7365648106327405
0.9394911622952444
0.44004616050816603
0.4671955052009853
0.6385261280111263
0.42897349354978265
0.8004685634800592
0.6555214768025601
0.6882656611861981
0.414796040212281
0.6891462754072484
0.7164927017896741
0.48431854615599
0.6825058375404756
0.11232361996189599
0.10077423963824095
0.7766440910490771
0.8623464495901798
0.7698876627369391
0.14330342338304614
0.45037267880504817
0.1068229908189704
0.7162114009637555
0.14363154736205552
0.0376159694178817
0.30001207666649576
0.2127093089248786
0.5162946444016592
0.914278281529862
0.10089530969463989
0.4257259654905947
0.02947332631379518
0.9217691029533261
0.24620690444611326
0.26009415727600116
0.6315773021245434
0.7352228360922761
0.5628620963331545
0.8942191691329362
0.8031069593930782
0.4309510681243811
0.692621474053744
0.36033523449552374
0.9791283977834151
0.2287771206728728
0.053019080529632445
0.2001777442581656
0.5584178076827515
0.916533049797081
0.36608326584813433
0.11729292869147923
0.19192501101594894
0.14012170578883154
0.8891615183491206
0.07743875096665054
0.13342419744488754
0.17198254150852588
0.26278278201847893
0.42495276905559454
0.3388833624708534
0.5504950434806541
0.67608851495365
0.25469462519064456
0.866103676907557
0.3821409408446188
0.33712705400818566
0.7870995634253426
0.7175886656494699
0.9454105973118088
0.06133177075892138
0.8171762561023768
0.4625225999028113
0.6336739179139339
0.7110646358100359
0.8194524362202176
0.3945113693716147
0.32773712318569603
0.22383555963002433
0.04322807778562199
0.08825001487924733
0.8605985724978638
0.8581398622837593
0.4527300916636059
0.3090883147039305
0.4300657071449734
0.06691703312532393
0.2452829639347356
0.4312259259024793
0.2332786383734986
0.24588740405669207
0.2937459010008632
0.7153166303946688
0.37056716378266863
0.3726613250661195
0.4000351824047681
0.1964972063502386
0.6470402839095746
0.24266674991025083
0.4679222854640641
0.006513628917158121
0.6141270343740193
0.16197320201779086
0.00025018665559017883
0.7577873586527211
0.7001140195451534
0.39977617718657754
0.8098583314020422
0.4881011611529982
0.5441726582707282
0.39362935172749425
0.45293037033645156
0.18070875033454015
0.12971132850308575
0.038815639472213226
0.09378423856236062
0.4690621546235163
0.9061593305183111
0.1011581921265503
0.02008926065705463
0.014786230780251097
0.712327632077274
0.7020045501244567
0.4483783804656962
0.860002027918253
0.8685874395955593
0.6762398248719232
0.9106154478575934
0.6877712570053558
0.14728860503099317
0.937538560328661
0.41726161322042277
0.3380964805985964
0.9622478468248146
0.48561692675030943
0.837508866135136
0.5728825006047993
0.3386573293619777
0.6417087143239535
0.29122364319551175
0.2089280856757494
0.9889566831162304
0.7915195216821715
0.7571006947820644
0.31109549307829676
0.27804573225502915
0.3039531820085948
0.014966839042391156
0.6416279851188316
0.8402596780463691
0.9032051175852815
0.5471747248827461
0.8966783005168335
0.7125170210282301
0.9656385683892272
0.5670837834925144
0.8939739714126513
0.31530022674761615
0.31862618051510827
0.6752835336134095
0.030070371625380732
0.9518608392685317
0.9855752054635176
0.7248401996170653
0.5509614572214387
0.5466664092186959
0.956290981935553
0.536874548582559
0.20400897993795208
0.21850639766360413
0.0640783694855318
0.379346546865613
0.559504005847157
0.3879127164388052
0.8457858577000255
0.3442656858954445
0.7625068626419991
0.18875724478209732
0.7321014611008312
0.20771656285829643
0.3064166120720606
0.611617976301249
0.06810929801686272
0.9794039154918326
0.9034408315992004
0.8878351399102691
0.9737101775465129
0.03631415073776689
0.6394800470153941
0.6034768829569788
0.9687517894669333
0.48442874921017
0.8466974096706898
0.9507189600876738
0.8469773847235103
0.3161227196645149
0.8437139236911935
0.005298907113776341
0.42971166560158425
0.9583287802020366
0.18436278849400067
0.6133296888745818
0.6798008959805502
0.873162605385897
0.5092881259202549
0.47920479156173035
0.8013128282127886
0.31165516491716083
0.6186663946429585
0.1524684388783757
0.8151141680113485
0.3318632433294175
0.914375467681616
