# browser_rnd sample v1
ua: Mozilla/5.0 (Windows NT 6.1; Win64; x64) AppleWebKit/537.36 (KHTML, like Gecko) Chrome/84.0.4147.135 Safari/537.36 OPR/70.0.3728.189
appName: Netscape
appVersion: 5.0 (Windows NT 6.1; Win64; x64) AppleWebKit/537.36 (KHTML, like Gecko) Chrome/84.0.4147.135 Safari/537.36 OPR/70.0.3728.189
platform: Win32
vendor: Google Inc.
oscpu: 
cpuClass: 
language: en-US
hardwareConcurrency: 4
deviceMemory: 
screen: 1024x768x24
date: Fri Jun 12 2026 13:49:27 GMT+0000 (Greenwich Mean Time)
epoch: 1781272167440
count: 4096
---
0.6348565139955402
0.5404576161531789
0.3610492296051455
0.3335807934985324
0.9809585745245541
0.23871464438278767
0.03713855880406158
0.19460320719384305
0.7981802169342156
0.8049801828299041
0.7619362777493783
0.9575203621014101
0.5588419107918139
0.93036873085082
0.8957061192198377
0.6596349048150707
0.40214528673813965
0.8545215227325129
0.19527382301427054
0.4900390609688936
0.7796245269039124
0.8966732469461345
0.5942773494089686
0.47075259926702406
0.9124680800419123
0.9090539783414211
0.8265247134102076
0.2153123674187818
0.4780059600439215
0.4168935008228929
0.9720600732834213
0.6786327659425304
0.42242899223931296
0.7047627521489672
0.11374351629863422
0.9961177513266182
0.23671697011527937
0.1729637309323453
0.04518522103791289
0.5095802124811917
0.9467539171394701
0.06962995324070187
0.6007030579693193
0.033727825020485325
0.6793018861267031
0.7639590980658768
0.31977930649249053
0.8888719611614517
0.4130298923338971
0.8767588633387398
0.8563653616976203
0.2525351624640213
0.613763931445714
0.6033121681744158
0.9384623725529406
0.06047313158095369
0.5668296135845192
0.8511230086513246
0.7046563609564194
0.2261491214807676
0.5450065219250073
0.2708759554485536
0.2023570523895215
0.9348926068063284
0.1541000585634953
0.7216278838949977
0.0002223997169030767
0.3313561586575442
0.25748706851996905
0.8159512010666599
0.8141492909724062
0.16363443873303507
0.23190257084649768
0.641314829967498
0.45867752009404694
0.6801312562814343
0.6675998501328333
0.08704842007508096
0.5053403666001863
0.40476321454472997
0.27451141202869866
0.49298016723159943
0.17345298271338505
0.45749046247995273
0.3163051649466895
0.6724090025628986
0.868484751581299
0.07218961419998915
0.8223915242818312
0.5592556371562136
0.15720110648063268
0.8724488580149412
0.9086444526802611
0.7778476406333321
0.8875181435316624
0.7592589735500006
0.919532273919339
0.5554109397776421
0.001927899763277896
0.3574964803803269
0.6309477065212794
0.06844293117352596
0.17955775464286527
0.6721530632933221
0.33789108292877335
0.4426893646711161
0.7806095927990422
0.8407088973235188
0.3343814934864595
0.544173483700441
0.15654456186132548
0.5820392623380584
0.9995374991306509
0.7281927841465006
0.9638117194246594
0.707554814385527
0.09555606353467105
0.7649341144260489
0.8962086731506242
0.5585109779018933
0.1792580217380808
0.2317686790123148
0.8542294260553791
0.8632550523721967
0.10526559447695272
0.3250764525721541
0.3687038531822864
0.7125637210879192
0.2276739861141608
0.29430744399309994
0.7307038056027517
0.7430460818011433
0.8701032230314072
0.16582111034246183
0.45367819113094954
0.535156350275763
0.6786227601660835
0.9628274230088951
0.517817839657222
0.33748592648985487
0.8921238437917294
0.7138924620934479
0.7141708007263703
0.9453835422589947
0.06258575097853347
0.37654477469269865
0.04049056500125969
0.6299619430168482
0.8790171491558021
0.3978307422266263
0.6622052403862635
0.06133052889579149
0.28494083078954513
0.8092798629921771
0.5328178479023011
0.9326070146439764
0.15700332024602304
0.6252342939864255
0.5507922196974875
0.9579764419213874
0.30203726395693264
0.5762734617625658
0.7338399165464133
0.2511370666631356
0.5342727244425243
0.5111345398860205
0.5634581568326695
0.3988303490892384
0.7476829631762616
0.3898721610882887
0.9989725514793399
0.1683084626639466
0.43115350361506444
0.48654940443693406
0.527083585039529
0.3884368655573629
0.6923870243451686
0.5768182583177162
0.1243464039855624
0.9736584970935251
0.9144632874789804
0.5355472090932119
0.7689545936188988
0.9870264164316025
0.1598363000027947
0.3212732702819947
0.3761785154219863
0.9772317150346448
0.7350484234208137
0.29887091970997126
0.47096604492921657
0.31342725650603276
0.6640635145267495
0.9705089341440425
0.7990877176098168
0.20305931898824836
0.9377371144460409
0.6381104442687975
0.8182000527760376
0.5862502922445654
0.5301999751736506
0.7399036496736633
0.6460988073228764
0.08400631582040541
0.22903675319267514
0.060394302165610814
0.09489669540036427
0.29062192018886335
0.33230626920564466
0.9115005685819351
0.9692824205424517
0.5792021179738847
0.6614335501652711
0.09126760544390633
0.4297101274419324
0.7786982944322902
0.3441001108423878
0.17218633897229751
0.4966890863827913
0.8278905752884635
0.5868143117668809
0.2222954617494486
0.9373150175135507
0.9077248868915837
0.5465430675421037
0.20663146275804078
0.9362490552624123
0.20479988267179494
0.7452273839236507
0.9342951055282969
0.8252974165013127
0.5991918617218808
0.39772131291675183
0.30662771444424797
0.4653771354584695
0.044902228814813094
0.9495654773395892
0.9027712491596793
0.07958614841747003
0.40254802457432026
0.803252905118625
0.1264610937560926
0.7087743694654602
0.23197623263601663
0.09531588408242264
0.37829545318480085
0.1455886801488142
0.4189974287619167
0.1231913946384775
0.7774184587448045
0.4524186455460386
0.6560881226913464
0.11301442787792948
0.49224266362517044
0.9476850705510902
0.36677882889774716
0.9150039280133315
0.14176041799276962
0.7607582866743492
0.8875142362652912
0.009399907483758074
0.1309147779247395
0.7318542714664675
0.8413664464513559
0.3715623855378558
0.30642649813091327
0.3667133210977185
0.6486601483184531
0.20433423650906724
0.7407920583599257
0.5957291207346544
0.4139747977595385
0.8466364339813472
0.7681816173148852
0.41799741569281257
0.6767541182234267
0.20740889904662807
0.8304347156962377
0.8439336090879832
0.7181703724224056
0.34525337429064007
0.20479200586451451
0.8501269471278528
0.1656831240517782
0.8473825655632321
0.4231427455511718
0.8644147412689447
0.07217069127501974
0.25277752407043197
0.9543580592710894
0.4732249741279553
0.36508999020456523
0.18855834942680016
0.4051671077230241
0.9534607696887079
0.11546678008832334
0.5269818824909172
0.8573245108684717
0.7081264149569324
0.6756182623998788
0.813329432866817
0.9255343154889415
0.8895903673940591
0.49274652519538553
0.8421599017730663
0.40445623464129454
0.7773924428599055
0.7142777546905077
0.8908895951621443
0.4502623237493857
0.9697117132209172
0.6845634152499209
0.11827150419352717
0.4198593916430142
0.6473780649362624
0.04831192019488273
0.37978803173655584
0.8564470595650857
0.7854174912947047
0.4799520264189736
0.1709011309126891
0.8834092259516808
0.9005223733546526
0.19106235554282036
0.6157368774316978
0.7334451780386524
0.6329866072201515
0.17191650988170792
0.22171899247590687
0.8261815045270913
0.38108510281844854
0.061951129613966094
0.38691437866902834
0.12537196873838874
0.552695608890464
0.1395366857139957
0.9096131651202155
0.5216428409016949
0.541766393884354
0.06223714390501489
0.7527146665058801
0.9390257891440641
0.8170271972098773
0.13307249702180823
0.4828813712372213
0.5417290717050094
0.7783981815259606
0.7202430914806319
0.8015758628333696
0.27077462525003027
0.7037495655490982
0.9180696133980086
0.6741069498168031
0.02671530901382857
0.12137945989975063
0.48533837775772604
0.24438826634571287
0.754110516809946
0.9273386089975473
0.09114840405326663
0.19169411581459062
0.6353332423068263
0.02002854207091964
0.055531580791741586
0.35603729644663895
0.636546011967912
0.9451704063233393
0.63155781602826
0.941250518281938
0.9446786197628643
0.36308853226523796
0.685004831511886
0.13270030279813394
0.16419299164423995
0.08941401405169191
0.9744769062892014
0.6423933859461273
0.08635393303087202
0.48100421265531157
0.8597236504696388
0.9555862467681113
0.2779560605922322
0.7902845711671711
0.17617829161910858
0.49777896336321104
0.13381021479517363
0.48837925501232626
0.8329013038858479
0.039927915683692694
0.03627882445343622
0.8492131056684746
0.8469255012457932
0.11942721863456596
0.27751332581404164
0.9820534749853964
0.5291667259805324
0.45189989346393844
0.22131822092520892
0.7453198385385056
0.7021842252708197
0.09758473464950868
0.0038582886436879793
0.1549575625336601
0.2349091896112918
0.45684140151534325
0.7089418162024499
0.5901583836426125
0.03009607171016193
0.6234631609331605
0.7922392277966193
0.9346192749370015
0.35105198449603736
0.6992450978657334
0.03183160860743639
0.9773202245529748
0.2576779964745346
0.48931190675160674
0.4223033565370431
0.18444135710909304
0.6333606098930069
0.5269519146285335
0.8473227006316535
0.28566111213382994
0.07086318914555623
0.8915276225853561
0.23700890443404066
0.15847324581117506
0.9205433128329161
0.7808710359354456
0.4923556234071018
0.22801226549825948
0.34835554541849745
0.2620272787296387
0.32692459669617246
0.22145082432760965
0.9858476628449067
0.06905351089628553
0.6516991011308799
0.9482784595939373
0.4016725061292752
0.4411216848446968
0.9902406836503805
0.591172588164004
0.11601036386412211
0.7418388758964132
0.895146158075371
0.7096371564175639
0.7374722865794758
0.15094902355600048
0.09746044995885739
0.8813696950507917
0.722432763147457
0.8070089331743344
0.45975423038764984
0.7430762076113855
0.10459253997894002
0.06240566588018126
0.30030028236651307
0.6977620058333798
0.5466191124573405
0.40071968727387164
0.3455254682604021
0.9313472288432725
0.7874596712903283
0.024283901696171117
0.664881991958052
0.3957634909645207
0.6828567244422188
0.5158647669316008
0.4359112108794645
0.5772208535865757
0.5803722630960708
0.5458337724780384
0.7803528126928099
0.29498434438356935
0.96297043318253
0.2106563490468667
0.38549931433383544
0.34032654774280413
0.9255473433859165
0.007634249564965723
0.8240979015765235
0.48541804369682406
0.7956336015244905
0.08446021492553557
0.8377124109642189
0.9243973713861549
0.7606627905839425
0.9369959541389012
0.5042708723118468
0.3542034869973487
0.6996917019794335
0.3636589891600517
0.6504024604920333
0.6599076182898125
0.8687025085314171
0.1802292283087379
0.07366500916217666
0.3878534285803972
0.5166094255715894
0.28418572982407153
0.835421454799294
0.7650310242444747
0.7157175099681934
0.10380607026197786
0.8772578599053262
0.27691146586430193
0.8650286770471511
0.8520133180852985
0.29710545932264254
0.9326309528300731
0.4005017002508162
0.4008414665485034
0.7806726432188908
0.9634826592541572
0.5317167906949494
0.3796736148836899
0.9555256505009166
0.7986234844970734
0.38383488109115027
0.9003255703910154
0.7462259806640392
0.13693016511183842
0.08612555732802885
0.5562637724922159
0.18500265070002153
0.9311099422164948
0.11758516687225251
0.37686140101631427
0.9114484299050403
0.1784016660070471
0.7147108847425225
0.4514055144171889
0.8529760982578669
0.29891728113290816
0.4228675340276842
0.6388153449182372
0.8382253764975405
0.4277134055192684
0.5119984415238832
0.8983311707080137
0.3690465952144659
0.20150608200745967
0.31782153094678645
0.9795252792741647
0.1965856076236714
0.7188940572529008
0.29224404717907726
0.8293659866483005
0.23810346539133298
0.5571208476212746
0.5778838552565364
0.08639991816205872
0.7071551312221853
0.8987520062412198
0.4706202947531397
0.8428618058888686
0.3553209254919292
0.5391614470677266
0.6066439504454533
0.4482263792115677
0.6036136688015454
0.08677732854249509
0.5933245547734987
0.4625482520693318
0.019248353958721376
0.314002530137679
0.3588590693272504
0.7687036765083664
0.03406257540324775
0.35671229247334413
0.3819649452951914
0.28346971917569164
0.020499407851435558
0.25666773882919713
0.7548804905754005
0.9137442602664669
0.5762269177202126
0.668623544862236
0.28882604155283986
0.7065965338726596
0.5305291985928171
0.622419199159628
0.2835235968579142
0.32149905225097797
0.056764850540126366
0.11695113834374915
0.07147371825104942
0.18974617085708534
0.0032844701936436405
0.05522289797859781
0.47567599601773947
0.7039817291641766
0.6378073015856911
0.4040906951068177
0.4481010094822815
0.6219397238232345
0.8421553643834649
0.9232823424900991
0.7508383970665098
0.6801274430291195
0.24253622453540946
0.2592539574619652
0.1729569807912097
0.3378943468425635
0.25098660333290335
0.46821217290628914
0.143599280793973
0.050075694830922
0.456695480728315
0.5065191954258661
0.36030705715470357
0.7436281907288043
0.46047789953251783
0.000245785195074566
0.9669004094158229
0.03637063449648248
0.4507791463681805
0.4174273093038876
0.6727664123766357
0.5068403813761975
0.09621563058250127
0.4478846694273777
0.9245858819787973
0.2503492674142387
0.30532382547732473
0.6240658247799069
0.601844226929491
0.9434524720248487
0.5447804782941239
0.9261188022328521
0.29970242588362117
0.5936678901009445
0.4582026815323479
0.7962651445671023
0.6785100787642784
0.5576760537343064
0.9937174340328916
0.12349980288497253
0.4583529926294787
0.19248918981972607
0.8536494516747597
0.6861492713964226
0.3534828644812884
0.2047810264454999
0.03954784761052155
0.24295866501390462
0.9806864034091893
0.21121870874553994
0.8211155082843273
0.9260250372631582
0.5744660702392879
0.6389176685186999
0.23605037337616297
0.6939032293707614
0.011428780451421705
0.2802892870059497
0.6470520349847084
0.4421776027134432
0.5623784491033064
0.7866337558556233
0.47479239063069545
0.5604551134502884
0.05777167911656034
0.14841635725541447
0.2914556719629353
0.9046031874430527
0.6293242033934194
0.8423114498999471
0.5328273767913292
0.5380660102100072
0.12518109465998495
0.36370133826628726
0.1747907780508169
0.10983102662666
0.6834164403090672
0.7573394118974501
0.02101557443881097
0.5488913394619805
0.04539626952135878
0.2187249292131488
0.8700917823571757
0.6403208126656255
0.14510158843605847
0.7756231130443878
0.06144594217907717
0.27022690144102657
0.7580098549873819
0.6589678747462098
0.2809387656550255
0.2994435596950138
0.7163707894066662
0.18429921049755893
0.4612697280820237
0.3891939197672265
0.27066234545391255
0.38520911543506897
0.998607378663283
0.12785109761759994
0.19741260148234518
0.7005214583649266
0.6108031946515342
0.4507269097558144
0.616358333715773
0.5191975134678868
0.8921829449347844
0.2072588603530503
0.8712197609144847
0.3760117936264078
0.04397567549983594
0.08875626219967359
0.1514104880545737
0.21433842491494692
0.7895312132360159
0.7091538055305013
0.7962605600517467
0.027088698326835914
0.6144334452457629
0.15785785941597474
0.8524506609404874
0.6007169986178584
0.9801113275353872
0.3105192391049365
0.4684500407796466
0.5294643338284213
0.35206790747140615
0.7790657406937018
0.46200882414949374
0.5532915874249731
0.7316598001284758
0.5148816952238973
0.09765304648057183
0.4746296269324648
0.028198647441399105
0.899529289917889
0.6672380322996212
0.8561671486721913
0.10698800283433929
0.9661208647840431
0.3233673269722308
0.055992564096105424
0.26553727658729787
0.1903884993274496
0.8922453630603133
0.313363613996547
0.07391245976236371
0.8483268748835122
0.08069370659390573
0.17155562639677768
0.17310632163557194
0.5104561471796472
0.6786896005564702
0.7395960773681589
0.7562978050919102
0.4282059750190039
0.6974865340389416
0.405073490288663
0.6565816985262898
0.582065862904491
0.7843230915578021
0.03693346155244459
0.3326512074961321
0.2048935183248759
0.4568872552734393
0.9973172115388722
0.8062376473259321
0.2843038411765746
0.6861003828411241
0.3807775406579892
0.6882567996783195
0.6015787475230632
0.640849298910654
0.03484239750254958
0.6398063968805523
0.4954354567266419
0.8916029005176349
0.45160936239730254
0.3212798563246497
0.9425152320972303
0.42189071302458236
0.23036249340098736
0.5389041747216232
0.6527212951704191
0.20792533263681157
0.18237897594017105
0.14734986340464906
0.5142007510484603
0.7298926248922475
0.6999154735042528
0.2942852092125283
0.4729310876747428
0.7557406366039128
0.492407652731383
0.37041984575228093
0.04604782680032127
0.10386613735463968
0.3563930142621028
0.6982927263762033
0.015945783777485678
0.045292704043022214
0.8757581635088678
0.8649032370955974
0.6700862156307608
0.9143723980323353
0.3865832255282031
0.8913075238518771
0.04850537082756179
0.6026672655979228
0.6363491065661908
0.6663891757921747
0.7240727772649238
0.2007057818806557
0.04105335508868668
0.4316251685921564
0.1793161971056445
0.42547299687200013
0.9203422863934847
0.38860140929207354
0.47718917708284225
0.1432134201675046
0.04036680834160555
0.7865097409312254
0.8330240353474847
0.9631460805122745
0.05486347426304716
0.6930148945869328
0.8910800644651564
0.7485625645301712
0.3536881788612436
0.5853961382526403
0.21514761087796286
0.5618709535810615
0.4590902092233793
0.1418621381767997
0.10593966151833678
0.1628249990193824
0.6033551286770427
0.7062592539417432
0.4163831789629926
0.6655655448404427
0.8142228203544026
0.18707625100511893
0.24542293010862282
0.2730769314082768
0.6369787269166172
0.9258928354801437
0.3462165699890585
0.1458250959156533
0.42568648655397
0.7782374092343276
0.6458631821811092
0.15673760066077969
0.11615497663419916
0.4026505140202641
0.9816216835242655
0.2634103145410338
0.26111233001081247
0.9505956112054816
0.8221086729164722
0.025447744723605448
0.9993418655990114
0.26328631965162663
0.4255970494156627
0.2558906590989938
0.021394271425261735
0.720362423252688
0.09698350995316396
0.8343666145285482
0.5171463830214948
0.07162323765707956
0.9138550161233066
0.6152170183361345
0.6312953033776834
0.18855274312714077
0.856637035767049
0.8544557326049993
0.6068535571317641
0.8201035932092013
0.498954797664134
0.4205311266386358
0.8785129734212525
0.2520410771327477
0.4964147654657429
0.2667652945282202
0.407936611767854
0.1135012140335776
0.7377568230685503
0.2047398787586736
0.6969150578901704
0.8469136202761887
0.4757549853192382
0.6454660912155818
0.34685429461882844
0.7765871724598836
0.32861242168773286
0.3545907475484551
0.49670510829596703
0.6791824736584469
0.05509815966882381
0.3391871401411821
0.7514264101979014
0.8326741771959771
0.6773751639396315
0.7617545999823003
0.4659617064232804
0.009824599504284937
0.6674377765003783
0.22082347462374186
0.10096377670261814
0.10359266207203821
0.6212880147240152
0.912674000568511
0.7044145776835864
0.5720277798859859
0.14303541310256063
0.4261404108151745
0.7663267318415055
0.993094723208434
0.428175370926412
0.4300091255914267
0.08697975697164839
0.5891173996515429
0.44911574685344013
0.07148098498461652
0.4246933516354281
0.009090004793736783
0.693880185152197
0.6571899781926804
0.813516591612206
0.5569755988741054
0.4094897760134113
0.44120294912772495
0.8099725057775862
0.5610721335010922
0.6167881326360043
0.0029178946143486595
0.5962297944209014
0.8780639734272806
0.7560051353138526
0.5711309553388619
0.6191141371423643
0.6658691941947956
0.9392629584685284
0.06598249584562699
0.6959056047219145
0.07976659697510557
0.00881083498181301
0.5911945707383963
0.1386152163139054
0.3175715084231123
0.15990714490090663
0.6487022487901022
0.22647258221088284
0.4770656702093339
0.325120218508967
0.45764379026489466
0.13467342289204942
0.49288314413070533
0.6007053580026305
0.9907490137476072
0.01642720416345922
0.7940032718881322
0.5122543928812582
0.8389101767136524
0.820024671056234
0.9811373930499514
0.33494693016464305
0.4100717038070898
0.586316546129926
0.2247569297532408
0.02093549575724496
0.1723101217234455
0.00507988410479876
0.34029155704252045
0.9605909156249541
0.6372244366600976
0.0004818843878142687
0.46236286563277385
0.615905752364099
0.36023744559206805
0.9251640053782226
0.5078019132199578
0.7938608704471601
0.6407214322885979
0.020616342537422394
0.5210583378303246
0.07789070337444692
0.7979623502246267
0.11220047020222501
0.04613385870729991
0.7384346325347966
0.30022799694875135
0.13631341755655035
0.3374629283154973
0.32823230349758425
0.6838100764050259
0.1458898625866214
0.7642515050003831
0.05261885166131952
0.37105602776944857
0.6778126945735241
0.7945858501209757
0.2759915740671952
0.864157475981659
0.5321741195563392
0.13060265240161173
0.4348182408209018
0.013370907551596423
0.023473789097237185
0.9298636817360315
0.05283938607225691
0.969438565720764
0.0033588360377405646
0.9802469024438496
0.5470787836826372
0.4307161684837233
0.3398537287992449
0.7768615482558805
0.17667016240519584
0.7504881824237315
0.02103710140852222
0.7429488744344714
0.5259676268156548
0.2812744903307254
0.683057591539076
0.17482313984510922
0.13695402493387876
0.9089199189923032
0.8157206901576424
0.42532233363473426
0.5439989824974769
0.43721157699293745
0.8483032274608127
0.691683534454627
0.6785571303000053
0.13303890761948978
0.6893178521647225
0.5761696105008061
0.4225823055725417
0.11867402549356787
0.6295031101473529
0.9560728424823528
0.06183354286319287
0.3706962642917011
0.09315982782729271
0.9447793629397705
0.8389615047526648
0.8714194260799484
0.8145581303790335
0.9387433527786744
0.5759042146273676
0.2988021593800132
0.0761677978733617
0.6638241964132707
0.44818649077909734
0.8216748279903485
0.8846947264939562
0.3620839624554888
0.9733609295883783
0.08677634022215663
0.319550126250143
0.10751025215194887
0.44214764027026776
0.2282743830098266
0.08328549474152958
0.5325713937428187
0.45555685907989485
0.8284204196441229
0.698068269631746
0.6403966868947215
0.17527428157948566
0.6123453471466453
0.10540028424241488
0.19495901084473388
0.27770607733144015
0.9980060502457759
0.0562795056082781
0.6717099374515119
0.07307764476012091
0.6085730951949075
0.5860201266976584
0.5171509430112995
0.5593810814079561
0.12574972743232093
0.7428607054485736
0.4553796338236207
0.30494863012908047
0.16880727638674387
0.7664830242863512
0.6628320546040267
0.6885331710016414
0.2606416173904147
0.6938891724423462
0.3495680887260928
0.8979297936916573
0.9746235931002165
0.6080872453562842
0.2674118459078654
0.22050463020437006
0.3807740348814952
0.22313766185690764
0.2157753032384171
0.843751411016574
0.9210326694694744
0.5922082235669506
0.7942446130357022
0.12612181739088535
0.7362976481170784
0.8579213952606815
0.44650245717539727
0.06940826408692558
0.9701897631587972
0.8667139059296349
0.808632125489086
0.8804938735165073
0.3660866561645395
0.8064170417762255
0.5840152531251153
0.13281088790352946
0.3340061763243869
0.9840218497382125
0.6586867603297424
0.7112187023252352
0.32856801644237676
0.348824707448381
0.697384327574313
0.9524376504593159
0.23318034172671642
0.769079094988192
0.7665270843582093
0.256257922045497
0.23752364210505483
0.0683347490450752
0.025733729428460528
0.31017772507013164
0.3513091877665613
0.028939493874019284
0.38726952562095973
0.49965418672565187
0.4774481537593471
0.2955130704028801
0.11406244928297449
0.565160605234226
0.3133131105721567
0.9927041822714391
0.13340837331600075
0.6184522222399516
0.3924350552318727
0.410440293679438
0.6880840100552554
0.5478686492236411
0.012948542469294555
0.9054672014271115
0.03253304063455431
0.36525138565376114
0.968945584190714
0.4017226413613262
0.9540014764691411
0.6458307764175433
0.8587362220174639
0.2802233962566907
0.4240769077925437
0.3093104828187223
0.2920457615930885
0.9736868127637379
0.3950272605885876
0.10058468853217617
0.3593242351852881
0.0731693883287563
0.9626600440666464
0.09687208944376713
0.8141523892123077
0.29874712454696994
0.08351856910994448
0.705309382444762
0.19832808672014712
0.8335671812209102
0.7554161729122921
0.5186212736917637
0.49556174663969377
0.49669391160994736
0.007827999062013147
0.36774136266129065
0.015261575487393264
0.7518790502643435
0.9170522882206609
0.30504696289300703
0.0007201009341148978
0.24940555630304906
0.5579813351541334
0.9769720188712205
0.011064584410755529
0.1725712813825715
0.006997368855098829
0.5563979910643457
0.5378346471502689
0.26950803544951896
0.4799765011087611
0.835500230900942
0.10341962672288552
0.3632035941708147
0.0796852497828675
0.3587935060593985
0.8083187943893242
0.5281500900174312
0.702134368195545
0.2076952465001065
0.35020886324421263
0.9908009251409651
0.31152640830631695
0.032812801195423624
0.968677602877904
0.2338797270475168
0.3283704172326958
0.7139135417758211
0.7210890475146752
0.30743280095645176
0.37959117769463613
0.4335829323978613
0.18557716921044753
0.08434979101256235
0.3780042355991875
0.4544873242455385
0.5892888914204653
0.03135441733375677
0.7103157243882088
0.8921817958904508
0.6763818248113436
0.14399867393581967
0.34721026620674733
0.1923029781412986
0.05786888628843956
0.13937271958147046
0.743712136111621
0.4814094188403579
0.29089433660215924
0.012472533833417287
0.7189772060513364
0.4467155679088508
0.3189447652314956
0.30540685999332284
0.824778532925575
0.987620280064982
0.49767438349863524
0.13684137199641722
0.6367793080503796
0.5099040281541858
0.08368649561918629
0.42413961675136425
0.8287540291513986
0.6908611098211481
0.3124636612061755
0.5380704955302573
0.9899668969109838
0.4169788502324461
0.7622832455489079
0.5038945867649305
0.33498490885984533
0.5016563335998991
0.5135956214916522
0.10992397330931825
0.08512920633747112
0.008947973900971684
0.4373967016442477
0.5645070062908093
0.2723986780059269
0.1799271084450278
0.7486698423103844
0.22068508428124245
0.3085381729362846
0.8460996961717682
0.8176721666079292
0.3298191268186892
0.07574362604348694
0.011801155301644384
0.817378611000493
0.14304621301079568
0.597310764878836
0.7513042074330116
0.037174024255730354
0.6898408500861155
0.875677269507678
0.15070372360360396
0.19674086053622997
0.7191203445278247
0.995993787766404
0.3539655341235797
0.457238175633075
0.8479117110843619
0.8403227902053949
0.8825017138815379
0.8677110564141353
0.6587773074503569
0.8639186228066418
0.3815348242062173
0.9354641828673174
0.3716184878520925
0.10936089402773352
0.6711482922783976
0.02991124593125849
0.044906336360680754
0.5034878906775142
0.14892276261144044
0.8636428694821472
0.7227847883485665
0.39568531575115395
0.013845190305765698
0.6738874662026524
0.9695263315116958
0.2995302789480363
0.8238056183187299
0.6928252201002585
0.727171880018068
0.7345525880531842
0.7398754038226127
0.8122361668164266
0.25194337357545726
0.18513937339029507
0.6232021975157327
0.0673665561804575
0.42731450675818095
0.11317293375450133
0.1847186530160161
0.11309113319076358
0.420261662534241
0.48214424216754526
0.583040061278778
0.3639266132485037
0.873326789577578
0.7659466595746853
0.6151482495426588
0.06712630775350803
0.7768773188368181
0.9274862085613451
0.628158395761105
0.9346836371806464
0.6844101998653287
0.5521262647433292
0.7187536481897643
0.8542699738926411
0.605570211350583
0.6698265693806893
0.5278263945963195
0.5170126744715668
0.8652187428590992
0.3598216796406337
0.34063110794595786
0.44563132209122225
0.5432452774647383
0.33585794874726327
0.011082155744580602
0.24226765761322344
0.5601487996590351
0.5024156803240292
0.8727619427207676
0.9317289225125862
0.1826200630324748
0.4346173624627181
0.5174326626391959
0.9047467767530537
0.9627167683204436
0.24655582707719947
0.2913786787494017
0.2226329210529987
0.731881235357116
0.06386358476440401
0.9785356901207476
0.40550012005885905
0.4054445002783562
0.24362793488314005
0.2171874558787832
0.9761346504748165
0.4583675540881791
0.5407056840477995
0.7366191463939789
0.5586082609230136
0.6740897442266283
0.6416263020661903
0.11559797324192078
0.289721364150368
0.5060257717090455
0.7860270750693255
0.8715674391366612
0.8695349436016329
0.7229945326998235
0.22616164312505083
0.9918448315481445
0.8463565244574074
0.19236172199785861
0.5048262368226375
0.34516655298347865
0.1275927991538901
0.444151525048996
0.3104434154867113
0.5343287838678079
0.18613945324304004
0.8172737911074386
0.7742676998752258
0.5526313308937894
0.9027974215910717
0.33475211255223125
0.44128093232663357
0.8746715759333674
0.375699258962785
0.5711261937162968
0.34598313252170754
0.03390917276768568
0.34770405723081543
0.43239226895830396
0.5748540929559516
0.18803081555658885
0.7347484971746878
0.5667653219670516
0.37678149970295904
0.06757663199007724
0.05284947005521601
0.6191989790111474
0.2179199032498862
0.3304897536598268
0.6676389918306043
0.972467544727404
0.27515805718060804
0.39730976298807796
0.8745783549431507
0.4751735646112736
0.04803939631659704
0.4043861713386576
0.23359433562556942
0.631186722712878
0.8219789602824135
0.9097402818092744
0.2381463081087447
0.9160677485935285
0.1822655167722651
0.5439690721295067
0.45178411447193456
0.4164045538938159
0.7090589612299518
0.3169865078452201
0.3675945674626422
0.9120682358077385
0.31697880023101965
0.5638764090883825
0.6342168315965875
0.05066981864837139
0.13592237813124752
0.9695393843591222
0.8346729349963902
0.5033084961003031
0.6762402022355485
0.44951395636154845
0.8904971172937206
0.828879030810441
0.6138966879493242
0.4214717312652936
0.7702201846415877
0.061188296129175423
0.8531209309028913
0.38041182825494135
0.493319960920213
0.06836355415149908
0.9455168981933417
0.36257931560372203
0.23481673875402076
0.7580869956232266
0.9631216565655141
0.19268000396136498
0.7060967027773379
0.7506687672575989
0.04981112965661505
0.3958895996672369
0.9283341785159294
0.2901369047911515
0.9248518101565251
0.5987139045036831
0.0917784436473339
0.8339599795976587
0.1753710428707833
0.5403426232676571
0.3223298733112163
0.37389153585700163
0.4876995617133313
0.8580576147778891
0.4935343084659476
0.0743791717017912
0.3229766189987091
0.34902240009560526
0.8386851387386123
0.28806647952916187
0.11782425695011955
0.6676477182151979
0.8072723720296313
0.4384062385520706
0.63206697970868
0.20358668543196523
0.26159213071261944
0.17321841171681518
0.6132432158666434
0.7078574921833163
0.4930613450468935
0.8341924094177458
0.7865568860133416
0.5446917524796897
0.2371272438310692
0.4598270368075512
0.300748112608914
0.8921741085058876
0.18989033625373208
0.7337334673734128
0.09929937968758829
0.8569156499012842
0.3874870096465608
0.9779762337865427
0.9513168832767434
0.9858542632825007
0.6889680323825156
0.21348350990996523
0.1728623707424055
0.8198072664536176
0.6444455801470961
0.5346429338585521
0.48349861422820917
0.5658616292148224
0.16356381903092831
0.3668879144517945
0.9887090368124469
0.3101541919573325
0.013833724865495611
0.2036791410222223
0.26296513760370477
0.2771537534541282
0.08285070238267456
0.5856034246876167
0.5205828595504216
0.7566834469780153
0.2818263828941019
0.8250859205933794
0.06931454438704066
0.14879368458329023
0.48512664977277753
0.27380992297242135
0.846387372595703
0.5484579889222139
0.7924072286413135
0.9547068713491531
0.5366216562043626
0.4366872398188699
0.8644942324130542
0.25507199195634733
0.43388366097072417
0.7465064009984848
0.8513361262025041
0.7920662966476553
0.2518065363467219
0.858651079882208
0.5857642955707119
0.23530273982171512
0.33904850437079337
0.5560401550896878
0.16249143380652042
0.8841277684983686
0.009843443189816448
0.8766011003093968
0.8812731520567414
0.5900125014468351
0.8998754698806648
0.27051177065965915
0.8451774694324437
0.8947383724445417
0.8701157439207301
0.76859807942082
0.09020913272035469
0.5969314924546765
0.8301308580053186
0.12926476321567915
0.04720079596365667
0.7850144980266434
0.3493105906816627
0.8563452114538472
0.4147241006103384
0.7820517388881365
0.806147506577295
0.08351601056785563
0.9874264187991966
0.6626091301550332
0.13610332817321136
0.11002488032267577
0.2413957133853637
0.6929423289879035
0.35950455843803986
0.0036523256057703346
0.3458150645608242
0.01280705406579763
0.7173610834375985
0.0016632920868484558
0.7754930785433038
0.7082951323507214
0.7839819671336579
0.0006206621352233821
0.243889923651889
0.9549675929590908
0.5423554483586186
0.5505071814427076
0.793828106022529
0.25721288009446863
0.2655383092841346
0.7811007228825919
0.11701269167075945
0.4823619879294012
0.2781380572062446
0.005716829209030161
0.366860879425283
0.4311903952591396
0.08375825312726981
0.03735070797254458
0.5112201711774838
0.9442886686522387
0.11948793286375259
0.5890318722824281
0.6603666699111725
0.6458382134200653
0.55040341650481
0.26978617004756744
0.49350902048438416
0.987879726867714
0.5225836073432186
0.5231966957757008
0.48729091721023954
0.32393010502396824
0.6383399428889727
0.1586475191184964
0.6597361727965356
0.6544914431686355
0.08931304221465286
0.3878910327865941
0.4073971648958794
0.13755895578816757
0.5903221202957125
0.9680846054042671
0.9337757303162595
0.1995179857114635
0.33899349477786944
0.39548575919871864
0.5707246819180489
0.2017383298387576
0.07615014293855515
0.9004951447082379
0.8203083444523882
0.554124084596731
0.7978519873659036
0.5474656586257054
0.7346601469693987
0.029754545383157582
0.9829429686891076
0.2550282168488258
0.8247128025606989
0.106654469455149
0.6284292231085624
0.6159378467187824
0.6054496353900114
0.5408006164547392
0.6517658120846161
0.47439531509389954
0.8208154502999512
0.47853718037403703
0.04024262862478656
0.02652948630319263
0.7911704508839419
0.44448539499929063
0.7922270826763314
0.038202845843182454
0.18915688404417974
0.2793774000281717
0.2174396814148769
0.9549739977054756
0.14795528640941003
0.83972299442614
0.008082025236288315
0.3518192241772802
0.6673710284986003
0.5313041772678009
0.08579781240693896
0.08503312254039086
0.9290406619692868
0.826527138950188
0.8319806953629956
0.36513940713873216
0.34315453393688267
0.3372688726348865
0.48552387848931144
0.6848513508711302
0.24432515240436836
0.24742992899272598
0.8254523065612727
0.30601771283566515
0.4216958242249518
0.25479547893559595
0.5244867413035836
0.9918492113196355
0.3602525180115814
0.24381048964707452
0.8943826587159076
0.7467668530015283
0.3930770454367154
0.908914589851314
0.585814130481126
0.7000486619928612
0.626388970112415
0.35221127107781736
0.9206956707699345
0.5530898850686741
0.005311298871430559
0.010251230714500403
0.49176984939440715
0.589086760630718
0.810357349155558
0.84565693221727
0.9725880548155681
0.6006081967027215
0.5339634313915109
0.2757654599413297
0.43280072551922344
0.5962282051167074
0.10691248494646932
0.5560877411048288
0.07122557694768661
0.34978339351661325
0.36344803437983253
0.7632205225015729
0.8072655576984147
0.5746445203285386
0.8156104746611026
0.11443333262945465
0.974783683216309
0.1294725862781192
0.28597266301878643
0.6885478311815163
0.42083151023469956
0.680640990731544
0.18380605174828402
0.9121598492795007
0.994281914098835
0.49320917263858477
0.3717982619525442
0.7074751353099549
0.9443172344718929
0.4192409738617695
0.8544556201967559
0.5847923924927039
0.42938865856037833
0.6979649415974809
0.45929201451866697
0.11247668971711233
0.6981812547371218
0.858220393658996
0.013909270302855381
0.19164132010486368
0.39303116040037533
0.7591658345378143
0.8657796957539725
0.9852688181009754
0.37033289640224054
0.30711733383189377
0.6949915446964521
0.2686665932176344
0.5641803020912908
0.4454149783988903
0.3562615780887046
0.9720725798632164
0.971114082001731
0.4014865637373344
0.7399776145800774
0.8069757322034927
0.6919488622105243
0.0057626361084333055
0.4907129769074088
0.3410901034792839
0.5671612899743492
0.6949527820267665
0.5384747576908675
0.6034261743973897
0.7795711551783049
0.5466118855496624
0.6243265660828266
0.5607351789681232
0.9513043034079327
0.1316917378904381
0.7946341155683025
0.7012335656075783
0.0820151645317142
0.0764968045693879
0.7586407388407497
0.36411578049197924
0.6594699881165937
0.7178294966695458
0.6009004743613691
0.6110804912039196
0.6346948927967435
0.33556430598228704
0.07614182163282757
0.9924295808131314
0.5193405642679416
0.28133680810026784
0.3937861510666887
0.5314535669892422
0.1784029907609852
0.20147580942511367
0.7839319513149552
0.41401953378495215
0.197545716424252
0.6195240942587943
0.6846992984707791
0.283068713569248
0.7790285499383829
0.22649308614642205
0.39119918397187337
0.3611837633224486
0.9470418440803499
0.6966607702776497
0.816042967491915
0.9914137867692097
0.43510285126019843
0.9561629772233304
0.20390029977622937
0.13696812274770398
0.6689761562167182
0.21371170827451458
0.6404198696928527
0.2792269970457266
0.3918945197267798
0.7890111109389364
0.6279878678834916
0.6389749993915708
0.3231349372817125
0.4426500203460271
0.2627164575533849
0.30185633866958117
0.3922014731802077
0.8993072282061065
0.6548752961571584
0.623139365625722
0.3289025333088993
0.4485186009669906
0.2117235738905867
0.7880018415667549
0.5895234837126118
0.911066259452036
0.39973868128044177
0.04997807911058727
0.37026193195073676
0.4415753050872995
0.9284767817932242
0.17345248995721385
0.0872450458170364
0.10380126565078918
0.531205003720997
0.29850945669186313
0.9764695402402384
0.12934715512945227
0.49755330743714743
0.7184221640526298
0.5864793502673984
0.3629822121683284
0.2989915042511784
0.8007924395612946
0.2096002940708328
0.734844239760335
0.2134941513965345
0.9640864713425568
0.02357253729390152
0.09250437068228368
0.48997752963923547
0.6818271597394121
0.7288896336612563
0.5346716181166773
0.2290368121367612
0.6063963368042544
0.32383787048771695
0.816469680924566
0.275151583168207
0.5864907509248103
0.18943165250476746
0.9545164490149762
0.12124155237037093
0.558485793724731
0.05310936105087616
0.9843046034718319
0.46215552099665835
0.3031276167261203
0.4215854779960029
0.924534772920421
0.8851963756009154
0.5898745773310401
0.34456672410945033
0.26230770911477896
0.9823843093738212
0.25899755679510306
0.879956763449883
0.801567367384707
0.7864172333609762
0.9083515316753845
0.9079586014649075
0.14568425979416788
0.5430306522757873
0.13920838289209914
0.8008273121167164
0.4191818860997196
0.07348188223002383
0.6542348707951582
0.9974470487444527
0.8077651965045345
0.5312698751519505
0.011884960233555564
0.6209488017437672
0.4837180255724127
0.7178144840885621
0.5627778502719665
0.8157865145912222
0.9024256056876112
0.9745419987770103
0.09751665896349837
0.8248994586204161
0.5696508111696019
0.5689360887587622
0.40346186199201206
0.5083640165554677
0.34541353443652967
0.4156038389415908
0.10519625660932741
0.5738479953373363
0.21862980720798064
0.34144329394471984
0.38674867319249095
0.810658810628256
0.2639331738899553
0.10090846836680423
0.09957149774997243
0.4339305682782788
0.21943394014579032
0.8851022374235862
0.5328110842328768
0.0803872935434129
0.12881538087146782
0.7394372863447007
0.6299019143639759
0.28745857887486115
0.4763150891378667
0.1894845967092611
0.7476371480312909
0.08831603521789333
0.574313072008851
0.7378090887732742
0.5914209748160222
0.581416934412087
0.9117848774664745
0.7629221374880131
0.8953469763819588
0.9600915702525601
0.6419572479403333
0.0036279342351301924
0.3340238263923143
0.7985605713930313
0.08593208159990007
0.8981162591286178
0.8144971284051299
0.7056956895402473
0.2791522905976025
0.9907896586135125
0.2494810247140009
0.9246624926151303
0.2626159863174846
0.5847267183645701
0.6807897653238566
0.08290066511924743
0.3262139451441808
0.4368337585734605
0.8529202817270691
0.06062790473828339
0.6052918802774256
0.2790558123986018
0.47899300873131834
0.4354396039375903
0.4573935721710234
0.0401624516368706
0.255212693493442
0.30625498550051433
0.6904729306442512
0.4255624498868624
0.5448569465819229
0.42631704111677116
0.16768298144885607
0.6871094592645242
0.7181947467924807
0.8558810665980587
0.0021236447128345493
0.1897882125443946
0.27436536091056407
0.1226382748213315
0.6473989472182595
0.11514099298695957
0.988148005775815
0.3947801015430783
0.6165709515059872
0.812161232894874
0.29167450619084057
0.6629225225040805
0.9504617528571366
0.9792210610069847
0.5031690044286754
0.039951376784142845
0.09719557411953628
0.3659148586286718
0.8919238602255339
0.8510023803147664
0.5191729932099491
0.16884499324542812
0.20932478936436838
0.7148242780560126
0.11260958003422239
0.8888463124867052
0.5322797853070171
0.5403257466876885
0.13829161294893488
0.01058395742467333
0.2823700204530948
0.9239940226366175
0.3391227657326974
0.26134729047335536
0.5376271743279881
0.3527701576404667
0.7664764038516965
0.6094012271953346
0.8437249137932883
0.2308562327646242
0.5965674465404434
0.3044541991860408
0.5272295864724521
0.6530671623317801
0.7521437263849398
0.0774790590922696
0.7692550531143685
0.040692670887344295
0.36881358219720495
0.033491654588077235
0.6131161902735056
0.3706643074182414
0.10495160184029317
0.8694304948132705
0.6271619073834838
0.39521170929213345
0.7718479634322661
0.9854854778165736
0.18577707852836234
0.9529193789735417
0.9158031000114022
0.122447732297849
0.2612528464735788
0.5705284847495178
0.32340175013324046
0.6125264596389166
0.8288322808998647
0.8331750173420285
0.22564795270000082
0.03959928763969445
0.9461452671416153
0.43210263109998914
0.9710402955506805
0.13967749000940222
0.47480578853592625
0.516414030685387
0.6702965899159683
0.28935604063747267
0.22597907125965122
0.5415809123947879
0.004559242323656454
0.27457234904769323
0.954271996007465
0.5867957045431036
0.001958893123208849
0.9766880779937923
0.849488394306186
0.5143569264853078
0.04344538682908383
0.8981351169635685
0.39806718150224296
0.49988532064104274
0.39013367600274074
0.17148103926154623
0.6005549214390922
0.43597660855386855
0.7218511472066889
0.30066306688103994
0.2382050495507868
0.8992812140862974
0.059349278915109105
0.8390633164861361
0.00739548732530193
0.31366545306169735
0.31253171044766126
0.6235841065304157
0.7480299998417348
0.3739944097539576
0.8930615207048218
0.507578996390927
0.7989536122897201
0.39979257207667707
0.8734866926905667
0.1904651564656452
0.2545804221864376
0.889318824416756
0.8471534821893925
0.11363186239678091
0.2022288991371517
0.9271343664932292
0.12657177400711017
0.8411876086171961
0.5764377585983642
0.3297959643621098
0.08613441229757246
0.548923588778089
0.8955132364257112
0.37282934352619046
0.07824762827966047
0.040169746238476245
0.5804906538025982
0.9412134206514366
0.5053735845873322
0.8801643330393663
0.014933036583528514
0.4087244915473298
0.011766601564166201
0.35387470629703754
0.3079568255975875
0.8979897432207593
0.8125513173725707
0.6697610163038583
0.42923475363250274
0.9474914316552809
0.4212372250529208
0.7744800295274781
0.4958698541802564
0.32019649879152134
0.332153853962446
0.6097095724644708
0.5971572779868508
0.8501883584236964
0.05578378552539953
0.2671181650432142
0.7098035810404983
0.6964482383889574
0.22326746529106467
0.31437085340575477
0.6322077254498941
0.5471993078099198
0.42000261241674597
0.7288173870251675
0.5199169311956824
0.9923758215859979
0.6717364568681263
0.6237407672887185
0.45839312719687597
0.05940436094775037
0.7033236987797968
0.9401842707733112
0.7592908771515454
0.36945324221491704
0.6796332826063736
0.110034934833102
0.4610489345220177
0.3650956411632875
0.6762624412917351
0.31648834115998326
0.24966510290411104
0.9929637239145985
0.8766882576566613
0.3032220992090733
0.2387035567856597
0.24026194821213176
0.10923959101867653
0.5344860174862929
0.2880232159961438
0.7111058791135223
0.028444286887941983
0.52405073839236
0.5805834633091616
0.5234071721627347
0.010931143339744098
0.20099791338495243
0.6345498057948527
0.31649848819325666
0.13115427777844002
0.4931969711747717
0.4751424968483491
0.03747595030448014
0.017690951349625728
0.6242352215677254
0.6073651314773107
0.8488265117577702
0.9428625942376381
0.8146431411726602
0.03041078434411304
0.6170126547541666
0.6113499434371328
0.9104149231663414
0.1554687406704398
0.3436046359895579
0.7021398262693459
0.49478752672986226
0.7471472557233962
0.4097716403371432
0.7343339232591335
0.38189216835646733
0.7616834755812969
0.29677926412835487
0.40067183207088886
0.24915600690919248
0.9973890362563371
0.13851987007770705
0.14978468161062164
0.634995896197025
0.8633475721931367
0.8942552336495255
0.6562022706883854
0.6924256022682178
0.48031633174124577
0.12315497743065373
0.22370247366363172
0.9527026215360466
0.4360506110854714
0.5684725110231081
0.2902977114843355
0.05819867048182292
0.930914243171513
0.41484672321061233
0.7475309647806092
0.6398486451364609
0.6701565685796986
0.3049685264367392
0.0004888650681795781
0.26366043710189113
0.543112728901235
0.4472237499631637
0.009005067510697184
0.5034754205564516
0.29921994274634023
0.5114820369243829
0.7172318072793393
0.9755216598699648
0.7610721052386775
0.668592877814576
0.4433359021845351
0.011443000627093358
0.04162448328182733
0.8339843587999727
0.44876249750529795
0.43073115211484936
0.6157360677726977
0.27255174057982967
0.6778840375712933
0.8730380792169816
0.829423028341882
0.5589841027757354
0.4779098187953359
0.3071727435517211
0.5577410134475553
0.8897025751233394
0.5713624951011442
0.9231063862530986
0.2416463213899891
0.7665345769925078
0.8208887780832315
0.6656318588512293
0.9429143113701755
0.4835806045736146
0.37508379419908366
0.6849361306985386
0.4698938983930554
0.21630786371422284
0.8531163434690114
0.5618683560401969
0.6218957652016179
0.6649540340739608
0.08070351260178676
0.18386811833480965
0.6005130568558168
0.47533688648619354
0.12740263367880744
0.4223115691828019
0.5707403265947024
0.10344277531080492
0.6992162738909129
0.771599105099533
0.4760406085509119
0.6043133916943952
0.11607313103560712
0.43181919005530656
0.0031536165403258654
0.21038667653703147
0.14033926602876767
0.6950908488503469
0.18372847535708603
0.65596278523623
0.2230044239903195
0.7455613762843925
0.5651562322847976
0.3131440274176749
0.8879903721810276
0.016504492262529258
0.47802896659889615
0.3602500121939949
0.4230752336297372
0.2252792165892208
0.47622968818055345
0.7334589937272646
0.5014596294896454
0.5588626510250232
0.10444320270285523
0.4948581359387436
0.7235874967572777
0.09359381366745478
0.43983350615689254
0.7855292178963744
0.9928565359061323
0.013155007934202656
0.14852331366291982
0.8349082399638987
0.9541575945818415
0.4535855454761979
0.7504765094544728
0.6446770508932802
0.509984005054845
0.9149218563680077
0.9843887783186822
0.7551734258517386
0.8584585071368864
0.19057037418282108
0.20840154510267195
0.6137501711751561
0.6652252683617699
0.7447684453721992
0.1728865172032188
0.9531102632539532
0.15685891714163858
0.6025376626774508
0.6627289185722449
0.5335051692175066
0.6155535861319841
0.8200010978266414
0.9437638213382478
0.7623032198012765
0.1547808745589092
0.9046740546496019
0.6332607726108166
0.9167883019969838
0.7049231514578198
0.2687217118467078
0.6169277938636764
0.39538404162799967
0.9636161394717659
0.759786405181289
0.43622331112168067
0.65907418987678
0.8950320641560221
0.5554264502890136
0.08212446101171533
0.15523041079867106
0.9272795765884687
0.02298507803996097
0.43968875336472957
0.9994155814431527
0.49230312617344163
0.9471915306735701
0.9764751743181812
0.2938976589312534
0.0002683041810376263
0.92857857355923
0.04828284773056879
0.950031646931438
0.7591531561895839
0.49883357380358184
0.2360089428531824
0.21534078799624412
0.5892935532910106
0.6178143321633871
0.5457392350207335
0.7964143597005215
0.6501331209353893
0.6923372581148124
0.9794282828985967
0.07041231985274377
0.0013098609213590962
0.7520862607560581
0.5679221533907148
0.426726131158188
0.0013198834070995424
0.8575968401870735
0.1113242840562716
0.017922611620126316
0.7107400508142456
0.8405362843926023
0.45625365808398666
0.012304976943271706
0.7518037220532956
0.271673742151213
0.1638036575552051
0.6891239714045398
0.5773588466852437
0.23628617816386832
0.9054736236535306
0.7700914286915963
0.696835704399595
0.6911687588857454
0.5243468902338346
0.8786389632834244
0.5335665858619916
0.6435304641635748
0.4758726758798617
0.3978711034691067
0.043846141171612674
0.4616949673853845
0.31213524326451303
0.9880405390460476
0.46428987652288223
0.49189626787693097
0.9005827818687651
0.995157289148803
0.14673939248050827
0.13318204567312986
0.9520485836600932
0.004034064756579525
0.8729552243759418
0.24858616377360176
0.6251483265430229
0.39142608438646165
0.698395307626339
0.2313917790350044
0.7704469323110981
0.8814133553029129
0.46261779356837307
0.5916756394764588
0.7615808415586562
0.8127233411659185
0.274805942844883
0.7102521823331986
0.8998565775541547
0.14284389797709784
0.7795958544003527
0.13739606746617605
0.21028909898092585
0.5701239737869368
0.84747129531313
0.8111395270802169
0.9534929857129673
0.7173925098502294
0.0713711166651303
0.12045380249802107
0.6173772302554903
0.021562161562947768
0.40395152423370506
0.3773216020569208
0.10470665863151485
0.6653359904983112
0.5700743354050795
0.08824362475603409
0.3741171176682634
0.4689519635214281
0.4322642429684913
0.754186134653978
0.980747977578307
0.7660702458182111
0.21003115679903983
0.29188641690574335
0.6858730096881474
0.9966006400300411
0.716487634868743
0.3439424113716698
0.6764811586082173
0.39690692011670037
0.13027213976516938
0.8123096875817135
0.9910385697708612
0.9640679082550436
0.7441780222505177
0.14405708605701895
0.9637959510319427
0.19799266800047244
0.5054103459515429
0.759714775576444
0.2217100243431469
0.7475035515986959
0.8691116990007768
0.1343977764584714
0.5582848476655791
0.18923285722423056
0.21443564095409084
0.6259218038335035
0.703851477692292
0.6825296555939271
0.7222908299843245
0.16117349223520194
0.3353416642387146
0.8186322064348626
0.9837192891215396
0.288473890915373
0.2658327771381348
0.4231338955113917
0.2021831402622578
0.675809257927972
0.4005730116190265
0.9097802803973958
0.14100821803360408
0.12361476726630904
0.21822727303067202
0.0605249586625245
0.8374732652584373
0.4840677543279839
0.634862310735971
0.964105628260367
0.6179963101110231
0.7395827573197822
0.6601844478309622
0.4369898417681404
0.04112765767875026
0.3753372455538495
0.6078048874776494
0.18160353132941243
0.712490202628151
0.3530423354693826
0.22435007496516035
0.26287700248238277
0.4836615333150214
0.28335385773092225
0.187437786086174
0.6679702757140187
0.9795268169727012
0.3628047765863842
0.43244848055133245
0.7668274594959947
0.3462791379421817
0.9420722041988419
0.7459070791911409
0.9058628865730496
0.8421289392291187
0.369159630940463
0.3101277083337579
0.590152207270014
0.27323944750942264
0.1282302076959545
0.18808094646116236
0.6238074969814003
0.3878836393629097
0.1445081047778225
0.4743041092768969
0.4813180149685885
0.4241228619630977
0.7603843012120204
0.8715023160205682
0.09469179844998554
0.8760385696715325
0.9731918579687895
0.42057555299436533
0.33608147711659475
0.008714347889947849
0.02253440858941702
0.5942216663991082
0.9345331727088797
0.6039988909559046
0.009216841306689538
0.27575848920233814
0.5860523966907074
0.797269476821713
0.847358406961658
0.9218462701168628
0.8559849151418788
0.8407847769021666
0.7219745762689433
0.4898630466948741
0.608722969136346
0.6433290550552
0.838361253021009
0.04630368666646589
0.5914408313921986
0.6043082503630903
0.9314948188497252
0.13704518592724368
0.04463729544325434
0.1263343133893715
0.5616361671079435
0.664703371807766
0.7551773659620005
0.23437074596359442
0.1779527473896081
0.8163794011629881
0.5382141418384254
0.5236000862147447
0.8140534011891642
0.9723035909840003
0.7167039662396322
0.09064487770533836
0.5398595530878507
0.9597900401354207
0.6692383088302223
0.41171624861076084
0.8802838490503753
0.6202764618033152
0.49232184961290315
0.9884344478064435
0.7575249983632162
0.7948083838558877
0.656355456717018
0.6733702193590334
0.2127795452828325
0.006838155839757443
0.3803006815212777
0.6639119132548099
0.19356166996367596
0.9548855330946007
0.17774962284372164
0.811365257145225
0.984737410273602
0.5250977483044847
0.19108733558982927
0.18226678305385935
0.8056829944309969
0.3849440228149619
0.022103150088409018
0.6283348537863438
0.24986298127140194
0.7243420063818846
0.30414769578353806
0.6954950423558521
0.18448386384491378
0.8547650910332947
0.6408123159336248
0.8998955006283491
0.05867234493561635
0.5155735512498709
0.07710476185618487
0.762241402356348
0.9188739339085257
0.9704136627042406
0.4417832355518989
0.616378317003295
0.9720598552572748
0.8949212432120226
0.710778791553726
0.1567203369685115
0.9429601936405128
0.48530622072291774
0.25550863714594185
0.5392090936029561
0.57953278684863
0.8271803621169145
0.804305856335388
0.5214898118951978
0.4728155366264155
0.7798741139404333
0.528166678548736
0.21915679822759127
0.025557366036000007
0.5499488945809621
0.4437206964147924
0.567104509310205
0.6652359119452296
0.7684066294886105
0.9522372024353778
0.01141085736221581
0.9613518748471093
0.025305622510002124
0.5409541698659635
0.5231633232612802
0.5106684626932467
0.10891164685837906
0.2388962080922905
0.5198627281284114
0.8880633541370351
0.9791202083762003
0.16802313317769202
0.9411145603672093
0.8943500812661083
0.010154019345891108
0.42643851566791424
0.2036364504962498
0.6557942623778303
0.0008776497395210914
0.6752255551680864
0.47433183601158313
0.2851417797087141
0.047628192994169094
0.8802516039401695
0.2480805902363563
0.9886431860755478
0.10817740538265586
0.9761842634788891
0.16781363293387863
0.8145763890836275
0.9547857111636695
0.712286659859696
0.8732454319135683
0.44278575133504416
0.26755558450845496
0.5764724792520906
0.7878191612032412
0.22216420010018534
0.8154232659410925
0.9213256853329348
0.38509289639292965
0.31173333829240946
0.630179470426502
0.8022378849594936
0.4377689492495258
0.18794519329757864
0.35219134117797846
0.21485893298234227
0.6757039734276415
0.41247534119911955
0.1457527728006982
0.45342436098927563
0.04510490353326957
0.548845881176866
0.4400863608533079
0.8132530656174761
0.6687309796279937
0.7060265316371532
0.8581765611864534
0.904125157968982
0.459907565952252
0.998364857100797
0.10519630497985766
0.24664710199933593
0.5081228799502013
0.49272450947952784
0.29549917186305397
0.36720257044000637
0.4056919154214682
0.8412913002636138
0.3168563701193998
0.3346102032426368
0.36707500801434345
0.7520831566528352
0.40346038072543666
0.3479975456569262
0.38837866354816364
0.24833727158238905
0.47477485493657334
0.43085922688846523
0.8612398857879842
0.46098801689717117
0.17635108497885854
0.6075078067007227
0.804529962750266
0.822053851563803
0.4523550776252052
0.24793620350733758
0.06783132157664107
0.635853356162482
0.7004469636777504
0.0421867498007471
0.48779592173527986
0.7898186129119138
0.9864373553260692
0.6177855322922585
0.11799448569361659
0.48465180211076375
0.9823196648498909
0.48031008132730846
0.9794031955366256
0.04347187813080211
0.3763510667524772
0.23135141295210238
0.9988358788301315
0.011116597020234265
0.9161263815694862
0.943618548014026
0.6234019419661552
0.46014906270257083
0.12903604438888006
0.06815162567111521
0.48264352043859793
0.27318181799625396
0.4210000436997863
0.010311743496086656
0.5908429613995005
0.6399716391312402
0.14562500353328156
0.4773255570921928
0.22312145234170577
0.26773107408071883
0.039831455633482005
0.12695103081859838
0.1354088824728381
0.6318325565265674
0.7942674496456616
0.574400541316261
0.9266821990710383
0.8778042339383383
0.35053352461609677
0.6374335410761431
0.6325965353242771
0.9763063169961312
0.20374887260211705
0.8381468184952321
0.26928670999701
0.13599845053921333
0.91710705169048
0.15354143797837283
0.5177651983792557
0.8697823870031729
0.9241455452041416
0.9102308578916976
0.5654668311222153
0.8224650226977774
0.0965720987973655
0.7268138813593821
0.03546222100856955
0.714580657853614
0.31705211792862054
0.7191398590174358
0.5867235059852842
0.26592176138623547
0.29253001174156235
0.5337602525629102
0.23992812594986468
0.5065149312827262
0.6336000109783548
0.8419799749144967
0.3032868169765186
0.5586518147834503
0.023400161113547036
0.3918514171061318
0.508979903478372
0.7703405782406736
0.44095697608126994
0.38573036687904105
0.5320304159224332
0.8509301186330134
0.5413672753830392
0.3477281379839088
0.0311250483575507
0.5515956672716795
0.1298102941253354
0.496804097261214
0.25454165005835594
0.01861396188329656
0.3181740141476337
0.5894951537942821
0.6974278041457087
0.4412969744794555
0.3958001915038818
0.5922989258744036
0.7760392671211027
0.21132736237587624
0.14242647065379788
0.7983535370138943
0.259553869437706
0.9348171210195999
0.30964277796530104
0.7865157617740961
0.8535926773200271
0.8052122434573763
0.5512527943237893
0.2075658394600015
0.5593155878941447
0.2860495984615472
0.8558882610211118
0.20334847559406688
0.49875289980975746
0.6859143843045132
0.011050560922835961
0.49418828813834215
0.35685529143264083
0.7101621106648692
0.17743441648020686
0.7627704571456795
0.35994132703821036
0.4308592012047794
0.5832735474237338
0.4921430446849262
0.6510421401012159
0.9718015359543801
0.8951056875680807
0.4016635991597115
0.9090234540695596
0.866861978335262
0.3639157304840397
0.2139078034121511
0.9307096626907116
0.5488359127206954
0.9374261560031412
0.7775373032622317
0.504498680037168
0.22878235426314442
0.5801487188788608
0.5398222376321069
0.2482311880329544
0.5355419202910712
0.7532772376504207
0.8035298010718555
0.10032213702714388
0.43152162171246533
0.1776816075038432
0.9978848381178493
0.9997843718017283
0.3239244606375704
0.9955008420003733
0.6589809677229692
0.44753469758569486
0.0431935569168822
0.017728983000380394
0.6700828839344966
0.3483846141835154
0.726937327879337
0.8026336647130603
0.5498172024401577
0.4008937064089586
0.9128277319528633
0.4435856335357473
0.830400264219118
0.6323570036215345
0.14482740331078947
0.7766039679964389
0.25274200897398713
0.13465686329558668
0.8432099470369823
0.30676564349425695
0.7073478904788357
0.5185784694567857
0.2341017770728404
0.8464180713073384
0.6695198156614157
0.8922893515088413
0.5286819675805075
0.1278696374620374
0.6149163518582028
0.45646033112634865
0.8797259370411523
0.37767803168553815
0.06787235335363584
0.48557556304332783
0.12480705364913058
0.8476041636122393
0.4637626828605319
0.7484124981894065
0.5104073637716817
0.08808984406806775
0.6505515811400548
0.01377698197252264
0.14011758883591008
0.7592270234690626
0.2530380046326106
0.9200919163719095
0.3362907158940369
0.015041678339191344
0.7331923164833236
0.8005662507385716
0.7228928572952726
0.571917164880648
0.4522474224809332
0.8704679307881646
0.0008743615646491509
0.22738467382850724
0.8328256528925397
0.392668789027828
0.804589091000103
0.6696320781796556
0.7708928155726003
0.17779341513199332
0.07138955342091657
0.9730486603746378
0.9360463642513812
0.7455315181908282
0.5115953476858579
0.031843209657727245
0.0324527633485987
0.4893046008276345
0.06882469569160077
0.6114448236094014
0.33937381020347024
0.7468392203266603
0.0897355075748747
0.49038479675381796
0.07611506807244695
0.43236672894679007
0.8179463952383326
0.6973974766506399
0.643414232579183
0.4720672885432753
0.9273263444383779
0.4834873594695459
0.5757389095442347
0.5752351860948814
0.48902493578771233
0.46493251317501527
0.6104225620834987
0.6087031888655152
0.7799396217983743
0.9543634244053025
0.9601086108932761
0.24678185522063467
0.9709824558642517
0.5272102659954887
0.9318170030287463
0.2984948326317458
0.9857843363382321
0.5976865027829132
0.4723743018654758
0.04930245012493395
0.8985759701967697
0.7180643515992187
0.02922085981333522
0.9983549487014673
0.2033197641786435
0.8162007459507019
0.6041567913857555
0.007014905835740937
0.5962731855773871
0.148658603140287
0.5185165675775232
0.28709661019915433
0.07429920080092889
0.44876780016092965
0.25918485398681845
0.34575216854986857
0.9337090206632155
0.003948892710778695
0.7635100099438847
0.23281597808475696
0.06319128384625117
0.42596856072632816
0.6391603790711315
0.5577360691602904
0.6910144824097171
0.5300222307233748
0.33274845890765214
0.5470194064720768
0.2782793781285302
0.3198351388945555
0.8571792606634638
0.10890371419730327
0.6034007495784142
0.2957782494508685
0.9829577404945091
0.390051701923229
0.6476766158432217
0.5754737058997699
0.6079808088118659
0.23021414228750658
0.3621180048073882
0.057065535699567516
0.45751358904759654
0.055622870905080335
0.2455340949704785
0.6060353125270075
0.9848306597632308
0.08308022585049901
0.1799995635181335
0.7471919674847651
0.2888289506726358
0.23620626833724412
0.1295004285320278
0.7086685487114492
0.6736933254776254
0.4956781156227612
0.31698364192259665
0.09772541689297265
0.6727205384924182
0.2424628190377689
0.9677043434318409
0.7421584800720225
0.4235632735966359
0.20411418649023516
0.7872389041115642
0.536784226370179
0.9656045100768362
0.2651574899101157
0.2516987271366027
0.5352928091433378
0.6174804379497143
0.7973234481299416
0.33847809054890465
0.7693454466216016
0.592759015930068
0.2681188694832961
0.2114949101679744
0.5893689265488957
0.7046167946645199
0.1300536411763924
0.8953820989072363
0.8880793038510479
0.21346857435682232
0.5553489159064526
0.9037828891609083
0.48706580222168316
0.4578171888674989
0.8276181045750561
0.2199722075548327
0.54784290850834
0.7157659546125918
0.059529090413541264
0.5393753284986362
0.12098879917278915
0.43412875933946404
0.8970002627391345
0.6488785951486162
0.17409043720583628
0.8773395317053818
0.5773865430521605
0.39332069079384113
0.7138074942692874
0.7162619108860702
0.6695998509130998
0.07980406672881002
0.10995979753149854
0.13141967818391098
0.5872432793683411
0.07791848667517032
0.03414506330248779
0.5598421786527357
0.09816594366076603
0.0025408970367948314
0.19352318721452733
0.7408736406464766
0.6495804984187368
0.5153471939534855
0.9206553465176059
0.9987931958985965
0.5110346781218142
0.9838849933514637
0.0642343058668493
0.10375665926032629
0.40349417073050065
0.2229305826284309
0.9688656380269363
0.13922795814872524
0.2092560446804268
0.1602037247333441
0.3652407233943604
0.9376633784449497
0.4159745909124053
0.9113088190720138
0.6560590438420668
0.7954491996685875
0.1804144692112135
0.9662857143336607
0.06896457487688457
0.9130499434049768
0.8451454789629194
0.7583920898672678
0.6716214053192557
0.3784141582826688
0.31360323516225996
0.9426597067025637
0.8865664321569717
0.8057918389903826
0.5106292581309904
0.793453160643137
0.4241038734127256
0.40190252728447073
0.9002324249679758
0.6051141147003569
0.5907775068779721
0.18944945822698367
0.16034717033860413
0.38325863863873
0.9051657527041579
0.6494537759119012
0.3349201773655741
0.7421030169457559
0.664248020525507
0.8092592772405316
0.9453567970292676
0.8032625841660335
0.2560980907578725
0.2496102693458686
0.7136995535637225
0.424040424577212
0.003087741764580487
0.8917369284015086
0.10783946472232575
0.6917633185014125
0.6295461708898393
0.21220459343309228
0.8528232933750917
0.2966073341370479
0.005877323560868453
0.9383673343539425
0.3334950976539941
0.5180238643558599
0.5428212113709312
0.20379534096090568
0.8676432821671041
0.5201211492838897
0.4855299179633612
0.5946671223818993
0.7488161752802549
0.5718005550732452
0.439811000833382
0.7254257335981387
0.48513873902378
0.4084984870072845
0.2673035044269685
0.4178543416888736
0.9609266349177601
0.13902458388585592
0.010065416331786592
0.7716947666074361
0.5157352998379945
0.2054488011974147
0.8170627810544524
0.6816420905291118
0.10576634328868817
0.43386564893094093
0.18445937113359756
0.6128593519334986
0.12802142794448823
0.7344177961945952
0.11266630891475704
0.9073444942816307
0.009835953862250557
0.13686368325246812
0.4396813293042219
0.42401388243080307
0.1957347607703539
0.5096278027073768
0.425441963839605
0.7424806731514049
0.09815010980447769
0.06937679226682114
0.4956106497022743
0.19752041888295002
0.2851953531832294
0.9735829246613179
0.3029724348778786
0.6887002014515298
0.07659815920238255
0.0319646205676023
0.3530060359838516
0.5386870929924277
0.9151214631218687
0.010916159214196641
0.006107438876292726
0.028516771315073353
0.15019036861169566
0.5893325469813795
0.8888656288044527
0.8348987851806704
0.36005239659266475
0.26257572075682023
0.9834016434987736
0.7838413046294119
0.2774130648130342
0.4867265164921559
0.0282864852984277
0.24909237231516634
0.35590069177327344
0.39405870448160973
0.07090177287278343
0.22443810836452105
0.9144574111772732
0.09710035273541706
0.9399265964672563
0.9751825980450801
0.6158841348079069
0.6921584407073005
0.910917493358592
0.4058671295177616
0.07818169651178897
0.059652863361508324
0.8250552157115008
0.23411332425358933
0.3860572027276217
0.19403867823499277
0.36300326119408344
0.5724912880972646
0.4139815157283786
0.3895065303708387
0.37306026639436074
0.7651771306207735
0.06843215874470077
0.10084555098554127
0.3861817617599601
0.4005561012439278
0.21146180595002817
0.4892581915058425
0.7438884922540188
0.44439121471897214
0.6826880431765794
0.013632280974346767
0.8573040323132324
0.35005170181409806
0.8362143435349347
0.7930966934781964
0.8901978726467616
0.20955730848432808
0.05885885344600683
0.7152606908632448
0.6342963103296504
0.8161142792500455
0.1697143735359281
0.3916694670237302
0.42835177603095276
0.6210305202254938
0.8856930816238897
0.5769495889359944
0.37333729053545284
0.8197333952331698
0.42110477644887623
0.16865248290397794
0.14159839082026582
0.19547429545781414
0.9473167530777744
0.8850917975010157
0.9054634533136032
0.582711287056555
0.7709949872209374
0.2408913885453401
0.9850255273599784
0.8814079911139203
0.4628762509498072
0.26114128018996596
0.49379304554176184
0.5422118559897915
0.6934875572028503
0.834460131287782
0.34063087683078797
0.9286866033886394
0.8020488581946514
0.4004928201535989
0.4474781571627213
0.42864888612663643
0.36181846428040565
0.46303549761553864
0.43838326356612134
0.5651052697105734
0.5571754491832277
0.8807361123587409
0.7394089487447055
0.36414182233832837
0.7894809443580317
0.8029408877169519
0.4901774501970799
0.35131071932650526
0.41399863986767027
0.5274892706024601
0.2648193450752241
0.5352218513263896
0.3244282723219505
0.5041383928740688
0.6281875906606889
0.6780638155948362
0.7404716838118053
0.2892623367207172
0.7931592746437166
0.864874644396485
0.9408835054958191
0.19279445565051145
0.26190835355972
0.5014280015807051
0.9843902882723303
0.7188651283997842
0.9509901662581703
0.7387160018256831
0.41592206250348207
0.03915260609971716
0.0141751039135658
0.8055258726597581
0.6139834303037977
0.42714288749608165
0.11639129265052706
0.2902663028147685
0.6605833762421547
0.224785310621767
0.175240365927944
0.13949361019122364
0.3949988384119114
0.4676186075058095
0.4307137117288491
0.02130605117922535
0.14188436390700865
0.7603949175972244
0.7353856986046212
0.06290798585089119
0.453627210329159
0.43055892456956335
0.7132675258932004
0.20603429345540936
0.7129483468117139
0.5084075928209622
0.9558752774904935
0.921515979849665
0.2781151944923612
0.20951671594277843
0.36468114694419707
0.24940053705699694
0.7205232209363148
0.024569333485358946
0.3642355068601433
0.6752034387002972
0.8899391974407451
0.3411790246000965
0.572225708037337
0.19149612830256846
0.6974599445028118
0.6657607750500065
0.5130291710195045
0.2725255996893239
0.7226799128406063
0.9263964974918244
0.39857366035193253
0.03846842189144284
0.4377017169553219
0.671788790347452
0.3477770699844831
0.08874415060952856
0.5199523915866457
0.8085399108536468
0.5316284615528943
0.21225898745260374
0.2704666831764777
0.03721064092914794
0.6430475600737575
0.1283689205392775
0.2086923947473842
0.5316012639798058
0.3621193029837215
0.9146865897570304
0.3803828768352657
0.8948147810787268
0.9841737148833369
0.4568744199749355
0.45256209227257416
0.8425892370820307
0.8163171357346974
0.15035177823428536
0.4971131727905411
0.2967243282068348
0.8477164421765666
0.18967397626671767
0.3372270762220009
0.9075369306640251
0.7751192415284838
0.9642240819177164
0.9585190740632232
0.5659940928783198
0.7968264438561552
0.8099162077099529
0.07128692724953267
0.10173806892015747
0.14500012116857786
0.7131097957525956
0.8384640539101875
0.3922294398123518
0.9541905143261358
0.16170078595675497
0.26481981525234466
0.1619078236926581
0.6760275101585718
0.14128406359232537
0.26690838366503833
0.9410697895053333
0.758050854641938
0.582204896922276
0.0382080519572463
0.8401228542523214
0.29874045524118964
0.5662237459842743
0.8322196051058004
0.6672969978163299
0.7951216345291625
0.3298219690075843
0.780129473811018
0.9163386194500585
0.05968524626977012
0.49430604062223016
0.28853967416372917
0.1744291912474749
0.9554246151462835
0.6558254360380842
0.18215805190874823
0.25177953075239556
0.2080431410996697
0.025716597046378187
0.5640321540185835
0.22164305220377134
0.5596248095866243
0.8323898776030776
0.20781403007176835
0.05773495830916775
0.1693853217442498
0.14160323229486393
0.36732439001972494
0.40871001170650123
0.1861320850721453
0.988617745259581
0.6948811278335034
0.5704207266435783
0.88401362377416
0.9973723362678812
0.19671394642257978
0.03703722564967116
0.8362600715875288
0.8912436046057595
0.66412563259942
0.038425717493360434
0.98091427646981
0.7752532012490365
0.5743550874235339
0.7414246689008512
0.34965604137317396
0.7639857716165981
0.010246109466014675
0.3847368524685828
0.2883478594894362
0.7016961090511833
0.27345427705237335
0.30183538463857906
0.28465935113257657
0.7569751978297208
0.7393924241748226
0.5524597102416031
0.41221706272741465
0.13413080886839657
0.3768639767866271
0.1891000802946805
0.29925896067084445
0.1290533980308768
0.2815637763146557
0.836113780312282
0.13476297090620504
0.40326876346213014
0.20167535119173885
0.7557314140355418
0.509266428897394
0.34470022986114857
0.4213404291032572
0.661956739887213
0.24501991088793895
0.7544203209356193
0.2428875871513665
0.003605961742318753
0.12085606166831542
0.2645596701879358
0.905519810785856
0.8638568489402672
0.5682400071776612
0.9698229674757126
0.3696276208532008
0.6323477063422334
0.17869303503684586
0.5132336687462922
0.048771099481311975
0.1880784925208847
0.8371833460552252
0.9027303463906948
0.6859347367744735
0.16993384203091155
0.6983846681263768
0.5639623445859185
0.005803840196316745
0.05044086174612494
0.13026132285658254
0.27035205462859846
0.19340340324529848
0.36234583354530847
0.8285879759899986
0.7611334668563778
0.8249906031222538
0.09986806310881335
0.10490856341730681
0.6725817543445862
0.5865441713585959
0.5812543252333979
0.7238348404206023
0.1469931640338502
0.4070060201295358
0.022007498982459017
0.6901444034860449
0.27185558555183587
0.524527484292848
0.3616526868610914
0.9581589512910957
0.36205333600727774
0.7716484574720293
0.30781481783555487
0.05525332940194816
0.7208564246026095
0.8114973870416367
0.7613579881656403
0.15269770205694977
0.2552687696412512
0.4823358194918659
0.0006575854641968082
0.8551888026938643
0.6180564486387603
0.495772746507114
0.18028888802857823
0.8790268533817942
0.13904272612242985
0.41039713265492606
0.8542600349308669
0.03876957033131778
0.899905587190656
0.3969343351526642
0.10431153759625755
0.548810118503257
0.9468167296875503
0.07764737959366208
0.5237976794993251
0.929178651498235
0.9631756084775478
0.7281822716579502
0.561232061744332
0.6095112160805294
0.179152160171564
0.19607442798895236
0.2652138900157597
0.9113367314448939
0.7608807572998031
0.13849902569370443
0.823928499276366
0.8295946298030596
0.20378448937766236
0.3653269697916348
0.334898976650817
0.8887747431787776
0.7100805062705187
0.8517850098721009
0.34009936118983375
0.7002271704186962
0.05952965255700238
0.7745460840955856
0.06990645479700741
0.8989053003952487
0.8122302554945859
0.2028573873078081
0.8996274593767344
0.19710706539350387
0.26966244782776116
0.943051639054689
0.7703264287393576
0.25399845342662597
0.910965374218583
0.27832745735065445
0.7278117035256741
0.9882905354567422
0.28063816137554065
0.5828540548151144
0.3459869075758992
0.20186746029235136
0.2859902540395838
0.8233525344917019
0.09496528084579725
0.5665785500381277
0.2892344907448794
0.24494539466990806
0.991285507325536
0.6896635834090554
0.7028502219563002
0.7858724344093351
0.588246813197606
0.6709090417592047
0.05539491189418877
0.7550149432610715
0.9497870487460696
0.013286374995373107
0.10915743359197383
0.1344518936175343
0.3130167022955965
0.5698888169985019
0.20520162084278737
0.49810646238547296
0.9637347151229159
0.2928600030939912
0.7436990748042318
0.6479493759028916
0.6050564653267279
0.5818354692160974
0.96758687200067
0.4128030589448113
0.1422475252559927
0.9994953508028808
0.9212525116233903
0.18538203625372263
0.20020782569683337
0.3185577754501101
0.9654632312694471
0.709415087116106
0.39253725427590913
0.6117045048043372
0.34123679238621096
0.7149012669692694
0.12047779493035438
0.17912870834573535
0.7557319339748332
0.5817189776702951
0.7431802655865465
0.42886486993032813
0.4509219680420511
0.010089768185428616
0.40620089602874754
0.11560982137119624
0.7761808321077308
0.7248108846361767
0.7096183051313119
0.3150759174248621
0.017585620984991612
0.025351443484238567
0.1684801773455311
0.7476286051207004
0.6233165657317357
0.7189508196752523
0.567666496524915
0.9291581830528155
0.9321602071539397
0.11778296406604527
0.07210038739203095
0.7680268030659096
0.377767290158747
0.3239446835476023
0.7704467733287026
0.2335838880855654
0.4835317755334556
0.3093642067229063
0.4478696912361779
0.20663249932141747
0.89351053675535
0.8485187335757822
0.15963936846608484
0.8553143940284582
0.03728961740936154
0.7227889795157607
0.5175725468371235
0.05874648061043963
0.2585909111783602
0.7141869049188794
0.9034333320467034
0.09765819114468632
0.6241287447079551
0.7648676955302249
0.34849596267962424
0.31042132785454335
0.2701927811933458
0.8520850914040179
0.41779291163643495
0.013430202216506926
0.07364028476594853
0.15558054600494953
0.405453243652834
0.5277780029059422
0.8023339722750451
0.41038407546782163
0.7680108998740915
0.5130413988450337
0.3638912564732337
0.5364144254186833
0.9792317370211865
0.958278122672853
0.018250589876149803
0.9719771189532191
0.055958979843594214
0.18330309932324695
0.45951906829710265
0.47785581699843416
0.1506381227663336
0.3613078597599644
0.8124541887415713
0.048817470664912044
0.7545946848964431
0.5947020451645886
0.3524135365815937
0.1446126583261278
0.2357191161331318
0.10874095033454001
0.5173342345526699
0.06488687509105295
0.12100679152068694
0.8761308110192436
0.8015643598109519
0.5625533747845586
0.5178127110691269
0.25403730083186815
0.23967241908485604
0.8995974781565101
0.9852385703413462
0.9890099649116002
0.25795594002965805
0.8660016518928162
0.12526783331654778
0.5128411645604671
0.12726551471163128
0.8806982350812873
0.8774514353167506
0.8948230616638841
0.33179537265686876
0.17491574452386294
0.4417809290744088
0.6975091618079574
0.24313378225106286
0.20366903793563296
0.8969608468516435
0.898339057467596
0.5892720924389079
0.98000091768776
0.11138265613495668
0.7052252678751243
0.048597650825336736
0.8187475695166118
0.10276279209815309
0.8515011156783214
0.6114964928678643
0.34149623760569714
0.3518458092397647
0.18899240955776841
0.9418514498652779
0.4324116333409944
0.49575232028742544
0.14377155368338457
0.11814037156357116
0.46005824916614557
0.8863311452419032
0.4395742303010899
0.1590021526597134
0.300315866629024
0.4312893199914174
0.5782723084572299
0.5971349937553232
0.3089570122605876
0.5032411027316008
0.5005581751017121
0.4831578113385617
0.7776704116290301
0.4708542545211811
0.6469872119999143
0.5958469238249899
0.5301531229954113
0.4554886127218123
0.9221632357620979
0.5945571396827873
0.35562875083314904
0.648416209384568
0.9461989462406695
0.6759536242168662
0.6378155930262723
0.2604664922132798
0.2650373737324312
0.12754251147671303
0.7764914807481345
0.07178568283869335
0.4237955477239659
0.870007828179473
0.3100771893012293
0.26876113800277257
0.7652880885968756
0.05937999863755672
0.2502512395339944
0.3118084673505559
0.9696038923960586
0.9322607933093292
0.6768386046643495
0.04911164170944815
0.6934827642391577
0.9169747045453298
0.41937532295343716
0.03337008199063396
0.4114053298384486
0.5167645092909667
0.5225990306681441
0.7233508493193634
0.6197199384939773
0.41213885603348843
0.8418524417352704
0.5857211556063342
0.41556825119364293
0.0990999819725722
0.6946105672649701
0.9698740620053492
0.2743582798360207
0.8879846768238278
0.9898468665931446
0.12036550086512787
0.28250869172336635
0.6595485202746827
0.3431354422893922
0.7568968826891724
0.14213498796557134
0.31885513104683594
0.08903877578549824
0.17954306798839625
0.8722190728659902
0.7601218447818359
0.8771570908496964
0.11541309932660804
0.004687665127910412
0.8213901291566277
0.984433673071377
0.914979310926848
0.15992966238787099
0.23026978608623527
0.6622144857050922
0.5269560914362559
0.4923049981562151
0.45507030112494173
0.7682020435170875
0.3947505754651446
0.4238496782045713
0.5826602711568669
0.3195238897542154
0.32520229725468486
0.4985181675634167
0.07502821084118128
0.36703147802858416
0.40624024404622516
0.13197375636729514
0.7259172200642932
0.9497290156969116
0.29364907827487063
0.1647366965800492
0.15155819421497885
0.5361948635631737
0.1857896447312113
0.967092075081295
0.9318701282970208
0.8612788642651306
0.10519267996686898
0.06726000814294664
0.11340941061365739
0.4355886446959356
0.3687485665662813
0.8454093828483285
0.20475693902746062
0.5266551276816103
0.4920803081487102
0.6953485352715227
0.308547318458692
0.021572586838488172
0.8453995674300103
0.5854592658744942
0.7256777232006948
0.09651758734956073
0.18994683857346284
0.1386224084597909
0.5182529200986463
0.2180265858773951
0.6414506543859173
0.519544612103594
0.9053358766013502
0.9624273277102433
0.034515631129980795
0.03075158289094082
0.23082115692942407
0.5489167795996974
0.21108812168554802
0.4028694469857226
0.27326072234414833
0.6254300488110964
0.07492494153564233
0.21150511740235678
0.8763605082973518
0.5797534296703546
0.36840762686254447
0.8046791590065812
0.3742072342370204
0.7300423573892145
0.700730483184812
0.7301580313014746
0.6500956345251969
0.8269901048381034
0.09810083208899889
0.8760726651791249
0.5872290651599794
0.2983291420634928
0.7635942816003729
0.478000039925661
0.08413191729988534
0.8367418916370621
0.43751415039435404
0.9147700425716574
0.8581966467249367
0.6952485444040795
0.39238072104157995
0.6920702926057702
0.8607944292124916
0.3752751412771167
0.8084121284687797
0.33177375515760077
0.07200593150208401
0.6207443291366279
0.48187791922098566
0.8047406876981908
0.550997402666932
0.686810126935131
0.8629567614812648
0.46757173749668013
0.8236144154802978
0.20336801623684653
0.4947697634320427
0.8954478127905219
0.02297790276593492
0.16091320380675422
0.771967996522769
0.265547118769472
0.9995616048223848
0.9778610795272376
0.5082730686562198
0.8172223165137411
0.20109824850863744
0.7063302204990696
0.6905629892751077
0.08867896472130177
0.3147647338613424
0.34603358744478596
0.5678581713561992
0.5060628989153695
0.20540930530078771
0.5501084596822932
0.514967826927988
0.9383399482758985
0.4385457055892932
0.4707219567844174
0.060552481223407284
0.9732720321790493
0.11305664961623774
0.5096160656237096
0.2016300769050554
0.13425965035044585
0.16401865717120412
0.5604662321734786
0.3286729988834478
0.5442540690186981
0.2563866157740706
0.6847088810750397
0.730054656071293
0.6974609676418582
0.3503312253294222
0.23334608256010214
0.5188447119452333
0.07278212057660927
0.11455888074335063
0.11871338709606194
0.8998507137496814
0.22081777488235077
0.8892220545085316
0.7859635437326378
0.20344258775755786
0.5443319633942594
0.4843533955050592
0.43972390899946956
0.2779364941124507
0.05879595537086946
0.01363948515492841
0.6464813542832781
0.4261710397476397
0.9498437919225224
0.9531972902869801
0.19470634635228645
0.26437038483231357
0.34832014672834144
0.4809130884738606
0.43617478647441765
0.6765774160160121
0.8566470266383897
0.40188349066187645
0.4608092048932184
0.06717181305501274
0.6417877378584822
0.2573982424121153
0.9210594959478633
0.011664349968537602
0.7245802061088642
0.43134782739602207
0.1930717111092073
0.9570488529295937
0.48541006082034155
0.4991873458639833
0.9574061588245446
0.3441484955991778
0.8079244363306664
0.013651917544429848
0.9231310048938146
0.014511933833283974
0.13587090986634065
0.3485735022758121
0.8521465816630336
0.028323592782136586
0.5407220530521237
0.7869166454182561
0.8966713727349771
0.1875829831596556
0.1937656272562296
0.7934196938338305
0.33603974269110237
0.42285239014652864
0.5131715249168918
0.6359791401804198
0.030188101421645186
0.5475149347263211
