# browser_rnd sample v1
ua: Opera/9.80 (Windows NT 6.1; U; en) Presto/2.10.229 Version/11.60
appName: Opera
appVersion: 9.80 (Windows NT 6.1; U; en)
platform: Win32
vendor: 
oscpu: 
cpuClass: 
language: en
hardwareConcurrency: 
deviceMemory: 
screen: 1024x768x32
date: Fri Jun 12 2026 13:55:02 GMT+0000
epoch: 1781272502738
count: 4096
---
0.0798733567649128
0.10528628119365602
0.04239360491512456
0.9923272812260474
0.6865850529656562
0.17975481814978989
0.24864873062485449
0.616829746771149
0.1785137263962312
0.6040647092463589
0.5269728277211728
0.9631261471099613
0.7127176872369423
0.9823662387725931
0.01121566966776677
0.09511317741159964
0.7257794191255047
0.47021851083211386
0.10368020043705828
0.13747970882598426
0.5051797395733155
0.5797663065987666
0.7325236105137638
0.601771607859395
0.5555552953394983
0.49862553566684575
0.15880177969976828
0.9726610910890423
0.8904555982368714
0.8477419561883996
0.980843969195987
0.019112084792634154
0.7898358371089153
0.11404425768539239
0.6529466176422707
0.22045552322796524
0.9028261718214607
0.003069314908944798
0.5511714111253158
0.5841570341437217
0.08442744849822614
0.35574664227489117
0.5621787195091071
0.7372259655492649
0.8139382354712316
0.2570147825389364
0.444304818094602
0.2722726289382197
0.20697378618872975
0.8551309592795133
0.5747973054809926
0.41690201110373915
0.6235359240743563
0.31782149587562547
0.3056383646574936
0.8349762036017327
0.9288862645995506
0.5823819530566363
0.8417790475491401
0.8106601665491562
0.7632774805863276
0.5858010278499733
0.3992488547124394
0.3711963826154189
0.6274559296938748
0.9876316630221289
0.036252748681750324
0.28482034513995347
0.7822957566793448
0.6611288689828049
0.7593012442422489
0.01890392387372386
0.2733482292485325
0.09192196708189149
0.6544308775047124
0.9926930421581915
0.8279704202988925
0.5042282443118447
0.2648862172516493
0.5055327624473678
0.7120153224677136
0.4239279491495911
0.8160737783291618
0.34675352140426874
0.549769671372088
0.8868916381755245
0.8360916444830465
0.5478530386972706
0.9370114186156085
0.8720213243540036
0.8007662677784732
0.3222328856407345
0.3748570816743674
0.36996228638878104
0.23338422965113115
0.16627138076195702
0.36874772145246204
0.5175298222258167
0.27636216514035405
0.8341986197122452
0.06572845965336294
0.8852763457961906
0.1672030700591398
0.6533597344803208
0.7730193100510484
0.9221865486684727
0.6709245237420698
0.6143759377792993
0.6510346153159385
0.6922463281590949
0.24097065032702214
0.5988202621599517
0.6675141620131597
0.9295031524070013
0.49214349071941355
0.18195231683289903
0.4802170035336054
0.009044371379586358
0.2410973587265477
0.23849711340247115
0.1299792316136964
0.16494470301565056
0.042978218442107585
0.38731419314207804
0.1576766553667568
0.8105544848503716
0.41252137631975816
0.2872958175081952
0.07272567980397127
0.6260475978771551
0.12754773424097277
0.14143750152319168
0.06772530401599719
0.8900803542647514
0.3696724420698667
0.8683481465060965
0.16483510904685605
0.27501240050812503
0.1566412931127137
0.41600920422346677
0.9249609569872168
0.7460621438383651
0.7165394345715874
0.17272763907026223
0.7351772900273869
0.6712014279793911
0.2723430603268967
0.7082375233730502
0.24097397107008678
0.17498006113350884
0.5351767684586217
0.3054933883799804
0.4038887671402509
0.14296575702799041
0.7011550965760044
0.18346589900021026
0.9657521521439097
0.8430278445899485
0.23451170954196598
0.7763706379269937
0.12121628064070145
0.8380407593887265
0.11069423036540815
0.8064209500148372
0.21716436790155713
0.08575283720406013
0.8837351584725339
0.05357112030088973
0.6968607892702415
0.9207033869019833
0.678750619169644
0.6658319870386427
0.3227587178709497
0.042119032140721324
0.4810227717274984
0.900405640369715
0.49393644601316444
0.9827413985894833
0.057817422807212915
0.800920042902122
0.4701805356472033
0.9444594140326145
0.296263272171984
0.560592166806244
0.026995843975006872
0.7580406615924978
0.9954337702343773
0.6272861835199925
0.8216022935270235
0.46206385950590256
0.21590804015970222
0.021582863952522624
0.21293455441948217
0.822600614412866
0.009795790839396301
0.27735553964300363
0.9766619339227984
0.18292302612097988
0.8284081367876995
0.7618721012074564
0.0497811143162642
0.5781368425474716
0.8830333516185975
0.9881391870111838
0.12026261972754315
0.3026012910483865
0.5925365706555162
0.07323715574389389
0.8891086564422593
0.40597055319749753
0.04833322115231975
0.1283900560891429
0.7162795628938875
0.9275213882634806
0.8987680304515626
0.5097260124121696
0.675982258495246
0.9252872302274774
0.9724092885925283
0.2821349568882574
0.45647873174603903
0.4888972161970653
0.016095539139673654
0.867185115513352
0.37646861172189505
0.11764845741984264
0.34707585100093363
0.7986980453879682
0.9526732357819074
0.23056853464753102
0.09320388130418245
0.7770462288646742
0.9060633459471252
0.6981643881319957
0.016094019513306468
0.5918278527795197
0.4786676730020981
0.1659110348948437
0.5715916885836448
0.3943260445149711
0.9759873567577433
0.018464380012701676
0.535409109662752
0.11106697888647876
0.07235303696334883
0.6302023012430593
0.27677316415955533
0.9702668221827541
0.33673350276833247
0.016468298995410247
0.29009106415502006
0.10996515388301287
0.19078802164303588
0.6403924807355313
0.9712301397805904
0.8477059095780017
0.005686182949116825
0.9684405442101663
0.7118199797876055
0.42479730996428056
0.7459780650902678
0.8261723795564752
0.9146084432595113
0.4900183333412942
0.3053057677488339
0.4879213557474804
0.23976273803901083
0.9558506798060958
0.32970407355952835
0.6172207417771494
0.3654209068331875
0.4159004445149985
0.7910159555173398
0.1346858053838912
0.4196368897358421
0.7361394754638816
0.28240702909515036
0.5830246808259915
0.6580908358955687
0.1335881026657516
0.7178210958294038
0.8357756255126467
0.17587284959047755
0.15663725487460467
0.5073397532516107
0.43990162760791185
0.8471742185993131
0.7211979270372063
0.7022980810393833
0.47711720385757594
0.9358843685357283
0.9241017297570585
0.796043575125486
0.31321714871006623
0.4742088085120375
0.22795980035981245
0.7737292845834081
0.0029153400924302186
0.657842675503933
0.12389312603633407
0.023390898533024007
0.10968911876431775
0.3016407611987809
0.12914474891630323
0.7456201446278481
0.29878115188580656
0.2051027128312286
0.6673564055140286
0.0034307647138126507
0.25969709838001254
0.485864800954079
0.3321554127751093
0.5515902385252295
0.3089651910792677
0.7021806294337909
0.6645395452515042
0.690786933066078
0.468728565890446
0.016864060852762486
0.10597071879498932
0.17602268559749135
0.85237541917932
0.6671014502628085
0.7166666735129654
0.36148340697941994
0.8145880506036207
0.6812641664458998
0.08362566977632047
0.2116508521813505
0.4769933850625936
0.5159083469722919
0.7006879241438019
0.1886677385994463
0.45661906782997574
0.13865282309439608
0.10732353255395177
0.9969695243014346
0.8197361088361944
0.14753825512636876
0.17039520385810625
0.1549042638320911
0.04940264071935374
0.9910061711755559
0.5085594899832769
0.9433727863450044
0.4435380157803136
0.11954890665930873
0.27624648995608037
0.9129216395894063
0.16561565235466857
0.8905311153923292
0.2065818958391037
0.8347095323763284
0.27922074096711713
0.7393306949151219
0.8077341412745357
0.09541615645364343
0.9952972304142828
0.20087520214828858
0.5387426202116247
0.666427588525023
0.09329917891625528
0.33256114135966
0.30369465251349403
0.4128035852413383
0.7876627748948037
0.1113734225466253
0.5821926315268827
0.3269706587714609
0.900564073476415
0.16843355905478696
0.4285981359817771
0.8640835456515097
0.13294154342705888
0.21172993015753983
0.18643222844461793
0.27137689461756986
0.7106863511794094
0.9679341827942952
0.09482414989114629
0.23086993274748424
0.9703077088085676
0.5515117544592416
0.7355809609304799
0.5046301435798493
0.2489946292614248
0.9685410108246786
0.8603580718234444
0.46847870265946023
0.3549340052299943
0.7399213890138274
0.5716033395061525
0.8894968495377853
0.3090033264782508
0.40897552968749684
0.2770199042297974
0.2876610168008179
0.6825840325445028
0.4370563805041444
0.5710561191058114
0.2562893361673214
0.2432259960877814
0.6347863443634625
0.5730425918145352
0.19158184454595928
0.76317678008602
0.514783392146935
0.23461042217588712
0.4850481254752037
0.8892659230546477
0.35364881641537327
0.21893750413496504
0.23413518510564768
0.48421470853842186
0.11096566980133893
0.9265062270213755
0.2642160352235372
0.1335173178628668
0.4247667837847735
0.774178325184596
0.10162976964629411
0.8530506848995847
0.42501019822350994
0.8397572300705741
0.016432861950253508
0.7647028192554334
0.7957287410260703
0.35454304587210506
0.44238865003325356
0.23143766968914614
0.6673491179089195
0.8902111424262251
0.5510345528803393
0.020514279478345943
0.8518015365666084
0.30187961885069337
0.9221338536004132
0.4257215293507368
0.34298682525570157
0.988046201089215
0.24163304591422607
0.24476400146080446
0.11161880168934402
0.10848818092025025
0.3022694404028766
0.5442371062673419
0.36136740669186407
0.3444792482003044
0.6848961182484964
0.6171874917090755
0.8602415600536485
0.46642074124087274
0.7196218958133797
0.8370523736011203
0.2966396219938786
0.06291667986061955
0.33400270030483925
0.11276598862082754
0.7089155617861703
0.2063553816103445
0.2698077851478691
0.2036229282716584
0.8491346321528929
0.0644728876638162
0.1179968571682205
0.13559688084029775
0.16660770538970693
0.4240729221037737
0.8973611177083807
0.012225447611218687
0.7404938985077443
0.7047189081329949
0.7636497942811452
0.14761429843892282
0.017961247270499747
0.7947123565890779
0.4459789010887979
0.7136897140295947
0.47412087689917015
0.954398529487155
0.8253219051049764
0.9171533034523994
0.9292663591019267
0.2920668173700329
0.9732551219780495
0.07132561530398318
0.27641382156566974
0.7988145492766606
0.19662388564778577
0.3001325890381179
0.657245976398707
0.3231759708174887
0.8125331220952138
0.005178467329985836
0.7207367771328246
0.42846391935937533
0.5669876282542697
0.611990810856338
0.5981322421369129
0.7057053951168
0.8985756176346071
0.935958077418961
0.5655337755320843
0.9573300981945189
0.35147579014244346
0.08160973683459982
0.6580580775401874
0.4213690754507974
0.4818037868383548
0.7594744123135592
0.07943980596066313
0.15936171013266398
0.10399680907332653
0.9828348461754897
0.47360051863087305
0.6773670235839351
0.2846132450098503
0.2905351486890624
0.8414159862533165
0.5832569767490413
0.967113368473006
0.38744250399782754
0.0783889146112513
0.8811333359263923
0.1027746986556497
0.6558750524201952
0.9649042891182733
0.442892167746762
0.8943837825605464
0.5233348575721548
0.3235398042292331
0.26490598973857704
0.0709286812667621
0.21016701695199103
0.9747833264709508
0.7174187122875911
0.27128843823426574
0.4840641312689795
0.7834347429279209
0.5168111514197861
0.554610934094418
0.652857448527413
0.07130902951722817
0.6201805246122174
0.637415511484171
0.40535131230920685
0.8811046829054081
0.11507941287197099
0.16183893396018278
0.3464453278497708
0.9632141994868245
0.15120993478875822
0.10650462864376176
0.2622987949168365
0.9424346462565257
0.22600723440587744
0.22580786506534456
0.22419127944923234
0.36624722522787523
0.8986518579375896
0.09638454533992125
0.7209103603228264
0.9723165518135177
0.8337204074791392
0.7751659500331957
0.7454490788840237
0.3458713257303576
0.581851688604111
0.464713174163211
0.7118335385494421
0.4941750390498887
0.020917735232351964
0.2503483490438002
0.09987421939764585
0.19120099423758063
0.6338264973391388
0.46748317543389195
0.27598451670792046
0.5222976864588769
0.36432227031606856
0.15764694561686954
0.31864212277803017
0.4936544680838125
0.43192833478022985
0.04163727443341558
0.456735427523315
0.564897574244688
0.5467122094986985
0.9823276182353067
0.2198660380823374
0.926348009424645
0.9605002454535123
0.48057087493058614
0.5586714423112353
0.4035495902423747
0.6240920269398258
0.5913179357080564
0.9883860596938323
0.5595561743169406
0.3103186172145703
0.7785414245126828
0.5312498567519083
0.47819264069034195
0.8026408638367789
0.6132954952252394
0.8583501081253546
0.4224532091957629
0.8417632377200045
0.887577972936891
0.24853561527879142
0.7942551562437216
0.3124853697809157
0.9760939965875336
0.7641507466020875
0.3218414215789813
0.7353784253235656
0.2141150661851725
0.38669967629097624
0.42640607421857735
0.6992933185779578
0.5524309465577012
0.01815153630900468
0.14825572705984447
0.7973349105314507
0.6186544056514459
0.9844699794030806
0.9054318186095243
0.6236345503848816
0.058736885070901135
0.5767880009898882
0.1468322025106812
0.5974271187248591
0.9666614578326885
0.23156845204572463
0.4308640648278539
0.5135356192153904
0.06423763981496866
0.5289861158506025
0.9455583853314695
0.9252699537917116
0.8960294644145707
0.5323566580299212
0.6682063389201046
0.822507039643437
0.8410027006371986
0.9861733528641201
0.7945393844001086
0.5220944005208178
0.8830158378164327
0.05298240369164886
0.2644071682321488
0.146291822030726
0.7730834336100978
0.6250290673341512
0.8752885566811386
0.12357316251756956
0.9472658421376478
0.48683508534468767
0.6010416856475119
0.5367079487521256
0.9736271099203733
0.4944837945580075
0.36803127385541023
0.45532907266651224
0.4140826574203075
0.6818311609408348
0.7371412858342923
0.40719093068347856
0.8600074077558966
0.7776062100321919
0.6035356189936589
0.0431679926311721
0.04032560272997365
0.8526501478039334
0.8231683988491679
0.7696145191503531
0.3752774395592098
0.6800853095240853
0.31885445729882567
0.6448443072116584
0.8011274953031534
0.7705233957349855
0.8349655565024761
0.8572210573937491
0.5358824503468966
0.8677429581191156
0.6086871066726967
0.6501678755087905
0.8281827240423977
0.650674512266467
0.012939279563907169
0.9054556250585886
0.9511833059147041
0.4572652046036726
0.4740789302583145
0.3593726235958562
0.6515708344943028
0.1231268522449358
0.16919066111378667
0.22873019471063671
0.14815400912451837
0.8017643583053564
0.49966664143021544
0.4367158979428437
0.5415872142111283
0.09434953947544045
0.8805242688969851
0.8847060874901892
0.027651398484597522
0.6005936760637318
0.0030623680104451267
0.21170808721407575
0.03373827378707661
0.8221383894000149
0.47494012653771933
0.5143253389984805
0.4589794769616665
0.6086388063498177
0.8384714264015649
0.7001310716368682
0.8322455539153714
0.08421419024857024
0.23613950963616526
0.7654116601298985
0.09749637024824176
0.8250862768181264
0.7634340592607116
0.7229105946237648
0.9488068778165261
0.006894069886515863
0.2721909499765598
0.9432577242711819
0.40126787715793566
0.6284730919359067
0.15657110221426485
0.6369286500941271
0.09798032301226822
0.10440238154293158
0.46724445284159366
0.4146634175401678
0.0043154775450520155
0.12016844205959643
0.42370641032349377
0.8428437694829672
0.1572309088502455
0.30813329622254193
0.5760936862302317
0.27053543224541576
0.2420588242564946
0.9728545463966585
0.8123288215393543
0.19764081576083337
0.33379084463396413
0.5590983382137724
0.3753688139102991
0.619278851482286
0.7567118066233166
0.9694917799407583
0.9076575943658488
0.837550841425008
0.6926408025057557
0.5552236372656116
0.9558176897992143
0.06127631746206308
0.2684253963366394
0.8699627972492
0.2442566427724644
0.3715125919051846
0.38503992480892724
0.5869655432876693
0.7492676440630327
0.9057347819169966
0.1661220978674015
0.662712434082823
0.1686171750996177
0.882212293298218
0.6694519917216025
0.7834403040037549
0.47463750290017315
0.6163576710361782
0.7772678866451502
0.6846888914657949
0.04274811720244365
0.2976735953875509
0.43944695622275376
0.9094466683659418
0.9110629257792578
0.5686828100438466
0.1423042794955357
0.7295527430428916
0.9422538312544227
0.13192936786596432
0.680990800097042
0.4012617985640692
0.42437016584568643
0.43617169312932
0.8415885328674333
0.4311008115333854
0.9817844048657882
0.6371550256857481
0.034798311853435404
0.15888087570576148
0.8677839078347597
0.3717440410675438
0.8702400039029994
0.019485622745308073
0.1609824792311345
0.8439256671529227
0.8874946085078909
0.79337025826102
0.2215802185546294
0.2667185084195203
0.6794860208911998
0.5486858802514861
0.8638157128368142
0.6048860627687619
0.9223383555217716
0.889656682162635
0.4912719734214055
0.31489326257395633
0.5798182895009083
0.06904580178642827
0.5957530585740486
0.4532172898292005
0.16962140977289164
0.20489844041329164
0.22757962110863772
0.0762865290318756
0.05729054903093289
0.5525676919109604
0.8536034820886629
0.0743364806383705
0.9872470883831684
0.10175145100229055
0.5850698187507327
0.8055654287173023
0.2035403507929041
0.8305464030009555
0.9416050251279502
0.0065754008009671905
0.7263673714155593
0.09281520239308294
0.17650801109252345
0.9246541817053882
0.5760220037690459
0.12147102662596232
0.5489455882120954
0.36037904212297245
0.00615358840081448
0.2534899194050958
0.46213295636527474
0.10366758733217318
0.9018338186056999
0.5343407424273547
0.9640570331500157
0.3653982934591513
0.5105925007287482
0.5969546855459529
0.368128266123391
0.10544266770345856
0.27217976683291645
0.8020574909964151
0.22686410733360662
0.18959026601584306
0.38676911663474256
0.431152760041278
0.04525632306534233
0.7234738119272072
0.08250473337244557
0.7780547974844108
0.7734759441742938
0.5930730606837484
0.25381117561887334
0.4484371369207999
0.4510086624074533
0.6953576480427006
0.2536743598261352
0.543080394798942
0.3747463615620894
0.45780513353163677
0.49693733439953647
0.3397508606747678
0.7040388789023244
0.5176747846947106
0.4558453937928032
0.805090283356588
0.6100704528357535
0.1967436312093509
0.24936067585888944
0.28836308036726754
0.2669031014050349
0.17421954848805743
0.2328543970815986
0.04066643051965535
0.9292965559342347
0.9369417680501425
0.9031039844255363
0.5780407637702358
0.7462146688245375
0.43165493346632555
0.9507669055799466
0.38637429646799737
0.42797704165697714
0.7065760226872458
0.16017547941462884
0.325428621259391
0.8144479458223424
0.9208642607565439
0.9941505429279479
0.5740532824634308
0.0827296480177857
0.33362565959334856
0.5864636542896974
0.26635951506521494
0.016425013220000673
0.7471362461269623
0.8211107502454716
0.010964456611122109
0.8568238394748272
0.6023833460198621
0.7613044158737625
0.28917666120251695
0.008393458664274989
0.604105360844795
0.576165924839485
0.3064130808988351
0.38129056633919745
0.7700382737178029
0.5495874081208701
0.7763741593535625
0.25472813451069964
0.8121174036490607
0.8499197945086231
0.09595080608183104
0.34164230463640766
0.34308273960381497
0.5168190911880014
0.6187666056347627
0.5544442157890942
0.9938056733904121
0.5328878426172603
0.04877010309134333
0.9115155534667978
0.41779262444663534
0.5545016834488826
0.16994716429696544
0.834739700547277
0.3769483730635156
0.5939372553316938
0.7067121205427506
0.5810200041973951
0.5896076123355369
0.2808979785360437
0.6123032867886266
0.02341808583163396
0.2667437528677067
0.7634430535481828
0.003064292387180534
0.6576154141583268
0.9776901772711512
0.9557226184174766
0.3589434676555602
0.48647298663045335
0.44642961040157436
0.5446896051792709
0.7762736655466528
0.25174458850968495
0.9618948391792973
0.56712570542583
0.2204879238362838
0.6096113095362004
0.3918794936947927
0.8802018437901409
0.6148071851728679
0.7715136078086511
0.7558155522796076
0.5161700521944206
0.5547532074307496
0.8153226307168778
0.26449967801515395
0.4203182566526934
0.6719461151921331
0.8258475513842922
0.15762679491236986
0.5947963346816587
0.1209919779720745
0.6995574023799233
0.5429275103428426
0.2574196381840854
0.235438144518484
0.32711948998463547
0.9994019401496547
0.009346219462057714
0.17028326880554379
0.3983701032796968
0.9342432207809704
0.2797339480469546
0.08535458035080268
0.8211968259450229
0.6315550769191707
0.7479906487070659
0.3035438121646361
0.6508204604972804
0.8973525905656062
0.03428388822398931
0.9469291272165602
0.34735656631913103
0.8962819597788728
0.34519399693553476
0.9348402378245588
0.8721565152764651
0.7932556126791173
0.1116216338972551
0.9588261399007414
0.4624562782521775
0.4972170564917132
0.669843856372219
0.12200255939692295
0.5594467685412318
0.17698666239626815
0.9067257845693036
0.4463016242165171
0.32471733376697853
0.6900906526217594
0.26915539689351364
0.9815371230398603
0.7176121402909434
0.3500854825281159
0.1503164323203735
0.08885152421426357
0.7520367045522721
0.11843557335474353
0.5180082238860562
0.5128278628106709
0.4005601440772715
0.5347461613948834
0.008823270663163907
0.5422309990659062
0.7162655286193338
0.5561396936071191
0.3100247014621508
0.6951277041314768
0.4896178466610488
0.3363973320036834
0.8554122320618122
0.8232530750860207
0.717774562863886
0.06717662818631909
0.6388865730210037
0.5688676794531783
0.45837301858348123
0.8304378971480392
0.4709857353046921
0.13349636472070836
0.5608417126679337
0.7485204610613082
0.7170542672851974
0.20416514911828199
0.37852113843212665
0.8959237735252068
0.9957601916413883
0.30561094479868955
0.3216423419625467
0.9662007697601158
0.008553933996703345
0.44272589149895913
0.34568276064820813
0.6884249109329824
0.06929941019085384
0.35482793192121975
0.8135208141320655
0.3539785988585741
0.6548869647835082
0.05154545576666314
0.331326653064831
0.7687733621652485
0.6963118581934995
0.43463025089038854
0.2931296385139297
0.3076666961111212
0.41969762160077384
0.13452768391544023
0.9208487684804995
0.2328759437596244
0.5323955007444063
0.2192835812912287
0.30331903151516926
0.26848072868006834
0.4513820016428244
0.1471036461737527
0.8838354213830948
0.8515972928324665
0.6149445428233832
0.5140666005650629
0.6021502305349475
0.8117662771832838
0.8420799943542888
0.5809296978783502
0.35303977740547143
0.8879997682278378
0.2437696101228346
0.6007498532963585
0.44591342318467153
0.860259797358607
0.8212515223896234
0.110615820406612
0.6041283768779147
0.7632696913404976
0.4005918369423026
0.7996629743421655
0.5282639245607816
0.22095074498819844
0.6662988711721453
0.8265986046412727
0.48926831473498655
0.07310096144184552
0.1612256399360522
0.16620032244335026
0.004300708312992341
0.05670579052776836
0.11979645270581674
0.3856124605598955
0.6721042424011212
0.1549304169891964
0.11603864401545327
0.13441955480681533
0.3203528303874882
0.1688153642889657
0.5915940112768524
0.9821089610349082
0.39176280791252627
0.43579704563858845
0.12749407802068613
0.708563177218475
0.7142791366674676
0.8300816885516389
0.9680554847572542
0.3240722372173689
0.900794386379166
0.5603350748664977
0.5928712215512912
0.37287288230997984
0.2875863713226956
0.7334786536983066
0.14288268669796322
0.017390854456374227
0.5288180589364757
0.3902421943259985
0.6305781528733548
0.41599711576900045
0.6046027598523811
0.25272823632245056
0.158395502300697
0.8334482008453578
0.2108643717470522
0.27126003787996633
0.8200565834882582
0.9046174779726001
0.9195551065840707
0.4469311023377581
0.12997944493864166
0.27272751908315385
0.3462913637430932
0.8719349686640946
0.020994534841196066
0.7520060377375406
0.604302189892592
0.2879911389189733
0.7721970523073781
0.5331531908498185
0.5823002578037316
0.542068745806524
0.9454367813541291
0.5452813374809004
0.7622187824018641
0.0371634158740799
0.040447715819601826
0.865417582676536
0.5390943645331178
0.5331675719793113
0.33498633855722193
0.3274587827361579
0.7555260642161149
0.012000195694263582
0.9259980880597829
0.7243956831775356
0.5361475946451547
0.7296831748513737
0.5266159845323772
0.5209805595180743
0.13383367751969288
0.7636131719796707
0.3362468928913681
0.9150495535504131
0.5215912349468542
0.4138485140533851
0.33399780042514093
0.7971996338637237
0.8336323101550309
0.7628565144616759
0.031227892758177278
0.08509579977867543
0.062213546568979816
0.09179321177883837
0.04777232048622715
0.528590475242378
0.41212794006476616
0.07320757414701662
0.44823690786252857
0.1968345456308559
0.8631856382332641
0.999972137041808
0.23277222619866367
0.08877878035429043
0.5310683314456712
0.9630012959394175
0.6605410209871441
0.8935882655746857
0.5932348567314685
0.239433636473373
0.1103056292408311
0.356290157495342
0.25571087820424354
0.4717691117896887
0.8504850984560597
0.11240583013474148
0.2535884508475573
0.5168692749440594
0.8868783984180322
0.4201235402427771
0.7842388302728122
0.052732107455368715
0.6025764307861617
0.7547797556972525
0.9903878639846363
0.07795188465807101
0.17035590040127868
0.5135171573532147
0.7332511407436478
0.8584844035162517
0.5636264659965803
0.46704703161117556
0.5534565706254347
0.48535218269133684
0.2413059509677986
0.7934788187580806
0.7308568112237838
0.28549785216881707
0.04183473491981693
0.3440911219557975
0.8038697663501809
0.9615748115169926
0.12934000949821212
0.711199626905866
0.46848926588728
0.6850813859154693
0.6675449737919931
0.8318225263195766
0.9367875773786615
0.06403210978278762
0.31401672019287186
0.5429090363759697
0.19947697479847615
0.5578514544436777
0.03375078631700801
0.7851602950148177
0.387379800389155
0.1148563613724225
0.1143441309139166
0.15331622161715375
0.1757672271537779
0.3865221788692381
0.012785781549166542
0.7568498806724311
0.8685053515984679
0.019585989982296326
0.7150152140454247
0.1399488264194353
0.39019718011224624
0.05684346470342527
0.6677870991218419
0.6921129234892944
0.14968512861813477
0.8626171003041246
0.517699877056313
0.19584904179826346
0.28543081850537655
0.8210690301719615
0.245032014097056
0.2091220100650215
0.7100731838409124
0.6858517266608001
0.5612556070538472
0.19492814086813715
0.9879660113653758
0.07134872295564543
0.6180052189918896
0.5773611630415729
0.396294790965804
0.5693458181308914
0.19729849201027516
0.5738393337605283
0.5569475048512931
0.9002326056940343
0.5974673803111044
0.9519259669732634
0.21645878777214134
0.20843071981555028
0.39837537777692833
0.29930219294240235
0.8340320175679165
0.5991999332720047
0.7442157990912673
0.24643286913467655
0.6825566336828625
0.3301171176812072
0.480754517881566
0.8564972781274454
0.13789356931298857
0.4607085284147111
0.2917680537998061
0.34439200320914154
0.18678032245804643
0.7928041473150994
0.7769438488669416
0.1585213357724632
0.9943812184343396
0.8688506327429744
0.011284081167926785
0.9684620152533556
0.3668587224932275
0.10366113277255662
0.33710555118324437
0.5696867497940443
0.6288402136993353
0.9154682822607417
0.03731734137775822
0.6228397546196742
0.5633878792412305
0.22335175555121844
0.9760512971714577
0.2697746485542367
0.15373216206603302
0.5086165210877964
0.39880101763017084
0.7274789038030048
0.7426410384870806
0.534159954921559
0.20334500706727
0.18763281884885918
0.7808599251393674
0.9368696143426607
0.3170255892566505
0.47040271038174786
0.5810547477716583
0.4080902196324866
0.8309862732020865
0.8854682632229445
0.9880390039689296
0.18823549882376855
0.6178068722999553
0.4643750365252042
0.012022563578687251
0.7034128766215816
0.8922269820236162
0.5889994268845801
0.3605015929707993
0.4107930497650554
0.6593391786321706
0.014627622857260603
0.6727832003209174
0.7308448154530167
0.4786032719609411
0.5759217139178425
0.9878388954102572
0.09880207873618785
0.11869423062167295
0.6907624603726265
0.9255326031837535
0.27909700100495927
0.6857603797027878
0.21413422344843758
0.258463497573194
0.9061760400380405
0.3122324140559106
0.6618988818382364
0.8364214582052715
0.3227192368138465
0.13739808272192855
0.8505841379559252
0.6785714830264321
0.8418698186874728
0.3733228547539753
0.914990406157543
0.1256593645786992
0.020748901949837917
0.6023145021127723
0.7810572353199732
0.8215223000574197
0.46232320625357215
0.8650042476065034
0.9204548921532011
0.7700764911902914
0.5592638928898549
0.1606869704481122
0.8000009642139804
0.10155218768810215
0.013293874894058644
0.40825148038408865
0.8920634645406482
0.7557650665832606
0.7416456306333399
0.6830918822271698
0.27523085763080446
0.16802705272772434
0.39050736984059853
0.43624221688757414
0.5533672986447508
0.610104255228267
0.1342473765713882
0.28558083656475286
0.07692120609276742
0.29131205884952505
0.45057850152598056
0.1752129923007666
0.16092230270875463
0.1706518164451537
0.7669248187527107
0.4542961570502444
0.5287299789549315
0.48377780285711103
0.4996791834582125
0.9755606943562296
0.0019499969248834015
0.9949510303115379
0.44403933640481363
0.5300972011826962
0.3903972158956043
0.5113661555743406
0.017118630011592195
0.8333594026924468
0.7956111863780435
0.8923176785567124
0.5873401684903262
0.7912252538946851
0.15481821922405592
0.8227667539942826
0.95914525078999
0.4363681527121587
0.4576116769479823
0.6210698745302289
0.15896632929310828
0.8040515072769784
0.7759986772669422
0.37686167283685357
0.24988775938079344
0.20068738896908245
0.4853682144034279
0.5216169748146405
0.38573119751225116
0.9922653811252821
0.8803277637664562
0.10185988378919697
0.453217111557743
0.3451700571398627
0.5360365693836813
0.2731848670408008
0.9455644675384627
0.2347187564209905
0.1940346613916636
0.33477168861888507
0.6160591640245963
0.9596576947051995
0.5217332119982068
0.31938963093285744
0.18202422703696064
0.5685625046302474
0.27210950116644694
0.016645689063088054
0.10146619582502414
0.9694139537002627
0.39507861116568976
0.5249330895336426
0.508809604867883
0.16867973021855287
0.6628828528985323
0.9225679806186385
0.6130009861838419
0.3997497328979649
0.11363918359587366
0.3887561525835981
0.3461416179158522
0.27194687577768706
0.16191585500650008
0.33308282362842423
0.040592973761741646
0.9024187948561184
0.6075694381318852
0.8893097741659749
0.5189536192635082
0.3780256309843748
0.8146453110306365
0.9937989162308228
0.7064254875078436
0.9950645067774277
0.6053012934328915
0.45319698398394825
0.24299854791786235
0.40941881658111456
0.562178439890459
0.68895387845359
0.06518404212491824
0.4487473115186231
0.20157430660456166
0.6615639493613464
0.335067823576777
0.9098945816228138
0.8594739399795523
0.6367772674965371
0.10552194916085811
0.7588400489344963
0.7839329691955802
0.48532530750191083
0.32805798552118015
0.8284646321873304
0.4154966022352531
0.3024792065542853
0.27963623521134073
0.10598851949821475
0.4498999664544534
0.7795911817109654
0.16694894671562432
0.7860296917210063
0.20827917883628455
0.948833511284553
0.533640407897185
0.7600244220999093
0.910963807311516
0.017572650799480893
0.6190053044662539
0.6387551619614055
0.02483920552386909
0.9432983964647921
0.044622144056089774
0.38675684416708955
0.5542898408910141
0.8046559742360433
0.907947167137653
0.7379074829939704
0.772233542447253
0.7894397667419267
0.2917886018182305
0.9828049923347435
0.19494125763777914
0.7501961995513344
0.8996346714366765
0.02025398040868409
0.20452149065792224
0.18891104949621562
0.20290330458834804
0.3604906610194968
0.020218399422963662
0.9310445293133159
0.39244183837425617
0.6095095434953695
0.2848041213659491
0.7737034104985189
0.8069257151141069
0.6623474801765954
0.7432416415769882
0.8012651170806872
0.9638196057453797
0.5723412691135541
0.5198933225168295
0.8403838731745606
0.14340628675708422
0.07242768255148879
0.725012076374086
0.3877512269098792
0.7707313169579014
0.43245171423304873
0.9051449083029556
0.005053708423780168
0.9194137552141538
0.6344554981235785
0.8452784461467304
0.12584063321383188
0.48815368942289883
0.9956391251209519
0.8477266718203702
0.7442975817526344
0.801636590712596
0.632074094787365
0.034621473586735396
0.00003568353443417216
0.48213138016942425
0.366487952151188
0.8939127424414132
0.40140728201640763
0.4716254661479048
0.38849095970420633
0.23869417697153916
0.9609128465438069
0.6899315568215125
0.16943497323873047
0.8101368846624123
0.05058905981976258
0.15037854781931947
0.5635551418155653
0.7188151327277622
0.8677751437278558
0.29546598252941203
0.044368827555322676
0.9820815294701948
0.22551033408929766
0.7697897575364488
0.16937899772779996
0.07496333781816378
0.05114749895950221
0.040776788200201586
0.9460398976643628
0.9022270641083845
0.07490104665682995
0.2845957357781522
0.2634337505964137
0.1990523653115922
0.7515188990144028
0.21529629190272126
0.6916162541529265
0.3966599352836817
0.7422726729706801
0.8108042854225339
0.6650538715059675
0.9684366285156369
0.33882320427319346
0.995768850619032
0.7064751271857074
0.970202499362706
0.42367991417520023
0.3406064590630664
0.8015078816063792
0.7439559669385355
0.985504693381914
0.3470184794825385
0.5730525074543152
0.6653158882428795
0.7262777921708935
0.49518943435770735
0.9338460153372578
0.8542017988676499
0.46617453819666965
0.962356470696782
0.2487696173761741
0.9201853954676718
0.9854350861691724
0.4789429189880332
0.7189701986239163
0.9039973646561364
0.531976632525185
0.784280701955451
0.5212953123115109
0.10437045531558242
0.1134758483073266
0.5439123994406672
0.9334482255779895
0.9370145192725925
0.435848148189089
0.44093630216255475
0.9595102904039433
0.5578953498858163
0.43075367285906985
0.3405776360473105
0.8320565249453836
0.6684892539105383
0.3891348396124499
0.7636850416213571
0.9067362613759267
0.5488810904071517
0.3115985630338517
0.05411886529528498
0.1370623160322747
0.12037996997510492
0.3693488232060046
0.7508172785340969
0.187848622941732
0.35320624837262404
0.8849528240873752
0.8233533503644329
0.4583770282838662
0.18442106418860182
0.23840908067748678
0.9481855234366676
0.8198226755706478
0.752926615399349
0.4693702671225126
0.4653862294492178
0.172699600100506
0.29871948237604506
0.5176172072692748
0.7679871575986954
0.1722019799838892
0.9158424667990426
0.45520081296219794
0.24066858004847969
0.7577793005633428
0.12427338110595543
0.5489041353944929
0.28932312422875806
0.7033688742465369
0.5674235913009772
0.08284939553478043
0.4486909387367891
0.7214547435522588
0.5335707359158618
0.993593886931813
0.020559967419756076
0.34664016775124784
0.6573009313518439
0.9162753660200356
0.5124441409371525
0.8147585552470922
0.363633863791754
0.19800400662172113
0.36631902813198636
0.02456126741246023
0.5447123176473763
0.27592143852969675
0.9705290477236213
0.4744156848470913
0.9343568480275096
0.5952263154194978
0.5065250195249572
0.6302765473601395
0.48604322254284704
0.4296408458004015
0.6875674783977298
0.9197825156722577
0.05114824842809307
0.6478684768421086
0.35215934302213536
0.2964655876915252
0.35350458218105096
0.7986617640831762
0.39221035679477356
0.07124181309330069
0.10343045929167705
0.27228969390856417
0.6607666803318479
0.27050490893556955
0.5888028812925452
0.013710408822431908
0.5418785566087715
0.45436826557712684
0.8181274260044743
0.21386367530079775
0.8311065949397273
0.13911024013633322
0.23985606338627463
0.02659229445973854
0.737429605261416
0.2620395736529022
0.2913846500895223
0.9510754631868692
0.1560515989888811
0.40018551565547
0.511769887427776
0.5869471569160131
0.13575830542111433
0.921865015336819
0.682928730923548
0.35457476403580723
0.6584895533622406
0.929403845135759
0.0011813894798546887
0.9768937615945266
0.8139372764091827
0.1721910260446512
0.2441396811044123
0.044802011919578
0.19542014080348424
0.6242944952409343
0.076243240010622
0.1829463308127166
0.7553924820950826
0.4084667729408652
0.7800335542086474
0.8446628329116344
0.3364035308606802
0.23487586001286775
0.7113788878073894
0.9452525434388565
0.827229679368049
0.24410998649782967
0.2933298951117257
0.6874117193857187
0.3345317031283811
0.13148925680942858
0.9701205861032483
0.18860468162363075
0.6874750246740999
0.57149870332755
0.34591375147626957
0.951719192139822
0.31192798532934796
0.08367496554453013
0.8097936959422071
0.7771767934165317
0.9960442393312309
0.9919515659500587
0.36817045356876366
0.026670730737734738
0.1419332623987214
0.0872099796302046
0.08140467042256028
0.16295235233850403
0.18003681116362724
0.9968956672078176
0.8859436784223712
0.4501920671439107
0.9785600037525426
0.7407193116501027
0.1788245016159249
0.012580589995566327
0.3829426919634432
0.07003693626810847
0.47667778285311924
0.903082464931791
0.1527040317372449
0.42999734921400357
0.3997804373301237
0.5418969056832189
0.20103511968580212
0.3396994562135073
0.35673506163638047
0.2913177503806178
0.1311083455011144
0.5139982925613374
0.6661517750331684
0.9418978976006755
0.7886172675523582
0.10765263616856924
0.36693934793123806
0.386941653315791
0.4282244394356245
0.22410852352774258
0.5333960679702937
0.35535477418999195
0.7733784783899248
0.6081254339537505
0.24534653873080403
0.687021845600779
0.3125983164299714
0.9186799306052
0.7067402704697695
0.9381102272585038
0.6442532024814098
0.06977798082388798
0.024379671028575856
0.07786305133706428
0.06751464502642734
0.5522878393696689
0.33886467716923097
0.2942081624467142
0.5059907397573267
0.7539192120071303
0.41857766533477214
0.8167086817174585
0.15281111108849066
0.023304478981701515
0.7501557789329005
0.30569218386839814
0.2345902357200671
0.8181661259217852
0.6004396388711718
0.12339131841337114
0.8804693568817521
0.3743994806518228
0.8843783212350562
0.957512775359754
0.04033117764461558
0.35472327336459386
0.6611642203527816
0.34024332002107405
0.6070540440041401
0.9887712205460131
0.8621966609370176
0.7724197733084187
0.6908175724582931
0.6309762362767096
0.9168170334760755
0.5966362388168013
0.6855090510229271
0.9457895383924041
0.32087995757337817
0.4059599672749784
0.13856324015005428
0.49832389617157
0.5460436903047584
0.3255629473160505
0.6855207784975071
0.8230477703888434
0.7800617131588854
0.05352762932305177
0.6024541527609819
0.508101577176886
0.11976024710314515
0.8451810572943871
0.8840147336611844
0.637414451253838
0.531615931908316
0.05130931936176675
0.1023013950990882
0.3828594564190596
0.7614373535808451
0.4360545266261767
0.6309731203059148
0.5151424489327665
0.14034416109170444
0.16759974258877253
0.024293043878948817
0.6793516024532986
0.3503234723809573
0.8166914262072679
0.30224912595073294
0.8473092003636737
0.8146135691237351
0.2722872361223695
0.6939075482284369
0.3826111483808712
0.4667068071932705
0.6134339148036283
0.026134292772539203
0.29118841627606984
0.3385956059968843
0.4656051145048874
0.4857222939160989
0.21342452195131922
0.5421493233108604
0.6956246821730159
0.9492976889615458
0.6085430435732451
0.43474403113770255
0.25000012612135314
0.9850243971986952
0.430206563909976
0.7942140327101583
0.9890636607370339
0.7759526431235634
0.06065059889307156
0.3385358099417507
0.7536071809020743
0.8079871744799011
0.9826085505573522
0.29349602120462814
0.32835673607488236
0.5843565407869639
0.9073622929103411
0.5705835624560911
0.2567745016801035
0.48786079953465544
0.9682734327169191
0.22057562357138916
0.989920672326736
0.21541913433253068
0.6335072461140716
0.9974848233139643
0.012491518230961174
0.36297553415961625
0.5218249868122724
0.4730926551358243
0.4838455261455238
0.1476261200380765
0.68656916893876
0.44256953764196116
0.22390683482192852
0.4073000135488687
0.4714824185273364
0.6162823437901981
0.3432211409525532
0.23943811201169063
0.8964502553739292
0.4947053735227098
0.9530252680908327
0.5259624652860672
0.01859247403344011
0.3662791097415278
0.046790446312457545
0.571453403256715
0.16456933905559945
0.2056494836883095
0.2309104055728105
0.42569084526811074
0.6569949579762394
0.9640508147655834
0.24979278421233797
0.7240874510174204
0.58833900041114
0.5122576049410311
0.8810938717941629
0.3151521494397378
0.8465472712292671
0.8204565907614786
0.010398941316313692
0.8578175939294633
0.9978889552209983
0.7220612300247113
0.5500343343092663
0.06917187278669512
0.839722700242613
0.6224124923140898
0.890098701766696
0.4481271143361628
0.02184019244048596
0.31803526857413567
0.2568498814874054
0.839007028680796
0.604893238942032
0.6558818743986636
0.5908501787895283
0.4804975735670626
0.9690783055171787
0.2533623179939325
0.17626573364411835
0.1484270105292016
0.2373345269859395
0.27546966047004173
0.5087087834527315
0.29566024256423007
0.28737405451494
0.009707019656635674
0.8815984105633655
0.5908427962152133
0.01871563764912454
0.1950400063419665
0.8660841059980042
0.8156358771335668
0.9258119608683987
0.011451009551858737
0.3487946537283759
0.7407213398358382
0.21770585055369351
0.28076385970088746
0.4463499499685153
0.49620042167910117
0.5572869883187037
0.22618092223052777
0.6255827569794397
0.2622349327008131
0.9172823634006398
0.11928855076215328
0.05908676057555706
0.7073807272514593
0.3109416503505925
0.041705976686456925
0.4178189155359441
0.3479640790072047
0.825301395009008
0.42845821797812467
0.5557971392148239
0.5495103872159589
0.512340492355868
0.46788259227720774
0.3702931272142609
0.24946957845811868
0.38038472974185344
0.9019602632742089
0.2305710058065641
0.9558628835470794
0.1165458029102937
0.6973622330552869
0.18014691516818337
0.31049658749167985
0.29535350717185926
0.9462123995179881
0.4637168903452047
0.47209364010785704
0.5255366352372931
0.4737478341777531
0.24681890305749266
0.653767553260854
0.25890889486716817
0.5578786810043719
0.9555628466783491
0.5627154353246029
0.26090840441064833
0.602197343652631
0.9452853521831106
0.24637267892216363
0.6461908250491987
0.8733666691063012
0.8932812573745481
0.14217154620364147
0.506614994247405
0.11447761065149087
0.23335145266484536
0.35260254139536595
0.8142686505411634
0.567406092217934
0.6900290017317264
0.12572370618338347
0.2825412398792687
0.8840203801883189
0.5506097286973001
0.0557931712821782
0.36351776989519524
0.7071019325750045
0.8982146280018
0.8221021297368188
0.012632279164022653
0.5868006919476655
0.01568316370903433
0.613884134372681
0.08852939128667336
0.27294020436972344
0.7416293635465321
0.04483996560616976
0.3656518467589569
0.007620538106253072
0.5384712432205966
0.9022130063819149
0.9780121449644832
0.09116848515774034
0.767506028911551
0.09238789935495884
0.4695517686634634
0.40734808895695374
0.42157929665182214
0.7706204580847184
0.3724994549409274
0.278657749545012
0.8904479592415847
0.3255480507035674
0.27075411845531006
0.3563271965640713
0.0017623271606074242
0.7003592898530124
0.001769689180213474
0.3423543527453097
0.29437957607566523
0.76065154610631
0.6617018808541416
0.4887256646339141
0.14074638038347542
0.7913319065936164
0.4944298676880433
0.6520515054714383
0.35288757947771177
0.8841879739442415
0.6626977510644853
0.02207849735459466
0.6239877463456192
0.7984563445462144
0.1566903232175848
0.6661548896893447
0.1718888705834445
0.4262583381816659
0.8290260045983943
0.28298457646393127
0.7438436410654574
0.9408659327450872
0.46695776213119333
0.6650063793346326
0.8002758433048779
0.6333305122985801
0.08475842188760996
0.44390215868876626
0.2735642807568194
0.2618108040430601
0.4853101316826195
0.25541441022624
0.9872754136840217
0.4629969196271445
0.19105083171973591
0.022473502466609174
0.8582128126250345
0.3219473502235878
0.3578439709881365
0.32673058152034584
0.8986789993369332
0.8859607774771135
0.1639690249985687
0.5126566826653096
0.7389686847785061
0.05393391409550863
0.8692031448508937
0.6248777584121603
0.6132776224808204
0.43576486560575944
0.9561416793895435
0.24480536402957598
0.06110540602092718
0.19893315383757926
0.2867180498185281
0.2966884250058366
0.15465207339559983
0.23559269099802227
0.857488272463103
0.6322317359706385
0.6093390912999618
0.7428878739740757
0.4342575891879241
0.914036276039429
0.044901688423731545
0.38637515521466226
0.22609487753455093
0.2416096044203252
0.9280961373011941
0.31905652901879544
0.8903418519682672
0.26902118444141465
0.07284748798104101
0.528086843672656
0.46919399850859467
0.5501506990443467
0.11395931018140704
0.5248054936329395
0.4393074485374934
0.5823993341782637
0.925858668415867
0.48615909263334933
0.16300165191831195
0.895335347275258
0.5402764990328931
0.2523911942077126
0.6213214744720122
0.9286612371815869
0.022620077156520257
0.8003652857381996
0.889518352818046
0.9491427463172718
0.28292550028823515
0.0061826724812827916
0.36365263841329276
0.7042200385895431
0.6966517197063611
0.9154354386199084
0.93962214012784
0.38963906001894255
0.5659465310455062
0.8764293035506164
0.516962788967919
0.2902110245192645
0.5668558020936441
0.2613170007759299
0.25423242282786307
0.6152131045903585
0.8948613893081611
0.06764577772484437
0.08534191731234819
0.8257312930894773
0.17384494793155292
0.42334542740868775
0.9786232420470279
0.8605806661021188
0.06740494771820771
0.13104336173303832
0.3838875809328176
0.5710761727681861
0.7723272210407839
0.9258451760887603
0.6438040503980113
0.6140436108808346
0.9450249766147607
0.8726645655109266
0.4975086663039956
0.9356765028386951
0.613898525361966
0.37035231150951853
0.9021557207710299
0.18616695886303447
0.5548069797128103
0.10476919670200668
0.9672455491601109
0.8057706853916711
0.032496752559281195
0.9792580245655932
0.756406978273069
0.3011218134869267
0.7827589297683284
0.33374634119883373
0.631788178009072
0.1746861256434672
0.24788876375336077
0.12928575242561324
0.7766563067372948
0.7621735784207958
0.2900295738125962
0.6961705549638474
0.02544454450077882
0.7560776890133017
0.15614431892568015
0.2462103122577618
0.22499375357109674
0.215133588911128
0.6923487082066111
0.758626933027056
0.03823342421825593
0.13987011660644322
0.592577040747972
0.8246127565478222
0.024022824984474056
0.6464263304029445
0.26721261295449195
0.5195802772563797
0.4306884199002341
0.9087255534330994
0.7608978668289158
0.11672145789848398
0.8985018246152977
0.798656026637856
0.10623043246658337
0.0026646189247599983
0.045321579109300014
0.07731696012190581
0.37230987454930276
0.8224959922018509
0.18208644492438586
0.63305079546316
0.7757835821700811
0.1585401619914354
0.292377113276165
0.6103780812733521
0.10824835462234983
0.8561684697665969
0.26001602758650166
0.021210779844737515
0.43955854116000914
0.8974575753714025
0.6902688516563928
0.2813387236728996
0.8542528497848433
0.6256863505287558
0.5868187729357108
0.41177295203443054
0.3834496371412075
0.8885790897317487
0.884574688950028
0.21288709289136387
0.37187935093900215
0.12677550447236563
0.9072932461954109
0.11031861053602487
0.35941479273342236
0.025214709893066622
0.09939225350150616
0.12317887864639143
0.18159250337766386
0.11355956325929417
0.469769618016028
0.12314307719943751
0.7248723356535889
0.47536521699625833
0.6424265925953518
0.5337761873708351
0.9784448566162983
0.3580741861948974
0.8260325308915882
0.7660834081091857
0.8265094892257729
0.7401461177858368
0.052527520654452764
0.5346466793489988
0.4348833744194057
0.7220202440728335
0.4159143554923912
0.5240656323716965
0.7708264548449566
0.3139417651800176
0.8513941706103344
0.25176304653414405
0.5714285197184633
0.7305313065442696
0.7705458376707124
0.6940951085175007
0.34980368914307003
0.04442349956821534
0.6918901623014188
0.21879720192976337
0.8593246468088844
0.9104259806169844
0.8054017517666614
0.6371873087421266
0.2635252083136578
0.7226344512534084
0.7694431086413182
0.006444695903492059
0.029627947328169868
0.5637685952241013
0.08905903527445491
0.6366927165621087
0.519802988293576
0.9180345468950167
0.5581226938434132
0.5015875068865682
0.5405649527814406
0.3665194994798735
0.27129049685370477
0.7587049866176999
0.7327983593889539
0.16151572482684984
0.30964152129034794
0.5887579016070695
0.11814193399639028
0.609822868941799
0.011343140804462748
0.2761265090319194
0.35363945731684854
0.8056962648184628
0.7242292277732666
0.1632297233664799
0.47807648260707636
0.2449220577077188
0.2034190825301998
0.6829300096827651
0.19734780908065797
0.5424224748208866
0.3185955650364539
0.8071771944903258
0.8980838078344663
0.23466490140443708
0.03206883259304272
0.5734391273218216
0.3485618601459892
0.4117852788470677
0.7025285717093956
0.7654766849452324
0.938121521721872
0.28421857265103545
0.5691847513765387
0.401093801228417
0.8355546177327376
0.14010682947497755
0.7083739247267917
0.15704039704716877
0.4160169846688716
0.18432590205384292
0.5629393704306456
0.15396679739015218
0.3767319532089406
0.8906585980429811
0.20910725568324073
0.4260907130000132
0.5773511297336281
0.8716170609477244
0.6779428615453383
0.14490937021987904
0.5808327594637679
0.741081145326661
0.009768010610620936
0.09526185712004631
0.07587216435946553
0.07497697774812029
0.8026894479347544
0.5293905534631994
0.46270995473063914
0.8789933020762091
0.8322383713326215
0.5703787805881133
0.025820040966802793
0.2160366825248201
0.8755740314705461
0.27582162369698127
0.23212787547695823
0.8537947953381417
0.5208463014843259
0.1831012671868394
0.899393755511004
0.31493253778217134
0.7498516931903174
0.11280291735051984
0.4599900574378848
0.7916574464741009
0.7374184873385363
0.8782596765155056
0.8804428337061634
0.6721183343223551
0.6273886092691751
0.95333879440258
0.529814666343011
0.6380961761420122
0.5176058606647753
0.6790117615122295
0.4221323130245941
0.9462566276977694
0.44042881579261306
0.18164418838343688
0.7088240548203385
0.8717572493535974
0.38696306688979065
0.4743286316055747
0.6331154269389473
0.8866977248888829
0.11430652878308789
0.7576473174310687
0.652250796912435
0.41023225666396246
0.672880568180786
0.6458925069987927
0.4308057451335303
0.4710028170367644
0.4281290529172601
0.5398152847448893
0.8832697649296097
0.600136026004075
0.11862839534958014
0.7819478898183634
0.12186228186964543
0.6009613882095607
0.9884039478466136
0.3752719124056959
0.9200118724300145
0.012403823941413372
0.09693755059889975
0.19028958750391467
0.27111664926491463
0.5764410601108253
0.866784097329573
0.42318185949725795
0.09587146053759266
0.12235029410001119
0.7727327074406015
0.2701828317722099
0.18548539776179263
0.47896054748156747
0.023559135334684123
0.4600698558476478
0.7287987400482316
0.0868424155516695
0.3664950043745955
0.7485186071115895
0.30530659709514785
0.2698567911500711
0.5198935766806281
0.09687256451478765
0.058974461182952465
0.557093902425145
0.6710627126022324
0.18013309476116623
0.6003050898787006
0.27906648916307586
0.8189122913138075
0.9947646069796557
0.5646845682538041
0.6197175050448699
0.2537276221799075
0.13542578203968658
0.6604790845785108
0.7638786028127255
0.9353560523217958
0.5634121862450463
0.2536810722500433
0.5606843435380043
0.622582983890029
0.04792414935727496
0.1811293621359138
0.30814584035973047
0.08928605603925233
0.30678699517093466
0.7014690460904148
0.8360839521005616
0.6170609885741505
0.8921639500179143
0.6224151200785838
0.5462727384415382
0.09448873025059279
0.9197020832491247
0.3683661279455299
0.6376040360041589
0.793187442646212
0.2209327441321991
0.4963908324599836
0.4846939211755332
0.4527549166867023
0.4142185383676441
0.5008690984223872
0.7801494468902794
0.8619484819723677
0.018222131007325726
0.7433458545741818
0.45257146467607967
0.49147527390413304
0.05975986605573569
0.5145896788352142
0.8050552934167556
0.5932253683267874
0.20781317324849102
0.26529011687825843
0.692590396546446
0.26096149848010364
0.0052341893381612214
0.9208453579475875
0.03834429903099579
0.37617840063863484
0.22017646622127884
0.31426657769177013
0.7446755433161506
0.9993991472130375
0.3888354549364347
0.8888860310316082
0.12415597881937634
0.32389603053152694
0.9403714566862698
0.8701013402086176
0.37030009471631375
0.14676864544908552
0.8507934906208396
0.7867318517094604
0.6767145114895782
0.39934738028670447
0.04937231006313225
0.08869241787867532
0.64807919142404
0.09821224193437617
0.4670069291461094
0.07504554967988575
0.7894193565342876
0.5942134551180062
0.8172832520969353
0.30612110876649623
0.8091523417034523
0.6127853623634967
0.05631545706200458
0.9037203718099591
0.6974421682830997
0.5200520237580544
0.35355375282084733
0.4878889288950312
0.8876586244844963
0.7319560741869614
0.7687636736302598
0.2906047353195351
0.6944792547900693
0.16892453474590918
0.4360909277034676
0.2785809155756396
0.27781550236238006
0.6026247559164547
0.47839685693825296
0.7388144868706863
0.7308547701891751
0.9553280340204474
0.232040338409487
0.6299540337940019
0.8009959661519245
0.8497226377638286
0.005412446795178605
0.6035753133977615
0.6185348949993738
0.7761119788680477
0.5112363388650386
0.5701369696583709
0.41767704024461705
0.19294385019296512
0.8803665049453334
0.6233614397595844
0.11219631252539275
0.0034735382210919763
0.7834000999583077
0.14048223200517118
0.7861872593352706
0.9586636404685008
0.7955554242665879
0.4942058074621942
0.25830765658855537
0.82277977641086
0.2552557391113479
0.2195593533629817
0.48300205666034957
0.5944987463924871
0.16204614107918813
0.0002353710476301618
0.2798166090351353
0.1288912180443107
0.46813502236527915
0.6341108581291265
0.7117383532967672
0.7802326752632353
0.9184882275326456
0.8858218500084711
0.7554462582170435
0.513897715722821
0.7680340281629954
0.904651964246501
0.7592551805523612
0.049240187672017655
0.1267779238586072
0.6992482036551709
0.49605410954078244
0.2812767949355204
0.12115299057452877
0.36522195316774553
0.10107082154868663
0.4138570583855754
0.04521451383843633
0.8376706167455925
0.20122461678383385
0.6499973036887894
0.38655047134961695
0.5793143735721288
0.44033911421239
0.9263620705282708
0.06468436414770673
0.6479805841131779
0.4274769738614025
0.5578852690745109
0.8316652736499773
0.8914602468657904
0.02904665465306766
0.4590475593202744
0.6404663419947109
0.9837461287297309
0.6320365321752959
0.5174042512823229
0.8915769019453974
0.0024031011888236975
0.6787752556197953
0.6459949678860077
0.2846491420472457
0.29633759394938675
0.03677859474890499
0.6009389915960871
0.7275541993394777
0.33638177412923986
0.5997149801114595
0.9299463449346008
0.47812019675127626
0.8961669655683965
0.28375854142961643
0.48156456232641953
0.26738813128978023
0.16481243800943113
0.32971652219061254
0.4189862632418849
0.1457883324393886
0.6573310606709428
0.5579174536384985
0.4873366047354937
0.6572015599726834
0.48954284363665024
0.29510985624387964
0.3748667905518259
0.6528230754313408
0.4636906154390972
0.6977115126975568
0.18552095513933975
0.013729437492946528
0.2979635766900417
0.8779547920974671
0.703059996588939
0.004358008168238947
0.1307148370064437
0.023022796475636653
0.546267245475771
0.15187177516077432
0.4267727682352964
0.5060167444754675
0.8446904099349184
0.399070870932812
0.47197435047449043
0.20890004307855858
0.4321785102234066
0.38765436992670965
0.9343386016266266
0.8813175240234005
0.049992540287122855
0.13023059513933166
0.39339260904887674
0.9422572780256043
0.91023526532694
0.7227138038296198
0.30160260927838545
0.8800004844007945
0.9075513239614147
0.1061953426456318
0.40272821135400905
0.6573747211756644
0.45458030648440517
0.7713940737764874
0.15775607934087
0.5304442186616478
0.23979873748457403
0.472360497455804
0.3751399472279099
0.3796774281558897
0.5788831190918877
0.3640166997926172
0.9617424281401811
0.7005631579360666
0.43289300012501564
0.33363260313719534
0.4331585895977582
0.6867683511209222
0.43266593978067125
0.8152672290418804
0.5417581487572527
0.6261716631607598
0.682122852267742
0.913653406707561
0.9354926005958204
0.43019757390422086
0.8605474335275444
0.20545339507552007
0.29044816589132194
0.13764651006413275
0.2453868704373504
0.9565935286649221
0.2050340795363329
0.011689030122318589
0.9364173622146318
0.11680546483603849
0.6563978782232336
0.7037131897087849
0.9635503268832155
0.8945276217169598
0.7875582734044109
0.43734623380814086
0.3317398567218399
0.11110424706551258
0.7968264177760896
0.20445123625316797
0.7657841341807018
0.675560620052103
0.525497063711496
0.8173555009195794
0.7771724205386629
0.38472779293266457
0.7643914534119415
0.6602690370635548
0.9530291650909215
0.6062110696939171
0.18776489414967412
0.7400499456022559
0.4069751030440384
0.06924353600828181
0.7001726122087142
0.35518466533237003
0.6147159440583824
0.14676614802026522
0.5526821017247151
0.1561806477596993
0.004209362151339824
0.7434402835647737
0.5522299107828325
0.8508657610844691
0.2036984815074877
0.4410709123291986
0.092350284497549
0.5990966109503914
0.14570274391829485
0.958269855249744
0.511227192917844
0.6962435098479696
0.9309219210223216
0.30139251036119175
0.14227520137429595
0.09737616775109703
0.4736909599375384
0.45742901232788435
0.6201562062456207
0.2272433220173371
0.4938204554757316
0.08148471854231487
0.4551437328448519
0.014249548579630011
0.698352905256872
0.09050559633406097
0.6465289783046924
0.35184502290721
0.39274170984236567
0.6216724835494445
0.7999688789634946
0.3320596912379491
0.49797018111734537
0.8241176704144408
0.015920658205607285
0.7855754604180318
0.6219280969588261
0.3330506152756303
0.24137383633791076
0.861816276357101
0.5327999787505909
0.9777350973209518
0.6197545114165681
0.28126978983413176
0.12023437834193518
0.29259788397500197
0.9018840997224022
0.16309907475711716
0.4659150849977328
0.8207529295164548
0.4036314086120206
0.10288293668892268
0.6534901799558092
0.2054082776156524
0.08891014972281208
0.9961107706369138
0.8279691528801592
0.5117262440384603
0.3207616600122356
0.6076674353902256
0.622063840159508
0.6268594457764678
0.8472892773451485
0.835673778236522
0.7402502267952774
0.43957072049828094
0.025997245152305393
0.2892058438166162
0.3103448714401369
0.044322835009068084
0.9045415980974043
0.6275081041402061
0.5568584568627016
0.4037067356075884
0.8378140172590297
0.8309295925570745
0.1733382473697197
0.04063808343337527
0.242672982310274
0.9837316235209967
0.4045807316463157
0.388724585461546
0.5517109739851265
0.43904213108043266
0.6791576857549392
0.3682477610696919
0.8150283398321143
0.19833099304476975
0.5865379213995445
0.9783913996270697
0.9912967931705009
0.14464058628272602
0.43144771287936745
0.16239081280305556
0.0593724639395401
0.07316634403590616
0.6407660021307171
0.26169859095169434
0.4681384800832642
0.5307903772025059
0.9062579992020675
0.5849387417341715
0.6951612162276922
0.9640721392189802
0.9361819594396339
0.5426337019956942
0.13920536993251098
0.3013634943673462
0.049026519260713
0.7759935281750608
0.41877952248874384
0.8263703784158544
0.07964696849211117
0.4338166416996482
0.46801522441486976
0.22471457533594774
0.7713206058814949
0.12202118039377108
0.5986156428619708
0.00888718421944934
0.7295271963622494
0.5252734356353418
0.2903785841304676
0.6564183144957633
0.5964348042682752
0.3814831542548811
0.43092926535907705
0.8039939662976248
0.9737287004943788
0.0697493540607298
0.42745637229273725
0.0995801590620029
0.23391174735756204
0.8468070917320408
0.4067435255138335
0.487846355524018
0.4498748820263616
0.42882188264417387
0.07238279798035974
0.466243187629125
0.6409540632395342
0.43982239684121505
0.18145084596704086
0.5532695710700924
0.47763811330988437
0.8150859213862724
0.5164705817025712
0.2313828079086112
0.036492277963361075
0.9899375597211904
0.10852430288711579
0.28431700722229947
0.9412973784428873
0.767990993527026
0.42360373508526983
0.9202493253770909
0.2907798987060316
0.2730673872839947
0.05584991866175837
0.9774332273700512
0.7548248862729134
0.3992544482011723
0.8393984959749036
0.7933393103889985
0.5392482563715038
0.15633706552329862
0.9635210939073526
0.27365327088791913
0.8187336299091366
0.3104456939394076
0.364200290475891
0.7563022806618076
0.3334767907428484
0.053174015600791824
0.8009641880383614
0.1759958976493382
0.28523340334413716
0.5342366578374151
0.2475311343779527
0.9139018415014446
0.4172719413933772
0.726459610254973
0.7984500270379731
0.6044965785885503
0.9034486122630712
0.6701961032667136
0.019654735531763556
0.16521344686919126
0.18752264146726405
0.9771830525787718
0.6970611516995548
0.6656799612269679
0.723715493338835
0.9114493146473532
0.24300053458435134
0.11167250655669747
0.7652473149271507
0.648711025099345
0.34277957519579116
0.027241628887707203
0.5888647833409233
0.47421601984617645
0.2586516060200261
0.7776364163370649
0.4432005722318463
0.2192716444788091
0.13643815858112152
0.7733311393691636
0.4052920065857013
0.9327806205098376
0.6931770256368827
0.31684756708592576
0.4907213091464202
0.8831340135630945
0.04742934151656364
0.13540326361703436
0.11183053832209822
0.11098266736302709
0.6473580899417336
0.44484402919869326
0.1803024462170395
0.08254946500695792
0.2566726731720469
0.7127315221522977
0.2005808932522476
0.290805651053084
0.03428927691628625
0.012114933479250523
0.2488841080609503
0.8453878505584334
0.3894019322252231
0.13750287127560978
0.5863963677673915
0.7629612022949873
0.8603399795773022
0.038077333946965775
0.34855074226650695
0.08194097565860159
0.42045659241169553
0.17096436464671005
0.6256382899282609
0.4984834021729335
0.4018581685935463
0.2565790611643153
0.35461011565867373
0.7774969713928322
0.3134357793618263
0.05166656012532156
0.44191504656754177
0.5493759080041568
0.4866130262600854
0.4827081773768336
0.7146157093350726
0.46391812911779606
0.6420057045047364
0.6108107458931251
0.23126049480438193
0.5712644710416132
0.46642387803987884
0.12453043046853052
0.4744958492597595
0.6324121890770583
0.9499001654732152
0.6156865391819034
0.952110299700447
0.194853202872032
0.4071836544587395
0.6922457994817542
0.586316633656821
0.8980216999063045
0.4333853381582998
0.342609377261039
0.966491882311665
0.8057292900824091
0.44329750200131446
0.3046343922721009
0.035428559334631626
0.320722302405272
0.8305314324538239
0.485427936044867
0.530562117447353
0.41298572027735214
0.5824083148119273
0.7404642454455639
0.6335284018669324
0.8327845119049996
0.3602095113329076
0.1088812314749551
0.5172080301181246
0.41918605070162696
0.639040988805905
0.2435113189426601
0.32822815681340567
0.1335637313556689
0.9549819409944894
0.8999106961805192
0.31641655009782677
0.043992107735928876
0.529850931291547
0.02788430582596091
0.1134602250744029
0.45426969525434446
0.12671187798317818
0.24762554700495
0.3991570150998508
0.3681272841951747
0.8072441253015857
0.7222895415178028
0.8688240257358163
0.07258572394695917
0.6678073669494778
0.790354847818004
0.6584914760679739
0.19852239409377792
0.20557720990680983
0.7139429607776631
0.9965227012297478
0.9611910610609947
0.18628451645016308
0.08855206841632901
0.8198399024488233
0.17529798582751588
0.1333127243538077
0.618385977554457
0.849224742012196
0.9124907655761868
0.8289927800351571
0.7524642758821243
0.2945453117750565
0.23598970148484077
0.8039567316341557
0.3604115551042425
0.7571094056236215
0.10928689055110641
0.15383341525209715
0.779197892206577
0.805242296631085
0.6397757132880743
0.3256221777419729
0.6383752546489551
0.06800303221494253
0.9204785291823093
0.8170791932372553
0.35044688642033694
0.43057123991100144
0.901435707426518
0.7195410459709776
0.9611578937962308
0.1346966021562267
0.8587344802527309
0.6641119546201671
0.4776816359615821
0.49539216906958383
0.7100123508362456
0.8283685443624905
0.9283926821364331
0.6675650791210407
0.4441303880671138
0.13851044515406563
0.21645652035310803
0.556621762800394
0.48778769382010423
0.39612292905681223
0.6014162967773488
0.06370009605579008
0.2980803285681698
0.2257370491183015
0.5982501568630757
0.6822881799608718
0.7685469903899261
0.3817788737721275
0.6869689617108461
0.510965697332553
0.6679242819663034
0.041372030907383395
0.5106206961862916
0.6563342650620604
0.1547180607661125
0.21319496412365213
0.8225154980417392
0.7613813028392986
0.013815313705259902
0.5025338547482746
0.6060099311287209
0.09634171872783526
0.47839072977898345
0.36564257723549365
0.8426109227502651
0.7273564913525068
0.0023947406869803123
0.2330660671105801
0.5888213249059309
0.558010681096227
0.11773658351150351
0.4738058795467569
0.9331100549811404
0.8391770090335381
0.7805252530410477
0.3777931823981243
0.579054626564253
0.5465880648549918
0.6521726773128156
0.010021723657688053
0.31857447815646966
0.6405144181276934
0.7343078054821048
0.9780821034015992
0.29877528340810167
0.9600901087884645
0.31509535341173633
0.6548160830214649
0.3482969340591584
0.24246324866706892
0.2620682166793552
0.9530837318683967
0.0030912665676001705
0.40418131454809314
0.9674207610440845
0.8710123481620311
0.06590711174629005
0.3951759408602268
0.7705740775258131
0.28073501971493187
0.3841839401639229
0.05788885782709452
0.027718621378792108
0.4380213065506535
0.6324299154781101
0.06041857347690649
0.915863892469835
0.3151140869681044
0.6592681823102257
0.4848328714718225
0.8698154831307868
0.8179364902091767
0.7073477718163903
0.5863376865194018
0.5452681736931114
0.8730885216215508
0.5966262173537071
0.8667756309415379
0.9802852370689646
0.9952744641651244
0.28759727980749084
0.6656490603357633
0.741206332132275
0.7216026841379021
0.7143587132967759
0.47375358450101224
0.13350667304524844
0.9119681848131509
0.28960892360459545
0.2864404764592752
0.6375519314169
0.20092544151280956
0.8563140320048784
0.06625049232204572
0.05152341211697953
0.10358192689317525
0.7505519072036543
0.28463394133064657
0.32987844935811117
0.7126185665454252
0.7050971529387879
0.43246739779339916
0.560008435490305
0.36513844682807384
0.5346217211653055
0.5667302804573864
0.2781827304143606
0.7649328042814705
0.03206627008317331
0.012699462788948845
0.33895041920778857
0.7918396192243691
0.3959342464264779
0.2942213655913831
0.605499736176965
0.9169639913784635
0.902801744951614
0.2480649256070645
0.7949644689498332
0.6575874137915313
0.31512806433723484
0.6128300875512787
0.6395076459292578
0.1187114480243362
0.858879291175493
0.19907752665071954
0.4531687357585542
0.7967314323129497
0.582466479290633
0.6159703710329593
0.2136429685797412
0.9559096846420316
0.42909722454716537
0.3672734364759057
0.7332564667228021
0.07995990748683501
0.04330364628506578
0.6601987533964393
0.5988237761631086
0.34017581693763066
0.428927286453627
0.3716175286766199
0.6289126755241268
0.34119113865941253
0.3211693573524038
0.30320464110652234
0.6621127796994548
0.9829644216299074
0.9128590766107509
0.5640672375823211
0.1987636009876831
0.341805519474089
0.7509338594696969
0.06474854117473772
0.8451495960506897
0.2888253172243962
0.7918684681407501
0.5272835012022697
0.5762760088134697
0.024917929079562473
0.15854463632570615
0.1105190145318915
0.7067333967590641
0.6191906690826107
0.1919674879244332
0.8292233598937122
0.7433938298376296
0.360791690373634
0.7561700365286035
0.3644083494058319
0.5094049109139073
0.5148869766031947
0.6174281746876472
0.30429589223146913
0.16188374599361843
0.4650881460270483
0.7023967239083454
0.22710137158383892
0.41367106612977966
0.188434061260633
0.43264558784446283
0.7937439764841694
0.9674012369687652
0.09980365101292443
0.4017815854791028
0.09254424736640898
0.70342245132967
0.3242204997887016
0.45831972613311966
0.6682814334840171
0.6575894522663287
0.11652040099447114
0.4272077939713783
0.25319727770102274
0.022866309885176905
0.9324002864505151
0.9872119801108691
0.7892205590458615
0.04122775116403221
0.9923757588202015
0.32971022162052444
0.04704561067942614
0.3144631349994641
0.5884690788506517
0.80076763467557
0.34837638277862837
0.48396014888084704
0.09499047701384788
0.3525096313729744
0.9361374682912106
0.41201693164647657
0.21109715047101407
0.5375539606374126
0.5480783403632709
0.06064415892551012
0.06090155169060363
0.8194572266219035
0.07795122896797557
0.25142732060172013
0.9174353506762046
0.1539936219169613
0.02132423409324935
0.2312803149423699
0.31405193186959357
0.3170028147756898
0.2407625775111233
0.9016901780816431
0.6915249350400405
0.023366527460013442
0.6357849304647096
0.08943878406797212
0.32770236072916437
0.22677066357488995
0.053950089706047755
0.04970967460422959
0.6763573445361961
0.4631431638331258
0.7703814845942691
0.947467908111686
0.43302159572365817
0.9522942224059925
0.5522475093122668
0.48533983095081046
0.7329726793932909
0.49881583221352066
0.8062725396229503
0.4544041800932257
0.44931338137207855
0.22701249455697914
0.6541879289723881
0.8460674070463278
0.9651527194059323
0.7653659639965781
0.3842507780804475
0.9293042847488047
0.5711176497914637
0.9831504515371929
0.2579645259944835
0.16684963225948968
0.4413018989545555
0.8249008010199965
0.7704345069797013
0.3673953646113728
0.8211145145879876
0.6352761050507831
0.7254669660676301
0.9911270255673839
0.8565480955795408
0.26382795679934035
0.835604125047855
0.10134415298685195
0.7365379926068689
0.528960789150903
0.7903558084743515
0.8759345117971609
0.0024714766797835352
0.847562286521744
0.4724565440296641
0.16276277030097674
0.41365657781826715
0.7997638772256773
0.5773306874462806
0.5926707382763705
0.6346962183371401
0.7946216793546654
0.011229241472781593
0.16760077442825572
0.22381606327024794
0.10962332066938307
0.31177783444569884
0.2629227556194157
0.06391104846419882
0.19203537540377347
0.260737494844722
0.8932011198186691
0.5563020217413881
0.9538070477074138
0.48015925081896005
0.30285317382134436
0.29245860539943225
0.8443168535835127
0.014015306422238583
0.24613211945785762
0.21370453529888567
0.02131281358858861
0.7611888320741808
0.2546617883542731
0.1497676668589809
0.13847895691443546
0.028086905478099777
0.583114857612306
0.45688095027022413
0.3079703777644396
0.7494497362931062
0.5253097671758612
0.9006823576305958
0.11832756622264551
0.38553654185994546
0.5486874302453808
0.7000712929742098
0.35265439202733084
0.10054044508256776
0.15330054474706667
0.405953341109495
0.9756579242299115
0.5842103714342965
0.58922099322779
0.5513773796353747
0.231066033429845
0.6682130898398255
0.3342832067725675
0.2112859602706585
0.27786108110293717
0.7023819262774346
0.17329122095398863
0.5266811118724545
0.7179203621543162
0.10947371835164921
0.7444282511295134
0.4203780732458968
0.8613134794543233
0.6675138608996584
0.08857214209170772
0.4674293166686856
0.44507642997836483
0.9986351805755492
0.490581869985667
0.8029297572698101
0.9610859411256687
0.007210316811666395
0.25460525068342776
0.6377185106357062
0.3616655174632738
0.9272700406568283
0.30142473909101675
0.6427930898659655
0.14313358718119218
0.3078924578932678
0.38029330885303836
0.6051929901401143
0.5019649242750612
0.5129128362376093
0.8596789974505732
0.06635698820027924
0.02797916775008935
0.14433654737038704
0.29941079123235703
0.20059752021490762
0.8619598403189196
0.7848898182664455
0.27163309697249527
0.39788101436719225
0.4048051087071797
0.008570960076979328
0.33568890727365364
0.08672709671592083
0.05902408549473781
0.1506692663979191
0.43394965147854114
0.659143736427766
0.08480944396367396
0.9079204286020728
0.041967000615083516
0.857126858558017
0.5314764519123688
0.5944711547779074
0.9730217835705217
0.7894133682658381
0.7653445272758133
0.49698420561746115
0.9374115859854913
0.4613549530669625
0.3180208116650717
0.6837858567065135
0.1567364845637309
0.3766796679950347
0.31464376020287044
0.1830224258778197
0.7083281350680533
0.9349320210306741
0.6120598309731317
0.7268998590804953
0.8381943332474994
0.2492783236256585
0.23515401438583583
0.2942659662059993
0.9777654617953464
0.02905609099984141
0.8150042472190412
0.8916427854600276
0.7958745087870654
0.0483736037234298
0.7658813690061208
0.5725518641537327
0.2707022294795185
0.22338947044636348
0.5971223999734204
0.5145955705057652
0.8496785286137699
0.8315802336403981
0.008143919886634543
0.5617010052384497
0.8030727943217548
0.6970745521931477
0.8924369306445659
0.2237895414050428
0.24307962798531613
0.7322262229106619
0.8218082390906194
0.02146438394062189
0.6785154912472399
0.3679034337933571
0.24955534465498685
0.5998017459239623
0.5934105625215932
0.7829220924224312
0.025399826860017738
0.3769398416519604
0.8213587327656675
0.2798749149773885
0.3338956064855805
0.3359638889573022
0.9086690148149532
0.9830559618354486
0.5012269086329323
0.005054543064233474
0.44654371263931936
0.5374572487821563
0.005454427942823914
0.2114809665179479
0.4834918687844286
0.6528008595520103
0.17096007468739716
0.8488903066657554
0.7550878309085272
0.38463163651521926
0.9227043014559034
0.08810086671916206
0.3095351678361987
0.7512072525223468
0.8103148045931496
0.5032019798746861
0.17358245961513663
0.685329906922342
0.05915755999039374
0.016057201527011955
0.7246752911242774
0.7944154440709783
0.6634766993687935
0.11216374679388286
0.9097913031216152
0.6734454147874052
0.541431455569003
0.8713204831635826
0.24833916722276583
0.21773210653077457
0.42586080762659995
0.24344215671023528
0.3783991224075951
0.7162792124839414
0.5643364269238462
0.14139939192921136
0.043197870644924974
0.5990318277288538
0.6897512441347592
0.48285691514127627
0.01245033732726919
0.7561866179557927
0.44431646703218164
0.363801482470439
0.7490897728473687
0.17715094577982504
0.4835684156106608
0.8982320363260469
0.31636410728252073
0.15711678983862476
0.7908197813951917
0.6784948200927773
0.9904748088781541
0.16011105365070033
0.4578547857016779
0.4073027590941468
0.36365454945096287
0.39270825203959236
0.7086922737382472
0.7561539691035735
0.07864370203089088
0.37145473676522867
0.6253791490700199
0.4942082163592043
0.13879372690115332
0.9102395606530207
0.07079254792401202
0.3130468994533012
0.28796811463608074
0.02723159495368377
0.1439679599595879
0.43431277842719684
0.4824582535228691
0.9562751677428305
0.24644148339971728
0.7183974769242508
0.5596969466808718
0.8761705841899999
0.14013712309421877
0.8468178164091675
0.2026036708136798
0.3311115779824674
0.336968497245105
0.6990211473081128
0.7722330389855636
0.6880505486597617
0.2527539766997774
0.5625432507473554
0.24093913018417756
0.8704343808100665
0.2153791031581641
0.15618564167361726
0.5613584279543838
0.951418187713555
0.10774711119219416
0.20857506539832582
0.5268569366959062
0.9241730524869538
0.5118388331655894
0.5331595736032794
0.7994735892686712
0.7545769040495458
0.6266721181339054
0.11723463866673911
0.9289315499722415
0.45772840791034075
0.7094145920396258
0.556690113269913
0.07842219768427539
0.2592925161331384
0.30125463535068986
0.7532393332854433
0.5780268585182616
0.6725734219482475
0.6790369509198083
0.5612878331580711
0.49087127058413504
0.7113547567077217
0.6976871852412652
0.1584482532403052
0.33945459607343265
0.9850172696218102
0.04904146080365257
0.2748283570611656
0.17323637380005474
0.5130113494713511
0.5170854454697448
0.40333830318661557
0.6116759730257254
0.9998071787931799
0.4879890520326552
0.4192016528250343
0.03494098362225406
0.9470221808743763
0.48902615516667136
0.2501440861549197
0.5760525870440186
0.13459139208695337
0.8806503195339219
0.6663200301433624
0.816195381423418
0.13223704967562888
0.10721873427104855
0.2128388477754961
0.5928918201956392
0.6967017257838474
0.2672550122407149
0.3013085467061455
0.8441496356915216
0.29701299189543184
0.25459541284554454
0.8027146885092616
0.3321123120471128
0.18248994741650493
0.060809223362541576
0.13775267756205756
0.3486436801438272
0.018465691499986114
0.20260869339149346
0.9172300954725853
0.34510328606943885
0.8323751656636144
0.13615806349949566
0.7895011223907723
0.6977189492576975
0.23460481031679659
0.23784360750846045
0.6853722999460004
0.1495949865668258
0.3958576369834601
0.14214304621038787
0.11370940524345818
0.02416486295030773
0.7372032526066441
0.4429632167824089
0.9324218412006523
0.6185412164236724
0.14121993385236953
0.92576591188619
0.6289262000043429
0.9234903201782175
0.1393581167810396
0.8865753127771934
0.6629217459875484
0.48901689607710885
0.795544231170161
0.8385089452201013
0.44349985014875837
0.3693698318209121
0.9587786882615589
0.8387379544090451
0.09868181729793324
0.21480103538388107
0.8869025894366727
0.8721731435791782
0.8234858048677284
0.45514734760096187
0.742417294118144
0.8862087033543997
0.8859089995057274
0.6695860684545867
0.4220430054160573
0.5669287065883566
0.14583523168843415
0.48636017101976226
0.606056783398301
0.6261605036809539
0.5844369103691182
0.26293776770160515
0.9417186138283071
0.001988121268364673
0.6095180082019502
0.5556435640730456
0.49708585021452256
0.5372584021585167
0.3795012487213949
0.42019678438309305
0.32283627759629907
0.4633870199388126
0.009772287604760899
0.19871717929524813
0.07697840983742033
0.5651946260986792
0.705308141122733
0.3114276707874396
0.24929512117346442
0.19203272634280433
0.0003333018947252464
0.4133936165312998
0.09778216350055569
0.08665786600166026
0.14925785384335788
0.8935432176047916
0.9498427687062515
0.22311737994115854
0.5137007363741606
0.3340325983160911
0.6363046098265411
0.6164837545993526
0.7730755964227091
0.528917782261825
0.19063888813611063
0.49806019193319817
0.5723640232810029
0.7368642051745923
0.9695661422929144
0.2882766137543159
0.3363753459925889
0.20609687713204516
0.7626251707629887
0.8121678213596084
0.3103607511651787
0.9708341555480298
0.40907027977579913
0.16979958759381752
0.9430057965685078
0.11315852868066012
0.6372763805442786
0.7021533265085272
0.3891074997081133
0.30835877086562247
0.6398313945510964
0.6197337194578628
0.019502616177390797
0.6975681227131598
0.11433006665349155
0.6682631788537862
0.9417699495234177
0.09920508299296193
0.6239346990952528
0.4024580824661984
0.5386369925206832
0.8370074900616604
0.7989387682298646
0.18268023441622727
0.3226201065695783
0.5122655001069101
0.9134774911478708
0.6464682928879502
0.4215976082756816
0.7450975826599875
0.9818963944446943
0.13927508240981368
0.15413441675119677
0.21057556695769697
0.7892908438623515
0.8430481798240155
0.4974788595155544
0.4830572170154076
0.0003654943764289653
0.06406418901280464
0.6158781047939126
0.13067746265372016
0.3010393065295358
0.5130719147657057
0.24980502927377168
0.4473182922741311
0.011404770609003134
0.990944546687861
0.011017369484814465
0.7794592543606574
0.7041471984469495
0.9695686823832065
0.2846175561573948
0.8840487894967656
0.8588744309993367
0.7339583549996516
0.6403373422694569
0.8203946029290863
0.9423642610635347
0.6531357403079767
0.06022469535688424
0.2226035351339234
0.5646050291296454
0.4745983848285855
0.19998443537508415
0.5631572787917324
0.052193201843472314
0.3015322157524398
0.02800981182187101
0.7185423661988086
0.0955805267579366
0.6809266129476647
0.897335132472517
0.4197525488287369
0.7124494751444347
0.4634463310947017
0.1500004889164801
0.31839096935733635
0.21616615927919347
0.16035269224451587
0.7712455268803518
0.8661646573378369
0.8380368091153775
0.19050086921048015
0.19363770116955825
0.32308136650216057
0.7527303042799242
0.7640949375407251
0.8652892697653559
0.4700292021771182
0.49539669686274157
0.6047801695826668
0.9342382981189126
0.06989145283276454
0.645521019122621
0.09286662006312252
0.09699580861739887
0.00014800260946201682
0.4294091334831377
0.6186217174057227
0.9012742111800902
0.735149140869711
0.3631031485168059
0.7639348711663042
0.8488678154112101
0.9238377219545812
0.42537530419430336
0.6825494399786589
0.9467672946268602
0.8413983452129925
0.6094184766880556
0.0060230290376682705
0.14882610903770077
0.03621075439684962
0.02248579931432526
0.1766487202200916
0.5144219052026515
0.12258257214695034
0.3809128432220459
0.9780336470897838
0.43968877300195264
0.8606739036183165
0.13244080010893233
0.40038760235332105
0.5107687365331026
0.5316210967741399
0.9810526203472664
0.4967137227785059
0.8325204402988414
0.9214800278634633
0.6746165676761143
0.4452880446783255
0.28354779916021666
0.4958417287881388
0.6470611545056751
0.2558219530874192
0.6027303816051242
0.6918370254964794
0.7902007899826897
0.880682704886593
0.7826261161110212
0.9422316136485618
0.850265779482813
0.7202340325375213
0.8288963944637976
0.16796028104115657
0.1660196362307388
0.2690839786676015
0.20378914878602894
0.3930123125456597
0.6443941553739877
0.5519236876199611
0.4935207425112328
0.9993943076714368
0.6695113278271356
0.2218424841048917
0.8364001067755987
0.7762171539881485
0.98198437112982
0.18626221243156849
0.6387137085835358
0.1427189408538172
0.5231230112719765
0.40634447136257823
0.7212239776954535
0.36248020241484824
0.6078137362844633
0.7345368449590909
0.3346660980812288
0.18574619089975808
0.018100063384094645
0.23390543565268485
0.8534039071289817
0.3398059782487941
0.4338290819345292
0.6920801471928593
0.8338629107316126
0.5089378943025585
0.37439035703069923
0.35468523861550316
0.16207608868254586
0.16084240562573204
0.4073115462422088
0.8565551773237597
0.14828155819974465
0.30549043691481614
0.4518810040421607
0.2933830647732095
0.6908970878960092
0.38350713875220765
0.900910807339281
0.12300737655385297
0.0976624551005234
0.5892996046352923
0.06171561325673014
0.6091066362789456
