# browser_rnd sample v1
ua: Opera/9.80 (Windows NT 5.1; U; en) Presto/2.2.15 Version/10.00
appName: Opera
appVersion: 9.80 (Windows NT 5.1; U; en)
platform: Win32
vendor: 
oscpu: 
cpuClass: 
language: en
hardwareConcurrency: 
deviceMemory: 
screen: 1024x768x32
date: Fri Jun 12 2026 14:35:49 GMT+0100
epoch: 1781271349621
count: 4096
---
0.4824470642988403
0.14144021377325966
0.2733158797495774
0.06301258669205523
0.02157378448418923
0.8660846603734629
0.6662624641076726
0.8210363431102615
0.09091530757638677
0.8720526424588265
0.19371292190885614
0.7569323935536473
0.6924287507108742
0.3238701549391969
0.2745714916435871
0.5841463416589234
0.7512930149281413
0.03643471678861787
0.649753079923969
0.2429942395480552
0.2688565539419362
0.7990663965278684
0.874240093119022
0.5917441862983126
0.05204640507054181
0.8283911125737922
0.5073177137473576
0.6133627010366561
0.003654237879501143
0.46587326943116536
0.41540265739465065
0.4826781657172793
0.26919747151040707
0.02079814674303382
0.8597877759736533
0.6748586903592019
0.18175723536012267
0.8026920360051246
0.8521660430816802
0.2074634333921651
0.3732928152877808
0.13180301783581194
0.5487022193571082
0.8148601270302236
0.20368238766595748
0.9783069852728901
0.8357375039448005
0.7936003809701412
0.04234145409308676
0.878474395107063
0.09888593608664653
0.2880142137979105
0.0678919572894674
0.3493349258070233
0.7632438535066692
0.03583758431805595
0.6515574967062769
0.4100596794731223
0.3834559927286504
0.5479770577979485
0.1314917488366696
0.008782360470843131
0.7925269371212483
0.08864260840822691
0.26717099082024665
0.6221859157292955
0.3774153230051771
0.7727228726439678
0.36300410502120783
0.23212063777707503
0.08898583224823975
0.6727404850568784
0.30460009733333016
0.8803097877440921
0.6271004649040947
0.10618773905120682
0.5386256964097832
0.7465920551133601
0.7527080500679579
0.3896318478669142
0.12232703159417713
0.5334696267086166
0.1631585122816659
0.9983017937125345
0.5457699794233974
0.9465503982262853
0.07175594523628226
0.648204018148042
0.1144474178620335
0.8064208068760802
0.8128893669084688
0.06894747028722736
0.4745817900754029
0.6550746226829368
0.3382012228841552
0.4539701796885871
0.17952286107145954
0.353861002998468
0.9100666603524452
0.15310481405127963
0.10753550756281571
0.597744677442333
0.2236763405244364
0.9462076881185482
0.8344750505070024
0.7931773200784618
0.8777018291272474
0.826364178348287
0.021362776586618448
0.7455259088583309
0.01654245636269569
0.0005484252883672935
0.2802070112225491
0.5629317142723153
0.4187823131537004
0.07078995812136857
0.6068846188333169
0.22043043823785125
0.8044480882224484
0.7673956258249193
0.2981030069137811
0.049817734612648934
0.13147986979321413
0.684859543289376
0.6273651002062135
0.7234948630780007
0.2390427633204587
0.7655037348057621
0.3380947973813041
0.20099564739773046
0.3808512651934216
0.4662512503175751
0.5081239799604281
0.6107926059901506
0.04781623965952109
0.2686481968157616
0.49816795651822754
0.09745602278998666
0.49530570859581535
0.979916200126885
0.8613702730143403
0.964510783637364
0.6359608420338118
0.09916894767024098
0.792728781665931
0.10420634866297318
0.5774187245783693
0.5789166278655153
0.608651051628435
0.5205801321358748
0.9102981695302028
0.5560826633114841
0.06429973507493747
0.3144879028919364
0.14570783595929526
0.5781355722510816
0.79574328637864
0.5630451289319028
0.15675074358875118
0.6812479078129128
0.10439585269949048
0.3995189814749921
0.328030958420794
0.9821988863440477
0.24136821331675629
0.11422923317818867
0.6501167507194859
0.06417275826178992
0.24861088176773394
0.5534721053833941
0.4866432968751446
0.18832559121528902
0.81649662792816
0.32453390202882304
0.3763102459839621
0.10046343285198445
0.4476105899142837
0.24658610376012102
0.47682476900541537
0.04007602837629631
0.03668539514490099
0.5800199090487429
0.7703121396577537
0.8641800332859411
0.4255429612007906
0.47100715873782106
0.04853909830615699
0.5786136507318336
0.9744841948220804
0.22720447254561948
0.6037633192549261
0.9855463028758389
0.38852549088425903
0.5200645263820977
0.395289681608716
0.8506047908358433
0.07597261200685601
0.9646815104720248
0.9678634421060057
0.13602020555714134
0.4588361040811374
0.3231080595896968
0.2349083998563405
0.4627405911134721
0.9994803662300089
0.543729817715518
0.6838226833670682
0.7004371071659562
0.46104652005640234
0.11462553525364039
0.2724812694302059
0.3488632767169365
0.4997805368044561
0.890211024594169
0.7069445087951267
0.1221581903180794
0.6634759727995158
0.9136261708103917
0.37789659970811273
0.1707933507162126
0.6005142034640918
0.19717705879355285
0.285000239845862
0.04993383615071534
0.7328122837254506
0.024216448143420277
0.8024957391233949
0.3714732112973652
0.337820198768251
0.5654422650666661
0.4441777183838329
0.2337964880870106
0.7059008051934925
0.13783473752633502
0.28116184483715567
0.9683857362067775
0.3766932628491829
0.07091355339007588
0.6275411547712759
0.6277185687421594
0.01098073262774557
0.16284827654006473
0.8464578889153795
0.44416603276902156
0.39113411340544413
0.021173512029346697
0.4440245058821891
0.25808965407201345
0.5908806600993345
0.7866932400167849
0.614436314419148
0.7427713778975154
0.8928223108784764
0.20027509506296048
0.7515515507621299
0.43436620461729447
0.8116603013395068
0.3298942860305958
0.41725086606153194
0.8467264970557271
0.4249082157295845
0.27486678699105027
0.9728550175199455
0.6558084224832854
0.8725390634638681
0.3042877046755934
0.6767761630588814
0.9789665377111373
0.8478834606084986
0.8998424929389169
0.10490699217760557
0.9563840445539948
0.203953349951146
0.8572514459629033
0.12761645800944255
0.20250539114247745
0.8397147926701354
0.24856457310248403
0.6289286220260113
0.8767314865698679
0.3600432824596499
0.231000356701746
0.25641560225337356
0.29034565969706805
0.9754145464281474
0.7144647711465111
0.3552938403410476
0.4937573781945708
0.19771016878190328
0.8093689781233168
0.47627782222254755
0.08115869293535038
0.2996695592145746
0.6625135856662172
0.5595379457755253
0.924614894311308
0.664799349526164
0.888190910853575
0.8023959908042196
0.6033506527737105
0.06354438617176428
0.7713441576740412
0.591040754647798
0.7130022847342695
0.4875809649788051
0.042228850674138174
0.8699017759936063
0.6254613946891062
0.6289646838417776
0.15714376794038165
0.047933458635855186
0.6132424153648277
0.9445327704671735
0.9207514531926291
0.6474595214112059
0.24177698227970967
0.17826328693954008
0.9462160796720863
0.9037899281249728
0.9249759555923426
0.5787604637713766
0.6421594615383044
0.8987284433775319
0.6041910392078339
0.2700701372527512
0.7394389481534541
0.15899717531939317
0.6088847071093798
0.22581113840398093
0.2642907772584391
0.6362248314086297
0.6159690271666839
0.9419011499199744
0.999605905312822
0.49351500092739353
0.21034785149360802
0.88140579450062
0.07439601130449203
0.7360626633057422
0.6908150737024681
0.04696549781804693
0.589885113304583
0.5705569962425798
0.292609441871312
0.5472777632073916
0.970539373156191
0.05254173392644357
0.3618228074646218
0.6454771728288704
0.5400198107777013
0.27448341556381617
0.1452304098123488
0.8782627990037757
0.006604766151328323
0.5549980493438599
0.63313547492526
0.4706011967972209
0.47489594908248534
0.9682380925782108
0.6773604706544983
0.6899245948506045
0.09584384991357353
0.6952746103639854
0.28450169561073335
0.6517101508308624
0.6868429289323031
0.6421294007880919
0.8002429377990403
0.13660075684045003
0.8946787734360543
0.9216778902820321
0.8746218290810992
0.6781760243548793
0.9284764664818056
0.6046605476778452
0.04260525704351403
0.8496957889237169
0.38076439589327515
0.5000752294878998
0.9231756743714515
0.012460642348842699
0.6682305169454827
0.3719259328513139
0.1734707010399359
0.9561994162776186
0.5375965992212649
0.11911869028255395
0.10362323759797964
0.9519980475794712
0.9377063722432325
0.6389555336591667
0.44216324729420564
0.18256895430237607
0.2809377475030098
0.5224943091697547
0.5449917689130868
0.8323587645375363
0.8910791425247285
0.2617276650551338
0.6195480401627915
0.10390290471700692
0.28578062280971495
0.21598608129156138
0.9434474999908213
0.6862547936271459
0.3701149516694162
0.23421562400955942
0.7360814301114244
0.5635333889416332
0.6637482245306491
0.7476543745667192
0.7433012278859886
0.7386362897197584
0.9053315342004902
0.5751196492680316
0.4193881720814361
0.9800259318537301
0.5200188291575666
0.05146439505981604
0.36712683996996276
0.7696507652598374
0.2312552302829095
0.5344151381601786
0.972839853239367
0.9443295805901869
0.6305031779666971
0.6236662120499049
0.262546645703694
0.4628538572009244
0.398852828162221
0.6094893008121797
0.36657172149550143
0.3849471976062333
0.17465474986515406
0.76449084632427
0.19145575937990633
0.0889602083821378
0.23090721767130828
0.8999803095621539
0.5320151076484809
0.0070658841599828826
0.21348169391791372
0.5560231522022379
0.8580975559288105
0.6052576676009384
0.9885753059919673
0.33003761354109096
0.46077475861370565
0.860337597184834
0.6472518486586784
0.0449509319134801
0.8084594847240703
0.6346844113593407
0.16196674185539228
0.80603488404748
0.7643880385914649
0.42656584733631153
0.5001444899906112
0.4678224708587414
0.687602161716422
0.6335591817892794
0.5947439107198358
0.5159361233195728
0.5172402770878696
0.5614770020951045
0.43030748035491384
0.4218789169669972
0.5019090714417321
0.37555643312574494
0.9219519336929847
0.8537662262454715
0.5363018299947063
0.028826099291735408
0.7685262048916516
0.4305203197657038
0.8942770138307236
0.28389571167269456
0.3215375268759221
0.2513634160885092
0.87963575953415
0.49968919629351016
0.29965469971827463
0.6402500523379753
0.5772864151263909
0.601307098381677
0.7006213083715311
0.5713843457879044
0.30349906945560245
0.4726685291321152
0.4463545823239493
0.8819348568883333
0.6816463384258226
0.4669467550700198
0.9562075752116864
0.8711053935054242
0.6149618363756972
0.11957876590743277
0.08430664530827614
0.887848369127798
0.266006791438956
0.9076515737745826
0.2056340051516422
0.879102305159845
0.29631804886825486
0.9807838492856087
0.4141427737781854
0.07443950210837458
0.2696297555722931
0.775003002459762
0.3559269396592484
0.9395464791085038
0.5116217354509831
0.8622860997199603
0.11147194722839782
0.18516561119134878
0.42766844919671065
0.7771739947976095
0.8649758000688744
0.6070112758646803
0.7492934715791943
0.46124385827112024
0.7160073718702485
0.4190880273826888
0.9298137811541874
0.37623761236786135
0.6402818500854134
0.19936945422461116
0.8413193708392083
0.7502502664467737
0.1988845218452392
0.09380756335459528
0.2604366386341044
0.7612461646350287
0.10671599849781443
0.19997974085645986
0.610881235385038
0.4800361599362276
0.5532948932494426
0.1157419344360946
0.6926333223209497
0.2764475078224219
0.6346960397956944
0.8868184727292291
0.18838176668220008
0.9203887446939424
0.7181847554046912
0.7989106705038631
0.7630809629121867
0.2409938291924869
0.25072372934708487
0.5701341938596984
0.42890383363616935
0.4000761874057267
0.917976738566545
0.44329956800501413
0.42069145140771613
0.12778808190016466
0.6001343235865231
0.18322209261084765
0.3583857169054865
0.23037330789758215
0.9225525957628408
0.9079614034907224
0.9773165354518207
0.40516705302380407
0.8544178686107996
0.14175923303094673
0.30141775633761225
0.588231421546652
0.1561539723766071
0.17187295817423387
0.3142250076615065
0.48022693946545714
0.15165310124090525
0.6220845007185144
0.5251634065764799
0.1932728601156638
0.3319830059568598
0.18449580608814542
0.694284605032803
0.9220263844999517
0.2779538732966982
0.7170215137281595
0.574824144441633
0.331776857725521
0.9208569376592081
0.07179882918775149
0.2597556325617224
0.5955718237936372
0.30319565750212263
0.7167242090044978
0.6474243285612153
0.7737087605179883
0.4362407496572688
0.8587958541290592
0.06045178173753474
0.02463445546683818
0.19795115443428835
0.9332870325387811
0.99019245614397
0.2744779147031887
0.09343942650958137
0.8840236705135531
0.7688412329552217
0.2890291016828159
0.562456791583514
0.5200955123249571
0.8646374022832334
0.6281019888355184
0.44489422431309766
0.6105162935928523
0.4662928567746395
0.8377989171686383
0.9608003791524612
0.7763687436096639
0.5810314385843268
0.7496779686652988
0.5094752855722056
0.17921606019605618
0.5577184808482352
0.4395716886492853
0.3937216025889707
0.6919076510215584
0.24665307117447743
0.5588767537827907
0.6728780506856746
0.38086276756432813
0.8980931156846511
0.6977405815213141
0.4464564626917319
0.8136533701067442
0.8899099399194992
0.7573510517612447
0.3113953445169223
0.14553256762355848
0.6196476972452304
0.24372641307223253
0.9376841432148745
0.8218136122334379
0.4050400793275668
0.7361465979757417
0.31940271958973876
0.18275262123715552
0.8677564140695635
0.6806076462437448
0.8975795359831179
0.292897311396768
0.3658318448115865
0.05430390596423518
0.40368864432891893
0.600074734364832
0.22614919671010114
0.5687328334730289
0.035596721790455144
0.4126973241088805
0.20313894748373051
0.6848240122995962
0.07171545009433233
0.4989642257389849
0.7025938612468786
0.18656610970510368
0.6232846717532787
0.8992206168141739
0.9785081903336958
0.3530057095329264
0.3159907630721336
0.38037657430955485
0.35723070829255765
0.07922235661180899
0.3957900488036614
0.2773836500320216
0.11679453833276832
0.12052054142432933
0.6010507332378383
0.7965482060990535
0.31016676434925894
0.7105168617460025
0.7050308616329808
0.5969416199894988
0.10028190904740275
0.37117579820810886
0.9613399561789927
0.3050402430514625
0.9835458232729649
0.5311482088727448
0.45526331764947503
0.1069035671895715
0.20025978985876558
0.45117750188458616
0.5181748805730918
0.5157347971351313
0.5587749633579389
0.03770398230300154
0.6226953545745093
0.013411665179506316
0.4839908264922116
0.7781426078134849
0.014269909147081705
0.09295115647678831
0.7959950046232954
0.004329050395448619
0.47591525207314245
0.5138843368092151
0.23647737552155557
0.5139535129671863
0.9999532233718835
0.5183278114957507
0.806904989444132
0.44267536321945367
0.971297370824942
0.9336107312921517
0.2341402595548694
0.652917437275071
0.16620757634894723
0.07607952161939424
0.20396104433431717
0.49424660770211526
0.8805228471905443
0.9346898329290303
0.748574064505281
0.30932897482567356
0.5175856167687295
0.8907699887736752
0.9650575954790945
0.2973172732827123
0.5976727054568403
0.7020372110729227
0.18122757905431408
0.7656538357503915
0.43109721874441465
0.00010302167662057382
0.3854463322533759
0.4306036118282791
0.09454315878972963
0.9901629979030885
0.5523027131929148
0.1768078429987454
0.7360167182114139
0.7205178053456726
0.2465803852020505
0.8499862381682146
0.44729220102642286
0.28122964236257897
0.8821638448829168
0.0054292023382679355
0.8979623109800581
0.7808094756892049
0.749512146784456
0.4757342891491433
0.4873707000757569
0.03761925811282618
0.19019069384693532
0.6109205107123716
0.8033398147575082
0.5472223418489166
0.41937584311988807
0.1070227871178987
0.17091141875509497
0.31524998043679486
0.3600372547921158
0.5143361165530755
0.365408025605069
0.08237070312422234
0.17680943793849913
0.680209433801406
0.9383135260488896
0.07324420911436103
0.11957594739830557
0.9837521118497902
0.10942309364226777
0.4893881660866368
0.3128019667389834
0.6342412883600245
0.8030888114916004
0.9921190046348038
0.4958434709723548
0.5093677013590786
0.865209259532142
0.17756049285375497
0.4765547612024639
0.9528218687447506
0.8362540407918211
0.4048099423058962
0.06666108437866203
0.6566585769185944
0.3164150105361776
0.5743758091585108
0.966189028485609
0.8177765390639197
0.4547371289186797
0.01178121689212408
0.8041130059559245
0.8114438018696347
0.25885724253612974
0.1390166795471548
0.8352204197156956
0.6244239871253827
0.7053824566887982
0.5373138170309624
0.525798049554629
0.428717753421027
0.4379335656641091
0.5871523974434787
0.07944219881511749
0.09584751407138192
0.7762577540965511
0.9421155476173576
0.08557556766054342
0.2899036793093882
0.8883504803701923
0.5489020143323153
0.6717170734663575
0.3165004651324067
0.2010962444696478
0.2519026974765972
0.11120770888538056
0.7519735689491023
0.9686070423368257
0.34658078045119334
0.07717803447542426
0.4147073483729198
0.0188246114301146
0.6625047821223927
0.5147225403885486
0.9615801087590325
0.9964468425356258
0.9357961519145959
0.5366825459634247
0.37565403189659974
0.6216068718033596
0.4602478669817769
0.4822788714077081
0.23672544261066986
0.35446969126509253
0.9026893721913644
0.8940951530709985
0.8428395304693623
0.7488264103549777
0.5344547608056581
0.21821840379199242
0.7421705674185062
0.8908623689227284
0.712890294860967
0.8062594956397702
0.4307917777743312
0.6787791715043364
0.7412625113841274
0.06001246023775897
0.4505295607619224
0.7626368331870171
0.6555895817535684
0.7227230453451251
0.8088500587803216
0.6724908089906337
0.2601847614353059
0.7438297418937809
0.09100331757209401
0.4176162891976416
0.7021927358912946
0.2894996213555179
0.9834191794491945
0.9930532652513469
0.04724284665848122
0.37182036436233945
0.5326321037559902
0.17330524827193317
0.26960158989519456
0.9336155553003336
0.39470836402600107
0.3010136123646081
0.5789932302381079
0.03190238444826499
0.8795784415773108
0.28613846264281284
0.3558313875800878
0.553031735547945
0.5371784723874028
0.27486582421405503
0.9702592626702189
0.8925225731515144
0.9838883127982225
0.9989498418434054
0.13622924014911408
0.14844791809849944
0.7244587178629059
0.3412608428142835
0.22184884523738835
0.5812222354946417
0.3836815850618409
0.3772770640614249
0.6415697918490412
0.4057712148018685
0.6214647062865141
0.8917255912830488
0.8303253724610759
0.8197116280004008
0.736446348532014
0.521127914601121
0.6537045597294663
0.7465403341809209
0.23692187420503097
0.10403958745318242
0.5876181350111798
0.4883995205145051
0.5408698531648034
0.9580871898892285
0.860543621594106
0.9263145260512473
0.9395019506466437
0.2807604878379476
0.602294698463794
0.5118082036988342
0.44647160475955006
0.7694130824733789
0.48288420209196803
0.3506175304999307
0.12195778987288663
0.6749755131483702
0.17257481009292275
0.30731807132049416
0.08735555674201789
0.4236102588187045
0.10251328880918731
0.32342528707041374
0.49356484314033966
0.20084019418908583
0.05903448606395201
0.5120063213648595
0.9602002059362601
0.8840783205018183
0.4884013100636958
0.3900241398875659
0.8199254035235637
0.010508827157122091
0.0355075337111207
0.6054929104557208
0.05507332794122277
0.864388938713788
0.6022635081613941
0.3647501302669668
0.4053640461169732
0.7850711928451161
0.8932243780689069
0.5252657851691427
0.603598016220655
0.08471334598794511
0.9173848183480486
0.6285369610707693
0.4389678216022441
0.283184008559455
0.15818751134771492
0.13088466670607946
0.5687028024128344
0.5769428245000905
0.8368509968570803
0.026409598940952184
0.5955988201266877
0.901361160196889
0.8756944546411765
0.05271631550179823
0.7755352142601635
0.45453816145018444
0.9336247817380718
0.5491304197085191
0.9818707458591119
0.420253434000482
0.453592032943372
0.5066599525196283
0.6942091900432696
0.8729883188708587
0.9387277866770823
0.8275854273280392
0.28331915067899915
0.22516340080615982
0.49251667861733306
0.252185467174442
0.2089441596273507
0.43385818739302007
0.9126328096841857
0.8629062215476423
0.851224263855111
0.3403339024489104
0.32086921658683065
0.46287723247409873
0.6708701479393657
0.38106348154471714
0.06180961122525064
0.3915604390184122
0.6836017426090953
0.6953103375802172
0.5451380684009663
0.7173479031384606
0.7752952752710952
0.6820642791658024
0.5896435780980922
0.17850809181630967
0.6987986190900058
0.42101238694796084
0.3279137184823301
0.11224756757927967
0.1627876870824242
0.4410594140376345
0.6371416886609229
0.3555242089428524
0.1237111478787507
0.5525940928411051
0.6372823328433196
0.6956599133908129
0.6321100141206963
0.8015186535580179
0.854835157017653
0.3795377282911282
0.04144231749293825
0.9861241372938228
0.31532826633840527
0.2178986427014158
0.394354370525125
0.2000547017378449
0.29416421069927823
0.031363638088579116
0.81746829645566
0.2742552798621096
0.15288319108680481
0.5361259790769107
0.49116660932923273
0.533217621198516
0.2530625448516297
0.4023982375513886
0.667217730429701
0.1853299984236495
0.020266933069069126
0.10425105714213967
0.21329356984110148
0.8267030313435849
0.999653978953271
0.8003730997190801
0.3753337494054212
0.6788478700325841
0.3829700546954461
0.9933903224188182
0.662508964542912
0.3648505641418498
0.9438029488592925
0.1066969344202211
0.12895844865587447
0.23560594281904412
0.06620999199793265
0.061782761633667915
0.04813777414630571
0.529976055236541
0.8698267307353158
0.4216376665601631
0.42290612644102865
0.21620017888406728
0.6077372261364549
0.3101432535754318
0.1686151327407348
0.35543525905916584
0.2619557269451299
0.30255716048015857
0.3393241568523142
0.6127673422177191
0.8149217359420465
0.6302981830749967
0.40215961324274363
0.20300090128449466
0.9437391717981295
0.7316557321967592
0.7899537210788473
0.8952230962778347
0.03810062038879447
0.0712919521471288
0.9170494890936668
0.5440177538305099
0.34431098085268164
0.49405550634586226
0.7975476771698663
0.804127226076932
0.14367580359129506
0.5016493305065847
0.5039883866054518
0.6975856024387913
0.9208911057024116
0.48171912581284826
0.6702281632234248
0.3655680724219297
0.3431651476014179
0.4447598820935582
0.0013354412309624086
0.6595090817302401
0.3244802734188541
0.1415784605367778
0.6153942231999437
0.4917495561651427
0.8957281157262038
0.5320554513608778
0.2049504987636811
0.26984631632192
0.20782328495419344
0.7082966366446748
0.43041704940144876
0.7480123735564208
0.7563728949461928
0.6075928036026501
0.4719754817313805
0.4772589341386678
0.08803047945761944
0.8603960294455882
0.6003112151796892
0.16255481082800538
0.4554987201190479
0.9248773061643449
0.4812527447555027
0.403979951454003
0.8161336469922863
0.20629015839333575
0.5939948736618218
0.608047675007964
0.628429881270902
0.5657604959512645
0.030189910698522948
0.9141629030327261
0.5986714306302406
0.7277433535577981
0.6655296180708266
0.09476744623693545
0.5404270184884711
0.6829022460996531
0.45296013552297076
0.9762665571324843
0.30241972966129504
0.4957161445716749
0.14622364001792643
0.6031758734744314
0.0792295363856006
0.6577309666937077
0.2622871748595055
0.4267195199275714
0.9380057902272039
0.9715987828358923
0.32427460701816047
0.4757858591653312
0.66408375917263
0.5455545139036841
0.7211533708310652
0.3543723854197274
0.41181520484516865
0.6106173051118556
0.3429725663020632
0.7611169984032242
0.3186024245089544
0.13836144086843982
0.9434929482990888
0.5576086309940855
0.2953104763994612
0.4465840819373361
0.7678074388917571
0.528392017400344
0.20718970964965033
0.705990809591301
0.7418023744628193
0.8506703537699469
0.9741198092212304
0.03556550989665985
0.926749765794486
0.06077059576880861
0.05547183998298544
0.37884390227893217
0.8661133921475292
0.25551511641155156
0.48851093508665044
0.1924336587043045
0.1979750338590086
0.7145713066934289
0.873060364672679
0.1270000045223545
0.2772044164582562
0.44309807436369897
0.3585086000358072
0.5213188682117236
0.5879111951796887
0.9760053340741953
0.13944400101596266
0.25257678907035985
0.5675643659479511
0.384310694917151
0.3120190174694306
0.24291555237980877
0.7096066527495354
0.334867905434173
0.5263357504334005
0.15956747201212307
0.02963112687836289
0.9153395430334427
0.9614373034121849
0.14867986772960884
0.6650673832000236
0.23261020960667667
0.3072781013896386
0.9891859635190343
0.4999258195264942
0.7911603458974488
0.24584043626186558
0.8464441201475013
0.3863055110239859
0.5947116651355341
0.2686124214673451
0.7101729567038909
0.5778548711340036
0.27511120955297663
0.08899457034942382
0.9287125136896965
0.2372129907023518
0.7212190602121565
0.22908906760255188
0.18354326547018063
0.4534495373833892
0.844825284268276
0.014265865822551405
0.9133326297179151
0.613603607202319
0.43620137456906416
0.19995114043775652
0.8823674698466116
0.9339747226165
0.3353104429917203
0.7187702974840859
0.19942668247725626
0.07674002378458922
0.7381443309753658
0.10288446459310885
0.4857327592261007
0.906449625518227
0.3126439394659619
0.22240672806551354
0.8314192367030073
0.5096822026624386
0.385058720471651
0.11588807922994515
0.9720033706900323
0.30560836164202465
0.01769271081024637
0.11434433944479694
0.7580509352717819
0.18361062113892268
0.07543489744476961
0.24622513804360902
0.38938262127732937
0.4819907695108744
0.9548513321029718
0.20131317883071675
0.333684517235605
0.6223346239860665
0.4714394283642668
0.4421657775605706
0.14057067741698082
0.6682487579723411
0.24076788993232245
0.5925445229952333
0.1349942188171378
0.08900418229722207
0.7689267774434849
0.035266338039341094
0.7548110025029173
0.24993587411338247
0.18089577573191296
0.27202585697376147
0.9343754805357296
0.14945684930495196
0.35480339522505344
0.8048300230157639
0.9119998898961995
0.46181080738563873
0.2781707300875518
0.16696839314446077
0.16043164401959664
0.09450981717942764
0.7872549119023391
0.44572558632291015
0.015454232365212595
0.2581253974912292
0.8777756525235245
0.7159398173387957
0.6173642995965
0.7859725734671631
0.9464985477132198
0.8044511088030705
0.6336388857641347
0.1322766686515825
0.9749080578964777
0.24212150189814863
0.6638442356822122
0.8593247539993243
0.2840946207612034
0.8552981866895523
0.6346040333605374
0.32359459565865656
0.9075183647717036
0.43249071509942405
0.8442705858331077
0.30731945372327674
0.5019041894376395
0.19778475111222837
0.12805391024898882
0.5821436339794057
0.9391998188181473
0.5462587350461667
0.12509291611080986
0.3452575351319934
0.9079360320477248
0.4088929881974809
0.46531966839145034
0.011064474745981934
0.7856639572106245
0.08028749022909998
0.6843556404570332
0.14966552189679294
0.4468677688056367
0.26117035989744186
0.7022363937967765
0.19349860256077134
0.23822566375908716
0.9326422282659022
0.5448013725916779
0.6241285617330383
0.9735209971546307
0.4513413710208777
0.4803515735585555
0.12871708674937776
0.39477559591279066
0.12390985411370692
0.7405923533398336
0.9814036696920413
0.47111788008312727
0.8482204537748216
0.9880443850770221
0.9992266199406732
0.5638634460686328
0.6084451482958891
0.0011604899026351756
0.6676376579371925
0.7260706807710335
0.33901071379150294
0.1705966972320183
0.6287048212507832
0.9928337048293442
0.8601075849339069
0.8131889737040098
0.5810742081576324
0.4777407514769031
0.8507632229072155
0.6963328230857672
0.6543801626179787
0.6433897052945856
0.19514116958872307
0.6374645599263035
0.759529476115264
0.9367173299573054
0.06513689388182142
0.07059706702975166
0.4731521021221208
0.7367326775478097
0.8657436932629995
0.5654988864780134
0.4006861012441938
0.900119944920936
0.005723761144505124
0.8563621305545063
0.30140651871202084
0.15710488972033432
0.8130082411232572
0.428178637181876
0.614056312163794
0.8312870300609037
0.44720245366352995
0.3512624090103402
0.2314973891340253
0.16178994172374084
0.7473954982181912
0.010958550793372823
0.7114032882259735
0.9644436870177744
0.7392885855451914
0.035741526896513776
0.13248290816327124
0.4868076394341221
0.77642452776001
0.6776670604250159
0.12134089971541329
0.9100466599436812
0.21688461642959345
0.5623811948221877
0.4635017227993943
0.9173852212253023
0.9251040396558071
0.02313506971334056
0.8710836098552759
0.7133718122601422
0.28238711256943927
0.11288585859940459
0.6363141212455851
0.8377651406563164
0.47445147321594294
0.5674828408685813
0.998048473332588
0.9355216363727373
0.5432574531279943
0.022627321368131836
0.0989735846584684
0.7864996150556277
0.011010741096560528
0.4995056209731946
0.45889687646739175
0.47136034778433356
0.3693148062699193
0.038929033065822294
0.6634739456537793
0.6150903209652575
0.4543165033249069
0.7005361669455631
0.5984232578044675
0.709009234309996
0.15909941196429223
0.5731326862443539
0.8852815538765664
0.11282284280339105
0.3113558236813114
0.06190850143459847
0.7078837461784292
0.712759657873252
0.371734052928937
0.232680093128796
0.17703002005495272
0.1609363061334037
0.452392545911918
0.24987029112163361
0.9229439084449332
0.39193935573922245
0.961816155782174
0.8800262688844402
0.15733230158261746
0.8792996571897181
0.873643432961311
0.4253301447738599
0.8030758543544623
0.5524312363552504
0.05243626590476658
0.26090873371312495
0.7690839116088146
0.8505320472790668
0.16964712276319027
0.3379687298583042
0.12449763469222397
0.08505450291393635
0.21739966159386137
0.632630856950283
0.4559250575026862
0.0106290726630901
0.4490647654705052
0.8359772783452949
0.1472342434959616
0.896145020838272
0.055886099882965556
0.752465329426473
0.925668311137455
0.48064191193803474
0.46213995878762404
0.4168441146297982
0.6688720578383108
0.9837103747761078
0.5616995218987456
0.5325227988531108
0.8943281095223942
0.5937965679700661
0.4178282977718799
0.599993111355498
0.7010126891900664
0.5507245929188693
0.5574662211113599
0.17551735007032998
0.8271862069361587
0.5422021670110406
0.22827932301545384
0.8357987288725556
0.39161616351346085
0.15397505512340082
0.8796450887337194
0.3986120026275407
0.8911130869876288
0.7822852650610274
0.24253459607754824
0.5264406626878134
0.16068671186935468
0.8246209732459578
0.15304266740206418
0.1305052174359257
0.8563632900776577
0.6052798205921409
0.7441176143637345
0.43073734027686594
0.574271646295378
0.14166755203246473
0.11949192040453582
0.5622672147012767
0.5684634302504902
0.12452582499796716
0.28412168183291797
0.41233320205789803
0.6438579428208726
0.5274540467386059
0.7598478913806876
0.853450868836527
0.08963452989338183
0.5435892401254973
0.9708229789315861
0.16600229280301937
0.6856432035676334
0.729836963561589
0.6394709977281308
0.6873838125214895
0.20827663142418396
0.9616013516455775
0.7471957574641418
0.9562063256775776
0.1866115528709893
0.5807007051715066
0.22481672421175758
0.7582887643238314
0.8753709119105496
0.125944736312384
0.36495771430226964
0.3972139170522092
0.07720343703712296
0.9775124129103179
0.7606352842357176
0.7504584622645981
0.6350671230298115
0.9372306588194115
0.566372489224743
0.622344727992562
0.9465070557238567
0.8564181954298521
0.4005460482704305
0.6314422966858116
0.6740846764004645
0.32607132735884037
0.4400588723532587
0.8985637378285934
0.33169345052197496
0.14287823915305542
0.17430462876399722
0.03575524584878276
0.0046172759323263035
0.5399716367117636
0.2365132694534362
0.20267184775047997
0.8132731914947022
0.332289131114468
0.8248254632445171
0.04202759925405797
0.11968807048350971
0.7515754398320125
0.7373252860858275
0.44007549454502715
0.7575178458142268
0.11515611532741132
0.7555894043732384
0.865124951143342
0.21920941415863415
0.07744449936666331
0.26850952241452597
0.9105389532849394
0.9108246197211168
0.701789581639469
0.5354405516643428
0.30213531950839534
0.9073726651470765
0.19144292718726097
0.6669584456097143
0.35927993843751616
0.5256421148086742
0.9180322938480544
0.30448201397992425
0.7873940225789398
0.25969034379560507
0.6307665925428001
0.9833135075713445
0.5317487133734958
0.3942548627461676
0.7011688906531158
0.970988456061154
0.2670454675510415
0.7956812764928334
0.9136132967400411
0.038754898229103274
0.5594332798979709
0.7703080632924313
0.5970482140725814
0.04061228165287545
0.05794896129309346
0.3040773949126353
0.7359407535418282
0.18601728682438912
0.06357158368338867
0.8718574294614997
0.8239865254817318
0.4507275717412065
0.9611836819653636
0.972050787187319
0.024378855665165067
0.7938030614072623
0.8789319098490083
0.8538149092592399
0.07608882244190185
0.9212506470384366
0.6040113214840025
0.1904067147170907
0.14036931080148207
0.3633835548484614
0.11446230460746687
0.35651920640871027
0.7898884795327941
0.08654668074841498
0.7499007482578949
0.4321624892428707
0.11150729468268716
0.1868485958234719
0.33563122648886434
0.2995001049442253
0.0018205958244300602
0.7457543816758218
0.10389140042158074
0.7520111350295806
0.48476620767427603
0.22481186826842436
0.7149535509592788
0.5385813271525345
0.8110670206342444
0.19504296643673458
0.8906809831393689
0.11314375801640353
0.955590925600927
0.04883809892391622
0.26583405154551853
0.9260726923152868
0.3988555686388574
0.011689283478079626
0.30327081583656246
0.08312368104258072
0.030353689294468578
0.41795267239259914
0.27002641213898737
0.24201166632159787
0.8660439800286144
0.4020854022699657
0.6625604116596095
0.4511859096733817
0.5293615618605623
0.9273570404280679
0.8169894063164904
0.15295115473427023
0.6219622854717611
0.9450874358340152
0.5151748983839382
0.4656281249428521
0.28970472352060406
0.5323366794704486
0.5803443049944264
0.44859842904146885
0.037515566120901456
0.4477712026835945
0.5401915635979478
0.13571479835984612
0.5328759101606905
0.06940497769132237
0.6040413250580795
0.8693920959151514
0.6290190725006305
0.6062432029291512
0.6901773517476691
0.6870123541047964
0.7360691584414315
0.8260334794584272
0.9003347223225443
0.8321649935506341
0.177634447820598
0.10475854751785063
0.210186847810944
0.8399464281685273
0.8179774196756001
0.7772849463942157
0.45739018255038466
0.6522884031795723
0.5697458571123987
0.31994556191663026
0.6025803054442593
0.627117481306921
0.6163061788264493
0.8986881159006629
0.8792206878506751
0.9647199367298054
0.9758092345249514
0.9858193616782611
0.1232932789328367
0.3047130556951112
0.9534366825138769
0.2575083064138436
0.42009355407354887
0.3190843135986906
0.8045323113601675
0.8897343593955754
0.3362963384109037
0.31916480322574836
0.14217739249755557
0.892369823977074
0.6695093096850181
0.9818012520026194
0.11095361709655649
0.07902795617871483
0.304438482279899
0.22605629185940002
0.026122716465923568
0.15047418935228274
0.021298357930957246
0.7603027616919009
0.8990556975796098
0.5914248851321343
0.6745206955792309
0.2729331163397123
0.9599090920735831
0.05833082101340903
0.569753847786681
0.4453513178337952
0.43657532753834427
0.5227740647178127
0.9378795398068556
0.14212136990004176
0.3669039191906258
0.624036184526148
0.8422524271783608
0.8591613894385912
0.9802660994979346
0.1935654472374866
0.38250555592463364
0.5483528944811888
0.6255570837893522
0.006616802959569457
0.7895904426728809
0.8258399575474322
0.7454827803984254
0.898155043778999
0.14283577726746421
0.6033324933905393
0.6723157669650569
0.8041866221622836
0.04442077026516378
0.981966874648307
0.6594673547761882
0.3920597822958325
0.24532348395336734
0.06449393479910359
0.040291982373028445
0.2253571883440949
0.11005789370765429
0.28349823098172067
0.00010986602070839346
0.32708268153019504
0.5811744576100345
0.552481820235203
0.14880115615615175
0.05121170770270633
0.2907890594717558
0.2994659845562275
0.3431038706313614
0.6027715082088523
0.1779141876674165
0.5236468601000279
0.5965760636786906
0.6690895083545011
0.6152311267454647
0.9295082079786553
0.44331975998550943
0.02380005732427659
0.2280553413627967
0.45149202929368426
0.6748846972658021
0.3760532508473655
0.6618358400721571
0.23329783565941697
0.713857597788861
0.5853201712699769
0.6781034982671571
0.10783263970638224
0.05189379128595295
0.737284971762246
0.048227120650913946
0.04588382025952942
0.9626446462410072
0.11705429474091289
0.23110420646923335
0.21258025554478543
0.17782651449632625
0.2579384062252851
0.025858232832821848
0.5934197573622548
0.43536243328884283
0.4861614243517941
0.7643650523997876
0.12605466196552007
0.5305721610334546
0.7366411065403149
0.7590982482864188
0.15796057978169198
0.7700871013707303
0.9429263717785105
0.18821130659575502
0.6015203107967348
0.04807132398006919
0.6702684431226053
0.6371299424374023
0.02145751441351662
0.3441239803968531
0.014956849021170227
0.5962698872157081
0.4085794696668493
0.055360895286265754
0.2813908666634065
0.926318753555014
0.2651504418610361
0.9201009078400857
0.8748226485872441
0.9765604753022809
0.49798699345401165
0.7965896490866019
0.12876735203291978
0.6437764025901292
0.5514511953593452
0.45941930819863674
0.3596889768066661
0.1153134043054137
0.7765117572996252
0.028973742373761824
0.2650184374805217
0.2586824502065761
0.3669960360126603
0.5818092732808552
0.2537722375150214
0.5885075785626003
0.8864979131708637
0.6178146638641158
0.10639893250304833
0.8141720491101972
0.7259748588047602
0.47298687709490683
0.6145644710084057
0.15808617328288033
0.797932795733748
0.3345637846875481
0.9400702437623454
0.9959265089001134
0.910677676915303
0.01352457845311239
0.6297482931238887
0.8896330359258258
0.7212654171097681
0.8035327613251506
0.479977565381963
0.6816438139653196
0.8233536857423974
0.8615034629079972
0.6676690732440214
0.9803124859434004
0.7786777552367458
0.2199159761538153
0.20353119546718923
0.25827208916627753
0.21994124166373774
0.3631388163636772
0.7155941726889942
0.8819206833030993
0.20123694036789552
0.460255266484204
0.3131137932069922
0.3332757498904022
0.5884163535249024
0.14270825468484527
0.9517511584702124
0.9935083129786675
0.6901069420711576
0.9714779637585719
0.5687208849555473
0.8601149136745553
0.6698729705471071
0.8261947767886428
0.33724228375172627
0.4928303351791199
0.9995167354846162
0.9814115182551667
0.3615430498454877
0.3386860239095296
0.2431363843130161
0.6284270640534328
0.2660072500449083
0.579799266422276
0.06238990612807194
0.4809479308332659
0.7821647834836343
0.2189129224823021
0.26124059003583977
0.017178770774151197
0.44432955651054773
0.670423995584685
0.7531629276570069
0.6835775691705755
0.8484604915536734
0.5358908872470887
0.6377883764708446
0.6319815575122926
0.5065745677397886
0.431759619380632
0.3254090353779364
0.6545721612062558
0.092812752961971
0.7375010794338651
0.3403789323269524
0.33124105569131923
0.8711614643807316
0.10215823691238701
0.912318750715666
0.039380578043280545
0.06372564565319327
0.515102969019863
0.7924921632367332
0.2595897413441852
0.8931410866360606
0.6273213959748956
0.154005704743727
0.8566953705314418
0.38865247577558826
0.5226343572388512
0.4928368979325225
0.3138316195912272
0.6168923266320387
0.7847140626187097
0.36354829001488786
0.04656753967656946
0.5043652625405204
0.46528628376058
0.5181484951976701
0.28024388528173527
0.15240981113000707
0.5304724388015759
0.9917453625910329
0.5790102903327593
0.048250788049009286
0.24558905147879084
0.36177787247906246
0.6946266528746237
0.445258493747548
0.7260715801913962
0.6849592008580835
0.14529779310499114
0.22784428775269794
0.9284410338921051
0.26129482823374195
0.5898364859249765
0.2600938686529264
0.015257793527299501
0.2794496874740675
0.27143900906673757
0.036967411032233
0.06706721445788555
0.07326982088439105
0.6942337113525611
0.6375955110878684
0.15671613798030215
0.7132583669074076
0.9960910304340503
0.4736714595288203
0.9814551417295428
0.3252548848357546
0.9810077641900139
0.9984935220552863
0.6895704892473216
0.7441575969080979
0.5610024250995287
0.7340801853377843
0.9420137686255984
0.4937254346014047
0.21757005186467504
0.06889262129794926
0.4059286659963328
0.24348436841114596
0.3707093508505689
0.6199385233839207
0.09296863543370015
0.13362355900872036
0.29497339422538393
0.12814275130836372
0.7889841822719071
0.6150393564036973
0.10922409605741079
0.26895325996488617
0.8052185548401554
0.8164050951713683
0.5197455453625556
0.8702816257750897
0.979344649374727
0.2944304233326196
0.43695272072304636
0.6985555432405409
0.5049657429852704
0.7915620628047793
0.2922211678666976
0.3054383099286817
0.5251562574322258
0.13254913079223218
0.8543551528843575
0.16473739329055537
0.8094455194562912
0.2769582691180833
0.48421255276599606
0.8416034622886512
0.27266501885497596
0.7171239020242418
0.5918470599732697
0.2844023565719601
0.5200113908922712
0.3649175616407744
0.763820171283856
0.2973306313050814
0.14648254204475464
0.41967126341484806
0.1497394638827827
0.8897147712997447
0.3615854690629602
0.327491389354422
0.6326324304272931
0.6331814893694194
0.9410496216075376
0.594538903681734
0.1854039096349761
0.05970950031203626
0.2496640295118917
0.034134024844245325
0.017418290223988442
0.8023539725386567
0.7906684728521676
0.1649233260061025
0.6324607971108618
0.7058185532878775
0.8546442337493187
0.7119221810271118
0.25820557634197505
0.7469544345045579
0.07275807104714327
0.40224792430460976
0.5442970944125571
0.06511801089065472
0.4813978477712654
0.2818437115953938
0.9607144418869186
0.5928480757141911
0.4180648130754864
0.5023916929046239
0.1430780755319725
0.5155742862263355
0.33224275941163495
0.06466738629401025
0.5453655152666121
0.3436092693256434
0.586532878857143
0.9555513878832198
0.5556300585952337
0.9325125299015735
0.6268468315078807
0.5508538967794615
0.14734006055544324
0.45089694291959415
0.578289438543034
0.8370330533924415
0.5064768092193928
0.7544655643404581
0.6280160473179953
0.0861836336056574
0.9436963259995074
0.3412442809510182
0.548637389889537
0.5963569115313306
0.287996317762634
0.08092147033854424
0.8023652180965761
0.5815705198835767
0.22779568753239454
0.08470623545501765
0.990379639991798
0.9048675030173587
0.9806462611881226
0.6797080850972979
0.5819082198336812
0.7365772489522685
0.002780475358785117
0.5939556979957821
0.4804713928847969
0.293773028710807
0.9252790215587191
0.28444693145531963
0.10426688031259923
0.7809443698233559
0.8099057750135834
0.032476180999249205
0.5299091875431822
0.9294733182961392
0.0515928927374264
0.7763558794041765
0.7544399352191796
0.5574368278165831
0.4832922741225575
0.01290041607561232
0.5292212998901508
0.7176779834977772
0.9261224227170197
0.5551302954176327
0.868583392289256
0.16079015587460677
0.26810411472688356
0.757628266341462
0.3381255507458837
0.8643564100502752
0.3790690367070174
0.34379762211438714
0.025988637801018122
0.9127351399699919
0.9219303353612811
0.6417173035357142
0.8780585934713121
0.7342181417387141
0.9649790976668604
0.29089589918281267
0.20399957035749372
0.7050021680112826
0.21289646926659145
0.14050397420885263
0.41497898034242686
0.5286426204594916
0.10959955117371367
0.1547294183298481
0.8135092822738342
0.8958228838077975
0.19364372079801906
0.8917263274778
0.7838926784851455
0.11428944699947496
0.6364680373184299
0.20776493288689457
0.3555529537495121
0.619902124704954
0.6502592933569853
0.9882115559312142
0.4194986497040478
0.3910254779462976
0.4706155514851388
0.4189875656520463
0.7535900069577353
0.1089973829102917
0.9682692099662316
0.24228187476320684
0.48109931551649276
0.19884098988119248
0.8254989026589743
0.9544799744380636
0.5991251314986744
0.9188802797920588
0.9288765657972093
0.8727018706871137
0.13050391241228254
0.8619109344281033
0.5955994361847906
0.9046298585754868
0.08378747790263708
0.4429923950319987
0.8418442791373937
0.9729550169625631
0.9031398497433609
0.8103219460778085
0.3616359723731204
0.7477739440096355
0.2172838288757324
0.6986068348044716
0.5184419339837664
0.48669356127141394
0.666858595548137
0.5608468590139578
0.9735377301076312
0.6506241426365973
0.3483128855425405
0.9817984581349463
0.1485852189775443
0.6344699577289783
0.7331637511275896
0.15104881804903736
0.7211785167188595
0.46523345849387177
0.556721639585994
0.8586509325048871
0.15168801382355201
0.8378396811658455
0.4767983735086836
0.7632497604140245
0.5743411684631712
0.8547318679930224
0.43517987261551083
0.17083101972579984
0.040860300896471635
0.9655194092716357
0.21175296850122238
0.11429891451171725
0.17638348181061148
0.6895692834417962
0.6637057004676145
0.7889236183721395
0.37344781021385776
0.21485880487683306
0.39628197129462595
0.15100571212903457
0.3290357564626545
0.7544960153735853
0.31508489400677275
0.6838438366295786
0.9465041098042457
0.8356039181182463
0.8900822013326947
0.19312872185647356
0.17745825974258944
0.3992787030948277
0.7238416426500072
0.9530598560859115
0.5835792207609773
0.5686265520003779
0.867940501184447
0.7916605284846866
0.9781952390377875
0.36543300229026865
0.5720151292715785
0.6287886633011667
0.8959951526652332
0.5603920125573739
0.07898917756361945
0.20882993800371785
0.49827836679341053
0.8004948326800716
0.7428086278040991
0.2680109091641937
0.22778537816138777
0.10107658538314956
0.2416937226721625
0.8607021108400974
0.8606609221644717
0.2763754104327366
0.12587419550799195
0.7450147946396468
0.4057224537113977
0.796966171910265
0.7887032761039566
0.1677721883735166
0.7189768970597727
0.6559431574718226
0.03466511271342598
0.7550032425075293
0.9582197762326485
0.14300247787682419
0.0027146130603459273
0.3390752401812829
0.7363677719821914
0.44099565474615554
0.07951104655138774
0.1805411144426663
0.3459348000320174
0.5252719336577636
0.9906886121692239
0.926151105280063
0.08883425840721781
0.7570697144659044
0.5614548128385564
0.9084101667081889
0.4923642024425059
0.3175706745320964
0.9477111793864768
0.5583653767041429
0.9741347906943209
0.7531982318823177
0.7905993962623946
0.32268958849128204
0.5386522748827469
0.3466975111723317
0.2510770600743891
0.9719606293549421
0.3388314644357754
0.5761456068843979
0.04265759451716178
0.7772984193241199
0.5831095382958702
0.12426656714969286
0.6924880305815102
0.28686861205281833
0.725611418697767
0.2859960574096838
0.9348384648240022
0.5256321822793383
0.7890815664913128
0.367899085897748
0.17492182244675059
0.5307297049218754
0.17954971850231394
0.19187064735381965
0.6981001196885972
0.6411744258177535
0.7528376041093516
0.2539603268456685
0.3918909462986553
0.016185599046120158
0.9271666061080329
0.5621909624386844
0.37698249292392116
0.543324373310342
0.9249136637223627
0.8210026478044433
0.6991679126927299
0.43992968681974287
0.27293839819338916
0.13527577089172071
0.5935872765127013
0.03867446262679719
0.02691804502120343
0.6670210956267193
0.628327930937663
0.6898096529761343
0.4130581786650672
0.8006942045583348
0.7408582504101592
0.8473538420741278
0.5699218760373882
0.7302237087545346
0.9943218618569427
0.8660285579303015
0.5662672001199249
0.5412880910921984
0.5049651574418207
0.5114439824474131
0.1968252568087473
0.3127920328906819
0.9489878964777296
0.9915087431615142
0.6088303630708699
0.26005043505147796
0.5038593306772984
0.4862817025289655
0.6110251775904482
0.5393935641801731
0.9992447835429641
0.12731878698306798
0.6512559543803429
0.8293469742238145
0.9493216072787756
0.8064630014616451
0.8729418202271567
0.5534683351093282
0.8239935704533331
0.9771079944532008
0.3476669385891481
0.643321084986605
0.49944620925767325
0.590346421363627
0.9709097599550676
0.7348881975770375
0.03989114100396207
0.4062023841219271
0.7384939911843068
0.6992191244680677
0.99018090178019
0.9584378892945534
0.806975296124387
0.1849872870360021
0.04261092769148078
0.6633066895841386
0.6931485924351799
0.838437373816076
0.3786026903556827
0.16211612982005663
0.7215122599237321
0.9180979672854388
0.48582672542493044
0.23775960487315106
0.8063449651333756
0.6857022076611727
0.35778096658910896
0.5371509449114251
0.6953217357868545
0.7815528983792306
0.23948001560742804
0.666268596643987
0.6403016698610985
0.2768717463370107
0.1273760121649512
0.3570418346449823
0.3223472676255763
0.7322974080303187
0.20767823592528367
0.45695446706674614
0.7511340467512887
0.9075260549716847
0.8601218024941822
0.5503426880697894
0.0032943473361385367
0.3386274373026469
0.5975478702357538
0.5875889553262439
0.4331877967233292
0.6866827981488074
0.20714059080513025
0.48821363119383887
0.272737370523391
0.11587333614737105
0.8701084220398051
0.30341521682792627
0.9709298539392132
0.20463136887841182
0.40405603604228346
0.5982018380301114
0.22990309432431988
0.871546594883007
0.31548166950799805
0.5904691188837723
0.6733792256512607
0.7950506266220448
0.868695310117608
0.7768017236560136
0.8160133147934405
0.34669659740009595
0.3407334211593964
0.82349567216398
0.5817439463276186
0.19879419034508405
0.11843926776382818
0.665787871658646
0.54436651195176
0.6586408672390899
0.8110125065992959
0.8435320154407943
0.7630077653582795
0.1627351487783525
0.5306932632056173
0.5340619968093514
0.800012425897552
0.7916225018193335
0.1596968327314473
0.7784253981470817
0.8945438508016906
0.3391551845680404
0.44062424286224255
0.06483407313267531
0.8800847805229974
0.4593100737261864
0.16695325157219798
0.644930601623483
0.8536435756298525
0.12180642324476587
0.04782804339538327
0.3676365450906617
0.22057689472336128
0.48307085823390716
0.45173851890283
0.9810067644880227
0.9024072309525388
0.6485354056800672
0.21512197237017827
0.45542938663833044
0.29061551839904143
0.5793514319398255
0.8974296045207726
0.9626310712991398
0.7922466316339242
0.6167606373752365
0.23346370473544187
0.44020762439719363
0.7017094001914072
0.9616606063202731
0.324278671148444
0.5576245345047485
0.8166417474003489
0.7865900882589877
0.09457958181291237
0.09716965193927307
0.8691898590993604
0.7719665265613705
0.5829352634906304
0.9478204612249805
0.9239473931066059
0.9456386563035754
0.4990843894730532
0.5882496105172285
0.6611624856394641
0.0787081142887317
0.5648616221928818
0.8884459727333798
0.5039741417439135
0.4635224006159492
0.6039990584419741
0.4278058194445672
0.6672696258533731
0.5336841626164139
0.05139015321937945
0.16929496091547258
0.13932764487749416
0.49923436716966285
0.8996184620505536
0.7350733246974406
0.5556095680907805
0.6594811354126299
0.21185394284188708
0.788926325446404
0.8999954243303512
0.13614754770426185
0.6353523935358589
0.7022604610248888
0.3574394370251216
0.3828540394264054
0.1624951230334728
0.6017577101109405
0.42697548551000775
0.8662192174371229
0.7173739380473384
0.5842138959551308
0.4428614350654063
0.15839247872431694
0.7686414766242285
0.817402528203693
0.9969360754859153
0.5383179544883085
0.7694189696669403
0.4232491908422277
0.10439264515954749
0.1695553732433217
0.7107253637113468
0.7579456953382248
0.9068483217756148
0.38267115704448973
0.16413277704930895
0.5179371359274038
0.9162923685016745
0.5603478813366412
0.48496939655011106
0.24086336897160365
0.5275028803746267
0.4869661062283045
0.29464965713678826
0.8538264408060504
0.032195564923552245
0.13560229801049717
0.5525155413783113
0.9205040879797637
0.6791211612642062
0.8982867574957641
0.8293175793181718
0.43368699801065924
0.9336302566667751
0.10237946204043602
0.020541826403400854
0.0011580839963981626
0.05128502424307391
0.477472358026082
0.7410629123875032
0.2929589065270697
0.8135025626672721
0.5806251217642497
0.7983043185957663
0.6177573000044714
0.7925216470590228
0.9622645364250833
0.757435649805563
0.5027488092163438
0.33897072110791193
0.15251917509103718
0.5175060501866526
0.34180471147592784
0.6350576303108063
0.45508269572560034
0.26761426896688745
0.4071053681113336
0.1654780826074842
0.21997591334106992
0.2686853780950623
0.6381025278598046
0.2366120961696272
0.6891350653639741
0.6751827000676092
0.8699283300726232
0.9529154957786079
0.41391322029744515
0.44008061292580325
0.037784426684946415
0.5762301814979399
0.4900650112900299
0.3249546764019602
0.4468721073276871
0.7287531583417786
0.3539553298642947
0.1141168624261476
0.6685130591257595
0.3536050088598617
0.6683186804665228
0.07694887632431202
0.858070339273108
0.05263462418334264
0.22382973757988445
0.4785911454384353
0.9776973612685476
0.43569349001820246
0.6075964341745415
0.8211978647056926
0.8080907129701584
0.7487595458881646
0.20764988567931875
0.977356610182383
0.7842867626187098
0.2579038968169891
0.3467515696056809
0.8516801378272018
0.5042439354474413
0.6512559577210159
0.011244166017616797
0.1673857644781407
0.006599614747756943
0.269109061034275
0.08423620879957772
0.7465271597794758
0.20033458469889087
0.37352689179713605
0.27883367135625836
0.4741176338936066
0.4428790624928116
0.3607846798513499
0.8537038517615443
0.16210354544515826
0.847227055783223
0.11074453483855784
0.635559452733705
0.3803184196972811
0.48008720873220534
0.7886825184760173
0.21250602073229186
0.46853083106897286
0.3324229113105207
0.7454507858476674
0.9655533474534459
0.6447662126539283
0.6975931183236338
0.1585199636962945
0.5298520271181604
0.4763053987479434
0.17069403812030748
0.790402677903155
0.3452669361427704
0.9293481981897703
0.6874888466704195
0.972671576776446
0.39082705752625335
0.19857601401271618
0.19269864972653195
0.11617177738258089
0.8063478576539218
0.39144698826420454
0.5091418606184026
0.6111775432800756
0.5202865166901315
0.5830838792679673
0.39362700540270124
0.6943204853883908
0.040536680837275796
0.3284129801082507
0.33128010819780507
0.22121584665277616
0.2726770517751538
0.17267151636693678
0.736401273946976
0.21955525335286563
0.11357698102185965
0.2186189361177293
0.3693760471084313
0.39228503953926375
0.7865713580820619
0.7405172142711588
0.003602740482044342
0.03713851487108999
0.499628234639395
0.07309804986817048
0.41515838833872387
0.29270392736310846
0.14718112648124781
0.5148930098175679
0.7863362248131025
0.1378977755717401
0.23873620757173186
0.2035561614685064
0.15631518937847821
0.8756956039159232
0.13081947088125878
0.6377354822911993
0.9110103215876328
0.5394002234596235
0.3991056324162633
0.6073669440551194
0.47008297873766136
0.6682407076694872
0.06271491698805753
0.3042747096330063
0.559661585680416
0.5787646617796491
0.7965112575911891
0.337104931315671
0.2218172087868986
0.9486904970755407
0.09375408058035795
0.03427737297690081
0.5097528423092974
0.6601399325572025
0.8698487398444785
0.3928069930302919
0.0006626535923711652
0.2549002931761928
0.2713200641295618
0.34195280259121397
0.7001515882627206
0.33614718223265505
0.8481721062537626
0.6505836240547708
0.5152416339721034
0.7775975058931373
0.31543197799691136
0.004779551421125738
0.4738223859093903
0.003312200637634044
0.8725569641159432
0.64713235493496
0.0626796867704591
0.33334601527497065
0.4768859461283329
0.5210619481478547
0.773606675266096
0.763723957487875
0.8170715539460561
0.6484535681706085
0.6026488735851836
0.5488224274589173
0.26341883317438575
0.018138911172225214
0.3025542718800469
0.9927733591811461
0.7027895434099665
0.5216124660698722
0.2855137496250081
0.8150048601891496
0.8952822666313776
0.010042297566148495
0.6586718066029668
0.5344240420420269
0.5937842360368915
0.06265287140201858
0.6178265190553124
0.6788232773636784
0.4602956297903644
0.8228629461977922
0.6035699948808726
0.8727640797621056
0.46700647653286065
0.794678191716354
0.6697522995102723
0.1374736850080066
0.32434336677581144
0.22320175945271392
0.32365610216564045
0.7271179347201447
0.9138744008585492
0.6498322094002026
0.6892952879983035
0.6333424217505761
0.16502429954584275
0.8493520738566932
0.5076912534423981
0.22500732122564604
0.9934381964296641
0.44886409386555537
0.6147452290000303
0.9343635756532722
0.5486930379548671
0.5363600306085161
0.872202351701537
0.09540600492244089
0.17585141499028933
0.17595676912005587
0.8401118430765764
0.8228109304712793
0.15042940352033984
0.5250982142923354
0.1774778467430369
0.35106979912772773
0.6055866370496261
0.30957218916596085
0.3212286229537842
0.07625490025420145
0.7268139687370111
0.9640051743381635
0.541934187768366
0.5931481102160066
0.6805550712288491
0.28330322609990743
0.5019045353782373
0.8425832435383799
0.24823279061750736
0.6656714594118377
0.34776526087860504
0.4028562923235339
0.045374551857443324
0.5091548436500193
0.3297130652169563
0.8521975236292083
0.6187653118394876
0.1218334316423717
0.5169997562590622
0.6723449869187741
0.3769042432586691
0.8536210583172261
0.7552296706321283
0.3401968371193044
0.8741190096706631
0.6315345733822745
0.9714013782025815
0.8577149973533238
0.4050621186894333
0.41370690589079373
0.8445302978121448
0.4861734724277911
0.6540093687557454
0.13825883004817985
0.7974034250825128
0.9549396368473962
0.44820675057569836
0.6325984995935015
0.0851038702242275
0.6132491402044906
0.15455023981135485
0.8856108181354139
0.8365233414506111
0.37888757893399316
0.4984470223457329
0.745105364061605
0.44360948199158534
0.7704441441517791
0.33882718513477583
0.588550142118419
0.18769281610729582
0.22553404093160634
0.8768946158892859
0.6182604733249517
0.33693780848142385
0.9434988566299646
0.4275627320060199
0.8872492246784415
0.7915093718276345
0.9462524888021209
0.5876019907663032
0.06626408643285786
0.47822129490108145
0.5200951747387565
0.3933404127549839
0.9430837895741807
0.9796592762826343
0.2882157405602608
0.3927482571385099
0.15883223929848156
0.16940917058627847
0.7673354424958383
0.5037775225335203
0.16353623737876033
0.1670698892549103
0.700776659634523
0.057005900381146835
0.48622540725227636
0.26262128669084206
0.4981968846982876
0.3050501302133265
0.9395214353361309
0.06560934447770173
0.48356273165600216
0.9171136426692938
0.08037541148550587
0.5519154822729277
0.29175068226882717
0.007693349906033542
0.9734656903623107
0.18434768141716829
0.782387070321411
0.6042592319085798
0.5102715172798821
0.014220582315464414
0.5516243237540606
0.449712224642163
0.29113729081618
0.008571806385831882
0.853071144370426
0.7696774635283031
0.05307281501190064
0.48773282947544094
0.8921850340195583
0.06772804633442064
0.20594965408330268
0.01812666396134255
0.4589571883475476
0.3609824670377244
0.2446108141856922
0.9442443467216648
0.7225734764795163
0.4754588142029411
0.7000288422282464
0.8810046698149674
0.30854451951804973
0.2704013237884074
0.04660492918580139
0.8669917880497707
0.1424639783550723
0.338704195406769
0.5029473989266762
0.33397550025201983
0.06400514039622274
0.6157197706500929
0.4045361887921918
0.15183960862293422
0.7692714177391092
0.027535522626898512
0.5693296657059445
0.31092919901045635
0.7520507590799591
0.6458069995709383
0.9205129086173415
0.2187234448903549
0.8387815347875559
0.014731769369058068
0.9934174360049487
0.31243657981089634
0.49690373802715704
0.8926387365926064
0.09255501076384665
0.9875832811481116
0.392393204474504
0.2085779749806268
0.5176986039947843
0.597119615793612
0.31415751895505306
0.9465086190862109
0.8150842815970806
0.42550841910187587
0.4714658478582723
0.7914168260397778
0.5360630374343557
0.4829777451935455
0.0003010100786042802
0.9500306295161302
0.8892306242385675
0.7789045720069961
0.5576118491124316
0.2490532318694273
0.3218159023190511
0.6937568191686071
0.12918852244028212
0.7894651933640385
0.23500080689491198
0.008659504697257292
0.27238929917685895
0.6767469990650983
0.14425300044317435
0.09949161522322592
0.44450140897584245
0.9559207624290326
0.8039380009766097
0.2289370385351842
0.6657777922080292
0.6540588893871692
0.7709071751010275
0.7322446460753257
0.1587308237538806
0.014381669572144706
0.8278560448337609
0.12227232159302759
0.3732179626504871
0.7758589253993127
0.0947937389202872
0.07118375379316944
0.34375090982084355
0.980988904683587
0.6677566986361343
0.7929275656368251
0.46805681159469636
0.09653227174378853
0.060233999236089186
0.6521375941871126
0.9045150615183682
0.26364866545405186
0.6748296456680445
0.6993640598760467
0.3648102781404785
0.3113822786278957
0.7366050791221441
0.26866758390671786
0.21256707673386122
0.8010883642050828
0.8020427494877262
0.034519510238405604
0.08015832958061342
0.44624416482656803
0.15305139945503987
0.4472612511314916
0.4273120822261587
0.6946642597088174
0.15618008408048323
0.42812439843040695
0.6503071028208074
0.8647518329385807
0.7247198124169472
0.2363494026349252
0.489250482142084
0.018719757983660323
0.12124404651886223
0.9873290243147635
0.8937134267967255
0.35185362837324263
0.6081880212488389
0.7069507755512947
0.30327644137107646
0.6851688280748259
0.5257466988869741
0.4992792486023413
0.8520403873991352
0.6492828558387229
0.735041211493921
0.9745129890369149
0.3503650255717333
0.37977732219654026
0.5754812017323673
0.4019405843982373
0.9466632777224208
0.31167909856456577
0.30817747862337985
0.4767127346603096
0.7837823934624588
0.30980062277992926
0.5058911206188768
0.17374662140396369
0.453598834472393
0.22502040939905077
0.36529817815936094
0.07784917885106024
0.024695557869325868
0.9571309437021681
0.6626166694528308
0.7959448370400691
0.4165865349159953
0.6675011656401015
0.17216166070620031
0.7219581993930443
0.6257442395655225
0.8281167190776959
0.5820244884783837
0.4139666888477548
0.021270725387859457
0.0021024803442039053
0.10267310221923875
0.3641223332747452
0.9981285692344805
0.5444096323212066
0.24088823479881916
0.6673665242749183
0.31578477184407994
0.8127256504133452
0.22145641501720226
0.24372531526803187
0.5236142174420697
0.835160384177212
0.8206840480436798
0.983631863553122
0.9200452749835669
0.91845588259633
0.13150461780336475
0.7198622678412047
0.16491848681283483
0.09704236835524416
0.8441942544334724
0.3168125752146522
0.4804210059737237
0.49565974379854005
0.9731006183120106
0.06619700173802878
0.4135547222236007
0.9282002119688544
0.4638332013633799
0.0023732119748743896
0.5245631260186243
0.3249995580985019
0.04248743584776582
0.3254066221473768
0.8794258454431227
0.009918832072775774
0.8487307121718284
0.6051072201483777
0.05873384642627222
0.1350321370536599
0.2829694332264918
0.693974141381258
0.3574568191051527
0.20135774712353005
0.006455662160103959
0.9579034615113547
0.39152933304010273
0.26075419387037924
0.6539327952913657
0.7177996555961969
0.3040407727434524
0.733768833071138
0.7575290980037525
0.8398426573161819
0.8595024159433442
0.19761832079273378
0.24992416550936591
0.8013183984649512
0.053423090295976805
0.5637918428392552
0.21326918439089282
0.9940708512901966
0.13995016761231127
0.9677398978766235
0.8622470067755282
0.7991214012591532
0.5459598519581025
0.3145755111998956
0.08216298167226155
0.22114901012046095
0.14166870955790367
0.3374003954472383
0.6514978548043806
0.7943804839087857
0.2796005747338852
0.11007910806132404
0.5271153852820814
0.08504768335024226
0.6253590219482327
0.618953072918866
0.9439381032153394
0.41056569187777237
0.9537554596030853
0.42663751887565204
0.16179158343926525
0.6826164340549703
0.8636296547131883
0.0023350306665033127
0.06993528956606843
0.8596046590058394
0.4352008281340509
0.5038374540107314
0.014512551592617884
0.3025064652023808
0.4449662335434298
0.7591330506161088
0.41279260738375356
0.5127704985896437
0.35455793713643224
0.4028235912555366
0.11113338896358016
0.8353059247852116
0.11338028412462664
0.32832071780020533
0.5897203698671998
0.8358108892861795
0.5799565577743141
0.4933994073842275
0.8521979157301915
0.5239408299935757
0.19509716869676952
0.5707542223448697
0.9169923765001227
0.9360094483504242
0.08345650574782415
0.01889961934760609
0.6243890389929834
0.9748706334627999
0.451129213193573
0.7536454727090414
0.8332551906031441
0.5155523032410992
0.6622565698550822
0.8912884824248526
0.5593246148679577
0.1143686731745821
0.8572391275720979
0.4995752495062513
0.23507526572909077
0.7326084066678448
0.4199345000177811
0.7533258593055495
0.0545865352194983
0.9196666720003552
0.254199609553182
0.4682774305388996
0.20733317850966526
0.7425455005397472
0.4177770653863315
0.761833405789446
0.18430412483729064
0.2900712449366305
0.6452297622918691
0.49374007503821127
0.09819839600064473
0.793631407328812
0.4010867107290692
0.8394227787544363
0.9680721022308313
0.08549730561939628
0.7751509935708093
0.9352868704210503
0.7334667581719831
0.9642546715419282
0.045636423893979705
0.8938023133052933
0.8585034157299295
0.6334228878769624
0.7777545553134142
0.47194457018798996
0.5093951526390277
0.7824357180850524
0.7824001983415502
0.6671589328948507
0.23269213278897838
0.19280532367011316
0.5656881825025452
0.7210952288645969
0.5578878949770707
0.5404472370378531
0.7440920325220214
0.40010114738888325
0.1324583345361483
0.031962948869002195
0.5354857486161411
0.030521622939097992
0.32836431655499565
0.17711600870408284
0.6354451923680915
0.6514909453814325
0.2467136703833407
0.569928659765541
0.055099932920302463
0.6875378257085829
0.5382324119045238
0.17316383443049155
0.13237274045774838
0.17801207374713723
0.9791728096327103
0.9647864286887844
0.2766105659835699
0.7852031424948859
0.20305444374346693
0.07163959443558077
0.16395612871183451
0.2519671185345941
0.959605237694795
0.1001399228612262
0.46037924979396483
0.6127733614854695
0.5758706988873213
0.8051580301021757
0.11694295319627157
0.12068567847273037
0.8961015969270777
0.5593720047219506
0.6777139049544485
0.8626464383853535
0.3639555234642522
0.4265425444241221
0.44967286756437164
0.4971138466362516
0.6434597301847073
0.8820178031100747
0.028804113637422413
0.2572261354783819
0.2787775381583929
0.8363730761754022
0.010378730999218377
0.2192681685179796
0.013762158164899785
0.30783788831235537
0.4977821247998906
0.37542836012414127
0.5383516957507567
0.030586898121611084
0.017366678893311116
0.5481926554274442
0.06404338585565617
0.8449709564630606
0.8862275889365627
0.6337871721118848
0.9147104077919033
0.03076143804457332
0.03029842907879854
0.18807374247899156
0.18056257367953332
0.8299308720082642
0.9677280969385994
0.9448273072534357
0.06489059074518788
0.7757963201835893
0.654226892782077
0.613063191150378
0.6107449975359861
0.8547012450233346
0.6699852777644
0.6893465777002514
0.5876405778801922
0.026352165761044266
0.19709067291894578
0.29564808939079545
0.025271134046899957
0.17422597704614629
0.9241378336017961
0.06597383139168334
0.07791685963550077
0.3604994975401733
0.5690353205597023
0.4380275063611897
0.590326991091611
0.7612336640323959
0.28146329163497075
0.28773350158767974
0.43974208770886314
0.8976040111031192
0.8824110013293418
0.819332392497211
0.006899324319779576
0.3849948242087474
0.08790201691250255
0.8415086741774394
0.12303833530952113
0.519249920664737
0.361759706044241
0.7598399854927202
0.6163874653686667
0.7863072467849472
0.1541178625779438
0.2982786643940667
0.02298647255282249
0.7700392768284113
0.8272148539272915
0.8748569629542928
0.9342414376821099
0.707507591206149
0.6978654150401797
0.3549116533386144
0.9432153770053029
0.566483617672637
0.9456584995838608
0.6184770232922021
0.18982773346605286
0.2751192600727722
0.3683652587206475
0.09414441712269905
0.6984025844244958
0.9995498230349266
0.5518512290449517
0.4894421007596227
0.8020877193665578
0.43161173727528823
0.010607535780825739
0.5042549346508965
0.8071333601589985
0.8416105585629012
0.929075519352198
0.35135402288675077
0.4276324803472571
0.04060780303208866
0.761381682303812
0.4231209584708071
0.5010166079175208
0.37659801692385664
0.16921810770212165
0.030292450425013495
0.7239415239540894
0.925166143645961
0.1843778141135649
0.5984600263597611
0.5821632465574844
0.710043385839969
0.2109173838341517
0.7500016427645144
0.3584266756011444
0.39328302910385493
0.561065315548589
0.0941947348405221
0.7826863855519844
0.6801120052356452
0.6502951982121772
0.8438069582937306
0.5189726947581039
0.44773821233008726
0.32186815100603616
0.47543576032402246
0.7817713560336652
0.5120399224861686
0.9956868402384118
0.6828567787145249
0.8974981006239087
0.5922795235738492
0.05632178615789207
0.7300291767952228
0.3075469086600985
0.15160529026727698
0.7563186641134577
0.7381367580064314
0.4727426622114618
0.41820353549073597
0.15148521742111054
0.3878560324456255
0.10008070030148708
0.5972807838536958
0.018278961802065452
0.9534502814801468
0.02650010093849342
0.1537003541315599
0.31960264566685326
0.8269206495470051
0.42843195674357915
0.3286972991920607
0.36131691144413236
0.04601036643531864
0.8981307697001453
0.43376763355610315
0.6123534719953065
0.014763568018435702
0.10540041336144201
0.5918601880821959
0.66022523416579
0.8132120802393217
0.7486866952686552
0.41419780690441244
0.9176809287585833
0.8326786605235242
0.18488863546650836
0.21936441879787016
0.9377765697025886
0.44333775164097433
0.3123265773500735
0.35930182283821466
0.14121504778129912
0.6833744032910469
0.6445723211201192
0.7323814295370783
0.18136073855543522
0.2520094917199399
0.4196286671909566
0.8695875210272651
0.9874064874835325
0.4742469986602853
0.3521059068180369
0.707598274542598
0.9368810152446104
0.5296742376370012
0.3548150510517897
0.9111338531216729
0.7706683752376152
0.9291429733925157
0.6457801508262043
0.2543404815423068
0.9428248367985186
0.8081299321838694
0.7265629449427747
0.7347645517802434
0.4240281603984497
0.6343721055474295
0.3078052798280019
0.12378199909428289
0.5195282862078482
0.8611637087881475
0.43216685399466126
0.36247938266547497
0.4131743033558961
0.6886843488111474
0.5968366565435432
0.9578227091419351
0.4472575756888211
0.43579228339305354
0.3745951317742239
0.7282897451142982
0.7587706163335634
0.9521407922609636
0.6945333196764987
0.8872587582014131
0.524939895335165
0.8060356987345614
0.776873990507575
0.4520130168310291
0.4304671672762257
0.03389513458563376
0.6208184010687666
0.27248852281118374
0.5976505084878653
0.6182330600502258
0.6125760041417457
0.5915418964136127
0.5029593516991948
0.4030520499547037
0.6564864797670301
0.2925718120994921
0.7772756450285511
0.5000820553718796
0.15453322357039811
0.05629071702331245
0.9602714472923404
0.6548218473957135
0.19361825861748716
0.2241037370123552
0.7293333832538837
0.6795196685946705
0.4623170617013087
0.20317692678981203
0.545571437587333
0.6196578847642669
0.06709043423549754
0.052890616561727
0.379955620896678
0.4165901679338083
0.5886635348025527
0.9948286907119871
0.13524745384980819
0.5762745589114563
0.7786768411684104
0.8378215003332101
0.13115102834593484
0.783553451832346
0.07933853961419413
0.700654927866091
0.9512397304959058
0.5179280323767183
0.9777630162673092
0.7356490826054916
0.8247668927666496
0.31109038624479
0.3415443447626303
0.9015352704470027
0.7439800497250878
0.48671348658252633
0.5819824815022381
0.8389028779595012
0.3568057726930861
0.20098625453598362
0.882923234413332
0.6544051724818798
0.4003073696202023
0.18071372172423117
0.6399923134032084
0.17011273105473335
0.9718584030628054
0.15598097244947562
0.870781255647072
0.8092976985184189
0.7838057413886134
0.8476769615060008
0.089765778750176
0.4330777528493205
0.5688150412414861
0.16790249419155723
0.5624839529895477
0.0019872375274812004
0.02658819729081663
0.1835229615993368
0.26147916367425894
0.9873468325508699
0.5173432352031776
0.8360754752299338
0.7912514334141106
0.5725446200365386
0.03326845145639079
0.763162563572302
0.11375813060008322
0.6045953719584294
0.20944454083182484
0.4840683982118742
0.6369457002690259
0.35061896712954266
0.16933709746923398
0.544147932199698
0.5010816240254412
0.9133296057365706
0.10334504605354777
0.619036680093868
0.9514694112873372
0.46914832406622464
0.645740075574812
0.06156470610012743
0.24722772649305058
0.8193838628367602
0.3507105594661929
0.3487583760958122
0.9498094204240463
0.8028966022246223
0.08464491028785259
0.7529751899613611
0.324809898665564
0.3186414547660096
0.12599217961290698
0.7767770919750471
0.165308573570778
0.7859458191983392
0.6452280916050652
0.44741170018835863
0.02601994885594816
0.9652491349367924
0.9856482074399764
0.5731052471555291
0.1750755588154863
0.6212438756179853
0.5481465585572668
0.2346956233388916
0.2835082760605123
0.4298439061124123
0.41686787462631336
0.48851263658547817
0.9583066855496526
0.09702219799321288
0.8521121105859284
0.9255909745543573
0.14169493488977325
0.32394371632605623
0.6838789466580928
0.9324218680735471
0.8536400905203801
0.9115064359084976
0.70040889326995
0.8090139867623376
0.84282192442508
0.35214933668200166
0.9672767175406896
0.8593906641731267
0.8856672649258517
0.08233244355306579
0.6370743595945674
0.22323574712681926
0.7583050366922284
0.8167507958676439
0.4232383818413312
0.248598591364127
0.2465158742591399
0.8156522742025281
0.44293367803278927
0.5471487207560196
0.8585491358784636
0.2790140035913795
0.5910919423104637
0.4227873888810877
0.6764278898346537
0.6193854231501391
0.24984738615694568
0.5149038955934991
0.7372074286247621
0.7179622518822008
0.6243296526354657
0.9439550534231519
0.5845349716904735
0.4931307531918222
0.7027615634763004
0.5816798818409132
0.46147215320615975
0.7260018839581359
0.09137126708486687
0.2990992742442695
0.24913631014547788
0.13698735285522845
0.5474269217902956
0.785159365639644
0.9486660110763547
0.2780903481798488
0.3943375987334824
0.6731992438447427
0.9049429847293218
0.9081086870423252
0.6189414580475565
0.0011452213771707687
0.7624716023909595
0.4177568972077099
0.037544903799652696
0.10026184477931344
0.5883030134119676
0.8627169246163037
0.9713603256357274
0.06570098666426827
0.12581950576469647
0.965983017722591
0.7268346356340762
0.8794791338051874
0.9457825546527747
0.6893815110593072
0.8486557718830088
0.19835555725946297
0.14756972865159879
0.9895483691837615
0.9994443889829905
0.6610141303948593
0.42833315341048495
0.11173162747716481
0.183878477648184
0.6331000307714427
0.4544736982385781
0.4983155088580902
0.20103594978134642
0.7437765724199599
0.26622045628455226
0.7503288720846196
0.9824187314393543
0.7828803496422153
0.48745857471901977
0.8356364037353616
0.7528345632607519
0.1639897897289706
0.0738450536065256
0.5925581574576511
0.5895519853576328
0.7025427009057891
0.026733417713806773
0.40412531479796754
0.371652829052446
0.9081755924672229
0.9747702392769602
0.22296927774762765
0.7737884109711446
0.5223271285599624
0.21981028337332098
0.7580073550451676
0.4790477434689888
0.3722605601992678
0.8132580776730485
0.04719679637511709
0.39884643092911587
0.2262699566986861
0.10632574537415596
0.014052611213725252
0.21936393303747315
0.986547779230662
0.9955119696209177
0.770864766916232
0.7428388240258459
0.2225533471365504
0.782736979775932
0.910640986420657
0.16288546712272545
0.585613284867947
0.26387782917906855
0.8714120108616432
0.878299957068966
0.21143092908823724
0.4567154505200537
0.9875200793917451
0.861987518036182
0.8071769082092258
0.8238359315020689
0.628750896321195
0.5654397694642151
0.7762000951853334
0.2539924768937708
0.4571161296856162
0.818786023990255
0.7313842335732698
0.6105555931468698
0.8751978425294531
0.35006967170458037
0.09469699618825222
0.07689703427265815
0.011616614534522007
0.5831278216931716
0.1026325098442149
0.9014345598676194
0.06666347056527955
0.9791197333035381
0.3212900288661501
0.3047785057898079
0.24597257399535144
0.19183720629864964
0.9123519508851827
0.20535815391751266
0.9511432947535716
0.11027073454588043
0.5350911853315093
0.48578255883104604
0.46400399723807717
0.1409418684537509
0.026615785828291494
0.7520108447035869
0.46435197341934586
0.8089859613773843
0.37975675637515294
0.17369710936036975
0.46149372994393034
0.7161645504604809
0.3019137557353584
0.7475269055637104
0.07273492074450782
0.30377529375984946
0.0830469719824205
0.8397869301394558
0.4142754948820132
0.28227219511688395
0.0287959470286675
0.6806497704464665
0.4357677957703615
0.5364820406927998
0.6859612220811446
0.5090884562768251
0.7833188324673767
0.4772993853935309
0.9466320638696609
0.6132036793068946
0.6257536468820949
0.7101573690419297
0.49661125477617596
0.3267781494105618
0.126865930912068
0.924657437376993
0.4730819980158505
0.5487461689022721
0.6240121584074875
0.12160960302331303
0.21769757210703222
0.9763771393492189
0.13488669717499502
0.8999241328788999
0.019751344796886117
0.20684888575863114
0.6167936708029897
0.9766817672484912
0.5652074055043727
0.6121134048074195
0.7348536722956589
0.26797130968761174
0.40708002424367173
0.47194210791176494
0.6601205836598136
0.8286425712137412
0.2423857653693774
0.24729946152851667
0.2135660263320679
0.019494446748045346
0.7034773299832308
0.8545882789886868
0.4437588473339713
0.19177175560773208
0.9009578316338741
0.6816858384298154
0.5207684237215859
0.3385550388380776
0.18000849535337948
0.44322267946794036
0.17950883555900854
0.8032613761417873
0.6777670635881964
0.13338621945805984
0.8600320135331101
0.994419828912095
0.5784691725271099
0.5425924621150052
0.5328317911222636
0.5651688788612458
0.7913112988771093
0.36177677714480205
0.36357115056673506
0.6940430918497663
0.2087721390472691
0.27524554314838323
0.4774187268801885
0.5194722621965664
0.8511268433367749
0.13443216046068795
0.6580976464330069
0.45096782550406644
0.47144341544725454
0.018620180062839498
0.7598840282636465
0.3009380330407616
0.6674346306642737
0.48473041496488023
0.6854433970762981
0.11242436543428125
0.7387341187294767
0.5714113566013094
0.6417612344942408
0.16385627120372537
0.674766735548685
0.2679332773697779
0.22966000239948814
0.04000984008298458
0.9704277136030003
0.5126183197242423
0.7891175204441401
0.10078610897490636
0.6091291536767632
0.1011044569744447
0.19818219821631333
0.457143900942358
0.26563826079814246
0.4474267499755591
0.5645345826990521
0.7058170058321265
0.5454841767401823
0.2786828307018827
0.46630630082795255
0.48091119275668304
0.5156555572620937
0.3650687075629181
0.7530245144463582
0.7044038120849841
0.7721899524007887
0.4714377850108451
0.22408285509710113
0.11119319956476204
0.5442132567563257
0.4213166961083661
0.01240269467804933
0.840178554600451
0.5454687463451541
0.4762583559084187
0.20579498692675524
0.6013182166631506
0.6249872646268834
0.31709919306825163
0.5911849417114104
0.7427244851276398
0.7881899212838971
0.038494205899866074
0.35197897487826313
0.7077913748706299
0.848451102093379
0.8062187897305984
0.8021475042629491
0.8583422562011573
0.15970718564863606
0.4059338766753038
0.132451104129371
0.5183404619948755
0.014038984004507427
0.5343682642052588
0.47570551473485045
0.5894858449478659
0.19764901448998284
0.532758349882354
0.8588194361230458
0.5429879990599316
0.43559994795103685
0.1927764114706485
0.9659088775430451
0.540414522803235
0.7132709652873505
0.2009891829438899
0.6332456415920137
0.815362458370784
0.7830416463372681
0.6260299851433152
0.10404208121845004
0.8084946476413771
0.8317059991660757
0.9618496434420165
0.6196576791308716
0.21185635496769306
0.6418805957946085
0.05939579044785692
0.5291162771836179
0.7803791777211858
0.7270301148210677
0.2795313842530418
0.08404504691346104
0.2887065286212126
0.9701070813943422
0.19420225626838183
0.5830718169869805
0.6534172098028367
0.4007494673999318
0.07593398151451813
0.64949679878539
0.4662076454721482
0.9871721099173403
0.620650870604449
0.715615155639425
0.11743905661932086
0.35111405086025116
0.812277286790777
0.9960728692747175
0.5082219006327543
0.9918979521885967
0.5670814635902635
0.1142417204745847
0.053514255229853314
0.1354411236159977
0.4285411316441088
0.8123058184740536
0.09235290946272012
0.22308424984415354
0.4814883000922848
0.0445396458734284
0.4419067343917945
0.37762571410191126
0.23657580726006056
0.8767983235920644
0.06279319407833739
0.5537202392409585
0.7533701859218952
0.803439651211346
0.3921405943953795
0.32604566895223897
0.5220639070180346
0.21524361869355524
0.7560693492430062
0.47062057757475473
0.5597131828393075
0.3713530407564001
0.5849315647694947
0.6412288094532239
0.7182401753916505
0.7027647371787469
0.1420181135510814
0.120948963326863
0.7169155581860925
0.5848508783777459
0.8337203843020206
0.5489134377531067
0.5974595335884115
0.5832194717177326
0.7105298111987046
0.2401183019695614
0.12305975917630052
0.6507368554410436
0.2964851032907735
0.619578855310627
0.6355970716259856
0.15233569176143447
0.13233266297875468
0.808430311405543
0.979108116826546
0.11503689177494203
0.8888728899807373
0.8635508326967192
0.25576318542402254
0.3466045043078443
0.810743291741089
0.9038034075564256
0.03789598877223499
0.949844162153996
0.7004146932754131
0.24075731391930666
0.8167250784894567
0.23523528503258406
0.1580387117500318
0.21202207641941062
0.6030842878196304
0.8817884617958741
0.44511583848176595
0.044930538156522704
0.8896079648535287
0.005509252410834553
0.5816896336042451
0.9524171490117512
0.48263907392468475
0.006603223582465678
0.047822659258307865
0.9945019155881488
0.8936201990243533
0.6874793664709516
0.964713212364115
0.5090601369586116
0.12415455268126208
0.48958176006128284
0.7280746268116688
0.8894420070568462
0.09437323994177549
0.5475061896395436
0.2231341350837054
0.09683406054435939
0.07533581443131665
0.6856434167751184
0.45926024711428604
0.05301964766285494
0.615924263402684
0.43269414427020036
0.12171551753801457
0.8365077045007145
0.7572757766896931
