# browser_rnd sample v1
ua: Mozilla/5.0 (Windows NT 6.1; WOW64) AppleWebKit/537.36 (KHTML, like Gecko) Chrome/53.0.2785.101 Safari/537.36 OPR/40.0.2308.62
appName: Netscape
appVersion: 5.0 (Windows NT 6.1; WOW64) AppleWebKit/537.36 (KHTML, like Gecko) Chrome/53.0.2785.101 Safari/537.36 OPR/40.0.2308.62
platform: Win32
vendor: Google Inc.
oscpu: 
cpuClass: 
language: en-US
hardwareConcurrency: 4
deviceMemory: 
screen: 1024x768x24
date: Fri Jun 12 2026 17:10:59 GMT+0000 (Coordinated Universal Time)
epoch: 1781284259498
count: 4096
---
0.8152803596439475
0.3542100493137361
0.6366330040581076
0.7415102176663082
0.9163741712476738
0.6915368446997889
0.2796335946677979
0.5381079604956429
0.46501325948466077
0.7259115943883236
0.5629307995175972
0.7398035643272898
0.42540243197960437
0.31898264405905086
0.07678469274704636
0.18721919464650094
0.22661916954505612
0.26321045249938546
0.5332482486454526
0.1646560623679838
0.6895521959438831
0.41912959450739673
0.587325553117301
0.4390950452106053
0.04211004737562485
0.6533902392378057
0.42267746225899683
0.1895041983596597
0.05210120735628898
0.8027454557208837
0.3882541765426455
0.6484070638906947
0.6726961612083935
0.6152819947196955
0.6625061308297746
0.7651507956979895
0.3798680643738519
0.8572227677050992
0.9563116432124952
0.41157003302556494
0.6910985401639718
0.08322209763488297
0.36059069215073536
0.36220612201655755
0.8210283463293353
0.5870023027946933
0.6658673768498211
0.4729331581622398
0.3930694545506974
0.5404669784802616
0.17595637181560342
0.41304321027436064
0.13399159535667482
0.9957675086734596
0.6607485034439735
0.6349281044177542
0.383181913407048
0.41852817887016847
0.8167460402701041
0.7544760591160125
0.1032881994250523
0.6187849933783949
0.7422535831771695
0.09329926723914284
0.2038068592574951
0.333889866333998
0.2765419511059155
0.10860504726699793
0.1633389418815896
0.6784147474300697
0.7063447472948619
0.6149576742318947
0.2638067453022197
0.5061683800824786
0.5927085414001647
0.9381443127882756
0.951168223914491
0.04748389578171297
0.4374659404962189
0.09635080516379735
0.16370337898889797
0.567575631284146
0.07948245621628369
0.20891064950512983
0.5641142788046289
0.9477873313821403
0.929517930553883
0.8722030974522648
0.9064884215634363
0.6187715024746103
0.5150277563796666
0.7306361377273569
0.2584410952555809
0.10034536575958164
0.006581800717344377
0.39786142401536395
0.8434721897895103
0.4881088837191847
0.3351623185576533
0.5713014848939086
0.7545948617490805
0.8339314264645581
0.921214806464713
0.6605419285630589
0.9353175383336281
0.0701527715394894
0.625445544487409
0.9833360389568266
0.42667018546974234
0.783244581670197
0.9492178373598972
0.579623858844909
0.24049812744423082
0.9627753812790829
0.47894015790537803
0.7943966097349013
0.6567523890537057
0.34294444046497197
0.5294115981922829
0.9663670131159177
0.016356520780289374
0.8247397193037265
0.5093783937832792
0.2174299296505957
0.02121414673102695
0.5036983163114779
0.9262706703159849
0.5166084809230811
0.26851002039094074
0.7346797004312662
0.4884754401127509
0.7724843025424148
0.6581067594209145
0.8253687682095519
0.4179976894004436
0.8523170647683178
0.3348829591433382
0.9800917507670324
0.12582582035954193
0.7003846671999292
0.800369184684421
0.5913717148097088
0.8932940783249455
0.07082590808008504
0.5540611591862394
0.4178931626858615
0.560217646748675
0.8475311736514135
0.22328019768312735
0.11965939289214789
0.5451021303341668
0.584797940882626
0.06378327369409686
0.8100329837618689
0.8173535340011331
0.7603982473496189
0.1634844472282586
0.12180570143208214
0.4664620749330266
0.38267767020292887
0.43345350170877706
0.92769907337129
0.4490781979963221
0.7030624085353137
0.4718099070792183
0.11636825359426473
0.651139853048611
0.792218778981951
0.6394719479698181
0.005487445344640296
0.3826240261155127
0.1203769149695435
0.21015900856176595
0.35986784476431843
0.12070822990577645
0.7514940520714795
0.9366830813496994
0.1496241132133287
0.27839685251112223
0.4054034086161036
0.8792468604570733
0.5868367723527197
0.45378360254482586
0.36377603017654003
0.19908219268573824
0.5955708925976164
0.985314351614281
0.798140722042787
0.3312253471588855
0.9649106937776675
0.8464864136303687
0.6694436300815072
0.5459538441215666
0.14179037132787697
0.9966810224584877
0.31235403091072644
0.18966023611122296
0.366371917151163
0.29323173848659634
0.7865699171433123
0.4989966157014849
0.648760921621572
0.19032371262745884
0.9838522008724835
0.6061228885275294
0.5085709250139194
0.47785645076122596
0.40756697171789535
0.5213605890912403
0.2428635209081409
0.6951669483134009
0.7788147537779584
0.7642072663366042
0.5511680914320007
0.1177194620366413
0.922275586836053
0.33682768994368195
0.3193090154006508
0.8543301992469619
0.31369522841860764
0.845498607284346
0.0007151926422750421
0.37371680663391027
0.768044399429981
0.8419023217678914
0.9514505145084826
0.2648390268172387
0.1563145030508879
0.2127629917859959
0.43128864527046606
0.022391455244199276
0.650316948506086
0.7340198338145105
0.1175369070308172
0.0033649997248859087
0.14672633899368615
0.5436143087651277
0.5812170152354061
0.5889558091952192
0.7205420397231055
0.1427101407370317
0.3010326808797381
0.09688424368306303
0.6104145997512731
0.8280355113088711
0.44323345056353625
0.961746162231849
0.842338748929135
0.7779209044334889
0.9595210632027402
0.6832941162540036
0.9415768744363875
0.7585411702936289
0.30746823886456554
0.6270583940515158
0.5990500112093318
0.9306259116462088
0.5831023125610952
0.3912510555792885
0.3664233173214828
0.44765931983838514
0.5496344033884792
0.8773916132583517
0.386686318004656
0.05221848373607818
0.7537438581917999
0.9843399725468605
0.7999276437997782
0.983239573678838
0.19275463031370332
0.2087202057364972
0.48262543415439607
0.8883395611238425
0.5901710750657629
0.764687425984496
0.015156047804292694
0.9145243580348166
0.8272263168700764
0.4590696664598861
0.7263816647051751
0.4913443009720817
0.9144524204911118
0.11134283994824101
0.6286329696983108
0.9452819363119973
0.18649329281147953
0.5336085624716598
0.8317046809757547
0.9624726573570368
0.4774378085502007
0.1740460793908265
0.4333775358752181
0.2045726671897108
0.4593323097083537
0.2645593877085275
0.8581156652267359
0.5159457213857761
0.7436289704294907
0.6401720814156082
0.4469913784818429
0.46831155769917854
0.30960771681193267
0.18105462520258775
0.5374307739371385
0.9738835522241074
0.868177018831612
0.5587210179133666
0.023467124804584127
0.6141900739156687
0.5187893895159987
0.615967434835216
0.08379327405124037
0.0801569972206495
0.06154394962618848
0.6304264783073519
0.7073791141860484
0.950465307268261
0.8512083992018817
0.670275304518748
0.07496830894102113
0.9766338564849324
0.4892118561551919
0.23584607706713823
0.7891244844381824
0.03488487001464691
0.5824461685932463
0.6033497932345813
0.6876419265913281
0.3597146694671678
0.4675537613114118
0.9428291582506965
0.35350392819888965
0.09775798899015808
0.5207350596672338
0.9353210304525525
0.05518869610050925
0.07108699315677125
0.37097881447175163
0.12033675858461867
0.6661819271261549
0.4990789523207988
0.7149437780537604
0.0636110126625673
0.7375676196569636
0.8947750124019473
0.9287571579909637
0.6586001650591835
0.6236498793879657
0.7325274035252247
0.9945525658982244
0.7843635538161202
0.4690552539940258
0.6687123746028372
0.6301768338970952
0.6834491213179184
0.401574092409396
0.02338594962161933
0.20900983656152894
0.8019770209312302
0.3915386239353613
0.7275185707641292
0.021631352140101034
0.8943437828533698
0.01587595241876194
0.2226071256307398
0.7172918898696268
0.21641537002517497
0.7975114192629251
0.7789166199515529
0.14541522222628278
0.41573401523608045
0.9065108744017818
0.3356149730256064
0.08196088720306616
0.1137438547351528
0.99444410562743
0.12753293035716706
0.35169288820202227
0.44722856238867026
0.21355762161626957
0.19311892200821168
0.7982007620239642
0.44305250612755587
0.6741369908233896
0.23247396955239585
0.5614196061788355
0.16628334135323852
0.6979309046396143
0.8679522402558502
0.3000230902552521
0.03214851191429546
0.9628588811087644
0.9076999414241838
0.885449878093191
0.9102729466781287
0.8272402382697661
0.9839811418686226
0.49433798454032685
0.6328551619542793
0.33481047464920044
0.2192888855548556
0.9502160440389782
0.23572772748942739
0.5487735571709611
0.5735811880591761
0.9351773090126749
0.8537762774478168
0.5537774108820075
0.9792327519482165
0.38010429652487265
0.7389878217288741
0.06853250262663102
0.8497090696989806
0.9644426196183786
0.5181681698502361
0.27735367430827695
0.1624228416019038
0.6798184803775327
0.18014105640590006
0.3488376043825956
0.24356507728122678
0.18835070247120544
0.042942244388369355
0.2610200299196066
0.29636598697779504
0.43764563976703985
0.40743182297017566
0.4310186482249556
0.07265426096094418
0.664867653679573
0.40182773182029763
0.05247334445812246
0.1557686924688524
0.37308718571189603
0.519942510981168
0.9631295548124106
0.6940231003821491
0.4848166377398855
0.09196934393447931
0.05768033117432991
0.05282557828977352
0.31166289032394867
0.11588527709067353
0.7868611851577914
0.9924198201992287
0.7760377471126356
0.15985257821261456
0.0361227582735717
0.6957812563360539
0.8276936232389898
0.42003497142525825
0.22419978645649818
0.13433793866667898
0.2303895000302585
0.41240992652417785
0.3236421523306554
0.8276220253870681
0.44800754611482985
0.7452741984932518
0.9158153959097355
0.5380909160951972
0.3976847125272107
0.10889741952186927
0.8704884228550736
0.2370650177412501
0.038729408102770924
0.6094974354734464
0.6530141952881188
0.4109352338918211
0.68719708180907
0.8728420015394731
0.4993159085451355
0.9705736226426884
0.15513234043493362
0.06603942246172045
0.07116291806389574
0.31326934826408537
0.6138948933151493
0.5561328258928848
0.0507940231707551
0.9838821334386829
0.9983110390344152
0.21411023268441287
0.28843832665227565
0.5969914798388938
0.8070195293957598
0.6806609220244768
0.640778751260936
0.23789348973966407
0.9209968095525862
0.7090499399183257
0.87143588747351
0.38476171761683053
0.5781580142963698
0.19152343323486498
0.9761365208539117
0.48975907754265746
0.06852791753341947
0.2540349164597706
0.9009443194590112
0.5240244754517389
0.44666181100722047
0.8503239194366128
0.6344881363040884
0.9352369432821175
0.8767188275479552
0.018835653840203914
0.8163038877799234
0.4775464155807112
0.6937658747704993
0.6396327261359911
0.605746432004308
0.8431942931460648
0.6539208048453766
0.9034530037241757
0.6021410675879872
0.9957110548729831
0.8478445437727615
0.8020323636401301
0.11040231530869615
0.8194472211058919
0.3461538388232994
0.8495503195197129
0.8922260857932935
0.21002482760131125
0.015741671679646352
0.7302337799994199
0.44157680733542537
0.13679524356404893
0.3362550924893546
0.9821304999872129
0.7665012029582599
0.8432068748040531
0.4967136857813126
0.2674845895925433
0.9334037008461895
0.9473530303786379
0.8027269640705701
0.955061664095421
0.7908969359938647
0.4075140459102753
0.4939791123748134
0.8584027606042939
0.8911970590224452
0.8962948493671938
0.019896864741198783
0.6422868360063831
0.9141124130787934
0.190487863482941
0.7599607888811803
0.019280973559906434
0.706242509333113
0.4026532740437756
0.5494631390648923
0.9390017076374493
0.008738591416490582
0.5893180926205128
0.33935573637217975
0.3378568707063525
0.2508804514095708
0.05011902666821477
0.7703394845769733
0.19966966117510299
0.8576653225073543
0.36231026980602676
0.08801670792533911
0.035083137560024236
0.9219846699960068
0.41116863946523274
0.3309874341648886
0.014708350661535308
0.34323008768177177
0.0967153185129428
0.8446185691574151
0.07189246315414
0.5100491746611278
0.15245798605651917
0.47001514740993366
0.1244001634009464
0.5472929619711988
0.6970041225115446
0.7356171591297731
0.07604962529477621
0.9528427901088925
0.5300599748220329
0.09411948872538134
0.25744559695223446
0.5567330836957209
0.8340696667100302
0.4635550618929809
0.8450119175100701
0.33149074950679736
0.4560608757978626
0.4568011221908601
0.32759518155351985
0.2775320227802831
0.20067122656698522
0.9074463812677791
0.2304162416608293
0.32004916719384235
0.7272363451663433
0.16775378433342292
0.4615186430070135
0.226556292859998
0.658411607966596
0.7603302222132526
0.9707802674029165
0.9611360113666492
0.9037798665386032
0.2296680559983073
0.7601505597867566
0.5384184129079592
0.06384654983757221
0.375788187271765
0.9401695883390131
0.6800535457215353
0.7830854599864516
0.6229253302896729
0.998285007547455
0.6039429640331189
0.7387496724858453
0.3052227846222788
0.10217744331400436
0.7626686172312391
0.014222166218189836
0.537844148252441
0.0060498086219433755
0.6005580274510876
0.13002354025625817
0.31598665704237194
0.3457377965137478
0.7720797962908457
0.05854617076934199
0.9247600569604475
0.3887825572178818
0.01180454031665823
0.8555658729610973
0.8532646880462125
0.15670845521500754
0.7137695129939721
0.2144855018164944
0.19999953995625286
0.23222783125284474
0.8110258226577207
0.9978417674969244
0.4250493936155193
0.7672192934880233
0.1569900286634487
0.5867310394882554
0.21329597372610798
0.49460981237342794
0.46655616774434505
0.8246023798023077
0.09644570545023279
0.8176098398716507
0.9436953419013376
0.8496505976814783
0.12430478573571424
0.819071944701723
0.1341517469969542
0.3027133667929893
0.8693769926420416
0.597198249165209
0.9142067364040263
0.9988923807951642
0.4941102988227386
0.19243385979252436
0.3256594979478151
0.14020812657764847
0.5514976703577568
0.8845751887008215
0.7995108904550772
0.039798511927936486
0.24391520317853277
0.3528855236653976
0.4493553523023508
0.22638391540360847
0.9761102547250791
0.41677323670661726
0.7038884412014061
0.42446400408385854
0.873316061521374
0.6085169630011975
0.6910251539618957
0.9475641114777513
0.007616311459069047
0.9655177683050835
0.21382960622274094
0.35809252827441185
0.8836333445199944
0.5594724692089335
0.2030688074067175
0.12308199545433629
0.026181835427577793
0.3828288886868567
0.31584418407083437
0.5262519910106414
0.2854764585662668
0.7107505730078505
0.9967693514987461
0.2842046041848447
0.6509251150964164
0.7030022561380109
0.7479514846059181
0.9665192418947455
0.2445241229468813
0.12992604299576693
0.8778826002642846
0.03142421990209421
0.2817071816379382
0.7715790902534303
0.48125708115663746
0.7186666726048732
0.2492550602896586
0.10021145271284815
0.9057191661404538
0.7796016764238505
0.9812317928554426
0.787016560867684
0.8562159609048403
0.7919393463242748
0.6573793582550929
0.136794960815247
0.7189172768638228
0.6556926161151391
0.5484598702665135
0.33475547179815
0.8496899096836541
0.3506164379422927
0.534527901961833
0.8153994528798598
0.06992956604089517
0.2522888199840143
0.04410864611339016
0.9392491745643963
0.044779982871866686
0.4226607451375455
0.6407352402822526
0.33186723561441234
0.21784717019452482
0.6707029696313769
0.06060119008269349
0.16447082009708547
0.6134992228513185
0.09160315694747245
0.9856673578765864
0.5002897273429916
0.8129604672733945
0.474236271599918
0.2510352628286805
0.9893951660595532
0.9361579129317323
0.8079531018275095
0.30591859489921647
0.3123100769230953
0.033438081530784425
0.9522823988762927
0.0428154329089554
0.2654617043123091
0.4120946742003626
0.1015139770840856
0.7501124937394215
0.44500788362121724
0.9460981767747723
0.12759856887197718
0.457618174057538
0.9135755811529995
0.73768112137367
0.16820252735249563
0.9001153058178388
0.10241083854079602
0.7325060937355123
0.0596839283206001
0.4627826038284464
0.3118822450449219
0.8536910985897006
0.002655723664157561
0.6295704288090904
0.18248024089816073
0.6980668148800646
0.16584249524146277
0.4755451678019813
0.47828373976531724
0.5866651942063745
0.8191925944435592
0.10190202279513416
0.5170463013184523
0.2938642648869294
0.1558803789238017
0.6091046032064924
0.6222454667605319
0.3899231414467681
0.9662379712216216
0.5936462919232264
0.388275890253859
0.4733337824059394
0.08274388214690953
0.09148317242883897
0.11247529151690028
0.40259484822344804
0.19446906621522464
0.8108053148843897
0.9372073790221873
0.0976618591029994
0.7044566339627283
0.06604487307524276
0.6907606520363576
0.41729165935172285
0.08766154861513842
0.26587837625222854
0.2691394582849256
0.9355230396808152
0.01770028663796075
0.6739159028329815
0.6523232465122426
0.17639580054014314
0.9731413745667825
0.867605439501492
0.7059014656388465
0.919765728512967
0.3498298061259115
0.9122088496361271
0.16170744103443302
0.04835802477506412
0.8710294900616027
0.9702897414156204
0.2288198331318072
0.6312303740411447
0.6916577176246295
0.9045462356974854
0.11168853728301409
0.41120990619998077
0.1661864178778385
0.20503149024982825
0.487817697524098
0.34587191970807907
0.23098944177231817
0.769654169774977
0.017253340930075023
0.013088857528170461
0.5613005696489839
0.35587204459630173
0.21634224745462682
0.9696070931125162
0.23630254908805703
0.4384401216103049
0.9675919116882301
0.6089447809422599
0.2523669451500725
0.1781453439979992
0.4021481446498234
0.5371875085935685
0.983462241483056
0.6743637292848299
0.5619522167505759
0.9625861411918291
0.5995431909004694
0.218076002228629
0.6102411748858132
0.5677359187887265
0.33970232424922986
0.33608705512625114
0.23533108942880188
0.5719329018916826
0.24184715240349952
0.5024677699323088
0.85245315667828
0.0568645366864271
0.09415897724066191
0.4840371853866343
0.47519766575933464
0.4497013668044041
0.41343670518104814
0.779075154831248
0.9080762292017561
0.8632641098032865
0.87463784915753
0.7302850799073743
0.518822652592626
0.7526192659868167
0.21144521345829714
0.8853212234165699
0.4530320509044743
0.5659995061168912
0.4527289586297045
0.23062196790543976
0.14755998593177133
0.3468319041160286
0.47060504959148863
0.0274242377335725
0.3534483060963871
0.4560631995380384
0.5367909603813339
0.690706299961376
0.07263303869118376
0.7213474955707984
0.6800290835228406
0.8966976616576059
0.6278904177290028
0.9874580178127246
0.2993407319157628
0.4147480006674573
0.5696453987233729
0.5841601708504713
0.16052506690798918
0.5730292763330025
0.7733834230497776
0.013016201175175546
0.9714119088925506
0.46810059540416815
0.6920929781942502
0.30119823347513686
0.9124224841998161
0.30213251451499934
0.7840052093827197
0.3802392366082843
0.48644412759989497
0.05416763673250369
0.6572964234101244
0.6231815990762639
0.09117235399369039
0.16896433546937684
0.1421407539914763
0.4942703820371177
0.6228643354279897
0.5007007553787395
0.9601564303991483
0.4590076226944353
0.5223084583963886
0.42800422141329264
0.08063241053268722
0.595680079094324
0.047858420354699005
0.9109211627374543
0.4298647121089243
0.026137288480902354
0.005775519629140469
0.049683087253876934
0.8697713675052383
0.3195398458115144
0.3029589523298457
0.6030037553501264
0.8452704755306311
0.5444647557928162
0.25939066078476647
0.5915465532862381
0.9362938808922148
0.32447521680111135
0.12154232478541771
0.9136612273437761
0.918214811893844
0.8923332811742795
0.8774900596033266
0.6238525330985112
0.4975632158818004
0.6111208521483946
0.6400436422396012
0.7489142977211871
0.6799413464164632
0.21993653042939165
0.39782747210620006
0.7522445499369776
0.5011297920736133
0.5551321787595411
0.06435893970435869
0.6605006031252807
0.814196255822305
0.374322863502941
0.037904562614887505
0.9200299695403051
0.590458353368341
0.9029996075871201
0.7907769065060304
0.11736090814443645
0.7418133685282433
0.01764721792492696
0.52547559147893
0.026586833503019935
0.14120485131381422
0.772332387321008
0.3010897837693416
0.1885733830167724
0.5893505433172106
0.0388945450240632
0.6909187696184675
0.8870725813853104
0.9757602445003617
0.18696806710127767
0.6184871887839005
0.39637804413587885
0.8401805974767187
0.19800451300473787
0.6342610310642856
0.29291881773148853
0.4268310921994116
0.9711662571391042
0.5718874685081825
0.8482633555463623
0.07420217491532077
0.011119652977141792
0.8628528622573
0.3074864766397887
0.8110107323372602
0.40410847554886375
0.7645789425540703
0.1562052605256925
0.522658483969384
0.8630079589629132
0.31989240598792357
0.22682067620618684
0.8683884066072314
0.1139250372328835
0.4189776357073425
0.25887096409563704
0.6671889053430531
0.20156166375802353
0.46512281207405093
0.5539534735202245
0.8926045554945956
0.21271072453240158
0.6800703296465291
0.49811673546004287
0.890146962534696
0.8136266789111173
0.7863820327047195
0.5976547422668537
0.24332693681841544
0.16801958696494634
0.49908787762011775
0.746548840280784
0.33154015869882647
0.1893677389427797
0.028376988876331888
0.056775299214899766
0.3075991558956226
0.06419024794043415
0.29696376451877504
0.0592325762072512
0.7615733156594962
0.6363324017022394
0.8852231546340248
0.20454610366821435
0.047956556473989886
0.1481951863297828
0.27756764718315075
0.025678978989927215
0.47106822817349214
0.8890763017021275
0.9334044117531886
0.24009655996968515
0.34737121753955313
0.15979174592950374
0.6577832376848782
0.16929515145777896
0.3582175106009815
0.9871175231962148
0.5762971678956466
0.056853109899316134
0.9995534947241886
0.6688756017627893
0.4363811882931756
0.21263210727129
0.5687667814566626
0.5568418132844437
0.4647160162849946
0.19904907671743155
0.8871997924411319
0.7760869077573294
0.09846016137758307
0.2651573462296968
0.36871830263795946
0.9746743295820126
0.9258185089223883
0.5213318229328059
0.4546713691328519
0.4222937230533508
0.8916038203144525
0.8365842577004108
0.7275014284250441
0.4004780682462008
0.17348271279847616
0.7982791615839566
0.4113040963344361
0.13960404334123377
0.9563131600385211
0.3356444119885207
0.20658825164060368
0.8631603711680063
0.7039313270250331
0.4717957657046661
0.4748211314347477
0.09497594086332684
0.3621203027260125
0.7296938558497275
0.41815543549430445
0.5132924551807121
0.8529556082013492
0.4844809890829762
0.8468832616914572
0.7032326274245508
0.5584893012855399
0.19271632141111805
0.14899451944050957
0.5194831576390131
0.007376000305910679
0.2756250130533675
0.2191727843901854
0.09315605973416186
0.668037929798952
0.529334302171323
0.7504797197308914
0.648516721378348
0.22313263161488184
0.339227175590626
0.9619781803820284
0.45867834515338735
0.22566531540217372
0.9718201522465888
0.5703867446373547
0.018048606407603307
0.28525010743352297
0.4510945597795186
0.7553065575857516
0.1837779419406076
0.6412216925797285
0.25501333835153694
0.022710989554600047
0.5532285218087512
0.33532835787211956
0.21521941980173032
0.6565614615890618
0.7778995568839981
0.7831177605738631
0.24464872470270893
0.565467942803799
0.8137051465590748
0.8013247939002119
0.9303847469673565
0.386153546905611
0.47421967389026154
0.33912083206745125
0.002857849618271846
0.17989724739751378
0.6237325902345672
0.4211034833217173
0.9533757185757303
0.5499173408675524
0.5357056931568196
0.9176132886859545
0.5031156695012762
0.8125168988861746
0.7017434974596946
0.06440123136380316
0.8677511784787852
0.08065029339760543
0.6692474285429364
0.844612509874594
0.7304918270548844
0.2979732063268019
0.6563200899053074
0.32549760658674076
0.7937554580607487
0.6426165649541622
0.7253132914765061
0.6128221041554713
0.4957610478069048
0.0032470059600189227
0.5587062800829357
0.7718040577161365
0.5867260816256901
0.30085641306176036
0.1379991050817786
0.7875834781713151
0.17891328399800321
0.11601023596934956
0.7307997005042604
0.8168362025571245
0.4253236392040438
0.7286565668619847
0.6176381868471117
0.48609306311085687
0.32577628132019854
0.3186968065465978
0.08025212897402234
0.4732353401588345
0.2721873649532536
0.25958555447543263
0.3950138278562425
0.8354661155951313
0.3925085041859575
0.010269695449227845
0.11596971461178485
0.7203481923870538
0.7334315943344105
0.4702733209395944
0.7015601509225531
0.35767175333004864
0.7507280524009399
0.15210232195504036
0.6071667592112655
0.994168063429983
0.6719506625917182
0.4314622577890044
0.25829249477835425
0.12124302271247966
0.5132542962800046
0.7544714903729648
0.06882961466782045
0.8122437594137986
0.01035013638093596
0.25908719678153047
0.28844475355295196
0.2241587872058628
0.7145349574275706
0.2601161892797692
0.6373104337914697
0.46923520069450664
0.3911187106944154
0.38919824770771405
0.044739122768849615
0.7671606332423122
0.49327954062106905
0.8332925930272221
0.7361065030710878
0.2033570035069927
0.6149811355465586
0.45108329677275427
0.9203675977950443
0.047155818399335914
0.28760993331465023
0.8932225603012023
0.2766055525832467
0.4880582512559739
0.5532810286285545
0.6056692077125614
0.09486522811106557
0.26156077150336365
0.13316190816976436
0.9381810049487584
0.03664170294645963
0.710984504388398
0.5340390312340588
0.06048428326534294
0.16653005689798128
0.9664317213102147
0.8867327050582297
0.9695564740273055
0.5637059919693967
0.48051153219814835
0.6795520841973381
0.6378304295146298
0.47194785242052384
0.4105552945810924
0.3979471374333472
0.9865144489998805
0.41255332295650327
0.29465843954945603
0.1948434511647883
0.8042101758722808
0.8320128487887519
0.3913772537534792
0.2187753135846946
0.3066535698581634
0.1271916749374984
0.45209260590403066
0.6790064911135809
0.31444669619440124
0.23180729535174738
0.39255351307289077
0.0278505529538553
0.8021434330021244
0.07198876920207753
0.8215128710140756
0.2869468253716356
0.31431950687237276
0.786609866582485
0.7649602045289301
0.4557207182834335
0.6686269040883015
0.02093384230102746
0.7119322568031594
0.30005766590771454
0.2210865488141751
0.8404547649574006
0.30851072883772357
0.7912488091095071
0.046848470562022015
0.14583219716444207
0.6113192446186653
0.6674553243809918
0.28401651690038454
0.948103703403216
0.6973320377058196
0.7216813621782254
0.596007043353268
0.4305075928692994
0.08970257350840916
0.7729584987312177
0.8125971983347313
0.21853973707035013
0.9055139438944257
0.9864277015039882
0.8262658005194503
0.17613520580199094
0.5748085126317404
0.5688911251560804
0.5106469805069229
0.7392776244204842
0.26117288487658996
0.8072381208269706
0.6790987379606028
0.0735372488092565
0.22959898166938264
0.8353680162002228
0.42163323537498765
0.07291621098574774
0.8297672496027371
0.7278380334152941
0.25756807371811963
0.4610141434727282
0.12545836776214148
0.13106948439240962
0.7921083514991867
0.06967322873258786
0.044027480048218326
0.08053027026655779
0.7221368777843633
0.2083544053244577
0.09038631480650117
0.315362163752821
0.31713153789256254
0.5208349946238036
0.14363121406312995
0.4497620600183221
0.9001812181561502
0.32768021561775096
0.07025402414779292
0.8882021766383115
0.8442703428530804
0.24704602387154528
0.4070024469189073
0.5917654555534184
0.40797486523970306
0.23494847718271483
0.5016890582911302
0.3770923466790159
0.4019183454616011
0.21850565864321836
0.21519030993112542
0.3508100597371626
0.24139453316012127
0.8845702418245105
0.9611849579697147
0.35198398230282235
0.19766314763233162
0.7230593400145124
0.22141417226549276
0.11854155252087839
0.12326824962247307
0.7368981291192098
0.24803354307876768
0.25307688029082853
0.20301928132053804
0.19441500332396178
0.9287301595052158
0.11534574055962277
0.15029323465535027
0.6624576584914026
0.47021400388684564
0.2979419787405051
0.561864944787245
0.11495487883814559
0.8142142017150127
0.7223303316070295
0.6798610442790562
0.32882504318190975
0.013216104323000355
0.9582460761383742
0.3543127132866124
0.09949642946885229
0.11102447998462273
0.3302704024367682
0.05350552863380087
0.6985476075638553
0.7278989545734889
0.9290421121491252
0.4039413652163719
0.6686902905698839
0.47417572631078375
0.329222378832962
0.16714780996534917
0.4932320602587055
0.24217856021313988
0.2868599786720516
0.8032846781208993
0.6566379844423571
0.9912623499212696
0.6459414564086803
0.0977232081831465
0.8107060638307588
0.7527558025192327
0.006386154087400175
0.2695701084541813
0.5386578616527633
0.533130795162557
0.056056984374807106
0.20158513361726094
0.43177706954827144
0.8655485349508707
0.13086799447095054
0.5130614326770706
0.8600696959422232
0.2708129791819076
0.9694852174612356
0.769115798365523
0.828407857521561
0.41161637023331243
0.22440868048609608
0.5401893530018904
0.7497363589393375
0.8814144491410911
0.9166278484077506
0.4749825651196544
0.21377198496558725
0.48000987782584414
0.3314639097193188
0.8160051548584706
0.4721418677829581
0.7144732421680811
0.6021800741697085
0.7699347560443837
0.14498841997134115
0.6116907339258011
0.0767986156940692
0.34855736823068284
0.9851213342073866
0.018355325037125336
0.3679335521436433
0.35441466708813385
0.9370342577173278
0.5705777421423031
0.06413822617978271
0.8775515405641225
0.7266136526538247
0.7401204843568356
0.768174735909372
0.49165314926082115
0.7141992979833767
0.3892198005577483
0.18078547742056195
0.6128380070663817
0.6886480159117856
0.9578538103458258
0.26357984589858297
0.17666061317552217
0.1750687076990438
0.521748496548474
0.2453909126624112
0.9478463275072655
0.3664596626377554
0.47158887017905693
0.03496408916516147
0.08279150934305779
0.4816811621199466
0.36497210812864633
0.11664768549719051
0.054748208552054756
0.6790870835452254
0.5008579351263871
0.7152725612540458
0.36861454566091534
0.8293987605933721
0.6691648047827261
0.47702343582672957
0.5801801963055682
0.4486476646037969
0.685727127264401
0.6081819671268867
0.030716967363764613
0.8494372842092721
0.5875939325548136
0.29532294750366916
0.17039841839222492
0.6070962243073081
0.8532757576416743
0.6528825066110937
0.08312436367322684
0.7439441134714235
0.5633012898308425
0.8506313027589589
0.8339099948430169
0.39276819484164194
0.528980862533966
0.16456556547671664
0.024495648997037822
0.38783055796544774
0.2958338626364665
0.44233852308503563
0.07484220944922781
0.6640999446617581
0.8965370992695711
0.919244060307616
0.2616132187482316
0.6261614817674548
0.9371182227660377
0.9380379471708258
0.22936549838005527
0.39062701429012625
0.9752967739721059
0.3567646928878727
0.7144158888958374
0.11775240400020581
0.8578949593952789
0.6942886141711735
0.13177337446018011
0.09034233257396251
0.816581949598773
0.5681225830268353
0.34131984868540033
0.4129305681753237
0.07552766966627233
0.4094708879521729
0.03364125972936094
0.9237949457280681
0.47501701794260787
0.16341392471969063
0.8008435501802722
0.5786281447973898
0.45905654953208597
0.11734727085041552
0.5239367912299508
0.6038369148020124
0.04255330246915667
0.6179691177343232
0.9877289924721806
0.5077741006116296
0.2299771649736675
0.40264027286681925
0.10614072040067102
0.7847995593896784
0.524677006276389
0.34004240701648425
0.47083632805862385
0.9528091902708948
0.013510521351505211
0.14070927462090754
0.597298566753939
0.8018771983944804
0.6306025356688381
0.3213345394012672
0.42501997487793486
0.21657727496581547
0.1632344259210201
0.7864420519345461
0.7726825078798152
0.589204442994685
0.49702165264124676
0.5094619234088373
0.9595768507852662
0.45689452171451794
0.6614701396442577
0.8099967871557563
0.17977797367413118
0.9055046320878135
0.26647180025516537
0.1723127022169928
0.3890290804890879
0.23544787860372707
0.976401133141698
0.0823295885021369
0.1650129475313391
0.38645807695950474
0.10951720480087124
0.5458808937904289
0.6245612899635795
0.7678432841662035
0.2959283752666815
0.5781935532136637
0.0019804520120261238
0.31169308457444567
0.9148807987360272
0.08643299755424039
0.9649702530184252
0.8877466821255129
0.7444758788331935
0.30629521751886357
0.5007269403416239
0.14355587311279527
0.28023775597629097
0.4596049627646617
0.09225023236096086
0.43557893532135883
0.49125277922895494
0.1886587004108089
0.21943431536171398
0.22483327070204417
0.35297928313070503
0.15137696799619538
0.0842447614922579
0.738199686399809
0.13375526891914502
0.003529086473701648
0.6919985013279135
0.6181212237837346
0.7230215280590548
0.4271575034894126
0.045025264566616485
0.9349860946639259
0.7061658305774776
0.29003208600217767
0.9327338461565493
0.26714305521233217
0.9003628220746736
0.8096888063960723
0.8719472921256142
0.5084034000367186
0.8992989930805435
0.6730914611338352
0.18085278307731034
0.8616577557549394
0.387026643174748
0.31664106586174223
0.732052422591593
0.9604160249186182
0.4295667023905778
0.6531208395292809
0.5861781101143755
0.29941336851142064
0.26672739640042864
0.02719610284647933
0.23618156888877762
0.6331352235996981
0.20283948748261715
0.6917465864372587
0.13288109959727157
0.48127015854473854
0.0851165414717645
0.28969486773720243
0.40448598051343043
0.378758221007091
0.07869647961877435
0.8410258143332063
0.7990002698566376
0.1420028749443487
0.809051214335031
0.7716424934099739
0.5499666736074194
0.04187109795859012
0.08546716863691439
0.0020310894434727444
0.9013262996970728
0.7526591809924759
0.09503010027573167
0.12658128846044003
0.2167082212412923
0.014769809788479638
0.057240932455425275
0.726226366241477
0.36326824897959287
0.012612090425682121
0.6108535490875628
0.5541086231288679
0.38778966900074474
0.36414045492049785
0.8965586500834779
0.3510869552424638
0.0823421653846419
0.9860382399050782
0.5399158341825476
0.10502854683492524
0.7129860078606982
0.07906252079664067
0.126143004997457
0.5810587942222141
0.45024951123048385
0.8695655634321695
0.8217584607562658
0.811050529174514
0.6344719196473565
0.051685838853258836
0.1011233541584482
0.4756932639877034
0.00685648162240704
0.223157668169778
0.004143915236047846
0.4430581556701627
0.9504484414843719
0.5942946459608704
0.3778696356697788
0.5530056647136661
0.4027558332953516
0.17608879407065015
0.09023229055288606
0.034949166387625796
0.7726912755838447
0.6944581945304122
0.7882165763067976
0.4789662500642806
0.7288559558903429
0.3089617439917012
0.9581785364747497
0.16066116098710426
0.5491792835906784
0.12294748763139629
0.5737273704329748
0.9975692650493504
0.44768249413247907
0.8673861836383812
0.049801780757246616
0.9792666495779732
0.45299213549932427
0.6789617187829877
0.8588256632466482
0.23939349470953775
0.3631472601738448
0.10548830181923075
0.052331204152907373
0.20802363619743014
0.321239377574571
0.9390712154302603
0.3740946305339694
0.8048211801458169
0.5327411770490547
0.8991557251256048
0.8621628849122553
0.5550000255629512
0.003689624794653179
0.3416147328336254
0.32559179975908537
0.6552715116070362
0.5530511153520148
0.6301809814121784
0.43633513556206394
0.10828169713559688
0.44020376018558727
0.07363918575236417
0.5493861811975969
0.3230194908322146
0.7397487375220988
0.9982537732224896
0.8533254153843293
0.5508512943330679
0.9945083342454182
0.5565513235253667
0.5783429272708738
0.5847288022266142
0.0326768379693716
0.5103710980995879
0.9889585366180627
0.7622044995197956
0.42940447747374844
0.09062690568118903
0.04357759688849172
0.29728719366926337
0.7988925605306265
0.7917303188443436
0.954740651286049
0.9569214830534403
0.23499961530056712
0.2331877871330763
0.6428069929085345
0.3235264824136883
0.3875149077081397
0.9303850960332272
0.9075777084864818
0.6960504311863902
0.12715633769187007
0.5885678957672063
0.32763206625569996
0.6730173737986884
0.878506497663897
0.6279166154934275
0.18477789563520286
0.32324860680096257
0.45196934588327253
0.13231432193310777
0.6274915969706323
0.7329933375470497
0.18927346973286374
0.9337287527618161
0.7120317119338355
0.8974400616679183
0.5233694883087965
0.15716273096044442
0.40235671632518355
0.23450899120362356
0.28502256189517183
0.08567046939105549
0.582573568717879
0.43363800099882277
0.05262770638165026
0.6857291537405739
0.032717272877687
0.42371272336407695
0.8000858914047488
0.0928270645883329
0.6987995421918476
0.9392081576643294
0.7361760332061595
0.6487196306120921
0.22538309457911776
0.2919941512161235
0.6602469033027967
0.9246509264065976
0.898202700706392
0.9057528914778017
0.456858813149394
0.4680088827589455
0.13212107129800144
0.32047588677363437
0.15012443602556513
0.9770527660141854
0.5208382971901233
0.5781066333749221
0.25654812929901616
0.082117216103897
0.2805173940281951
0.18579792875213985
0.7298484797727385
0.831142220655436
0.33562639422778706
0.7747689760930894
0.3184152389371673
0.17734114379047705
0.19206676508478782
0.9555879149686504
0.26537030667698835
0.7641621882532139
0.027451571672417296
0.8524015375029361
0.927567830106776
0.34274598556229674
0.58073466180643
0.5751049330431561
0.6844794087450774
0.13324975815106588
0.520166626851218
0.8588252663410934
0.7681536180445179
0.0443480809634933
0.44840147528734886
0.08387556055385392
0.9128255598963884
0.6940857053483951
0.2393247404161465
0.41734726763503693
0.05566955896489545
0.6353970750732278
0.42913178843010136
0.48073335616586665
0.8649181346312806
0.039111446116191884
0.9867325061072674
0.48599046803325185
0.7617792795259191
0.4662070647850898
0.8261181057268794
0.1688627966112788
0.7811083253379971
0.3918238575919881
0.1660636489424463
0.20767838432089425
0.09597370878979627
0.8276270545450672
0.2228650444711966
0.2757058883524519
0.26837589335330203
0.29664446807322054
0.12265394197194501
0.5416899118405272
0.7721170001183835
0.1880995076659533
0.932064713231554
0.7075865144629967
0.8057702815419807
0.3597989405960389
0.13653260283539637
0.9505092009332134
0.5322335672462455
0.9185120849265731
0.5488324432195968
0.24541311066964733
0.35575745548636406
0.8737231838339679
0.3306207577808422
0.7731035265270658
0.9796701164404324
0.16918421186163335
0.49136010409129627
0.2941120895302889
0.6184551325393071
0.49931856080317294
0.8970859062082768
0.33660175622840827
0.07646671054217502
0.7808267059011984
0.5621292430393201
0.711800329398294
0.7887333516782935
0.754950502547431
0.9780249589628831
0.7441968343104179
0.7657155985964694
0.6978586675465546
0.9070885214243134
0.8984864013411362
0.7293505938807647
0.9019447977820805
0.024878632486811325
0.35363640847643585
0.42127234834225424
0.010355585339003381
0.9748574068765414
0.610348150082392
0.9820225649516763
0.34543060938302084
0.49865688123358365
0.7143707777903903
0.7538787750312035
0.2909347108539593
0.07232623125775528
0.9104465990035215
0.995813463376302
0.9211542805858108
0.9261648682794401
0.7752146828607183
0.1595113618266708
0.4315819497329476
0.025625020755863703
0.5620565387806469
0.556657666809927
0.5732744411514741
0.5702789525424905
0.2922057797194242
0.1474108759991235
0.06482130914670203
0.3895000728370035
0.1895782190326416
0.6945288316009168
0.3319408955146612
0.05941062048020096
0.20434539167205568
0.4472418500638424
0.6197086133554301
0.21323907134076103
0.18888099265413816
0.47168070031804166
0.8181385410749027
0.24110066484383497
0.9920994578952436
0.1053393681022412
0.0844001764232547
0.6820793372256118
0.030756049076741565
0.055196846985276604
0.21522083197021358
0.7591776716079865
0.6699862951993019
0.4826433117006612
0.010832164095217589
0.5708536985517221
0.8816806701003685
0.5375571280129561
0.6508090470029395
0.559645121633475
0.19316103769295312
0.7261664075314265
0.14792309796244307
0.37765001949431243
0.29849810987179404
0.6589112586315788
0.9731231783961021
0.9632109738767611
0.9305582107113355
0.9467855691099885
0.5559358927163074
0.34951880668773594
0.081998995602105
0.6059477770490074
0.30075087986253823
0.32446047261993405
0.3445431787505886
0.4775242144769496
0.7662884310543061
0.7923877104489494
0.5162169676601471
0.8237533541918778
0.4874866238065023
0.38730946347284134
0.590811305446679
0.4784874180014136
0.5505935306110119
0.0009560542409363659
0.9706688465530249
0.5639012416132483
0.49546729274233803
0.9326739336711605
0.6758850656928173
0.37607045623613544
0.1599405178733484
0.8158468050333707
0.8705574601694908
0.05933105909416181
0.08390371366885363
0.746113088966198
0.44882151166966366
0.2768742512251907
0.5043871170698973
0.6804595651254222
0.6597304961825357
0.7187407905449041
0.33548535757725073
0.5093099793969165
0.04957963402820975
0.5114970250509867
0.2240437537328368
0.9486189182910276
0.8431808750660603
0.8398714441426685
0.5602526562379784
0.009873014760044319
0.14888506467687934
0.9518523028735464
0.7492811735340656
0.6884237025153133
0.07960125420968023
0.3396888153609747
0.8332063667546907
0.7561765005841421
0.8685057814577939
0.09726536382024564
0.300902854152054
0.36287472836154233
0.08562516651921359
0.6415504714756328
0.8583694592840447
0.11954317570036688
0.40797532728031816
0.2304236948764049
0.19421280893249726
0.5634000631431701
0.12443044655678914
0.57374906388204
0.901997141126597
0.09095254682358367
0.9207535583617124
0.21096009083213452
0.6551705213797008
0.9923648274422798
0.014667472696813011
0.12449406357538462
0.9879994239203389
0.18304678014664244
0.7913680692145586
0.5459325368327461
0.8051734022596917
0.7638962891304988
0.09421519906882136
0.7769692303303077
0.26128373312645237
0.9286597434911754
0.14842634864924031
0.2431039827282595
0.6937127680333008
0.5171263875200447
0.718619362916392
0.4806214933463262
0.49012854935620753
0.739428794282339
0.745616140055795
0.1514609894282295
0.4907801885861449
0.8838491964884079
0.9579911761847695
0.34991655369095986
0.45299196978038414
0.3896055486447745
0.2503545516059622
0.5872076479429853
0.47433568661795755
0.8784103405128454
0.13302120735870804
0.7779951690590923
0.6784474834276693
0.3017391418562596
0.629135130917513
0.9869073722603674
0.7400257128560845
0.06781628061013478
0.26331781743801064
0.46119620946805573
0.4991548987035952
0.5441644800726329
0.33433004463405447
0.13147271751281697
0.8406918090733828
0.6001064653363697
0.8610301162451124
0.4370838514558868
0.1757618818681692
0.4865868394665678
0.17287186973977686
0.5979221945474007
0.5575142948808964
0.5807300088779666
0.06795072014899839
0.3510175783614633
0.03456154433336689
0.48165279831135943
0.15884407940405532
0.4266022754506482
0.8335768649654931
0.4177077980338493
0.2728000350778881
0.1347115388211193
0.7213187201573326
0.6612104308792304
0.7022207724727965
0.9307436815103776
0.925234102506612
0.3727531866351199
0.9525411703773061
0.4562934774662697
0.23124637977646967
0.12263776743960397
0.568216716357528
0.14245994993353905
0.757891038001925
0.0340538761490925
0.7720192052358683
0.6169796144253046
0.8653519141759827
0.2297796843998483
0.25269566571724433
0.26582906229227454
0.5443316075378208
0.7144028619817799
0.7847744917757482
0.01505029764542587
0.8325584405798809
0.2720370824511633
0.2986815777788283
0.844217367982661
0.4039385129285007
0.46230604131630626
0.48816842460312104
0.3873524232510819
0.6035294856750031
0.5151551300784032
0.6111341344301142
0.09136509868750253
0.2573231494333612
0.9154849919394936
0.8260167709982542
0.5664577134320696
0.4020052187085441
0.5216876491995814
0.2721734248982708
0.1410224867096057
0.8982454780102269
0.0109728279326049
0.6903282926726326
0.6596239856419113
0.8804097684261212
0.8811416160162133
0.6189120566240986
0.29719873571647737
0.9131521307221853
0.7263502932596788
0.49248394890786606
0.7900984884133122
0.8547485250070377
0.48495514148229835
0.6236896540444443
0.05894813685820832
0.5589939194118103
0.548262590807763
0.640051156547903
0.6200988850965623
0.059077763798082605
0.8240229951752807
0.39155932040559827
0.5100210985772746
0.6685929849670571
0.8224387787435072
0.5661440585026603
0.5803398273727001
0.6412556613676659
0.8972846449784975
0.049550016015103004
0.404758898926346
0.5136929978928235
0.9266593844222217
0.9006902570424029
0.32245127868726464
0.18183967421391434
0.08748247991037617
0.13182571624012862
0.6966671547974566
0.10854225556479591
0.5208100842601455
0.19423582146836305
0.6601737721597962
0.23322531737889562
0.8752856508091424
0.7586798820852263
0.2670004475353296
0.27222678201311346
0.7291772199697102
0.715436493356238
0.6810012705942488
0.8571221675503957
0.9856288633520847
0.13525438232406972
0.1526749139374577
0.269860714738988
0.7527896594072359
0.4837902783210135
0.2839066333127298
0.004841945806689063
0.008025134760832442
0.7759825262933253
0.6736184852540845
0.8041390137845152
0.3938508420910396
0.49215592579484047
0.08015096432532376
0.5068005242707139
0.8734474858934189
0.9586129960148118
0.5695834737171697
0.5985617626981308
0.43620427902988346
0.5157456936135829
0.7492155227221442
0.9439999809694923
0.8950751200522475
0.84442828841343
0.7977466446322377
0.8525825730697119
0.8704270077499188
0.36796443431318027
0.3889696413291204
0.13040668923973642
0.8228551332261891
0.45072391619894825
0.2652509678339161
0.09676584246987519
0.911584397777722
0.3881128470272015
0.04257901519510421
0.3404482985281996
0.6622346480991204
0.6120192166890781
0.016932227033599645
0.8143828606517298
0.9232900279003391
0.06809412563347839
0.48965087920798034
0.369889019680951
0.48404665859292084
0.7964657910489583
0.9895141917141153
0.8821678532043011
0.6991668281264349
0.07447257487227299
0.6999473924020692
0.9440252848441437
0.617835954741728
0.5083981676256439
0.33310992096020464
0.8074744932935949
0.7921344421799918
0.340968762527208
0.34481177572294586
0.9671528297340033
0.008576464288828634
0.7113511912472175
0.9969610321747384
0.3413129995819295
0.19906528453382677
0.30777710095239974
0.9437807538860925
0.940631725509514
0.16113695332270694
0.9368717330407883
0.4398143535761758
0.4361492307551027
0.06922722258110459
0.265821382813618
0.5972554270280097
0.4117072942653681
0.93270058980065
0.234625597081364
0.06478750613156459
0.8843610187588249
0.875537031694259
0.6345146461202082
0.18968779569949623
0.49909933502816917
0.08828737816826737
0.8130295062383193
0.14908378835210478
0.87248941692939
0.4899544439037389
0.7361717107382737
0.14320095109453757
0.040873900600905344
0.5867706929921077
0.21516664975988697
0.9964390560119285
0.7435485167785338
0.7703012251731176
0.42578823853222025
0.17930120679888928
0.5728049035187612
0.8190279788900277
0.37861637438498974
0.932391271282571
0.12645668721069847
0.44114479345946456
0.9668374915781792
0.2414653726964915
0.6398685181354615
0.6013583877909161
0.8626587850666851
0.2861713149414655
0.7752072919287716
0.23140892282919978
0.9268787608941771
0.4865683723757084
0.042768420938813945
0.4225215745149504
0.8707872007558255
0.8595592495980335
0.03276690673001159
0.7927197976935512
0.475260045343052
0.2813957138136798
0.12692100394377737
0.11991574947842776
0.7130726337866853
0.6207169344292875
0.8572059895547657
0.7941536504831941
0.13428511101484197
0.7682296720206212
0.5426189477299646
0.33522038919260444
0.584676592167459
0.7909148323866779
0.9008747139441959
0.7268298256549894
0.027374058138910584
0.7351843792257708
0.6164808388407816
0.908069998025612
0.2805961721501795
0.7320757621040983
0.2906659962406297
0.9627243184207508
0.9908979756730323
0.752514990057841
0.4538176986736864
0.49450496208788364
0.057500955698047695
0.5538554191930145
0.9858663842485376
0.29894290613673546
0.348423124780475
0.06914186516323007
0.48252782341590206
0.7175391553235255
0.3095199393849095
0.4966043800614419
0.5767511848758993
0.7709691882068006
0.8401877449902055
0.48285514932415796
0.898062440784859
0.6450196166322131
0.9523698408976595
0.7994228022182299
0.27816921423099106
0.6829366909200212
0.5741421212825133
0.5203814060408496
0.339018061406023
0.315832200169085
0.8544621046665828
0.9050554498012167
0.310895054738491
0.542231810674449
0.642622773514931
0.6354352847425828
0.8559326362494553
0.18401706511010985
0.5845367028006092
0.1626837089033415
0.2678844545860182
0.45935765662472594
0.27405844007989977
0.8964053180780778
0.694514159947988
0.3643786388972532
0.4545794483207293
0.1593830656724331
0.33742196663773094
0.0609396533533364
0.2037741533328492
0.9356895725680547
0.9703461851950781
0.06263399587023177
0.9924644366259667
0.1646552960993901
0.07087145791986882
0.22096137294635776
0.2641464923325165
0.4468998073733699
0.7089872116839608
0.5638412929112835
0.3289851584751575
0.9832768243620982
0.5325207849969191
0.48329389625426655
0.24277720606240738
0.9980680084730027
0.7011203812614926
0.9665348925351802
0.019141702886369405
0.8830876169155142
0.1569219304235998
0.6025927196050749
0.980250620532356
0.371148352318766
0.5172048942385035
0.37318560281969604
0.9518398215619575
0.8574359138935854
0.8867857433525719
0.30407600397570933
0.46937168571954646
0.8842064557023468
0.19030308425174747
0.5717345782836114
0.4613264872372558
0.35136408083161697
0.6693778925231526
0.5670044115887087
0.6403510886493822
0.869761191031585
0.49597105125704366
0.5905345718501591
0.04688464885757093
0.3897596669971368
0.7376513308685411
0.9636217856601723
0.8234792465320016
0.12641039089276607
0.3999786255450941
0.9536742052103238
0.5776410159861602
0.771804680306446
0.3530574331416174
0.15894539210898806
0.208890605786346
0.4028922713673697
0.03398075038852655
0.30534986150919274
0.2669306981471147
0.3104957742399934
0.45856340897252235
0.25222457622347316
0.5071297605969252
0.8203475991547273
0.4350142338059433
0.09390990875929561
0.055673435086597056
0.2680546864995963
0.4283318891341066
0.41922002312469275
0.06565478344821774
0.08202677344216847
0.8857900364570135
0.9728653847623996
0.7236556270790517
0.1870578627952526
0.06129028452879992
0.2862209950094894
0.443004962313295
0.8140780582019491
0.8368043332778303
0.6775483659931774
0.8129673034898124
0.5199217065942827
0.5326314186007655
0.22869977336514014
0.6694257295927379
0.07658476717606777
0.5547305250358683
0.6446495001154695
0.5042837201810413
0.39628786066234367
0.1708162153523094
0.041226598311717044
0.5251250743147848
0.523038748317523
0.5707228851125612
0.8456156616390906
0.06481525441216518
0.9652592248432428
0.07279882610480426
0.9842246596806261
0.009931548697012405
0.8325340967590251
0.9437684866153642
0.5738376876171547
0.5366072756426645
0.2547909802863155
0.06909527246948532
0.043433623165032076
0.14951405323644296
0.308700808190983
0.8931736592370243
0.8711258414192335
0.6194505237044783
0.5449931875567458
0.5175258328868317
0.10212336449073289
0.9424266475678234
0.5066122659697305
0.7472821232867026
0.0425064181254069
0.25519812269122655
0.19513821572034362
0.36660665990176633
0.42888196597316863
0.6994006893433646
0.4085920316853786
0.4303038359903977
0.212077461197701
0.8484832450167688
0.5296700851159655
0.6340368837405919
0.5286194467362306
0.32286757764196894
0.9595156720003566
0.8073830807845932
0.04108499802343957
0.2734321378053801
0.26225303975884895
0.4618495144108792
0.5877327505413714
0.6508293643329706
0.6988192342064714
0.4730517185920893
0.053815578057978986
0.9100023312120873
0.5485034818879784
0.8038421770119679
0.23950707638688473
0.13800141970305702
0.4275618161773964
0.2596006434397651
0.733232756894477
0.846932607242668
0.11406445744767613
0.19331812386853864
0.8728408500318423
0.22944134020900608
0.7497531654374208
0.7797834006600686
0.46960377029431544
0.9828092672147997
0.10966055412723263
0.40808000686206225
0.1465432491370091
0.9635820649133737
0.9272256918799902
0.86584200364739
0.5531261651919452
0.3137362450505057
0.7452282942174382
0.11790553463945264
0.7637180510089583
0.008378396132497024
0.580221132862818
0.5630379918210042
0.5747095820755697
0.9362621161248257
0.06981423729672565
0.8076637605698349
0.9010058134111085
0.8789371137423108
0.1996625420391911
0.7720256624207622
0.47896588095805437
0.3582710446109141
0.10045743280418606
0.5842783545404588
0.07107585957063556
0.38291157680969423
0.03424266421220823
0.018582150212364423
0.44445777870695014
0.9889255641965491
0.1849611293255733
0.679589811552725
0.6841032720840228
0.4616761681308348
0.568239215887071
0.8316694108458749
0.30844116133687227
0.9112908336168386
0.992606444905868
0.18275521811398177
0.6984137847432392
0.8314323815246247
0.21633495242143197
0.3860681063820959
0.4320555036656344
0.5984155601245766
0.08896983015565363
0.7568621959112516
0.32166109606509075
0.27717682788856
0.7322642512688515
0.9233354958581255
0.48460541056104045
0.3032905178393268
0.9354792702606503
0.5856261133507559
0.6272423203577371
0.6375254859808837
0.09690414802543112
0.19644024862706355
0.5127262294983961
0.46926961329121175
0.5470835360463091
0.8422078160817308
0.8123041990135227
0.15026952888619882
0.9337952843357469
0.7495221095923228
0.4818961460132325
0.4827483009872311
0.5875455803661505
0.6416336853524109
0.2539747444029763
0.9691448414124233
0.7640907798207501
0.8903319124650875
0.16969993242945458
0.5675218437171685
0.8881710180797373
0.03900727051359665
0.5834042353043245
0.016914888835681374
0.7580207192763528
0.7946504861375632
0.23092260162448808
0.5276921271977724
0.14523424092104809
0.5609774521142199
0.9407330276836878
0.026819675008084465
0.5005736566680188
0.5478131056719939
0.0686739705044217
0.23943415427803982
0.7515060172717241
0.8969780647117358
0.5696319869464248
0.6960790261473284
0.4112615090271725
0.054278682007088186
0.5678600048964288
0.323711257254774
0.8358636542678617
0.8447180143357107
0.5438947121362501
0.6968332527060253
0.0817724259903263
0.1517149507664035
0.001591065456175711
0.2050133555199849
0.13519775012938462
0.826331779044652
0.41533120467055595
0.4155902773514413
0.04846741795858889
0.05428991869696076
0.16352547549725616
0.2852674488482061
0.03845615727922236
0.08677538586240763
0.01944076521473992
0.21698448333286158
0.3631287139650996
0.4403956791735091
0.33812865605182685
0.99241977046684
0.41171816204665435
0.6697743830684804
0.07964134967261316
0.6112362399573736
0.2084034453591086
0.9450091997765191
0.029821018030253832
0.6227221988396987
0.3749726080670974
0.7155916426780335
0.7507608421766132
0.6725390376614175
0.5271527214136333
0.7413914363071159
0.8214501912992702
0.8835130609713953
0.5591547827618415
0.7213753386959507
0.3184687064180207
0.8483498384587103
0.49585792974030807
0.7372139609278054
0.08878468085505942
0.8005345674735409
0.9124336746407344
0.309891486673854
0.5317804215827857
0.31915766855977656
0.5697600516012984
0.6355430650937062
0.9607313739405756
0.08471170213637835
0.9062472407671522
0.8179995982274415
0.15843406357517265
0.6986269809453023
0.5988212855878126
0.5547051900451627
0.22262678112268408
0.11488422268822696
0.46724351656304663
0.13148120544881015
0.554185492912689
0.49618874028231996
0.297681889818749
0.8564661697389968
0.042082725414541056
0.26905452397212404
0.9373710466552581
0.6834353178494983
0.9213280928655154
0.3792622272269184
0.7932008732199425
0.040302799226850095
0.25420796760659314
0.0590302527912574
0.7729083179781016
0.0015349583239203657
0.22863412242822911
0.26130033142526865
0.06935941848687222
0.15360613436530923
0.16148544264324394
0.17465594092412395
0.16290333710261162
0.9945339013514491
0.028373458664979312
0.1598250731713644
0.8719531010631758
0.40966690381339177
0.8849041871688526
0.7489111075383097
0.8285002739709355
0.25338437034587313
0.8634641230016873
0.2213325952143368
0.8394821281132954
0.6385942709812447
0.31578832309846727
0.9428255251364204
0.4790089335299039
0.8414116727289305
0.9853616510741248
0.05616868808786979
0.05613887486883651
0.592216078892666
0.7625659364975301
0.5473412393815305
0.30662790226606207
0.5435048862805378
0.12001226566537482
0.6381371229080006
0.2644996349302349
0.1238539814732571
0.59766176790225
0.9830718635932829
0.9964336593145457
0.5324195049762417
0.19664781195703918
0.8558651545859639
0.6646839390479145
0.9438076459469917
0.4084525955734486
0.7259229138091339
0.393938472326788
0.5712708264792761
0.8636278729305402
0.447020607065612
0.6028074011483879
0.013331303953706186
0.8582099147340372
0.5115954470532433
0.34488598401077053
0.04277279369358289
0.11873825189541587
0.7403460008408205
0.09704142160905316
0.809877475240252
0.6592311458578675
0.9431665038815176
0.22633957003192795
0.1792316909225924
0.08387865045678855
0.8060788398205971
0.3397792139324822
0.7833532405731509
0.025231061736383786
0.6666777935501069
0.705028286720291
0.4128235402170568
0.6371167758807241
0.8199607914842706
0.4457073521717625
0.6115239724378638
0.11497627905279861
0.5939843761567587
0.11022146014757062
0.8576148037507108
0.4529159387267845
0.2782322698105937
0.2967038766846899
0.8273767906366971
0.49723289473887733
0.5129568766107095
0.6479227982056295
0.8610100769239113
0.7230196581446029
0.3778755044233546
0.6222774697964679
0.6470913089999171
0.4427172413504772
0.08198253796680266
0.6378475411933251
0.35440002877762744
0.8568354374266811
0.5162212836156479
0.925794569016892
0.6302821842176023
0.5835857854311053
0.21552739144667177
0.10775870308196844
0.793886405065767
0.7179586836218876
0.719123518088403
0.20719948034657465
0.010483686273522697
0.6700097458867407
0.011567626551501897
0.8712745287221024
0.07985153389877131
0.595318390808468
0.48797665157781145
0.6578296716489522
0.917773751317273
0.9604824302029031
0.354010144414475
0.485189663956866
0.9346838218694076
0.35875689882829587
0.6079964143387522
0.8761000213009071
0.7935840485544068
0.5586243593118232
0.6276410980153078
0.3932365545675529
0.7870152031973949
0.17474148137994838
0.4261293441208851
0.8842153112615927
0.982266844990886
0.9421682492430179
0.02729199431595397
0.050614117778106094
0.05880667165622255
0.3034064614926295
0.5493830838501434
0.8829365517594696
0.4765685930103507
0.689963709773673
0.8347181815513958
0.4495842652566291
0.09740322717871419
0.7425906861443567
0.0817845541576554
0.9132186492702885
0.6485004656706941
0.48278817585343026
0.4330024003918609
0.7718904373596098
0.4395004334609076
0.1142787235049445
0.19529777752900612
0.7731865626460803
0.4444167236252441
0.752311239733205
0.08607610739042015
0.7911330879897049
0.24926857319702678
0.6534563620121085
0.1952017309863594
0.7264976859875227
0.7658338838168621
0.5691438192619458
0.19598955679702135
0.8392512982083025
0.2564570725310802
0.7088123799615296
0.532669309332795
0.5688021486218604
0.6660391516554054
0.06723831825860982
0.06546860076586292
0.1252099114266303
0.6755199901000404
0.5823539357422414
0.18098613591345747
0.8607173272585324
0.984531480055812
0.7610342953244182
0.6268727975411086
0.8662371628325287
0.553301026642673
0.4742291957487188
0.7083292240206267
0.9376736680656683
0.006079714923021173
0.7102320592242792
0.6422790343863762
0.8660581303575097
0.5105355927972894
0.04056711225478238
0.7122078763043214
0.042789950307532854
0.4963955550063266
0.5739852042048312
0.8178670111844752
0.5878346472777469
0.19920129636059758
0.3614674524919581
0.5653677406902513
0.8948650700842296
0.8742486882824947
0.3608618233057823
0.7679786411381788
0.8215325588297695
0.6240663293176867
0.6953526592412913
0.6993064757590457
0.20755150197113137
0.3222463780943112
0.37727191971369756
0.30754247335891227
0.10323514618476981
0.9743332905870852
0.46152726007898837
0.053601421633058255
0.02273517977484074
0.5616836996031902
0.3972966695665576
0.47188802170513955
0.038949993216550904
0.29459790561393406
0.34030812550087197
0.5998321240842099
0.9467040093955428
0.23641922242743396
0.6838876710744388
0.27042375807316277
0.2977601266585863
0.5063288844188714
0.42952594386024257
0.1602121291187324
0.9710109490378247
0.25470322854421523
0.2023985437680309
0.995342019657184
0.4953027108185948
0.528061267969572
0.3045498942585261
0.5290037122787206
0.18719091791016118
0.49086629134336746
0.6853799358040451
0.1206940029695176
0.26650594602921474
0.2925580628186195
0.9288060311719171
0.8640917841110067
0.50401144499907
0.18325537136902237
0.7318520645146529
0.6861721736131208
0.5702532405323884
0.2753502660006282
0.9605710194571717
0.9903443689124773
0.39981146177400895
0.08026487130028692
0.6825069173776144
0.2587698825739504
0.563964603414367
0.4233200713568126
0.14996380569386702
0.6711610479767858
0.705879231817959
0.15725533479994414
0.2955499824601877
0.43294938474406486
0.7365885419906606
0.15374883150945107
0.2748745528818526
0.8193713830218663
0.8369629739898337
0.5056809783005218
0.38627139135179256
0.1820433417986851
0.6282162799192048
0.19757370401540042
0.3664960044015353
0.5341755633724152
0.5438345526112423
0.46518116580113555
0.011569359753423658
0.3354256200490775
0.8867484868975817
0.5034310864822142
0.5074206740691845
0.7903527257588749
0.19752037808303347
0.4406043250447924
0.8711196619982804
0.3644460500191673
0.922399588348493
0.6047730572853212
0.14374883028960683
0.7571197468532749
0.1100855477556737
0.16447531209844457
0.3557106640535266
0.6121553899038203
0.9703443392757158
0.16483142345190438
0.8428011733023983
0.3862064159011107
0.6394628113154299
0.41361870363280695
0.5422134419226265
0.488384768480268
0.6705249907341901
0.7361130210643125
0.1525369778465755
0.7101851331702937
0.48359917801334906
0.07709797386378026
0.9927772754668813
0.04641483535132451
0.2848182604371019
0.9398705734987067
0.21251232098015693
0.7144309939729745
0.9942882633610761
0.3662429860721883
0.9925400762330925
0.5208479340334082
0.31731977118942534
0.011457103057863849
0.37462369057578715
0.7922173193886681
0.2698759185971096
0.5985495326727357
0.18186809310114604
0.26626190038904096
0.006813904021737871
0.8520088055315971
0.38757223306097033
0.7341218945310353
0.043062307378467723
0.24389516468833783
0.6250739861674874
0.41662787716633587
0.5513918706843499
0.773538884363584
0.889243000378541
0.2160365701658169
0.9591973870995696
0.03458008711654936
0.26514563489883214
0.15278293643698238
0.7027700800219314
0.6062432630503434
0.515143212191683
0.05774639534971815
0.2880707108244076
0.4259379907935261
0.9916871527506887
0.47672809071525957
0.6963917858350028
0.7966251100141089
0.45791301585200617
0.7736451490619187
0.16903497447027038
0.8500451347183218
0.5890508690604233
0.034646547082678225
0.5806907286406451
0.7155086849507486
0.5204068902535608
0.05282327601152659
0.3506342556266919
0.37103286052149587
0.9782911573007929
0.6709934398041715
0.8204747566853798
0.09167576155657553
0.5288744872959996
0.3583684447654101
0.24126154724831483
0.7854298467964593
0.7455139400822033
0.7635259845190745
0.04139703054246402
0.21912800661684018
0.12968540916677163
0.2317202608307638
0.19526169883321765
0.7200786775536343
0.9242926439346777
0.05736630012111443
0.6995102826496991
0.03347472462102674
0.09369686449769654
0.13802231355217875
0.251742634825868
0.9580406119233251
0.36881058069365746
0.3642640129231032
0.02195679869407452
0.6486543429706662
0.8300767951517614
0.33087374543653914
0.49199251746415085
0.2181242728362629
0.31121021186970066
0.11474324376624456
0.44322653178668103
0.2849637175740327
0.021960355316118507
0.3800489165637271
0.5348397901284208
0.55986188970837
0.33554277592667847
0.3031174556898004
0.8502917106944281
0.8704183629523807
0.5243852723754554
0.4200095244838373
0.47071060046902846
0.13823748643475597
0.4946825449784997
0.09347978244619592
0.8935150103244516
0.7651885703094523
0.6374109735718387
0.8196879584594838
0.18903207739544992
0.6177246874133484
0.569607991473426
0.19189705292818537
0.46755552733995387
0.9752111700266506
0.9440463251184499
0.4305157164843225
0.7767401708438495
0.13588931597560205
0.19050347286093383
0.14657378622928063
0.5998677119715563
0.9860391964645747
0.23686578106639966
0.09884151034700572
0.902701356984777
0.3967626651493452
0.6685786446622499
0.692543931855433
0.9229913440400959
0.6519937022056503
0.5270726612961179
0.5152643204105667
0.002364159836970803
0.43694747174905024
0.4504868942022995
0.5970468881690616
0.6285937450687606
0.4917442274940602
0.5394753627679969
0.2855349445405575
0.6314600237226309
0.70121498735191
0.7627656670880276
0.29993883194451465
0.9621654690397468
0.2519562754765483
0.9204429969254249
0.17012271553226221
0.9728695478895628
0.9558412918701567
0.3441370275379241
0.03224463615810058
0.7277123954694675
0.7394038517638795
0.3855068247412281
0.28905610649493974
0.845546955641459
0.2782908931766148
0.5020193217841029
0.14394021730783457
0.9111414260615098
0.14049534408279318
0.28428446534192564
0.19164813092244448
0.781575189548501
0.42988259961642106
0.8107781247699155
0.48980535833719596
0.07760591376158366
0.45252333332452066
0.1585253659787642
0.4495137048653435
0.9756179676112451
0.48480200026533904
0.3917504404679908
0.3132069519800582
0.768768880805694
0.3733971149456383
0.2704234485655663
0.19871518801118393
0.10118166077013169
0.38705748437940013
0.47219682689512243
0.9436211424030028
0.415051454273216
0.2978125594179408
0.3613282986762838
0.03366457829123726
0.3534322615444401
0.033222711391544646
0.2231196567072391
0.9004847751576572
0.1675983076035812
0.6122797097986881
0.6096255968663502
0.8663662553374205
0.7623600373080539
0.20799786466279424
0.8601595820395573
0.02465735343859099
0.12895273974728028
0.38616058132704034
0.06266247697356753
0.9328406769359008
0.5161955820873414
0.9963218656228814
0.8692068607665508
0.25637005319204964
0.26918104373925456
0.33267415690153235
0.2179783748552626
0.021678615458777806
0.27357096835672734
0.9775806472339055
0.4689516167336194
0.16570653931567003
0.05128902683696479
0.505051926626783
0.26924635911175576
0.7369502747214907
0.2199606581852398
0.1824121126321545
0.22418096440573598
0.3390311328506461
0.794374429327878
0.06077895725486382
0.9278639091225427
0.6667608114160486
0.8802241338200834
0.941638735580288
0.30634769731337697
0.03127893201849852
0.924994672551235
0.7586808331517767
0.09258785742428466
0.652233354772368
0.7350358760158833
0.3289484075336193
0.4863716841711452
0.8964324321438375
0.42894422986659286
0.9247382142594966
0.36423705766481795
0.5265324228973352
0.9792958708881174
0.40799689918590065
0.8549730399054996
0.24437528046104107
0.46014266485499355
0.5696422559396972
0.739399149796514
0.8357499748182817
0.9329617101997496
0.8085900017001473
0.6469282794479569
0.1763880759867893
0.04497343281644817
0.030728121440313894
0.6089894335596242
0.6179846794803912
0.7364055845226081
0.3278407241403938
0.5319257885339106
0.7796167657357365
0.050311646739495064
0.08631897629893226
0.7887478164395743
0.7542811715959277
0.1417024541809664
0.473464507827414
0.009831637501531931
0.3980706014836324
0.7209725862100207
0.42506347055627436
0.9934254550107693
0.09735673389604216
0.4541306021641782
0.8254087469440419
0.12220117560826571
0.6231597893332612
0.9042951301504443
0.3541559712161497
0.9564548138782043
0.3321847015092687
0.12505945556354314
0.07234346431407812
0.9248868210269212
0.5381403365672242
0.21544412884190933
0.784332828493914
0.5345050939246117
0.6065914759298503
0.21324569339094213
0.6296970856046624
0.2321886972318743
0.0352847214752372
0.39467733641573544
0.6947098923959574
0.44301168802147606
0.5222566444717007
0.2385380166841713
0.7007826563854229
0.8259429667707445
0.6478850269830843
0.06515970907429014
0.07693404843948959
0.4213877176986609
0.013012548673456692
0.8090690047292621
0.8205671420105953
0.7391996055130516
0.5789310141276272
0.5605323573870435
0.21903034915120112
0.31427698070487065
0.5049329371625264
0.055346030228496046
0.9672859449834148
0.06681146126897697
0.9549814619024894
0.8918224579391538
0.7458501207731927
0.700879406957176
0.7426029187494481
0.3006562320298989
0.9371788393318583
0.31795932877096433
0.35397350161442653
0.5012729802086575
0.7725000854793014
0.8801309346092299
0.896430341456004
0.09835954154375504
0.0764556216629515
0.5089779465549404
0.7173956304954765
0.909564695099579
0.572038812895783
0.7478222887458621
0.7311538385897103
0.006952818985004994
0.3249039739990689
0.4818635956367556
0.3976945575154478
0.0951168625247889
0.2942570847234416
0.7255241311606746
0.5237426881573364
0.12895341833910057
0.6906567375147687
0.5804289534445806
0.890222908527855
0.6207371277978353
0.540396323700767
0.12311437306634465
0.3630061120642947
0.25373232390622524
0.42494851122235855
0.7323341004790123
0.7827202323978792
0.6564670146668905
0.6685850957300881
0.06619953645931154
0.8263768490243797
0.09912260601663347
0.153297875577332
0.8716048989209906
0.627763017596735
0.8089927361112603
0.015358216764361554
0.2721271440529105
0.9719952658108777
0.7181092480671705
0.9559548118084042
0.7498171877796371
0.1473573620304005
0.4546651730682538
0.45263834022982574
0.04745245667144804
0.11848622496633232
0.8252433842165863
0.7756304929757867
0.8414999109175534
0.3735875426111106
0.28663262673452805
0.14880624009149845
0.1554412190940564
0.8294625060555632
0.7281171261555968
0.5443823082328141
0.654246430619744
0.6828652387742422
0.6425206526812051
0.3935216157710961
0.3642025413332215
0.5975353721502414
0.2938382398634458
0.5974325725039853
0.8699947079958379
0.04741868162145302
0.6532637355201882
0.8871256304128576
0.9133184046348468
0.9411351555449465
0.5707684255945702
0.7033703420728776
0.6331731699887264
0.19255956976406274
0.7972032907322562
0.960648671550101
0.2741630206031269
0.08090052049968577
0.4419631463753011
0.401560897746297
0.24411993028000856
0.7954462801992734
0.8781302923793621
0.847591991071283
0.591580049643883
0.24569922638550312
0.9432919858659738
0.6552658130200002
0.42033192304791256
0.6820840796790524
0.32037494342719497
0.5736621544101108
0.6923765451897135
0.6536094513257364
0.6482018033826429
0.5405430252697738
0.6748847118684267
0.3036435424473731
0.9032362969463701
0.6907709992740205
0.535951105977007
0.3211070938033658
0.2960884015418601
0.5174482246956951
0.07629777449662911
0.47219895597336015
0.25407292020095484
0.2776840337123194
0.8872639095114794
0.7143806373390655
0.08518639507786419
0.26213417980841514
0.5510206350232463
0.9786507097471706
0.48229383368498424
0.07656221869686042
0.15886310438351114
0.6730000483204417
0.6143999120859884
0.7111668823825537
0.5851133444284857
0.782826918015509
0.6795608443036862
0.22099247404233902
0.18320532525708577
0.7085536431213555
0.9868576059227427
0.8566926010309199
0.7773166993206737
0.046157314333701294
0.479782248466913
0.4788387889842576
0.48746305387778177
0.10004554578529934
0.07532197196589885
0.7626556355512089
0.884627125680268
0.15643405211606298
0.5771163928824865
0.11518480601649705
0.3172914066677326
0.6427997907710448
0.03997210216825553
0.1762764793354279
0.36996904532417596
0.6509619405461997
0.16813661713470518
0.3253477918990171
0.7045056298758341
0.881107744896289
0.20945083633151262
0.05804766998113475
0.9365405843380041
0.9054136262825099
0.9466665929881914
0.1097478756519481
0.7289509991475525
0.630727884239866
0.4148020038906648
0.6864640500785197
0.4511307698932807
0.797630322632088
0.2532906725496691
0.8642768381712154
0.9988871668708228
0.9876752080819324
0.5571634252314024
0.4783572158733904
0.7050164682350819
0.6969071592252947
0.7105824597665567
0.9341368001136976
0.44425739645693896
0.928834597304059
0.4804502723458901
0.3223163169997203
0.16295395021251258
0.6345282525713014
0.5223000902630566
0.15139719479539493
0.38631305031089336
0.9037685578935963
0.2579937269381849
0.005723217612525033
0.15504508270144135
0.055901925588301316
0.43791371217383257
0.4422818203491574
0.8110619874889338
0.8764629958094594
0.02391219764239194
0.11639750461930132
0.9354195413937085
0.34795850181016763
0.7221065695147952
0.4374563012125776
0.44087055176007794
0.6467007677373047
0.7684788480990823
0.417967175182816
0.0462422933289901
0.9338990821359046
0.3554699905299419
0.28751139503948164
0.11263862814028447
0.11813172262716676
0.8843073094249332
0.7286119486596909
0.9949136869567654
0.304499026944383
0.362514029474198
0.2559960296483694
0.12563458657282855
0.8036989978334383
0.5689939423409802
0.9904701434124159
0.4315129514195737
0.4572032668098105
0.15109728579379467
0.47095326106755
0.7125121828464187
0.1450127855127079
0.6901931487070525
0.2120557342542384
0.48593188455807224
0.6828010803075935
0.0077142490944217545
0.058313283620651246
0.046571253756881426
0.8707264809395059
0.7738545010791886
0.6559391330274005
0.04743470638450753
0.5219037069036798
0.3479733601283246
0.8054423282848755
0.8727967244958741
0.6663643592991315
0.2281591051836469
0.05994337579336939
0.24801559464165757
0.04320081075804105
0.968298414207805
0.05361630133381867
0.48155803863382496
0.7227279743282093
0.2119225632885804
0.16653585301981355
0.7594227714649122
0.5692571418828871
0.8079590789456526
0.06076071455522292
0.21940063535775534
0.432531779688031
0.14815627919044227
0.7897915646838063
0.3317346186210739
0.7031158419411185
0.8507502648258507
0.2497835339130705
0.984910716840629
0.3075221013521998
0.3171782399874663
0.4828304562287009
0.8219380579454019
0.9695822753162375
0.89176717512534
0.13894673992583395
0.08162329716882955
0.12617469338023546
0.6971319406226548
0.27443001005151446
0.039629306540814424
0.7537215970845663
0.021262786277354007
0.9797664005172544
0.5106685782421023
0.8539950456679986
0.8099545647776483
0.725052687473686
0.4425643119918554
0.9522103934230943
0.3930659438732369
0.04367093387666365
0.5191289019520908
0.24094524517851457
0.0911907752385881
0.44563823799256874
0.7725538539078871
0.9739128203589209
0.7902240276899242
0.39286606963753257
0.2122972864225463
0.6490659531429233
0.1880339077287223
0.5170593136228825
0.8334094845355255
0.526884102040841
0.23305922922763056
0.7883160193521268
0.6195460473736059
0.46691169064725413
0.11401912714663975
0.24401004057851972
0.521025133861289
0.24507749504701581
0.706714040351919
0.4512057413764581
0.8524986156211807
0.28464553738325415
0.6246590824945326
0.4082987520873964
0.07137684895605645
0.4467028646859912
0.531847696815317
0.44254655780044727
0.4276925922558916
0.2914591206765589
0.8914383647742221
0.4264638652870292
0.4094062916154997
0.5637057069337932
0.11128997109707073
0.5365892629176754
0.6275796513608338
0.053119638378243295
0.09577850304786617
0.4233020103599556
0.14379844714770074
0.7071683383969274
0.3312280951362325
0.07121628350333697
0.9063186989657379
0.5030513319408627
0.49039793961862266
0.9780925525576125
0.44327033493299917
0.46690106406603893
0.1072172010239072
0.34158044761236006
0.7603166737707525
0.5280885662346961
0.010413378281888486
0.48839366485597835
0.07729678966693032
0.9906496334186201
0.17611321567336535
0.9787084695844428
0.9204976381741841
0.03669526719933258
0.9625990659965309
0.6399473508973139
0.5149627864555231
0.7585991811196948
0.6745485755501388
0.9332839213177746
0.9579146078004048
0.751636053988826
0.25074953169568515
0.2812174206816964
0.46530718322819564
0.7329328709629694
0.4385506900812135
0.8912375210306589
0.29037403051722
0.8100773572807607
0.46985422683814604
0.3169990970010501
0.2616077482046817
0.2870908539288728
0.19286649769122044
0.46036130976163214
0.7906891796282982
0.1899845394590698
0.3628201394339863
0.5034243575403137
0.023881091308258995
0.9454368845375571
0.5393376801079033
0.15915339303094989
0.4515892192212023
0.7080561612699086
0.7559499135453933
0.9126683085750282
0.8216099346251182
0.7315033438878527
0.9427397260425041
0.012239372842194784
0.47523542171517885
0.2740613462989234
0.9411469466348241
0.0029312715808289536
0.5347772264345265
0.1878393021324236
0.12433676615073774
0.4570581256451338
0.28329243283677275
0.6281805831549938
0.12374653851220341
0.25016680147235304
0.08030104794291448
0.9020700391759064
0.6336438453726605
0.6983023928790295
0.9647667687026833
0.6283647691549428
0.6216669136342883
0.8804851617948095
0.08598468680905791
0.6041400784957653
0.6174006613227323
0.9624755456414527
0.005672145199709044
0.49831432519173746
0.3550527283873226
0.2500979172590301
0.1540929376486444
0.5948524101356376
0.19561180406361167
0.1350907789168101
0.4655925298014134
0.20529295617211352
0.25729613265449425
0.23636009352446852
0.432099165899398
0.08130433786088309
0.8211355608233879
0.6572963059508132
0.4184018209103324
0.6034269462240986
0.29706359946818006
0.4257844335792662
0.6174352023045016
0.7143432273577601
0.9310097352124995
0.6047492438510087
0.09278758406159238
0.5347838453670495
0.8316416320269526
0.6619028896777961
0.15684146396002774
0.6977627487085527
0.6126134161045671
0.11419423778512439
0.4907228915816588
0.4037298021186193
0.7269359179709711
0.5669588184426988
0.6009427570223902
0.6633302718961624
0.47954057489862456
0.7864195080001146
0.4426047645176838
0.37943498867149206
0.22179284075995986
0.062100496980716624
0.12759837120485695
0.9254139495003473
0.6649638580680481
0.8133904144904163
0.7038465243866601
0.7059823358239765
0.7176569448162426
0.4000259808359119
0.9108015583184395
0.37417792030342145
0.31636749702374223
0.9905179828049524
0.5588473234992293
0.33933366351137395
0.6083784957690554
0.15208737629066427
0.05064137744663877
0.9622818295813689
0.5972458490014572
0.024242464955744225
0.4231578115370207
0.4557127723595329
0.10721634006113523
0.6699583497526225
0.687357677590956
0.602460938271606
0.6350342741543282
0.3292490518468343
0.34196874277647415
0.9112566622936333
0.47800698593556157
0.12772469825546295
0.09645718624981714
0.009176858198810756
0.3976997866238039
0.02646454291144451
0.7953809283744531
0.2681625471616922
0.9608373786145703
0.4808320125927259
0.7186393513077005
0.4530206002871173
0.1796386799499392
0.911801481192106
0.9804047051228788
0.46696729897422085
0.23793891061652395
0.9220725478250675
0.2829655965024831
0.4321287814789003
0.9309707540799634
0.024896198917585988
0.7762580294134502
0.822350616509629
0.28696027384905554
0.16179590363942276
0.4108273391955437
0.3682944919586424
0.4443696182108421
0.9953972303521825
0.34950079987102955
0.8939207545999344
0.29587844254979667
0.19444063697632652
0.6626143161484674
0.874497479353721
0.8960227744213285
0.8347523570210273
0.4695465157582608
0.2849330063345821
0.7712738477401879
0.9674962103057032
0.4375627932051749
0.7320413425091838
0.30889892585099754
0.027871297966588937
0.4116432913544603
0.3428071644813606
0.25675829801767724
0.7899122395397777
0.7604973576036571
0.8581944243803146
0.08106888522836764
0.29134190975908836
0.9315319935852435
0.9906290528432109
0.8508644370589542
0.6233373631812944
0.8353315816566265
0.8210904261252692
0.4385128656627577
0.37430563291999275
0.4275816109256021
0.32141189845402107
0.3772796892073529
0.8792271543438352
0.4791623400679823
0.3163602780058574
0.3471843620215662
0.3406514326685688
0.6335351503727364
0.7675792087526487
0.7864141342615039
0.7702419462552517
0.23274472545929692
0.4983722036565865
0.4656295572896285
0.6603216447154152
0.2172111297527517
0.2960765062421904
0.8011404151187234
0.19072901393384734
0.27784478218698894
0.12005329433888057
0.27080515976710395
0.3562871508732266
0.5437266275731993
0.25832593889040467
0.7817726684401296
0.36082699576169364
0.37645093412845987
0.6052977065414411
0.4564327410542395
0.5591658706747678
0.7100140031241964
0.3008723137698486
0.18378143428109484
0.8535366078233468
0.41461667418723724
0.6104708955557234
0.21521713136459897
0.7055426062806149
0.3519334920926951
0.0008869036266374586
0.13828903408955373
0.042975429196463244
0.13165535440185328
0.9196357010675373
0.4522373456663986
0.14675684007869738
0.206635057283574
0.1315325530824727
0.25240018203192305
0.7970547494035172
0.3228779788765066
0.7167073422639321
0.06379856476636014
0.13158979752690825
0.7322862855643406
0.40658221402518757
0.6627874406675596
0.9482941863715577
0.2349777349126192
0.8144618857178079
0.7996027797483003
0.6272540560530666
0.5924254944466241
0.42385696402792017
0.7563406286297589
0.3160305069550786
0.1628140865126564
0.2541869340267513
0.3243035175305802
0.3179054006519342
0.664543610289019
0.7141651348245053
0.9625513731246329
0.6120129369221434
0.8587653977687464
0.9919028600251634
0.6983273545566744
0.531558059542065
0.8068847598428575
0.6204702059833194
0.24317950371154673
0.04996973499476698
0.7447179478042263
0.8517069044890262
0.5470628219952105
0.920373113149541
0.7917706292962241
0.09694303797653148
0.36028731579736983
0.008894295569216393
0.14386267037654976
0.15901934713388965
0.7495281343834646
0.5040938956622891
0.9172971002825476
0.5430925014993717
0.32852690159104303
0.34161836703574533
0.9636004842783468
0.3916781889307328
0.17503509023908115
0.8651707208181489
0.7315126620307413
0.8543226733320477
0.21004451673346658
0.7957013181615971
0.5042384367618098
0.8706830549308191
0.6447373956489566
0.7474390308808072
0.8990630760814535
0.2985622925120941
0.004791485566506104
0.6443000070586558
0.04549770321944013
0.5353820189526091
0.3156751744897601
0.06923536288549403
0.6365331639381104
0.10094541343929664
0.013056207615755433
0.14087435576661633
0.2833616322906425
0.3341910602504188
0.6850570854012359
0.1871506365721194
0.8884034009671302
0.6014112033208998
0.22982483955322297
0.8334822899991685
0.7429535322771614
0.5319500491750708
0.26009672507913706
0.48107800015453916
