# browser_rnd sample v1
ua: Mozilla/5.0 (Windows NT 5.1) AppleWebKit/537.36 (KHTML, like Gecko) Chrome/28.0.1500.95 Safari/537.36
appName: Netscape
appVersion: 5.0 (Windows NT 5.1) AppleWebKit/537.36 (KHTML, like Gecko) Chrome/28.0.1500.95 Safari/537.36
platform: Win32
vendor: Google Inc.
oscpu: 
cpuClass: 
language: en-US
hardwareConcurrency: 
deviceMemory: 
screen: 1024x768x32
date: Fri Jun 12 2026 15:18:00 GMT+0100 (GMT Daylight Time)
epoch: 1781273880188
count: 4096
---
0.8546890821307898
0.13344585406593978
0.9255456675309688
0.4874184844084084
0.7813488421961665
0.35216946457512677
0.5253266482613981
0.45786943077109754
0.866792562417686
0.408986649941653
0.5406535156071186
0.34316895762458444
0.6036311390344054
0.9611060067545623
0.4174698085989803
0.22040006215684116
0.40259179985150695
0.3240796758327633
0.6626698423642665
0.7252826213371009
0.46132501657120883
0.9367355091962963
0.5384576532524079
0.688185629202053
0.32709346804767847
0.11292242864146829
0.3877212372608483
0.20768589316867292
0.13401754340156913
0.991925708251074
0.37130534974858165
0.5079711261205375
0.44049490382894874
0.2815841995179653
0.4517688755877316
0.920759140746668
0.46784782595932484
0.8399155593942851
0.9847227423451841
0.4753200802952051
0.24816094245761633
0.4357279120013118
0.773732247762382
0.2743827432859689
0.8701075108256191
0.002019531326368451
0.14119904185645282
0.5394792307633907
0.38079866766929626
0.8102716563735157
0.623931399313733
0.3453178300987929
0.4289422845467925
0.4454056464601308
0.831691917963326
0.38948089838959277
0.9151568226516247
0.5403152762446553
0.6986775260884315
0.1584176137112081
0.24699934385716915
0.08706934959627688
0.48017629026435316
0.9667936698533595
0.384365685749799
0.8256772707682103
0.23705860436894
0.7132093030959368
0.23532723216339946
0.6627037094440311
0.1885182191617787
0.79875229136087
0.8948118865955621
0.14581632241606712
0.7840775321237743
0.9572764672338963
0.06481342506594956
0.38622438069432974
0.07863543648272753
0.05056831962428987
0.27740963571704924
0.5726415901444852
0.7909398609772325
0.10470161586999893
0.11569450120441616
0.001960674999281764
0.09439650760032237
0.17758609703741968
0.07213508291170001
0.9801769820041955
0.4506001230329275
0.06430720863863826
0.9499633847735822
0.3772057043388486
0.6343322384636849
0.45215550693683326
0.40793704823590815
0.4650342424865812
0.6024559757206589
0.2468755068257451
0.1438148587476462
0.28661212627775967
0.24150337814353406
0.04914578376337886
0.8104401889722794
0.08648436702787876
0.6934172180481255
0.6982399094849825
0.6969679011963308
0.695367950713262
0.00027567939832806587
0.09745040559209883
0.8721528518944979
0.593921389663592
0.14932183362543583
0.690222188597545
0.7901183392386883
0.035382543224841356
0.046063924906775355
0.22144197206944227
0.02580933296121657
0.7164466362446547
0.28706600214354694
0.1841202254872769
0.39278234308585525
0.6575978340115398
0.4537447839975357
0.7606101122219115
0.7697262906003743
0.5463184621185064
0.3056253995746374
0.6985146435908973
0.2350254156626761
0.08210449200123549
0.9984713683370501
0.6934896733146161
0.7889631190337241
0.8215434248559177
0.9976864519994706
0.679609096609056
0.8258332405239344
0.1076125712133944
0.5201878717634827
0.7048812911380082
0.8673520646989346
0.724645437207073
0.041020673932507634
0.12292115157470107
0.798182763857767
0.8629558377433568
0.6585071659646928
0.6172531899064779
0.5508202023338526
0.9584607474971563
0.16624674783088267
0.3560575400479138
0.9418412796221673
0.26365471980534494
0.11289434041827917
0.8820902984589338
0.3913522327784449
0.573092661332339
0.908640667796135
0.11553954659029841
0.3922611514572054
0.43732863874174654
0.044836374931037426
0.7487920266576111
0.4686936177313328
0.2666869719978422
0.9789844849146903
0.8262797293718904
0.34667408489622176
0.7430312798824161
0.5756717091426253
0.7794134027790278
0.4781906823627651
0.47038975404575467
0.8377307157497853
0.5318423204589635
0.651014523813501
0.3891639180947095
0.358027154346928
0.3449313847813755
0.1751096728257835
0.9028333316091448
0.3999999179504812
0.7416877667419612
0.9843151120003313
0.19855290465056896
0.5636764098890126
0.02966363076120615
0.633087980793789
0.7705196405295283
0.49755885219201446
0.2953772076871246
0.01238418254069984
0.372050313744694
0.8275369403418154
0.04096728772856295
0.45457431417889893
0.43608898273669183
0.6169051467441022
0.21528532006777823
0.9127586428076029
0.5073155532591045
0.04438651725649834
0.4035995057784021
0.9562082840129733
0.9986860705539584
0.6316095259971917
0.43711615330539644
0.18394234194420278
0.15845870086923242
0.8005339195951819
0.9511409450788051
0.12163042044267058
0.5851666314993054
0.45281035057269037
0.035095973405987024
0.14228910440579057
0.8331336132250726
0.3052711673080921
0.6443968072999269
0.4799318900331855
0.5671882024034858
0.4467639292124659
0.47643496841192245
0.4522860664874315
0.43098933156579733
0.419392068637535
0.5769840891007334
0.6438838860485703
0.5636770667042583
0.6659140936098993
0.9027622865978628
0.7245091886725277
0.9596925424411893
0.6600132053717971
0.17808763729408383
0.15219902922399342
0.10848933109082282
0.7132900475990027
0.9421405782923102
0.38208223367109895
0.13464232510887086
0.47237149300053716
0.43141140625812113
0.8834888599812984
0.9925617075059563
0.3847333062440157
0.45492021506652236
0.8054668726399541
0.8150703231804073
0.9203675077296793
0.016756465192884207
0.05669495323672891
0.6959204168524593
0.13820980349555612
0.08342244918458164
0.3685809855815023
0.926982878241688
0.3441665321588516
0.39255991228856146
0.031946620903909206
0.199824636336416
0.3466909066773951
0.2654296001419425
0.569344048621133
0.9799404602963477
0.6401298977434635
0.7367867741268128
0.4791252361610532
0.8394100775476545
0.5534570561721921
0.9781611019279808
0.3618191215209663
0.5877810446545482
0.19864775682799518
0.265450474107638
0.016007030848413706
0.351114843506366
0.6307713030837476
0.6424853375647217
0.6480458965525031
0.28260642173700035
0.8422651025466621
0.6387328093405813
0.04663617769256234
0.49706483725458384
0.5438409566413611
0.5721830495167524
0.43082699994556606
0.8039887314662337
0.7624429422430694
0.2565236450172961
0.4339166693389416
0.3868833987507969
0.1709808122832328
0.5623925977852196
0.7401867620646954
0.4260577738750726
0.16070399340242147
0.27341120527125895
0.85443807952106
0.9981874844525009
0.19292666018009186
0.8209629892371595
0.8876862099859864
0.08064650185406208
0.34365458437241614
0.6068477078806609
0.8628327038604766
0.7472085477784276
0.5596232214011252
0.4337237779982388
0.9164489402901381
0.5556673198007047
0.4987587705254555
0.4019989762455225
0.6670323887374252
0.3512140023522079
0.20639177015982568
0.6328901427332312
0.125393956201151
0.505320867523551
0.7171542022842914
0.4558368257712573
0.20933326100930572
0.6842148702125996
0.18347591115161777
0.9323027189821005
0.020351296290755272
0.9562831229995936
0.9374030148610473
0.014473337912932038
0.47113062255084515
0.8131701254751533
0.27711729193106294
0.13910020585171878
0.9293271279893816
0.7767233946360648
0.6432457258924842
0.9087148127146065
0.08682378428056836
0.482302803080529
0.2112265918403864
0.9869090844877064
0.5204186020419002
0.22620253707282245
0.08140425756573677
0.5427639686968178
0.7992348021361977
0.5915139401331544
0.7021378290373832
0.3263069591484964
0.478581981966272
0.45404254784807563
0.49633585242554545
0.34358481247909367
0.9559968358371407
0.24197539314627647
0.6702223520260304
0.9293013329152018
0.2277236480731517
0.1474668572191149
0.5475081403274089
0.9500959508586675
0.7425345859955996
0.8456530426628888
0.3172861570492387
0.43073287419974804
0.5478896638378501
0.9299383759498596
0.973930649459362
0.790212363936007
0.6936161573976278
0.3100179177708924
0.6682076645083725
0.28295671357773244
0.9578978177160025
0.7053589196875691
0.39969517942517996
0.8313417383469641
0.7546348571777344
0.5760143445804715
0.8229373339563608
0.10217054421082139
0.536911642877385
0.294301989255473
0.8085827112663537
0.4171211936045438
0.6254950810689479
0.5363540861289948
0.49639258859679103
0.3424456457141787
0.4168474618345499
0.26753239845857024
0.3454586253501475
0.4904868667945266
0.5238039789255708
0.05639571091160178
0.9819846272002906
0.13829267071560025
0.6967606886755675
0.5660065314732492
0.20128462673164904
0.35651018167845905
0.6193036057520658
0.0380952674895525
0.11700571421533823
0.8925383603200316
0.10802000318653882
0.3458664598874748
0.39243489666841924
0.7079749989788979
0.33917163754813373
0.45899962866678834
0.9357488402165473
0.11136529641225934
0.21123025566339493
0.3714303851593286
0.2420872540678829
0.9469365545082837
0.21960479812696576
0.748407228384167
0.6165025467053056
0.6106027236673981
0.971907583065331
0.40845878259278834
0.5778822575230151
0.8823537635616958
0.5639798401389271
0.09976200759410858
0.06203797901980579
0.8194203863386065
0.3172908986452967
0.4931605535093695
0.7283315255772322
0.1091058214660734
0.5148112790193409
0.3501812778413296
0.9250911041162908
0.04372114292345941
0.3215203483123332
0.5807614005170763
0.62550009181723
0.7213507890701294
0.7234996240586042
0.9250122560188174
0.40516862785443664
0.8509307820349932
0.6962935761548579
0.5394040222745389
0.0020746574737131596
0.0945804063230753
0.5932053015567362
0.2459890788886696
0.8059228819329292
0.26100055943243206
0.002016108948737383
0.3896014445926994
0.26294205081649125
0.1330135348252952
0.511161636095494
0.29969508294016123
0.7141808497253805
0.2369634839706123
0.1485658681485802
0.48597136000171304
0.8432306968607008
0.7036912974435836
0.2788761470001191
0.6853756266646087
0.602605426684022
0.88737653917633
0.27975613507442176
0.3963439343497157
0.09260230860672891
0.4560287587810308
0.9387579569593072
0.1326199749018997
0.10161818657070398
0.515892329858616
0.3537232887465507
0.2639954686164856
0.4315868087578565
0.519857096252963
0.8245705054141581
0.6177274263463914
0.5194746255874634
0.6029389884788543
0.8814443538431078
0.6082912436686456
0.013096517883241177
0.5640427633188665
0.2515183857176453
0.7849745471030474
0.2979307337664068
0.5166915829759091
0.0011024470441043377
0.45265942718833685
0.15375587693415582
0.6491866265423596
0.5460644839331508
0.8349596473854035
0.6676219992805272
0.997546998783946
0.9181939412374049
0.4291034694761038
0.6962631240021437
0.28235240816138685
0.4642843019682914
0.6262018671259284
0.933028637431562
0.8302800604142249
0.17659319005906582
0.014346954179927707
0.1436800470110029
0.8517640365753323
0.23752996372058988
0.8519658055156469
0.5398638290353119
0.17691312613897026
0.694915055995807
0.6299761165864766
0.10002463054843247
0.726618179352954
0.28328824671916664
0.03864364605396986
0.08513706992380321
0.941698536509648
0.5393076348118484
0.327826612861827
0.7338271462358534
0.6728582887444645
0.9544727297034115
0.521075174678117
0.5550971254706383
0.6994224637746811
0.40665445337072015
0.32190291839651763
0.9554985859431326
0.9408867652527988
0.5163454934954643
0.5341725638136268
0.012369309784844518
0.43864131602458656
0.4057041753549129
0.5438576962333173
0.8255317008588463
0.772060249466449
0.9912557401694357
0.932463858043775
0.6155641584191471
0.16569531499408185
0.2228066746611148
0.8744954117573798
0.870661104330793
0.34639254538342357
0.9457355530466884
0.5942568755708635
0.21011929074302316
0.8730881251394749
0.051816053688526154
0.013964396668598056
0.7897437857463956
0.9915215345099568
0.8168306269217283
0.2702759001404047
0.4602693652268499
0.4315874802414328
0.6442360205110162
0.4239714106079191
0.9806851900648326
0.8892959803342819
0.9593319662380964
0.9444778834003955
0.041012143483385444
0.39334551873616874
0.8644751282408834
0.7068154476583004
0.7921872131992131
0.7267958133015782
0.10102077224291861
0.11042918357998133
0.8308185103815049
0.19395765312947333
0.15253654797561467
0.8985309922136366
0.2774822909850627
0.29701955430209637
0.5063118659891188
0.958238362101838
0.04120852681808174
0.1854370362125337
0.8607272896915674
0.7793869650922716
0.00006301724351942539
0.2870417907834053
0.14787685172632337
0.6043315008282661
0.4296230189502239
0.9949746935162693
0.009434282314032316
0.47531412285752594
0.209502131678164
0.19901008321903646
0.4790888752322644
0.03801446664147079
0.12620082427747548
0.11710445955395699
0.5203220781404525
0.9381011356599629
0.7188077343162149
0.4106535022147
0.6820871999952942
0.48309176228940487
0.45777040789835155
0.2517299735918641
0.6347531387582421
0.8757156294304878
0.7096617664210498
0.7262909307610244
0.2494629903230816
0.6481061680242419
0.7065169340930879
0.43423500820063055
0.6706068334169686
0.30205033952370286
0.6974996502976865
0.7619241278152913
0.8862385700922459
0.7850311791989952
0.14784949948079884
0.39471658901311457
0.43075906950980425
0.9180394662544131
0.6222440653946251
0.7985448869876564
0.04251013649627566
0.7015248558018357
0.8808602129574865
0.27369733760133386
0.28316045086830854
0.7514310702681541
0.8701895440462977
0.5988348207902163
0.7665313656907529
0.08765337197110057
0.8717443374916911
0.6205583401024342
0.5332988251466304
0.799945451086387
0.8329790572170168
0.25805647880770266
0.6148111594375223
0.3152741661760956
0.4222301593981683
0.7545433023478836
0.022258295211941004
0.1779420420061797
0.7438087353948504
0.7486224691383541
0.4570996258407831
0.6393360844813287
0.16186369047500193
0.6628530465532094
0.7927467294503003
0.19460160471498966
0.9463178121950477
0.33227378758601844
0.49707767041400075
0.6690556281246245
0.8795570486690849
0.8434165178332478
0.7866228234488517
0.20333816320635378
0.7106927819550037
0.9867805577814579
0.8017453968059272
0.721225397195667
0.33294496638700366
0.26025287969969213
0.4168926947750151
0.15082522272132337
0.38389492337591946
0.6060835663229227
0.9328499180264771
0.2696591636631638
0.47906197397969663
0.08180642523802817
0.5597307081334293
0.06055072392337024
0.25031222007237375
0.17517983354628086
0.9917683021631092
0.10662141651846468
0.7914477863814682
0.8970876187086105
0.3855789585504681
0.8333473007660359
0.9281039736233652
0.17640686011873186
0.46253297640942037
0.15932080708444118
0.4226233053486794
0.3786754801403731
0.8817439051344991
0.26164326164871454
0.012608456891030073
0.6146949781104922
0.5041803692001849
0.15093518258072436
0.15087676793336868
0.07649828749708831
0.8101429180242121
0.0055868071503937244
0.020759950624778867
0.4352546064183116
0.43942219065502286
0.9527563971932977
0.15803520241752267
0.8592858167830855
0.8410933997947723
0.12094302801415324
0.704438473796472
0.43691081926226616
0.6733089811168611
0.8637542906217277
0.9134197728708386
0.3987524169497192
0.11434405692853034
0.4321218216791749
0.794557448476553
0.007344531826674938
0.5690768281929195
0.6800164515152574
0.607213870389387
0.5089245962444693
0.002470639767125249
0.3355131864082068
0.9719182357657701
0.7500257617793977
0.06191429658792913
0.5610647064168006
0.9641745546832681
0.8218412003479898
0.7624060702510178
0.6341342530213296
0.7257292724680156
0.39986548759043217
0.6949822155293077
0.9468262526206672
0.8364642579108477
0.8708733757957816
0.6817068119999021
0.5711035814601928
0.5333623967599124
0.11055995710194111
0.5304878349415958
0.5632335608825088
0.31512628868222237
0.03785403352230787
0.29220610787160695
0.0282580538187176
0.4176647514104843
0.5849546417593956
0.18946079723536968
0.41273143282160163
0.9424945320934057
0.4323778615798801
0.6260953114833683
0.27530852472409606
0.04629256087355316
0.4707276951521635
0.4331840646918863
0.9236714383587241
0.996821021893993
0.8848713324405253
0.5473155083600432
0.5550644854083657
0.14905368722975254
0.5667842580005527
0.6171210422180593
0.5734862750396132
0.011855564545840025
0.5272353566251695
0.006824537180364132
0.6418537106364965
0.948444283567369
0.004371271468698978
0.3110445090569556
0.8087060786783695
0.2341906710062176
0.3593006758019328
0.5138234286569059
0.6690407416317612
0.9780651992186904
0.3725759487133473
0.08884300501085818
0.9284234098158777
0.8938611259218305
0.3131141122430563
0.6979690254665911
0.4327172788325697
0.7858436182141304
0.4505642675794661
0.9645658100489527
0.040481145260855556
0.1522022329736501
0.0942172184586525
0.43120744824409485
0.7110279847402126
0.347953021293506
0.4109554821625352
0.15516320406459272
0.5681876356247813
0.27061025029979646
0.012970136711373925
0.9363147767726332
0.3731629450339824
0.2998977261595428
0.8821931502316147
0.907288959948346
0.08345860685221851
0.23449586564674973
0.012365108588710427
0.49446219531819224
0.9009769498370588
0.6816576295532286
0.3006823589093983
0.4670444382354617
0.5167060049716383
0.39676376339048147
0.45363989588804543
0.014974672580137849
0.8859520906116813
0.6276334545109421
0.1903113538865
0.457023091847077
0.9501183032989502
0.2748906195629388
0.7478244437370449
0.8274875243660063
0.79723781789653
0.49352259119041264
0.20538324653171003
0.8278784833382815
0.12865460803732276
0.22799822129309177
0.3853971406351775
0.06765174842439592
0.2971691773273051
0.0966705793980509
0.3863968439400196
0.7363530532456934
0.8345167676452547
0.9832817665301263
0.4038183733355254
0.26094716135412455
0.959617386572063
0.7183940769173205
0.30661088856868446
0.07916554436087608
0.2054227909538895
0.20025719283148646
0.9930139712523669
0.9772001628298312
0.7790333908051252
0.45604408252984285
0.4089782149530947
0.07757046562619507
0.4454073237720877
0.9428468409460038
0.4818031331524253
0.5275213122367859
0.4355299596209079
0.7389703863300383
0.29389384272508323
0.12760366359725595
0.770530957961455
0.8445556540973485
0.31953364494256675
0.720525645185262
0.7452461768407375
0.9001942784525454
0.5315673411823809
0.5799547291826457
0.0002455594949424267
0.5772859605494887
0.17316574999131262
0.18438297719694674
0.31016766279935837
0.687088796403259
0.536663428414613
0.9506264145020396
0.2892041464801878
0.5876742736436427
0.4357508746907115
0.5895684841088951
0.2598938241135329
0.07552356109954417
0.06552430149167776
0.29068152233958244
0.08386702300049365
0.9393095297273248
0.9029861697927117
0.2619150069076568
0.45556058594956994
0.0394880217500031
0.6078736607450992
0.8077474371530116
0.1934030365664512
0.13254857435822487
0.7785195561591536
0.461723001440987
0.9221306978724897
0.331493875477463
0.03711236035451293
0.4252963028848171
0.7205594715196639
0.5414916684385389
0.9744597931858152
0.8831086412537843
0.8248160635121167
0.9013926493935287
0.3958334440831095
0.6920769012067467
0.3177159787155688
0.49795565684325993
0.2791298439260572
0.06503987591713667
0.425085105933249
0.3127479925751686
0.15427899570204318
0.8569557876326144
0.9708731302525848
0.8657064612489194
0.6161324616987258
0.32416819757781923
0.4192551509477198
0.38635354000143707
0.7806799109093845
0.2648882956709713
0.025359160732477903
0.9214594473596662
0.6627661362290382
0.9830497617367655
0.8250732475426048
0.8327345359139144
0.8039025203324854
0.9227563657332212
0.44043642142787576
0.8395593320019543
0.3309299168176949
0.8611034902278334
0.9996469265315682
0.10131308226846159
0.34474134678021073
0.13029447593726218
0.8577252263203263
0.7659890209324658
0.4010034268721938
0.3391623597126454
0.3733952599577606
0.6642708391882479
0.8761610940564424
0.5249780658632517
0.5636462063994259
0.7721393515821546
0.2426415141671896
0.44483638112433255
0.23004758660681546
0.9754232305567712
0.22277330560609698
0.9152480841148645
0.7485427157953382
0.5986920362338424
0.15347173367626965
0.9498803415335715
0.4261833424679935
0.5195174685213715
0.6192615749314427
0.6653063665144145
0.6017588558606803
0.17383889551274478
0.45940962503664196
0.41794523946009576
0.09666830697096884
0.04743638588115573
0.9841798834968358
0.21674246713519096
0.7822397663258016
0.7970201305579394
0.5773823179770261
0.09242793172597885
0.16057835100218654
0.2286217282526195
0.6866774449590594
0.05532969371415675
0.0673601042944938
0.4650970450602472
0.3198533314280212
0.47002862417139113
0.6835289699956775
0.6849464047700167
0.18717954703606665
0.7564340240787715
0.08851469494402409
0.04073201701976359
0.06615755730308592
0.2945213883649558
0.4870787139516324
0.19243764271959662
0.31375008588656783
0.8644737352151424
0.7087541092187166
0.7845609248615801
0.4548383937217295
0.45310196559876204
0.06320977490395308
0.31772565515711904
0.5316925554070622
0.13605217752046883
0.30525119765661657
0.5197236470412463
0.6284999849740416
0.493239191127941
0.13954146043397486
0.0754702955018729
0.1017224199604243
0.8243736806325614
0.01580836670473218
0.812591693829745
0.8336753326002508
0.9480415566358715
0.6690422736573964
0.029439829289913177
0.9224686955567449
0.13601780496537685
0.43835954810492694
0.07283305702731013
0.9029019095469266
0.4170730940531939
0.6758838351815939
0.6309043404180557
0.8000466602388769
0.43932996806688607
0.4512296610046178
0.4847043927293271
0.576099289348349
0.0023563767317682505
0.820687677944079
0.37334503466263413
0.5437873012851924
0.11944628576748073
0.36654825415462255
0.853426945162937
0.6914866135921329
0.1528926263563335
0.729003865737468
0.9339845580980182
0.28540100855752826
0.57415347895585
0.9785301671363413
0.26844560261815786
0.9526765737682581
0.6465277492534369
0.8352313388604671
0.6447388341184705
0.2497853043023497
0.8291967785917222
0.6077859196811914
0.5640904055908322
0.602322953986004
0.1832773049827665
0.7727499371394515
0.7318755171727389
0.013594596413895488
0.35733827645890415
0.5537554654292762
0.42019342281855643
0.5283280019648373
0.8474860603455454
0.855837891343981
0.8797457492910326
0.17167974915355444
0.8742441730573773
0.7437665001489222
0.6880766153335571
0.8749179549049586
0.946884541073814
0.7928286558017135
0.2952213727403432
0.957926485221833
0.8482086546719074
0.08035426610149443
0.03497778298333287
0.8078780870418996
0.031012447783723474
0.9588539830874652
0.20102781406603754
0.8654710596892983
0.2190786637365818
0.17598928231745958
0.9698324862401932
0.5763556640595198
0.2958540990948677
0.7475611921399832
0.5812868569046259
0.8757455407176167
0.7403508231509477
0.3713712578173727
0.9954585372470319
0.26405568746849895
0.30756094586104155
0.7972423117607832
0.27886751177720726
0.5023222607560456
0.9710708053316921
0.7641477813012898
0.46165121207013726
0.1514186894055456
0.9219511565752327
0.48086978774517775
0.23460066155530512
0.6325736115686595
0.4173818784765899
0.6890416399110109
0.2559727674815804
0.7940200581215322
0.19941274775192142
0.8459349621552974
0.46350557799451053
0.26041733543388546
0.659787759417668
0.07951013813726604
0.9259422251489013
0.7915255350526422
0.03173023113049567
0.1984662616159767
0.6251370194368064
0.9229811010882258
0.7123764483258128
0.5792461158707738
0.15505851968191564
0.45424339128658175
0.12463871412910521
0.8628525033127517
0.30982108460739255
0.32394552044570446
0.2908799459692091
0.9897344352211803
0.12502323742955923
0.19188246806152165
0.4083648268133402
0.12980016460642219
0.510726755252108
0.8402775886934251
0.8975939892698079
0.11242696736007929
0.9273806132841855
0.5918603499885648
0.5690924969967455
0.5641455906443298
0.9159462419338524
0.5302262511104345
0.18723807949572802
0.5497783299069852
0.9482629599515349
0.5630729426629841
0.4342692061327398
0.9550161301158369
0.2589714559726417
0.5874073959421366
0.19938978226855397
0.6488857073709369
0.33082628273405135
0.34413398965261877
0.5292463146615773
0.0436246613971889
0.09586534416303039
0.2350888594519347
0.5173256127163768
0.9032693658955395
0.5813093991018832
0.616273480001837
0.684553348692134
0.12811153498478234
0.3594765781890601
0.17863710038363934
0.8728713181335479
0.512157263001427
0.2809965261258185
0.015804821392521262
0.6610650315415114
0.5022746187169105
0.6834834972396493
0.6483497628942132
0.42816623323597014
0.8218968510627747
0.7282889215275645
0.736944995354861
0.5707204625941813
0.20550250029191375
0.14970236970111728
0.6919682689476758
0.2972763634752482
0.6407452160492539
0.9085086153354496
0.461442040046677
0.07898071990348399
0.9724226188845932
0.60087950527668
0.7391969389282167
0.825275617884472
0.8774123440962285
0.7819555969908834
0.1259269150905311
0.5845458505209535
0.1616520502138883
0.9075741898268461
0.31959029007703066
0.2716359014157206
0.4157523298636079
0.5210103644058108
0.707885917276144
0.726154058938846
0.22744184453040361
0.07202754262834787
0.41497819731011987
0.9665153594687581
0.20794832054525614
0.4536486940924078
0.2652410473674536
0.25331310206092894
0.6726111555472016
0.010750035522505641
0.27041249140165746
0.720789909362793
0.30800917372107506
0.01048286072909832
0.6620194490533322
0.9272770017851144
0.3751060562208295
0.8474081428721547
0.0007818841841071844
0.9683773489668965
0.6907473779283464
0.010533413849771023
0.9537377874366939
0.09224586747586727
0.547022339887917
0.5243969247676432
0.1553888786584139
0.2700820239260793
0.9755683690309525
0.8130632068496197
0.6054208253044635
0.7842413752805442
0.22222885116934776
0.6848815332632512
0.455304613802582
0.9294529929757118
0.39842582819983363
0.47263038996607065
0.175246651051566
0.5175594429019839
0.4175117467530072
0.9573065985459834
0.24141880962997675
0.6329474316444248
0.4836427210830152
0.3879211754538119
0.5871903458610177
0.09856025129556656
0.3899235255084932
0.8422198579646647
0.7624672714155167
0.26716596097685397
0.33180431416258216
0.22184982988983393
0.07603636709973216
0.2320391102693975
0.04995657526887953
0.4460772699676454
0.13369168806821108
0.4121960452757776
0.795457371044904
0.755353924119845
0.9039971567690372
0.1250383963342756
0.7255815758835524
0.8879007759969682
0.37582690734416246
0.01082192175090313
0.5817826110869646
0.35948875825852156
0.026335421483963728
0.5137564232572913
0.7396915764547884
0.6992208915762603
0.9031599999871105
0.7043767464347184
0.46999606722965837
0.30286733992397785
0.1404127876739949
0.3336205566301942
0.2968185138888657
0.10635450365953147
0.415338373510167
0.52850506384857
0.8434980092570186
0.7343286904506385
0.7845630026422441
0.3225873743649572
0.46857915027067065
0.0566352813038975
0.5671347673051059
0.6316640027798712
0.08360706735402346
0.9458533392753452
0.23950755060650408
0.47381118801422417
0.297420063521713
0.15903852763585746
0.2184004639275372
0.8742982458788902
0.3841084334999323
0.4083971995860338
0.810800404753536
0.9722420910838991
0.38934108219109476
0.2358229267410934
0.5644654361531138
0.12068461976014078
0.39937241887673736
0.8826930113136768
0.4847666574642062
0.46319005102850497
0.7467365032061934
0.5017307326197624
0.2971116250846535
0.03265130426734686
0.6265033148229122
0.8314861855469644
0.024396040942519903
0.7468167080078274
0.1461319113150239
0.22546482738107443
0.2449735035188496
0.6039232306648046
0.9981492359656841
0.26249781833030283
0.7986099149566144
0.49985574767924845
0.5691538453102112
0.1417529578320682
0.31702737626619637
0.9368201326578856
0.5894013782963157
0.5416802680119872
0.6564351140987128
0.8167316319886595
0.5038866177201271
0.21254864009097219
0.9717464374843985
0.9972355396021158
0.7294480390846729
0.11587783275172114
0.6855757012963295
0.3212490933947265
0.5317756186705083
0.5311732857953757
0.6701438552699983
0.3369850143790245
0.4828307908028364
0.9700729171745479
0.26254296815022826
0.6272231293842196
0.5579738738015294
0.8690734917763621
0.39989996375516057
0.2925466347951442
0.4027316684368998
0.9930630121380091
0.009521355153992772
0.28711575805209577
0.6143574428278953
0.8192595159634948
0.05575010017491877
0.656687487848103
0.6303211611229926
0.26910754037089646
0.7753092548809946
0.7376627530902624
0.06120797758921981
0.21965043689124286
0.9196912955958396
0.09456345136277378
0.3610936647746712
0.5852066208608449
0.4954315011855215
0.5569160168524832
0.5237802856136113
0.005243582185357809
0.8067699654493481
0.6685669447761029
0.5555923769716173
0.31439254782162607
0.7460307055152953
0.6584542265627533
0.23608325910754502
0.4491784838028252
0.5536015215329826
0.7969765746966004
0.1651045335456729
0.9112973955925554
0.3535793439950794
0.21336085721850395
0.4045764442998916
0.40574700967408717
0.09201902523636818
0.7936529438011348
0.6254130455199629
0.31690701050683856
0.9107998413965106
0.12499317806214094
0.9607572788372636
0.38317899452522397
0.7969185814727098
0.37489272002130747
0.9075106559321284
0.566711017396301
0.5042003260459751
0.7192933061160147
0.6999695177655667
0.07184253865852952
0.7584784789942205
0.20967203844338655
0.41474333009682596
0.17107923398725688
0.6613661022856832
0.7734613202046603
0.7366869195830077
0.3554105826187879
0.5538398034404963
0.16229548887349665
0.44610619195736945
0.07119479915127158
0.4194643134251237
0.7314290085341781
0.8533232701011002
0.8414116292260587
0.253427813295275
0.9244369743391871
0.4696888232138008
0.43916107853874564
0.43147687753662467
0.12893947144038975
0.0424553242046386
0.37538187904283404
0.037754536140710115
0.2875643251463771
0.6383788757957518
0.4549160082824528
0.4579332519788295
0.3109335866756737
0.4713517823256552
0.21756775584071875
0.4625305598601699
0.8919330681674182
0.3999508139677346
0.13541139871813357
0.045883985701948404
0.624654532643035
0.8883679918944836
0.2700324710458517
0.9251880217343569
0.042853050865232944
0.4983130316250026
0.8245653957128525
0.2632022856269032
0.43666167254559696
0.7165027090813965
0.09870170569047332
0.28392023290507495
0.643840137636289
0.06371491774916649
0.5720414142124355
0.3451823121868074
0.9050588819663972
0.08604016713798046
0.3551038799341768
0.5868079108186066
0.9096755550708622
0.4279030840843916
0.29418676579371095
0.03558982233516872
0.2536551491357386
0.7882460872642696
0.3851117722224444
0.02003927668556571
0.22720875986851752
0.6230768507812172
0.1503932885825634
0.6342536902520806
0.20389278721995652
0.6120953990612179
0.39069687481969595
0.8568709110841155
0.7820956837385893
0.18726894748397171
0.4564662608318031
0.2601434353273362
0.7086762229446322
0.779615321662277
0.6976412606891245
0.2650952523108572
0.6027806820347905
0.02226898167282343
0.8326955726370215
0.3950519864447415
0.8952485844492912
0.8859121988061816
0.6184114720672369
0.013926933985203505
0.3203797941096127
0.6606727333273739
0.8256795543711632
0.6625897043850273
0.7498363384511322
0.2282682608347386
0.13511902070604265
0.3518129757139832
0.21101804194040596
0.5349511778913438
0.9381563486531377
0.14109765621833503
0.7789932023733854
0.24704199517145753
0.5389071824029088
0.7211790236178786
0.35351401125080884
0.6965177496895194
0.7224425040185452
0.3307222130242735
0.20376953203231096
0.6694728755392134
0.4653929516207427
0.855046548647806
0.48349439329467714
0.9645564679522067
0.04963681171648204
0.004159311531111598
0.947810587938875
0.48856564913876355
0.32666224357672036
0.8078995367977768
0.04263237398117781
0.42262781923636794
0.2764145010150969
0.6922269216738641
0.4211456817574799
0.272247816901654
0.015271579846739769
0.6209798513446003
0.7529926421120763
0.6135005094110966
0.7532424526289105
0.1423601508140564
0.2424673333298415
0.2021765634417534
0.1351146672386676
0.9719195936340839
0.3456648893188685
0.03275109315291047
0.7553196428343654
0.6913422357756644
0.4767503058537841
0.5393145231064409
0.3832146122585982
0.2370473467744887
0.008028129115700722
0.7274380559101701
0.8717616200447083
0.9383509121835232
0.6264841770753264
0.9446041679475456
0.015315734082832932
0.9478372428566217
0.7463986875955015
0.2239004943985492
0.39053896931000054
0.33310066792182624
0.6077405982650816
0.961952792480588
0.1962930706795305
0.640015265904367
0.3333207108080387
0.7899297601543367
0.42645891522988677
0.7028396790847182
0.8970680241473019
0.38495327928103507
0.02889308542944491
0.15413666609674692
0.2683689680416137
0.6075298341456801
0.9706748202443123
0.6137567213736475
0.6933629079721868
0.8693432144355029
0.7352741209324449
0.8697539763525128
0.787288528168574
0.642435448942706
0.2037095883861184
0.12903555040247738
0.5822158739902079
0.572154245339334
0.9535567408893257
0.6000103561673313
0.4683357442263514
0.7425134237855673
0.33866838086396456
0.8251312228385359
0.9774887133389711
0.7966911690309644
0.14917391422204673
0.8888579900376499
0.4324893692974001
0.07495898357592523
0.006290612043812871
0.8266709160525352
0.9066603435203433
0.7300068277399987
0.26770465658046305
0.5936627360060811
0.5893031002487987
0.00624441122636199
0.7850334995891899
0.9024984647985548
0.22687320411205292
0.6197091925423592
0.7393287105951458
0.8278482328169048
0.48665584018453956
0.5340870518703014
0.5402372577227652
0.9892304050736129
0.4356931254733354
0.1438652037177235
0.6636962939519435
0.2865268802270293
0.271148263476789
0.6933073154650629
0.7282416746020317
0.14346954924985766
0.8684546053409576
0.13134118379093707
0.6608250257559121
0.35209414712153375
0.3067386895418167
0.13791063660755754
0.816674365196377
0.2896093246527016
0.008841090835630894
0.5197714772075415
0.8702569699380547
0.06779438769444823
0.1508754100650549
0.3321183561347425
0.9750241013243794
0.9320978641044348
0.8495494092348963
0.6096639088355005
0.3771728544961661
0.05155158252455294
0.9962836317718029
0.6039855037815869
0.1138059082441032
0.4972894457168877
0.6511155492626131
0.7736432729288936
0.5917454075533897
0.43500618753023446
0.4860002484638244
0.8533503913786262
0.4003878270741552
0.07111835991963744
0.5005041868425906
0.8028374069835991
0.4518430386669934
0.2269632644020021
0.7246441626921296
0.3504071510396898
0.305351305520162
0.25245606782846153
0.790813488420099
0.08776410855352879
0.6908903277944773
0.8320523388683796
0.8708644828293473
0.09868863644078374
0.9087779845576733
0.35324216494336724
0.2179336545523256
0.9122180361300707
0.23715606238693
0.17706432123668492
0.6319240182638168
0.6907165329903364
0.28936579590663314
0.07023618440143764
0.321878204587847
0.2799147027544677
0.5845476514659822
0.9954540014732629
0.6264497039373964
0.7755553838796914
0.29845844116061926
0.9940706009510905
0.03426960948854685
0.02762022614479065
0.12309285858646035
0.0009173301514238119
0.2061592221725732
0.07403124216943979
0.632025696337223
0.5681409460958093
0.12472706637345254
0.8463807553052902
0.5286220950074494
0.1942521019373089
0.22653476102277637
0.7063467344269156
0.8313969797454774
0.39781243284232914
0.2922925620805472
0.5924408144783229
0.2902655485086143
0.8660240501631051
0.11813708324916661
0.7107492359355092
0.7297769945580512
0.030689101433381438
0.639421273721382
0.48273358005099
0.8238481567241251
0.5267556805629283
0.5199722764082253
0.8485063300468028
0.2559393495321274
0.5838161946740001
0.4657809245400131
0.7320806453935802
0.06481623463332653
0.741678764577955
0.8211735922377557
0.5956662795506418
0.8271746241953224
0.7600697875022888
0.9756039632484317
0.4375861173029989
0.7142436082940549
0.3209559100214392
0.5906431947369128
0.30318618030287325
0.6567442568484694
0.25699870474636555
0.32681301748380065
0.9738708529621363
0.6461704131215811
0.5675793301779777
0.7424924618098885
0.7389746843837202
0.7976947673596442
0.042671717470511794
0.18656956613995135
0.7729264157824218
0.4272461924701929
0.05751697486266494
0.5182832411956042
0.9076357341837138
0.6978983033914119
0.20435195416212082
0.2974764627870172
0.7112520053051412
0.35362500813789666
0.7152377525344491
0.3514112369157374
0.49597646575421095
0.6688251383602619
0.9301105502527207
0.9353112473618239
0.6688624231610447
0.307345740031451
0.9609588349703699
0.47693457221612334
0.37866489752195776
0.2695729252882302
0.7213174041826278
0.36954667675308883
0.367767647607252
0.7867498823907226
0.743642469169572
0.5027907283511013
0.18652769038453698
0.1344447487499565
0.2810350703075528
0.9560991721227765
0.6642377611715347
0.27184399403631687
0.6941913201007992
0.31847947859205306
0.43976705335080624
0.566332828020677
0.10022224276326597
0.6365105949807912
0.24671653122641146
0.06215024855919182
0.8818898685276508
0.6130662367213517
0.7730186064727604
0.009985976852476597
0.7996020591817796
0.6226811455562711
0.13025619136169553
0.8654877978842705
0.24497887096367776
0.7126898926217109
0.31514807720668614
0.49776000645942986
0.932526623364538
0.3600491569377482
0.02236899104900658
0.22884134901687503
0.6911288865376264
0.4961149962618947
0.5061823357827961
0.08614367642439902
0.19561087992042303
0.0578786248806864
0.1454736045561731
0.1136547694914043
0.23268819972872734
0.6074948760215193
0.16980770812369883
0.7121391233522445
0.629218329442665
0.6515847381670028
0.8024971580598503
0.7083853536751121
0.6332018885295838
0.21447140304371715
0.6275888371746987
0.7484212985727936
0.5908424286171794
0.6288522148970515
0.995704426895827
0.6576251913793385
0.6915889848023653
0.18947846395894885
0.13949049124494195
0.7119791605509818
0.11135238572023809
0.14886739407666028
0.19099007826298475
0.31290400261059403
0.156069922959432
0.4096894050016999
0.5169434028211981
0.6328715803101659
0.9572703007142991
0.6741220580879599
0.7409243062138557
0.5618826353456825
0.5584915149956942
0.4702532209921628
0.699231204809621
0.03710977244190872
0.9460595666896552
0.13013687636703253
0.02803703281097114
0.6780582808423787
0.3245535991154611
0.6859732642769814
0.4197518134023994
0.20044029806740582
0.5380930781830102
0.024357037618756294
0.7346594522241503
0.7600037560332566
0.5556498854421079
0.664312417153269
0.4846090388018638
0.47459264541976154
0.9342936126049608
0.3486383929848671
0.3928942324128002
0.8643936074804515
0.26697427267208695
0.014314353000372648
0.2627155657391995
0.7066172056365758
0.3482489308807999
0.49826145358383656
0.6550350522156805
0.15281031699851155
0.8367885572370142
0.08650233643129468
0.5372152202762663
0.6573145703878254
0.5690046804957092
0.7459157691337168
0.265622480539605
0.4447828650008887
0.12114806636236608
0.3580933855846524
0.3854777233209461
0.49805206316523254
0.6224727560766041
0.2820499539375305
0.3551530356053263
0.6870482254307717
0.7823998525273055
0.7861062185838819
0.14865203900262713
0.6846973113715649
0.5768675182480365
0.720497920177877
0.6775874292943627
0.5255255156662315
0.4521442491095513
0.09879557625390589
0.4649406997486949
0.12208911892957985
0.8598893184680492
0.4960785531438887
0.48353333538398147
0.561495658243075
0.7252648437861353
0.5966740108560771
0.5754910674877465
0.3926719988230616
0.7452283087186515
0.08766352897509933
0.005244170548394322
0.5913333960343152
0.4136964366771281
0.03864112263545394
0.888278013560921
0.7366882807109505
0.10855534113943577
0.5492003951221704
0.33105461904779077
0.3592646634206176
0.2619653877336532
0.5586608510930091
0.8022352179978043
0.29104915843345225
0.00516524538397789
0.8356633656658232
0.17915321746841073
0.20682340557686985
0.7405375151429325
0.6701450699474663
0.3256782873068005
0.525837589520961
0.37284149043262005
0.26038952940143645
0.7041988822165877
0.8054673266597092
0.30283471453003585
0.9551538405939937
0.9649503487162292
0.7791397604160011
0.6376283068675548
0.5113425091840327
0.8560075217392296
0.22574556013569236
0.11320215300656855
0.5418248595669866
0.730099183972925
0.2571686839219183
0.9960871399380267
0.3851370920892805
0.332687916001305
0.21740851481445134
0.008264469681307673
0.4861243760678917
0.8255665116012096
0.17424252210184932
0.9347958818543702
0.9084112476557493
0.7551660134922713
0.2866431053262204
0.10902742203325033
0.3702142236288637
0.7682425691746175
0.01892935368232429
0.1890340701211244
0.7963560656644404
0.5619315390940756
0.41042721434496343
0.08333329018205404
0.28359587979502976
0.01748942118138075
0.19297011313028634
0.9416113116312772
0.17522531212307513
0.6483442219905555
0.07729400880634785
0.284186327829957
0.3081626689527184
0.6769892668817192
0.11821817327290773
0.8189083638135344
0.9227045646402985
0.8414280861616135
0.06364987837150693
0.23301615589298308
0.7277227307204157
0.18658947758376598
0.8942014188505709
0.8677374352701008
0.02681718929670751
0.9960606505628675
0.8330315724015236
0.3127224144991487
0.9195022310595959
0.635234315181151
0.35692645120434463
0.9896977632306516
0.37664349656552076
0.09572674054652452
0.40031453943811357
0.02340924576856196
0.409193831961602
0.3484601089730859
0.45825467677786946
0.9274673729669303
0.3612464221660048
0.4662718721665442
0.3832612093538046
0.6805038054008037
0.686857741093263
0.38782737287692726
0.1103120818734169
0.7258101208135486
0.29940810962580144
0.9884563214145601
0.35763529990799725
0.820258577587083
0.17739320336841047
0.2771988359745592
0.28625482344068587
0.6565983376931399
0.0913659455254674
0.29239242640323937
0.9708286027889699
0.31418847804889083
0.888529070885852
0.9019988789223135
0.3333638343028724
0.28125574556179345
0.1483469968661666
0.897771088173613
0.33508239639922976
0.4144760377239436
0.18720588367432356
0.7265916522592306
0.37733265198767185
0.9421044017653912
0.3125180737115443
0.04638169310055673
0.805482478113845
0.5376496552489698
0.5254173416178674
0.7642960066441447
0.6377322336193174
0.6922315736301243
0.8248203548137099
0.9875514761079103
0.26269236439839005
0.21124434284865856
0.27420694986358285
0.7856317088007927
0.08460410754196346
0.04262714786455035
0.2907016118988395
0.8683836755808443
0.15091709839180112
0.39177611260674894
0.6642373406793922
0.3236186516005546
0.8132500913925469
0.25750492769293487
0.0837167133577168
0.8629874542821199
0.2260359120555222
0.9704255003016442
0.39477234426885843
0.9148405701853335
0.6168292572256178
0.09401440457440913
0.9360342409927398
0.2375230158213526
0.9451344306580722
0.6656715995632112
0.8964496736880392
0.9884459709282964
0.384703777031973
0.45375698641873896
0.8936355435289443
0.6954804030247033
0.21595825743861496
0.10907062259502709
0.9537446771282703
0.1894538253545761
0.4458600163925439
0.9902286538854241
0.160323912743479
0.6236180088017136
0.5876023923046887
0.6925402306951582
0.45703990128822625
0.06603442342020571
0.9709454427938908
0.27250290801748633
0.978270455962047
0.6534745944663882
0.12546437815763056
0.7657895246520638
0.5721014968585223
0.8894664926920086
0.051878918427973986
0.8308992576785386
0.5717881210148335
0.3311764432583004
0.38706278055906296
0.791136032436043
0.18967256951145828
0.7222862129565328
0.05261177406646311
0.9586940738372505
0.0005551890935748816
0.095852019963786
0.29280078946612775
0.5700047546997666
0.7678471116814762
0.6161058540455997
0.8786584744229913
0.9598286866676062
0.515332217561081
0.5794437152799219
0.0036249191034585238
0.6851903477218002
0.3890550055075437
0.6946268728934228
0.391448124544695
0.12405660538934171
0.04089789791032672
0.003721006913110614
0.20797940832562745
0.8124975662212819
0.8416636369656771
0.8426370758097619
0.06811350700445473
0.48640813888050616
0.34904891392216086
0.9356612546835095
0.40775032457895577
0.8357183353509754
0.8490451006218791
0.4513102762866765
0.06276296498253942
0.7192706814967096
0.7404059453401715
0.3732992203440517
0.5455441914964467
0.696245847037062
0.4783642431721091
0.02631861879490316
0.7560410804580897
0.3063089675270021
0.5131669526454061
0.3618578433524817
0.9219755677040666
0.4698843942023814
0.9237889621872455
0.23764874460175633
0.03294469881802797
0.07110556378029287
0.6312644875142723
0.6020129800308496
0.9740862979087979
0.13852947088889778
0.4586851322092116
0.46685694926418364
0.5633587439078838
0.667447148123756
0.785088686272502
0.1565650103148073
0.3243038246873766
0.9399462398141623
0.471505030291155
0.3205874185077846
0.8312064590863883
0.6414513918571174
0.813622172223404
0.6893047206103802
0.10649800021201372
0.9885858695488423
0.3012183755636215
0.5902785474900156
0.11795425368472934
0.33356755087152123
0.5935170359443873
0.16793032665736973
0.4128751049283892
0.8641422637738287
0.811363159911707
0.11282941629178822
0.5012594463769346
0.03444163431413472
0.027021239046007395
0.691382308723405
0.4586494935210794
0.272529867477715
0.6960317769553512
0.4986788409296423
0.628778459969908
0.4364972384646535
0.3330949521623552
0.10846368479542434
0.8334547623526305
0.011769429314881563
0.020617201225832105
0.7184220924973488
0.9509956969413906
0.8922651326283813
0.6246485586743802
0.3335226057097316
0.20122833526693285
0.9431666934397072
0.9205176648683846
0.35276399180293083
0.5776989329606295
0.9632518372964114
0.44560369942337275
0.814505340764299
0.22475577192381024
0.3266150411218405
0.9916457270737737
0.3364798554684967
0.9530616495758295
0.9149243733845651
0.8180559317115694
0.32155404845252633
0.07550631067715585
0.36158524453639984
0.22343104192987084
0.36086524999700487
0.22968768537975848
0.1904689371585846
0.4828226314857602
0.3716164908837527
0.3848494696430862
0.7214869724120945
0.6778807092923671
0.241689263144508
0.41033979994244874
0.18171960557810962
0.5821016612462699
0.7047466412186623
0.2813801858574152
0.6218986657913774
0.9051941896323115
0.9058225443586707
0.8348140243906528
0.3979365327395499
0.24503982276655734
0.04612840688787401
0.8831332807894796
0.4024620233103633
0.6268314451444894
0.2778418124653399
0.6798299825750291
0.9710168160963804
0.9772053731139749
0.842625308316201
0.10593447438441217
0.8542581829242408
0.745018421439454
0.26720099290832877
0.16340287635102868
0.30209369491785765
0.601658825064078
0.5390632667113096
0.12038062862120569
0.09461303730495274
0.74148961273022
0.8562053022906184
0.5419780127704144
0.028463660506531596
0.6696635195985436
0.9018142346758395
0.1355590655002743
0.2769771672319621
0.7195425766985863
0.5160244756843895
0.19894000352360308
0.5431087117176503
0.24491997063159943
0.06517663435079157
0.29763666330836713
0.8789181767497212
0.959533350309357
0.7753720281179994
0.6030936518218368
0.5319195641204715
0.9797479568514973
0.49293375643901527
0.10334664722904563
0.774949693121016
0.13907173974439502
0.6499319076538086
0.9255074071697891
0.3766901344060898
0.914289097301662
0.4347087065689266
0.7206367633771151
0.8685760046355426
0.6864227189216763
0.5178840970620513
0.6244063675403595
0.18615724705159664
0.4765752563253045
0.09817052725702524
0.8764567011967301
0.22242864524014294
0.9626258169300854
0.9844990053679794
0.1877781110815704
0.20205241022631526
0.052846574457362294
0.9959782117512077
0.5855251566972584
0.736898350296542
0.20652521238662302
0.5286725596524775
0.5493961486499757
0.0032004883978515863
0.5909369932487607
0.8151977898087353
0.6032259727362543
0.6341756710316986
0.7966148357372731
0.7745929460506886
0.05886837840080261
0.6637255994137377
0.02960284729488194
0.3365657345857471
0.706259400350973
0.8861711423378438
0.8633412253111601
0.9324692096561193
0.3707787615712732
0.5931447502225637
0.6956550471950322
0.9660211831796914
0.8061957599129528
0.6199423056095839
0.710611610673368
0.5237996864598244
0.6057183286175132
0.14068303862586617
0.8095124217215925
0.3128680589143187
0.004103503888472915
0.8817640400957316
0.9480580494273454
0.9612335425335914
0.5350051722489297
0.33229817426763475
0.49769081082195044
0.7523492409382015
0.10178665537387133
0.33752203779295087
0.943803871748969
0.45997372874990106
0.8096787999384105
0.9113212320953608
0.04539521737024188
0.5003746778238565
0.21653000521473587
0.6043846704997122
0.42464751238003373
0.9589908437337726
0.6807778037618846
0.07538443244993687
0.5340881727170199
0.28617572062648833
0.3341097680386156
0.468961626291275
0.23956168605946004
0.31672735209576786
0.805878401035443
0.5836068824864924
0.6914664129726589
0.5656512496061623
0.7171708021778613
0.5423386171460152
0.9603177276439965
0.06508552213199437
0.03325671562924981
0.3662339325528592
0.322629100875929
0.8157331352122128
0.5661035859957337
0.9073961086105555
0.528831583680585
0.39362450363114476
0.08902322663925588
0.5590190140064806
0.8184617285151035
0.26260520122013986
0.257919400697574
0.8766249916516244
0.7522606025449932
0.7436005026102066
0.07491839118301868
0.6050935026723891
0.3504862973932177
0.7358589177019894
0.529530095634982
0.6140393833629787
0.6588858854956925
0.0063366328831762075
0.7562213295605034
0.20426261518150568
0.26815651450306177
0.9512026074808091
0.7399063711054623
0.6549918563105166
0.1504960828460753
0.45555842760950327
0.4507246050052345
0.7062644208781421
0.9877318884246051
0.22696828399784863
0.15288948314264417
0.9024432415608317
0.7958693141117692
0.699060138547793
0.26999034569598734
0.3388644400984049
0.8060024362057447
0.7506978404708207
0.2141725120600313
0.15356469992548227
0.724765561753884
0.4210986092220992
0.5145689432974905
0.2789151375181973
0.02674617408774793
0.22863741219043732
0.6252826545387506
0.3711330972146243
0.9204252979252487
0.14770585601218045
0.3653686835896224
0.8101266985759139
0.9708300591446459
0.45849985908716917
0.7015895415097475
0.18181827501393855
0.24240133655257523
0.44643622008152306
0.08822178514674306
0.00516195734962821
0.33676917059347034
0.46362469578161836
0.5822962198872119
0.8504484174773097
0.753593950998038
0.5516513693146408
0.9136079468298703
0.7969865340273827
0.2654567891731858
0.8343073851428926
0.5060878875665367
0.20457350416108966
0.14750007749535143
0.2380947705823928
0.5994075492490083
0.3946730245370418
0.4869681990239769
0.8959830694366246
0.8071132393088192
0.3995572596322745
0.6988504955079406
0.5588795957155526
0.33963162172585726
0.5489184188190848
0.44632651982828975
0.2916146223433316
0.4073889316059649
0.870579935144633
0.3341391247231513
0.4227509303018451
0.44886817410588264
0.8897605836391449
0.24547750735655427
0.408604187425226
0.5362538937479258
0.6932296021841466
0.6171325598843396
0.30581860477104783
0.9944846949074417
0.4251527125015855
0.2689332303125411
0.7207503574900329
0.9135349702555686
0.2408834295347333
0.628648366779089
0.34312583808787167
0.6281281851697713
0.3099048633594066
0.7222931757569313
0.8528949627652764
0.6833085077814758
0.9820035602897406
0.8707562587223947
0.9099243339151144
0.5500141461379826
0.4018466256093234
0.10218256455846131
0.6286124649923295
0.09533916669897735
0.8484928524121642
0.27693906729109585
0.5242049300577492
0.22213363158516586
0.9850169352721423
0.8099047041032463
0.6823909943923354
0.5194111152086407
0.017760936869308352
0.9987490959465504
0.8337933686561882
0.18495969497598708
0.5078952847979963
0.5064781317487359
0.6658647223375738
0.6777157937176526
0.3924119009170681
0.33666869066655636
0.6895236168056726
0.17999525996856391
0.08313475968316197
0.6642923231702298
0.9802036655601114
0.10367407370358706
0.487288418924436
0.3912673427257687
0.41741266404278576
0.5279546172823757
0.4337640246376395
0.32583631249144673
0.039068072102963924
0.8343280197586864
0.6520826928317547
0.8517624577507377
0.8913700417615473
0.3555208726320416
0.33960216399282217
0.8648631686810404
0.38359549501910806
0.9954742952249944
0.8492117710411549
0.8417677981778979
0.828745482256636
0.4778423458337784
0.07120669656433165
0.7768226698972285
0.6345675128977746
0.32769626495428383
0.32067820662632585
0.5579036364797503
0.25003756023943424
0.6434970907866955
0.9201550325378776
0.3683674845378846
0.9778808527626097
0.9884591293521225
0.33772488427348435
0.6066141673363745
0.2605502672959119
0.4879163228906691
0.7274292996153235
0.029667211463674903
0.16669247928075492
0.6709262514486909
0.22215586341917515
0.3744586631655693
0.5219790232367814
0.7046031805220991
0.05809130775742233
0.5395042838063091
0.7758867819793522
0.4780366141349077
0.5417717166710645
0.7862532453145832
0.9394904831424356
0.09616966848261654
0.3402118340600282
0.45758811198174953
0.5174716874025762
0.31121624866500497
0.949158270843327
0.31982473167590797
0.5352802835404873
0.7540788350161165
0.6890565021894872
0.07100885827094316
0.5595564292743802
0.29343097913078964
0.2705001598224044
0.7058029917534441
0.08476392761804163
0.9238950361032039
0.22143625793978572
0.27053810516372323
0.01013938314281404
0.8659592382609844
0.5064547129441053
0.9051175576169044
0.3160104288253933
0.39880153723061085
0.3418399910442531
0.14288576180115342
0.02599706524051726
0.8071881041396409
0.1329190107062459
0.8746834273915738
0.3308835397474468
0.5920690034981817
0.027493758127093315
0.3509969550650567
0.7063176447991282
0.9599162833765149
0.9310955365654081
0.7217630594968796
0.2672827821224928
0.06310323486104608
0.6626610949169844
0.44343609223142266
0.7194652801845223
0.7500443027820438
0.6885470391716808
0.1475795868318528
0.8609923678450286
0.06645723851397634
0.8209117269143462
0.22505187755450606
0.8351649593096226
0.34224598249420524
0.607792183989659
0.8009437173604965
0.6047040543053299
0.2579431226477027
0.11145338672213256
0.6951538952998817
0.9093641606159508
0.11487774387933314
0.5424395219888538
0.5109082718845457
0.46471936302259564
0.4031907538883388
0.754317220300436
0.3225365742109716
0.8327668122947216
0.7334824376739562
0.6098085150588304
0.923888455843553
0.3678523662965745
0.9171726175118238
0.40878042532131076
0.7208537794649601
0.6012958521023393
0.8943646503612399
0.004858053056523204
0.21829435718245804
0.6462780537549406
0.6572084003128111
0.41440238687209785
0.16174816782586277
0.16049398481845856
0.7385332470294088
0.9221703666262329
0.47842611465603113
0.13492974429391325
0.8665695928502828
0.4154281110968441
0.8557071625255048
0.4589863517321646
0.89483382855542
0.5389771172776818
0.086832819506526
0.7518282064702362
0.27397656603716314
0.475173486629501
0.8435563312377781
0.5559448921121657
0.9852302221115679
0.7367904272396117
0.15706957480870187
0.9999482890125364
0.8997154412791133
0.9831957470159978
0.33082837192341685
0.2281937599182129
0.6938732024282217
0.8236086971592158
0.1003660790156573
0.9388243216089904
0.4034748445264995
0.7659382037818432
0.5075431340374053
0.604049380403012
0.4654964152723551
0.4400859896559268
0.46266380976885557
0.46341903833672404
0.9229791492689401
0.8308294247835875
0.4902746605221182
0.5464719440788031
0.5976840280927718
0.6947397307958454
0.16815325897186995
0.06583447335287929
0.26567859947681427
0.4642718795221299
0.2489268013741821
0.025348688708618283
0.4290767256170511
0.7958807584363967
0.7762041527312249
0.5442236661911011
0.03884836658835411
0.47962378920055926
0.8915735448244959
0.9220670370850712
0.3602219680324197
0.22590289800427854
0.5996731016784906
0.36452750745229423
0.3219706043601036
0.03495042398571968
0.1084882807917893
0.7503107916563749
0.9097002143971622
0.4037781674414873
0.47367652924731374
0.8337891472037882
0.9447802321519703
0.16429750667884946
0.31429689028300345
0.8942404799163342
0.2518510271329433
0.7779066471848637
0.7602453597355634
0.8198030483908951
0.7158118281513453
0.2858139555901289
0.9021475040353835
0.3958894331008196
0.04082167963497341
0.40658723027445376
0.2561937067657709
0.5491006528027356
0.6295348638668656
0.7403027387335896
0.04799978784285486
0.48008467932231724
0.9103229739703238
0.24813806521706283
0.06907552271150053
0.09569336078129709
0.7569066272117198
0.567121472209692
0.2692620875313878
0.1973542789928615
0.24341450771316886
0.946957282954827
0.7776626381091774
0.5867005514446646
0.7969216615892947
0.780210779979825
0.108448178274557
0.12163070333190262
0.7684287147130817
0.08635503542609513
0.8693431012798101
0.14782048924826086
0.3725931665394455
0.7635601270012558
0.7933036296162754
0.957376014906913
0.5311952179763466
0.48588020890019834
0.16163698630407453
0.3680571166332811
0.1899686655960977
0.34429189027287066
0.6964647495187819
0.18637428455986083
0.7728608269244432
0.17247204715386033
0.9250364759936929
0.08797019650228322
0.3289202081505209
0.6833078865893185
0.6268137453589588
0.31058873049914837
0.3386858622543514
0.5411367095075548
0.24592830217443407
0.18817644217051566
0.8969967679586262
0.33532615401782095
0.24812985118478537
0.07226528390310705
0.5092312374617904
0.6389205267187208
0.6482102726586163
0.34866387606598437
0.14960131491534412
0.19831340108066797
0.775905242189765
0.35880385152995586
0.8121894060168415
0.09814008185639977
0.9244550967123359
0.053715728456154466
0.2297669039107859
0.544558756519109
0.9508958009537309
0.8678826752584428
0.4823892640415579
0.4048550669103861
0.3601426931563765
0.17553270189091563
0.9929657538887113
0.41262989211827517
0.3541788805741817
0.6696541653946042
0.15620376239530742
0.39123184932395816
0.8612867754418403
0.5955990171059966
0.8866143662016839
0.5001529748551548
0.19902233220636845
0.6539924542885274
0.17903714557178319
0.4135206995997578
0.2989713547285646
0.7913316383492202
0.13840075652115047
0.10739601077511907
0.40088313119485974
0.4825534066185355
0.3872873242944479
0.5036541391164064
0.32866797340102494
0.1289035794325173
0.5499868264887482
0.7658553344663233
0.8754948391579092
0.1456345443148166
0.4328044594731182
0.6533403436187655
0.045689976774156094
0.6322569402400404
0.3699516304768622
0.8014957127161324
0.5063403116073459
0.09891298250295222
0.12885168986395001
0.485912234056741
0.4435823259409517
0.0858025224879384
0.9743727834429592
0.9436624557711184
0.7554836845956743
0.9426437185611576
0.1526966521050781
0.616690237307921
0.5812602506484836
0.002828188706189394
0.6989106519613415
0.12119737337343395
0.986584197031334
0.43086961447261274
0.6862937659025192
0.4440968497656286
0.3428159977775067
0.8608037491794676
0.3568001687526703
0.6826069967355579
0.9480507862754166
0.8359807725064456
0.08825368760153651
0.9744171127676964
0.9202582768630236
0.6214660259429365
0.4156314649153501
0.457678445847705
0.6994159233290702
0.658319600392133
0.644000576576218
0.3986807451583445
0.4118343989830464
0.8290350418537855
0.44651448214426637
0.5761955722700804
0.152624650625512
0.05068353796377778
0.5286152781918645
0.8785810377448797
0.02928800997324288
0.12299100123345852
0.3525472318287939
0.31233788770623505
0.9543692378792912
0.4688127860426903
0.4848419844638556
0.16008902131579816
0.276239913655445
0.13377875741571188
0.48017987865023315
0.3980727849993855
0.14352305862121284
0.8219716895837337
0.9733189942780882
0.2586251371540129
0.45834723534062505
0.7147898196708411
0.2250115463975817
0.178226915653795
0.749453253345564
0.1226491576526314
0.4192296618130058
0.9118866315111518
0.15916592348366976
0.8991183754988015
0.4322544129099697
0.9651364861056209
0.18834178429096937
0.9554810733534396
0.06720597483217716
0.021682761376723647
0.5303970866370946
0.7261193802114576
0.34153818618506193
0.7514866821002215
0.44412264437414706
0.2215723730623722
0.7855656975880265
0.9304908132180572
0.7990779161918908
0.9810642693191767
0.24328999407589436
0.283418063307181
0.3435538779012859
0.1995352718513459
0.9965262736659497
0.9670338802970946
0.7804005262441933
0.12911542574875057
0.9977021934464574
0.765369680011645
0.6355880438350141
0.07544218539260328
0.567050866317004
0.03366918070241809
0.26767510012723505
0.3297719124238938
0.2081223065033555
0.20371246407739818
0.2170592388138175
0.9079002209473401
0.6326917500700802
0.4871504127513617
0.8900116218719631
0.43849280569702387
0.2804218474775553
0.912066315067932
0.6298452711198479
0.5573387641925365
0.7168687165249139
0.10295588686130941
0.8667544880881906
0.44945960491895676
0.7723954624962062
0.6720151866320521
0.14196539111435413
0.5977574964053929
0.5578213930130005
0.5605651047080755
0.040642069187015295
0.5945599931292236
0.8371782845351845
0.5985331512056291
0.6928618932142854
0.08216834906488657
0.823210007045418
0.8439209873322397
0.135622326284647
0.21258149109780788
0.33295203745365143
0.9092691659461707
0.17738888855092227
0.09290534816682339
0.9714418989606202
0.03884810279123485
0.31995536969043314
0.5120530889835209
0.45386649132706225
0.2294500118587166
0.38261250825598836
0.6947700493037701
0.10818215529434383
0.21837834012694657
0.8601150603499264
0.3567707915790379
0.4732984621077776
0.36216791975311935
0.06907092337496579
0.4304021892603487
0.9960635518655181
0.3181636172812432
0.29597181268036366
0.06972902710549533
0.2619317979551852
0.9203195977024734
0.32903636270202696
0.37918597739189863
0.9174043363891542
0.012551350984722376
0.3337401042226702
0.5614834108855575
0.5682089137844741
0.6627078521996737
0.8389228798914701
0.8913638696540147
0.11872125254012644
0.4525198442861438
0.5832679010927677
0.3891210099682212
0.990601684898138
0.975688146892935
0.2445182353258133
0.796950948657468
0.31210824358277023
0.8958728208672255
0.43397834873758256
0.05315333069302142
0.21888050343841314
0.6036120662465692
0.2991091755684465
0.284090239321813
0.8606171547435224
0.7853735422249883
0.13542094617150724
0.29276954173110425
0.7445512984413654
0.5126770681235939
0.7011168266180903
0.6928297397680581
0.9257528223097324
0.33780571911484003
0.8438070551492274
0.02440236182883382
0.8655072837136686
0.42457912908867
0.42858495842665434
0.5666102082468569
0.3491827149409801
0.46745545882731676
0.9887475953437388
0.05069761164486408
0.040620991261675954
0.406807248480618
0.3687768594827503
0.920689519494772
0.9808447293471545
0.1645372414495796
0.34315470047295094
0.9866697816178203
0.6536573991179466
0.2645899481140077
0.6225615639705211
0.4475727474782616
0.47869810624979436
0.0911008776165545
0.5724720931611955
0.8113555849995464
0.961808594642207
0.09223337564617395
0.3642422917764634
0.5101794160436839
0.007396406261250377
0.535400339635089
0.8975233742967248
0.40003853221423924
0.6464044994208962
0.5202791613992304
0.6218865499831736
0.13529806886799634
0.9468803047202528
0.7260566812474281
0.7846950031816959
0.48115723161026835
0.9363368528429419
0.7128100763075054
0.3899857986252755
0.9893652133177966
0.7397240332793444
0.831845521228388
0.9809314494486898
0.533879654482007
0.053397067822515965
0.6382540126796812
0.7407842196989805
0.04245777428150177
0.8945137411355972
0.3343242455739528
0.611816497053951
0.5476457709446549
0.5192707227542996
0.47075315238907933
0.7500895359553397
0.6889137898106128
0.8393454675097018
0.869310152484104
0.3818890380207449
0.07136073708534241
0.6080243478063494
0.04721220210194588
0.08377859322354198
0.40757796890102327
0.36761847301386297
0.3817442520521581
0.9100013661663979
0.365441232919693
0.8591139898635447
0.7621683371253312
0.7651036437600851
0.7601894000545144
0.9100278376135975
0.8892087345011532
0.9879028797149658
0.3450409665238112
0.23275076597929
0.9267223067581654
0.1239889170974493
0.5869191761594266
0.8666905695572495
0.25999164674431086
0.5469195896293968
0.34058730443939567
0.20531632215715945
0.04255243553780019
0.13933571614325047
0.6736905046273023
0.7755141193047166
0.26605762052349746
0.5630760979838669
0.6864009734708816
0.850978807779029
0.3323602667078376
0.6313964158762246
0.27809932525269687
0.35138938459567726
0.7467723661102355
0.749360668240115
0.6082125238608569
0.07006714679300785
0.11052450723946095
0.7042251655366272
0.809267777716741
0.590597802773118
0.626971862046048
0.04883906408213079
0.06262942496687174
0.09759708889760077
0.16574995801784098
0.8451603082939982
0.3038241215981543
0.15948220412246883
0.2363223978318274
0.2592092822305858
0.4299619442317635
0.4752197787165642
0.8628827366046607
0.5228345594368875
0.0822810404933989
0.9366747792810202
0.3872336274944246
0.6784823334310204
0.23173359711654484
0.4779588778037578
0.5079652378335595
0.6096528964117169
0.6545721215661615
0.9585630486253649
0.5893107526935637
0.24738955963402987
0.5263296691700816
0.6916225126478821
0.9893672582693398
0.33585392218083143
0.590333801927045
0.312614590395242
0.10916305659338832
0.5839169253595173
0.8646214185282588
0.4329013030510396
0.6661679679527879
0.32744682556949556
0.2168355470057577
0.20240145130082965
0.75267602968961
0.7809139806777239
0.479680789867416
0.09853222966194153
0.45381047832779586
0.30178708070889115
0.036491648061200976
0.8457951401360333
0.4663139092735946
0.5639453078620136
0.3322949311695993
0.017845076508820057
0.34072354761883616
0.7066448817495257
0.02143656648695469
0.38690031808800995
0.1953993267379701
0.47143675689585507
0.9977175812236965
0.9305244153365493
0.4855619103182107
0.8359234628733248
0.7742882547900081
0.21449231123551726
0.9457728627603501
0.32423748215660453
0.5326697598211467
0.9369852945674211
0.6468762049917132
0.8711341361049563
0.3447162101510912
0.3449240098707378
0.03199978708289564
0.6745294579304755
0.4294081758707762
0.553375921677798
0.5394068902824074
0.5198582995217294
0.20320505206473172
0.405737574910745
0.3146967766806483
0.35040516848675907
0.12134000030346215
0.026175173232331872
0.7288400211837143
0.7618376496247947
0.36140155093744397
0.5568948858417571
0.5802298134658486
0.5837232735939324
0.8591812583617866
0.24126453627832234
0.23553727054968476
0.9922763560898602
0.6732088446151465
0.09096084861084819
0.3505145013332367
0.4290042018983513
0.9347898177802563
0.9794255536980927
0.7499039862304926
0.4319363012909889
0.8591177291236818
0.9201069031842053
0.010210944106802344
0.44121574494056404
0.24749610805884004
0.2277168573345989
0.05118531687185168
0.16900453297421336
0.6399353025481105
0.5133105874992907
0.24314930336549878
0.4344574622809887
0.4208199391141534
0.20563983917236328
0.5476195542141795
0.22099385573528707
0.14944220869801939
0.2350889660883695
0.5322321536950767
0.8718242249451578
0.9295360618270934
0.11779232230037451
0.9428824477363378
0.7390242486726493
0.8535542325116694
0.8864769448991865
0.7597131037618965
0.23065950814634562
0.9373312823008746
0.4179776862729341
0.3452369135338813
0.41978853195905685
0.5236936945002526
0.43344212346710265
0.5390693726949394
0.8643207785207778
0.9592191383708268
0.35836191358976066
0.12592261820100248
0.8149687449913472
0.6397318451199681
0.06876430031843483
0.5828210758045316
0.359787987312302
0.1848678388632834
0.07542886701412499
0.6505338873248547
0.7121708593331277
0.5997059063520283
0.5456851748749614
0.6172951543703675
0.2619931986555457
0.9791828952729702
0.9617742754053324
0.8146004215814173
0.48395227384753525
0.5967946466989815
0.36610411922447383
0.4582701453473419
0.6294503032695502
0.042010800912976265
0.21992421918548644
0.5605178766418248
0.17968021496199071
0.8889487506821752
0.183632719097659
0.33530314243398607
0.04922407423146069
0.67307024798356
0.15504926815629005
0.7592104359064251
0.7557809015270323
0.4677162857260555
0.702701608883217
0.7476575202308595
0.019159199437126517
0.22625987278297544
0.638669884763658
0.526322508463636
0.6612924658693373
0.9663379841949791
0.1398933648597449
0.3415557951666415
0.28505322709679604
0.4142260095104575
0.4332647065166384
0.5111538073979318
0.45313189062289894
0.1486224711406976
0.03423165041022003
0.676609052810818
0.35004509915597737
0.9487442460376769
0.8720981187652797
0.13419020897708833
0.5927715990692377
0.14706107508391142
0.4936889470554888
0.8579284795559943
0.979990963358432
0.6267643386963755
0.6265008400660008
0.5547772727441043
0.9432220521848649
0.2738045649603009
0.46145324828103185
0.4596926101949066
0.6804971690289676
0.35962601308710873
0.19058273476548493
0.401093851076439
0.5487359170801938
0.6993781647179276
0.3592934664338827
0.6434906928334385
0.8111985579598695
0.42664993461221457
0.9152493251021951
0.7357245939783752
0.5502085399348289
0.7688666579779238
0.15233380277641118
0.5037837682757527
0.9119709443766624
0.5768361131194979
0.9930131884757429
0.6639597304165363
0.3330004592426121
0.2898438514675945
0.5443142391741276
0.01852001016959548
0.22572529641911387
0.80997090251185
0.2830728085245937
0.32183206314221025
0.43313315929844975
0.41833880660124123
0.6175818503834307
0.03619666490703821
0.19384291674941778
0.9791971342638135
0.058058226481080055
0.15221627661958337
0.0053246289025992155
0.5155077243689448
0.007699504029005766
0.39214317849837244
0.10692981327883899
0.6887090224772692
0.33826634916476905
0.0030391537584364414
0.8134934026747942
0.0474779075011611
0.5084665808826685
0.7149362422060221
0.6089935251511633
0.9319651108235121
0.37749558547511697
0.2058103671297431
0.1843496966175735
0.9009992936626077
0.9437235428486019
0.5715306433849037
0.41348216589540243
0.9902021328452975
0.45423229574225843
0.21809844789095223
0.4498254591599107
0.7015015375800431
0.9944390100426972
0.6293387778569013
0.6820772073697299
0.6834397939965129
0.931734936311841
0.285636352840811
0.19819181901402771
0.3741701601538807
0.008519691415131092
0.8516079622786492
0.6448338408954442
0.06671522720716894
0.361245189094916
0.9474262986332178
0.38430674374103546
0.1231994554400444
0.9127073588315398
0.06342082866467535
0.14024795941077173
0.5483458505477756
0.37721584690734744
0.010307191871106625
0.7536704423837364
0.15387120586819947
0.8242772072553635
0.07862959336489439
0.8938822483178228
0.42471931711770594
0.5973855508491397
0.5963898308109492
0.5906660438049585
0.44970202213153243
0.505130534991622
0.04347054613754153
0.534107806161046
0.18346960470080376
0.6116467982064933
0.7870524963364005
0.7366534259635955
0.6621086604427546
0.0815214745234698
0.6160457818768919
0.4084452441893518
0.572493826970458
0.3180796813685447
0.5746104312129319
0.9797099463175982
0.8077565517742187
0.7153146516066045
0.4538948149420321
0.6346364109776914
0.11972217308357358
0.27127411193214357
0.2956108683720231
0.061936379643157125
0.9222810491919518
0.6597583538386971
0.7064342068042606
0.7645128471776843
0.8705568846780807
0.015448718331754208
0.7154370839707553
0.9515286777168512
0.13816631236113608
0.3879394796676934
0.46674751164391637
0.38281211792491376
0.8279963186942041
0.3389920482877642
0.5648070254828781
0.9806187280919403
0.5344735842663795
0.9515341641381383
0.8786230799742043
0.3562732220161706
0.6257896446622908
0.7473147001583129
0.724136542994529
0.363988766213879
0.9464104117359966
0.35537402355112135
0.1243626200594008
0.02557282871566713
0.6463873798493296
0.90379120525904
0.46997052407823503
0.21900849603116512
0.7412630915641785
0.544996908865869
0.17945579253137112
0.14462725049816072
0.9060288001783192
0.014204429928213358
0.5588313075713813
0.5214105320628732
0.7183420611545444
0.34798617963679135
0.622103750705719
0.4787263129837811
0.32479199254885316
0.0915523236617446
0.5457474237773567
0.5212350715883076
0.29909421782940626
0.8428563307970762
0.3083525311667472
0.27246937807649374
0.5387950444128364
0.7765266995411366
0.9096199155319482
0.5746297130826861
0.935552268056199
0.543008039239794
0.010604350129142404
0.16724774497561157
0.285062748240307
0.8776659211143851
0.6501238802447915
0.034997669979929924
0.6182052621152252
0.5702231619507074
0.5529707907699049
0.8869162141345441
0.9950419387314469
0.25218372186645865
0.7310447278432548
0.2543537337332964
0.9716056878678501
0.5932708261534572
0.9543675000313669
0.8956396454013884
0.9427502115722746
0.3070767712779343
0.22761022299528122
0.6736624960321933
0.357741508865729
0.40541663533076644
0.7812845124863088
0.35345417889766395
0.5283013512380421
0.41064869798719883
0.768338771071285
0.12138030538335443
0.35179976001381874
0.2072000177577138
0.5501497783698142
0.924453231273219
0.04034358565695584
0.7012516180984676
0.41904677683487535
0.7273591158445925
0.17405332252383232
0.5614914705511183
0.499576581409201
0.5539534776471555
0.8754752224776894
0.8077309625223279
0.05885743978433311
0.1609012931585312
0.3775025815702975
0.06049051065929234
0.3630288525018841
0.7772297102492303
0.03502374072559178
0.9780806566122919
0.8231385862454772
0.18751111370511353
0.8593659619800746
0.31315587973222136
0.3854108899831772
0.3942988875787705
0.5960966513957828
0.8637518042232841
0.31011974439024925
0.9006362068466842
0.4961521723307669
0.3313612323254347
0.13010187121108174
0.438396010780707
0.11674063885584474
0.8458870702888817
0.952541024191305
0.57694077398628
0.25899765314534307
0.03961344878189266
0.1322198084089905
0.0438679214566946
0.9584094448946416
0.49136522598564625
0.0059038635808974504
0.9962530033662915
0.521577475592494
0.8376644852105528
0.500544152688235
0.3650678163394332
0.053176183719187975
0.5240841996856034
0.06857519457116723
0.9714021976105869
0.6835382324643433
0.3368015994783491
0.0012555539142340422
0.6786477770656347
0.2609160542488098
0.060333561385050416
0.4725808009970933
0.6627561680506915
0.23052952298894525
0.8888229206204414
0.8975260702427477
0.2894663717597723
0.14932767022401094
0.4418622376397252
0.996898673241958
0.07491006632335484
0.3969032973982394
0.11874469043686986
0.9420337958727032
0.40398104465566576
0.6892026220448315
0.2737014202866703
0.8571150484494865
0.37418047641403973
0.8892732583917677
0.44170663482509553
0.6938207121565938
0.6981748368125409
0.5817511400673538
0.8540401954669505
0.04387450055219233
0.7414092868566513
0.21471772994846106
0.9098161500878632
0.9729893391486257
0.9399189355317503
0.39769215416163206
0.09197242883965373
0.16405149060301483
0.7547280075959861
0.8538157232105732
0.14295759401284158
0.562893132911995
0.30623503495007753
0.5772676307242364
0.42204692028462887
0.06344969710335135
0.7702322285622358
0.8319878510665148
0.1503128674812615
0.5075137889944017
0.014140776125714183
0.12330513610504568
0.5521493109408766
0.7058284275699407
0.023946629837155342
0.6258466334547848
0.11849528551101685
0.3355354748200625
0.9104575726669282
0.43844071053899825
0.03140632202848792
0.17502283491194248
0.1424873888026923
0.008907404029741883
0.897006468847394
0.49446209939196706
0.032362886937335134
0.7565210058819503
0.3697593652177602
0.0023158672265708447
0.7175624836236238
0.33176454342901707
0.1624122334178537
0.3359342198818922
0.1720964964479208
0.7388302749022841
0.2230720992665738
0.6348424379248172
0.7497715228237212
0.6870106316637248
0.055999816162511706
0.359842321369797
0.2926319653633982
0.9947872071061283
0.3465000258293003
0.0017867498099803925
0.0916655589826405
0.6165551317390054
0.6821389270480722
0.21344311046414077
0.6812146466691047
0.813982444582507
0.18309174524620175
0.8585061393678188
0.0006920858286321163
0.5773356226272881
0.8006576446350664
0.577358630253002
0.16311352513730526
0.5788976214826107
0.6586785500403494
0.4656367381103337
0.31324249459430575
0.9485254194587469
0.5856875730678439
0.09366773581132293
0.02645328175276518
0.3673133850097656
0.6293118323665112
0.15869196155108511
0.31617511017248034
0.09417771501466632
0.7798681850545108
0.5451548588462174
0.5601712511852384
0.3453519893810153
0.8991255892906338
0.2750726907979697
0.3824078163597733
0.22213877202011645
0.08489538100548089
0.5316908226814121
0.7923187222331762
0.4206284449901432
0.5412807911634445
0.3358208481222391
0.7683579700533301
0.8914029847364873
0.23841139511205256
0.24392334884032607
0.3687172450590879
0.8993883295916021
0.8124767246190459
0.849479156313464
0.9033571784384549
0.9286297864746302
0.8851203804370016
0.059187081176787615
0.5498416994232684
0.8884332254528999
0.4341985275968909
0.3030851441435516
0.009871546644717455
0.5773793905973434
0.6397138081956655
0.2357135487254709
0.03101819450967014
0.3569942768663168
0.563854729058221
0.6985341424588114
0.7252408948261291
0.8439970950130373
0.7115588365122676
0.779527141712606
0.025545559357851744
0.8532268202397972
0.34430990368127823
0.02080209576524794
0.4358629973139614
0.01066308724693954
0.8344333223067224
0.17770259827375412
0.8576442508492619
0.966829489916563
0.9775641933083534
0.6726233172230422
0.3977200207300484
0.6448245663195848
0.7310434277169406
0.22441345173865557
0.0994610539637506
0.36672924319282174
0.9605526789091527
0.40761087206192315
0.6817786316387355
0.8360486349556595
0.9201902509666979
0.9796842506621033
0.3464606280904263
0.8822534105274826
0.5932627173606306
0.3021108554676175
0.7215128394309431
0.5609807523433119
0.24191303947009146
0.7933527815621346
0.23017662903293967
0.024346703896299005
0.021482707001268864
0.8240197957493365
0.0925701369997114
0.08732408285140991
0.1771216804627329
0.4963368410244584
0.10285575687885284
0.8535276488400996
0.3605865358840674
0.3865380650386214
0.17994508938863873
0.23192111612297595
0.9180513853207231
0.0546878301538527
0.14246236206963658
0.3480218986514956
0.15855461731553078
0.14657774847000837
0.007897659437730908
0.3322550628799945
0.16575969383120537
0.9802697848062962
0.42846788838505745
0.4909344450570643
0.3298885419499129
0.15244196564890444
0.7057988969609141
0.3307066187262535
0.12938915705308318
0.1699469187296927
0.297368214931339
0.6801748166326433
0.8773285993374884
0.20795450522564352
0.42876584944315255
0.7823628326877952
0.08670454402454197
0.14675383106805384
0.3337661582045257
0.3656708353664726
0.8808396256063133
0.11032704240642488
0.5844132378697395
0.13583356072194874
0.06787533592432737
0.3160607609897852
0.11711668688803911
0.57330362056382
0.5265660900622606
0.17393495165742934
0.18110178434289992
0.9905690257437527
0.8479737197048962
0.6283220890909433
0.8206411541905254
0.2931770805735141
0.32442726637236774
0.9753726876806468
0.17938383552245796
0.21902072173543274
0.5905771253164858
0.18360343808308244
0.27619337011128664
0.5129664922133088
0.9620385270100087
0.6337235583923757
0.695485724369064
0.7708386951126158
0.5096659807022661
0.2922265836969018
0.8809748808853328
0.5992553438991308
0.4371816145721823
0.593153998022899
0.2959469580091536
0.006942850537598133
0.6685493467375636
0.6811359487473965
0.05879413872025907
0.8709101472049952
0.3710376841481775
0.10684642591513693
0.42808410548605025
0.6950748744420707
0.8367398818954825
0.6103887541685253
0.1297579761594534
0.9397102957591414
0.16524482448585331
0.5999688571318984
0.7846865949686617
0.09746818640269339
0.09087907057255507
0.9352923664264381
0.2954806387424469
0.11027983925305307
0.8635900728404522
0.5499553584959358
0.06449592136777937
0.18412093399092555
0.16721721715293825
0.7060998152010143
0.14451676909811795
0.5193469761870801
0.31014807196334004
0.4320010459050536
0.9215448382310569
0.7520474318880588
0.7829089218284935
0.4477300406433642
0.07838093070313334
0.6762101855129004
0.7403072994202375
0.6883569008205086
0.45040247356519103
0.8461842252872884
0.2735143431928009
0.41559028066694736
0.03626795718446374
0.1134046446532011
0.08958151936531067
0.5882392667699605
0.045121635776013136
0.6703137431759387
0.1291338922455907
0.3155228339601308
0.8874170775525272
0.4785362761467695
0.8437479417771101
0.8089381132740527
0.9832807548809797
0.46637411369010806
0.7872925908304751
0.01791839930228889
0.7919942841399461
0.49181609228253365
0.6271143646445125
0.6701276495587081
0.22437285911291838
0.3157314141280949
0.6780688825529069
0.6835932040121406
0.23094268259592354
0.004656924866139889
0.0600862221326679
0.5217222580686212
0.016357517568394542
0.27789364219643176
0.06722136284224689
0.9480570908635855
0.31588416593149304
0.6681252873968333
0.2631131703965366
0.4172007474116981
0.1704373660031706
0.23025998496450484
0.6630162606015801
0.1818155418150127
0.2557948485482484
0.3067181601654738
0.7625371043104678
0.6513683251105249
0.866440727841109
0.9802560387179255
0.4844090389087796
0.0077173609752207994
0.5925812595523894
0.6264667701907456
0.7784898388199508
0.5994191947393119
0.19684987585060298
0.36748115182854235
0.5106551658827811
0.6759651722386479
0.5631991575937718
0.9615908334963024
0.9103634066414088
0.5915130788926035
0.01197277964092791
0.06582061643712223
0.734163582790643
0.2915367688983679
0.8844294529408216
0.8224079082719982
0.3596472069621086
0.6027961352374405
0.3274957190733403
0.05971336783841252
0.12908870307728648
0.8208840389270335
0.6848584113176912
0.41307895723730326
0.9814752768725157
0.4548105963040143
0.020076647866517305
0.361964508658275
0.38767062220722437
0.5800497205927968
0.9815903739072382
0.10456976853311062
0.7050595656037331
0.1670244939159602
0.06308223004452884
0.14674746082164347
0.18779782531782985
0.6895970257464796
0.4387447538319975
0.4068688217084855
0.2921717211138457
0.5976228746585548
0.8812124936375767
0.7273870566859841
0.0937801597174257
0.8783459246624261
0.6559273961465806
0.9882342098280787
0.5535257603041828
0.9016951783560216
0.3846070773433894
0.6172559827100486
0.5441381675191224
0.391285274643451
0.2241709919180721
0.33443811209872365
0.7252191225998104
0.34833946567960083
0.38549808762036264
0.07705876370891929
0.8194037943612784
0.1124183505307883
0.2085279361344874
0.8107473095878959
0.9862203449010849
0.7919662860222161
0.34353463631123304
0.6443184169474989
0.09649655781686306
0.9737363534513861
