# browser_rnd sample v1
ua: Mozilla/5.0 (Linux; Android 6.0; Android SDK built for x86) AppleWebKit/537.36 (KHTML, like Gecko) Chrome/100.0.4896.127 Mobile Safari/537.36
appName: Netscape
appVersion: 5.0 (Linux; Android 6.0; Android SDK built for x86) AppleWebKit/537.36 (KHTML, like Gecko) Chrome/100.0.4896.127 Mobile Safari/537.36
platform: Linux i686
vendor: Google Inc.
oscpu: 
cpuClass: 
language: en-US
hardwareConcurrency: 4
deviceMemory: 
screen: 480x800x24
date: Fri Jun 12 2026 13:43:20 GMT+0000 (Coordinated Universal Time)
epoch: 1781271800182
count: 4096
---
0.19023758107377398
0.9179216307871179
0.7566012274463862
0.05634214222677203
0.06774543157969615
0.5903667845304559
0.77526965739859
0.28310884215840715
0.41849421204080106
0.6941254823061158
0.6925718094504798
0.7663192473467586
0.1582948406706164
0.4298532617428237
0.05919912907723157
0.2909995519215962
0.7077274250130159
0.18337235675869268
0.3725875340119995
0.2282564993941234
0.18571046484506581
0.15821173665817767
0.435568619772821
0.5641460229708215
0.07199262712100163
0.01265031156168872
0.4856260330468747
0.7787060403307535
0.9343625699303053
0.9840892346227608
0.25137535693113433
0.5055992877347442
0.7559041980244272
0.4059943142403488
0.9566344407074023
0.3807504113980449
0.7287349920135269
0.7169359235554871
0.4822973564454056
0.013937331473768078
0.08570902659182766
0.4862912195348814
0.10704546557816874
0.9624820433087578
0.8769165340336356
0.7659351611746079
0.7768558126588123
0.4529681731981994
0.10601504808831597
0.7141882022902479
0.7454812615784339
0.7368889696191505
0.4200370805130016
0.07720729935861725
0.477411390492829
0.675111266377562
0.5242268223380822
0.7547635938382744
0.27755260468625487
0.09051986647397148
0.3989909722305036
0.19227221617065715
0.839586318447912
0.7683885262277819
0.03842164368726064
0.840647709715618
0.815786725939186
0.8953200442781803
0.2698880960009542
0.09470256795417464
0.6876209886664586
0.18580133079644812
0.8053843163554979
0.8439263374147656
0.9065513602500916
0.6719947588279673
0.3120635803627674
0.08456825756466291
0.4460921475948718
0.292397281765973
0.08296527612536542
0.2044652009794925
0.4114033320134398
0.583775136830875
0.5413022594025694
0.37639909970174523
0.2747361271687381
0.9097690353667585
0.9317298234492108
0.4662946989925767
0.03006155714797143
0.8813032589098706
0.6370647275941062
0.7649926549585597
0.26594092176793227
0.815699737089361
0.02923936570271879
0.266568133404103
0.15846412434040769
0.5100179827939715
0.8539424466912264
0.7681153550082072
0.9229593214109646
0.6040658588756425
0.9475881478103421
0.8905310089627345
0.8413194148093417
0.3812952437545525
0.24829656324461746
0.4468354193653348
0.29246378279161167
0.26767068925831605
0.17121078332371198
0.7669902644322963
0.7210084605493723
0.605621088188389
0.9679450785458181
0.3182784606328841
0.5774989376789601
0.7686964303236536
0.788868024444759
0.8501813209722271
0.7103968437488941
0.3224712972190995
0.00973239781230073
0.22919409459603002
0.03721501740679645
0.1906654852900198
0.07432522359794258
0.9207786062938377
0.07914041587384069
0.6073950997177879
0.7393355604616174
0.32708292710686804
0.0000801007188628855
0.28405536480108284
0.3656777242136935
0.8540067447082791
0.6244067069573884
0.11733536209910866
0.4477595032380146
0.19112054829859648
0.6137219515255465
0.3639353443198574
0.627394005966782
0.4440380987257184
0.29992170537181817
0.23230707928397387
0.06056910392111137
0.07699109953799721
0.16005220487912752
0.4605257877438409
0.24430267679891404
0.8014073997159621
0.45038086219533935
0.23069399847688143
0.4986403248697846
0.48010662116622393
0.8092868078452484
0.5029429444215006
0.5518780661122069
0.12275112556317791
0.19920523503273513
0.39396396711759385
0.42496326329910983
0.495346363109477
0.4096202230315913
0.6970449259430911
0.3540089726692468
0.7107024626478771
0.1943164909862638
0.5892722693187056
0.7857566393272379
0.026524346888830763
0.36795551417008254
0.1313067047838461
0.4979028705741515
0.23437242446422113
0.8596485371682241
0.2487646156246479
0.936747079919295
0.5615507809561897
0.8742326198897101
0.6756244883762152
0.6424908448288036
0.09238626023825702
0.6781137130535786
0.2590471596332855
0.15168374791128425
0.8034737898052684
0.26389094112326816
0.43222187487207564
0.582409229217997
0.6884615772899838
0.5359583702288688
0.38732008364765025
0.3744161975522613
0.9966202694273121
0.964491645841008
0.257377777324872
0.7832453844784006
0.08882875734066298
0.12243661349897184
0.4500315761256013
0.8596367465731036
0.5389357986050987
0.12777548531331506
0.5658474236722844
0.1182314968513638
0.21535190648501912
0.8446432283958205
0.5850803232103903
0.29448974440825104
0.9061810045375991
0.29966865488603234
0.057657676542684166
0.9214268520430755
0.13163969133773334
0.6878448102061088
0.684187441371449
0.1959080906080386
0.4250570469615076
0.585046385971902
0.3075137993661605
0.017064913704536666
0.6034493225686646
0.3853987439302444
0.3782413713757584
0.21262576620885554
0.2636648517898843
0.09059231082228858
0.4175271087690411
0.7463831616347092
0.49668403474649714
0.22834670276066849
0.892690018672889
0.7467937925215948
0.0011516045231074745
0.7921189617746418
0.7026134102437414
0.07497458632771559
0.38205608778262823
0.37025179537714625
0.23144400316467006
0.16696325656278233
0.2458261472339558
0.8991861279963089
0.8252625519444192
0.7722051073110847
0.042719377213760845
0.08534107850594652
0.6435268448764422
0.2420219481264032
0.7860297339256619
0.24108681524330589
0.06495641366634208
0.946979984398179
0.47347231021687786
0.45093690983936185
0.18910386887179365
0.7394388906295288
0.18278427604028336
0.8351006835151791
0.46470493728203177
0.2086110815145561
0.32140088911930187
0.42160666585281037
0.7844437293105035
0.28251086707649264
0.09543759791487583
0.21066849204781724
0.02517201562566651
0.6879649774665659
0.9900281779081499
0.26007140426401776
0.03582247663416638
0.964736072942229
0.5298957193519498
0.8814582307691703
0.2759131345120285
0.04127391315296092
0.6844804152077497
0.9190320144099002
0.767659247377696
0.8987101064143832
0.9695156638748608
0.6542967228961236
0.12916761560495393
0.09206075314402229
0.5390504298252798
0.35234198177412246
0.2812087033835422
0.19726624307504914
0.7402584296594932
0.7105983770017592
0.12093199352460582
0.8998071315094711
0.9748777156879587
0.2553406202175379
0.34820829421351385
0.6274155047220527
0.4854363827027106
0.5092602216269362
0.22629103435091524
0.8524340845353189
0.8969792157717265
0.35697262221198356
0.43640277603600497
0.5170755016252746
0.5346515640731142
0.25129727126637635
0.5028237440610794
0.12415693660447769
0.7100502451433268
0.8937155375164874
0.8658946196392321
0.7175893831547517
0.26817836554225827
0.4024919961182787
0.19827783919145214
0.5048403539530872
0.08726223076866613
0.8747781853214445
0.6201754023278707
0.012208254110319672
0.05689997386700418
0.6148879010464039
0.5133581238670641
0.9563518663950243
0.32003166076477174
0.23240871646260186
0.5596102354176364
0.6441005546914973
0.7338640170633908
0.7343459896571003
0.14005769974443227
0.3537141991137429
0.2515048055019167
0.4008150680242608
0.6140584628077661
0.8470984862400444
0.727469444192707
0.05857997207059085
0.2730634143287505
0.059290083223261236
0.6977535450514976
0.6295237674394065
0.9180289472942162
0.9389142666314254
0.5484843958223153
0.4027551539168024
0.8889311593430069
0.4917083947999832
0.42282664138193926
0.7447181565131993
0.8901291122973427
0.6988459749225511
0.5256998351187194
0.3621677648130708
0.5466291093267361
0.6547170210451945
0.31652957083935473
0.09665083055367485
0.3838006462736534
0.2200862479684702
0.6014312225744924
0.5349784089867144
0.0542338028925633
0.6407375489675262
0.006839472868335417
0.4493489073639576
0.7114058457486012
0.9040198486683035
0.6989756689932884
0.9085372374538998
0.14086335823645357
0.19654655400292298
0.05298401220186166
0.8487211347188994
0.4626839625920347
0.0351994497160697
0.6034517162685265
0.10349744978814712
0.3798544263616115
0.703135586926471
0.6196149939822708
0.011772532765833343
0.5113748458491627
0.7320392404442144
0.5547108312857871
0.2554511372041999
0.7550848788412183
0.6282155667340459
0.896638335699476
0.8335860447212793
0.6849978713797733
0.4287655465200899
0.03212294478502864
0.29218914323151846
0.6182551219536314
0.9107681799822556
0.3332806985057746
0.7425425063972999
0.7824915810916588
0.5355330702706216
0.5795295038656474
0.6634839422161016
0.6457813497835125
0.07089628217679
0.20645147733368452
0.9340674625188672
0.3053090078426264
0.8483274542306614
0.7218156083470446
0.6408709017327536
0.7881547012884356
0.831016984493868
0.6983067615605238
0.7040611292556391
0.7955401899851338
0.34301282854417225
0.21623619423958984
0.4229784071732279
0.4257036707892232
0.7822330933756207
0.09036239404515056
0.4909619851065372
0.023364357398034663
0.21786013970456364
0.34690814229631073
0.44610179831371877
0.7952902174537562
0.17001206529343604
0.42220920884641067
0.7929665508854025
0.6038998646895466
0.08671680387817537
0.04275888500027958
0.4466451921443111
0.39602900938096486
0.7644520795553602
0.20872719015187546
0.37630147791279533
0.30803568672921244
0.740144565059248
0.1891456562058238
0.3483664785727112
0.210434479919841
0.07794064237236564
0.28885894262630196
0.1574888761685984
0.16766647031107906
0.5336385416476914
0.29920291104718366
0.9956805980191963
0.8877011915835171
0.8726627541515464
0.19610202968227308
0.20807467031677995
0.561477486413658
0.5694080792536316
0.195397516941469
0.9659816420388216
0.05302593524625343
0.8385706154902268
0.455195508766957
0.7890161778041633
0.26756810816788557
0.717612770485399
0.24083302096810977
0.7137055679476032
0.6587701010125642
0.8490446541885786
0.4069289089303765
0.5248900908807843
0.9581254847372338
0.7601102225274341
0.44550589000132845
0.7513031292747268
0.09073932719754096
0.3286176339314941
0.18437497884209386
0.8960061811156903
0.5934192378657335
0.36237253914931045
0.8469628188700771
0.4738048302787925
0.984893842475882
0.15244038516415892
0.6828138185243982
0.18640895488087605
0.4732209408282193
0.3085421437313858
0.709980906032422
0.8201239308364792
0.9862929099752498
0.11304011265418956
0.8846268667750441
0.11254631089366884
0.33700497866942514
0.7960174685827663
0.5576491445543645
0.5600807417149842
0.8422889513955518
0.3472316265784656
0.03305524922708303
0.11669186377150598
0.8690614418734348
0.4708449980889231
0.21823079193957517
0.41663469652849683
0.18284683848157468
0.6953345492489509
0.052586146500249065
0.942371643279585
0.25226852151872126
0.08697612953192224
0.7521206840654773
0.4500636635236679
0.24726170904152922
0.6685535793033186
0.3703192224050962
0.18926355503304526
0.38644123651335827
0.5061635761767702
0.17937800967406559
0.20809597952354308
0.9669576804825877
0.27453893633901827
0.4288143944072089
0.8430409414567817
0.15032107961528318
0.07163535244080665
0.2318174911010753
0.2519317164266788
0.0305237159894296
0.49399664711436864
0.5829183965050333
0.9933192827864588
0.7924977101231092
0.992351626340384
0.2114148153717863
0.47474321053079604
0.1019099156863923
0.4183453361158489
0.48270786302768576
0.20513405093824177
0.027918730026821104
0.6555560326461896
0.9194577092256357
0.8309138529110875
0.6763203828379243
0.024384677256861886
0.6982326626938571
0.8292370293234539
0.20632902632912287
0.43668539045750676
0.10306051442130593
0.006249243482725042
0.4949164862218065
0.2789635920221645
0.15812385903361115
0.5533159834863857
0.7031425320849893
0.3171262035758231
0.42021448106487047
0.9295086671051616
0.39133463906484045
0.7474062696792809
0.5142331537138072
0.42675093645333195
0.47507026203409897
0.29511142377751365
0.5405947828952127
0.3615891474646311
0.2851242562919374
0.4276773301257095
0.32581632906116886
0.1867566191861494
0.0878092548181133
0.11447383695456192
0.20704618012767262
0.9728654405397756
0.7580323284551154
0.38598231682496986
0.370395421086408
0.23268938416016272
0.9444318509300191
0.8769526677940318
0.38787394154142496
0.7033485431359974
0.6515662006721916
0.6402462353663099
0.48136073260742585
0.0794273375221084
0.7030864789019475
0.26083599283872205
0.7181688877222885
0.2244592664821743
0.6532478526146697
0.36302802089313424
0.33747442704204955
0.5424240233107194
0.2803830632468949
0.880930444516117
0.13272506358329017
0.7955722863920118
0.6362147669104314
0.6172554453080463
0.5414143457323088
0.34922865683862225
0.9465371527131079
0.8227366775568437
0.16845584466023622
0.2571314239504783
0.27499916249300527
0.14482082550236886
0.5221905591221541
0.7263250468761111
0.8562899713505785
0.8497107900970338
0.7203727638574025
0.2985863898009349
0.916077270459944
0.5119226155678505
0.5136796133772581
0.785945747859617
0.023966228854531035
0.3967718679990342
0.5534981405404396
0.17376181686092584
0.6219580466592927
0.32006107395295436
0.6452297475088931
0.7219357844786725
0.15915917772910948
0.6587513455142457
0.34759007063738
0.6547518185214807
0.533257659476621
0.21500993896314813
0.47795996341071567
0.5201098660267902
0.1421183175986882
0.8294429132114969
0.8276562857621683
0.8303093701691955
0.8636599604337634
0.22004105977872634
0.8657779958732521
0.6206129170444836
0.6601772207116228
0.7762297323638812
0.195272131959082
0.934329997972986
0.7656532650811405
0.3551738792396242
0.11924058218520406
0.7257910955949154
0.2866952336325188
0.04219579435543297
0.5051313354522653
0.8259938177235366
0.8988543396106186
0.3390471207182313
0.8608893662239796
0.22647293811780922
0.39086312129613865
0.32905388334157637
0.292094883956181
0.9650734560370349
0.6263879675300341
0.5339672416007759
0.6446320479415901
0.8533049783558206
0.4599614193223076
0.5601397905688577
0.45593864382910154
0.11612437963612887
0.0012363685873744146
0.0485589585824171
0.7414044970427336
0.38488993941165073
0.11683675771546809
0.3869660033109146
0.7720482029799005
0.17819339556900493
0.0781321508018602
0.535692058848122
0.379116771828079
0.5698768467660811
0.7028011395669285
0.5566213934054645
0.46532634391728056
0.5085383035747211
0.9118687046001304
0.6801652634764026
0.4539273024343109
0.2459115855740006
0.18645847936675786
0.194977548606174
0.19435372183323185
0.28918877716092073
0.9003887910924959
0.5781129894472188
0.2130711390841009
0.4358200779631136
0.22991828795411529
0.08175316530087762
0.6650776287801414
0.9609555344471827
0.8263593389707367
0.905114979586706
0.37016611312533887
0.91677085486216
0.7729083829022056
0.45215086483963396
0.3800606538252884
0.8119500713955001
0.2146809810752781
0.385346485085031
0.22158794706515228
0.8947312529541844
0.9135200029286008
0.3139200641535351
0.43793639988444655
0.8542265868437573
0.7796384604375377
0.15751841171706293
0.35421594484216845
0.7807284244976032
0.4859790658108898
0.443681930253099
0.21311035540268186
0.35162533685701436
0.1335133680397611
0.7606930409475281
0.9576348167444715
0.42189530823456844
0.5441765870959769
0.23763797972759892
0.6121928892717392
0.8398830254731784
0.2943332199419566
0.0682701529614731
0.6732255176100912
0.03997107925797483
0.580693268586471
0.22162612070662502
0.1674823197325006
0.44870357239113634
0.35167360409337634
0.1572335961265503
0.6443645761793597
0.7233078729470299
0.728801566781984
0.6353517328941618
0.6932439400347292
0.04839898633861073
0.4259766117158694
0.5252377870981986
0.5847088689155913
0.3068165021560265
0.4084330742760398
0.03942230802065083
0.6918574364483843
0.8604825023845444
0.7340272472866214
0.8099494767253346
0.5865768057268732
0.4631055816990277
0.4719582313951127
0.542175950745071
0.6161603255361412
0.7309102622898611
0.9247311102726556
0.6410252990860013
0.4956146731304356
0.49600787647173394
0.28029969700490454
0.43446258735465815
0.7085784215527828
0.11290380672058897
0.5773470673292849
0.38255309256237213
0.5105512666359449
0.7560911340747434
0.762736618749557
0.299061573231999
0.0026643943913557955
0.9793345586301496
0.20313367904574053
0.7642345489325473
0.9189973012096455
0.19034887494700814
0.34308356613816837
0.006907868508976733
0.641005509547776
0.856543480699465
0.8151831254097732
0.4272510290792202
0.3382156991184979
0.0288838430168179
0.8389049205942622
0.821503283414057
0.615271162732997
0.8471770990524721
0.19328134697605348
0.46247096359445705
0.07336239044047166
0.7524194290110879
0.5277340809126536
0.4648472296667192
0.46073097266277196
0.488699138123017
0.5058873339599226
0.3261409624959757
0.007214048478108026
0.7387366219059035
0.22881287631427383
0.3659012141385791
0.440065871721935
0.1446918286547647
0.6424058609812917
0.8430446790002135
0.12416630071691115
0.15250264810054848
0.8274555784221436
0.028540253010051364
0.09252175838198284
0.6891620906772948
0.40792939796881855
0.05344412739951143
0.18673554530932002
0.4937951993381995
0.6813079117830732
0.10437509917272059
0.8409046398442026
0.35255129250707773
0.3265998207953569
0.6410694931435272
0.4976932447925868
0.3893146183681935
0.608406368181527
0.8634249146044519
0.6157369443265255
0.2900726846047632
0.6973660464357503
0.30734821707758875
0.35966403792966783
0.519014786176742
0.5658331253049107
0.9649200304422887
0.23464076025963854
0.6324856779527019
0.47825609500669564
0.0052950209338251675
0.6934519757993658
0.3456653247718555
0.9732459862084861
0.5515703169672095
0.9582144624303148
0.3388787725684992
0.45926294760892805
0.6414576207244187
0.9249328660896348
0.040482432879554775
0.9322712459767191
0.33948739716389076
0.37730668151657865
0.6059612843088378
0.8879666444387988
0.9004685426855894
0.11256719800785153
0.16522131120953176
0.7843906871695279
0.6842849616280069
0.1996951499014874
0.22971530584008382
0.5595207842659564
0.02778228508891778
0.6299082233482676
0.7972082394564017
0.5267710590528465
0.23814707539111635
0.05686172313905957
0.060415415584790466
0.5803466538937325
0.6217012427539894
0.7170353812287944
0.16918325606091167
0.26075108921094015
0.8888074265608146
0.45920882596432655
0.20774634329565234
0.33527256057303556
0.07690292006993982
0.12795894161227195
0.6431259623750287
0.5873448933679402
0.34628098195046064
0.02763697966783263
0.5892740233911058
0.8816899585066844
0.9615607863600386
0.4553031190589736
0.9238808667966105
0.46498023673024114
0.43828999051775264
0.9757094378348969
0.10683841380948267
0.07783209601877017
0.4936757641053364
0.7744081819890773
0.28651808995248196
0.06689639309293338
0.15013855606677917
0.3989338061946397
0.3889900612903583
0.2025367275003609
0.4189646519021468
0.6415868981986512
0.581693334315678
0.5698864018538092
0.08599401407718288
0.32895384161694485
0.9662842403261314
0.5511501051665497
0.07639830270023307
0.9533417721259032
0.8215527785102492
0.5264200720050161
0.4992433988309064
0.7323823284533051
0.7178851903667169
0.8268457497871797
0.5848921471337343
0.757162395752079
0.48152174761924504
0.10881383777270948
0.00008456437263903993
0.46335356554647467
0.32671489064603776
0.7853965667062379
0.6921149694864441
0.3094010609585911
0.6534804521663458
0.028257242995544107
0.20454365954545373
0.7265933199764187
0.22096678186787466
0.4379101928968996
0.3226692797942894
0.5232543532974587
0.16498052949788944
0.9263763740352831
0.5044082206483231
0.1315229300756724
0.220562410069862
0.4358347013174724
0.8955690500446516
0.8229020053971567
0.07120527599032545
0.4141299326861221
0.9461067365679698
0.22578568849210345
0.36595256176666546
0.6297697747843625
0.9633191870742537
0.6769787049467162
0.0384135628250597
0.8775264342525699
0.6158330984610689
0.7809546864267936
0.7216466530051184
0.06475334603399507
0.5950789677321311
0.31369755814838585
0.6582034084003896
0.6705706507864846
0.9004423495678258
0.30776167096469287
0.4994472076969765
0.9574795682270056
0.4924830146296455
0.6092083533211354
0.22912310029270078
0.40722498736692114
0.9719044763309637
0.24378915811008883
0.25823194009230366
0.9378160892065592
0.5210742016398431
0.5218471218365013
0.9458969770141024
0.2546731487453935
0.10277159947767167
0.3525704151240667
0.9714158441122875
0.8694158180130866
0.5380060298019627
0.7879135155168566
0.8730991629658817
0.7094438838135517
0.8857138793162014
0.24538426564245097
0.7555192844128964
0.8520822700126678
0.8955606213000784
0.05745103295412224
0.86150160035551
0.12699782230770573
0.42842037307349745
0.25311351468953314
0.26227968105409083
0.2866554607363674
0.8389198614858397
0.34785625649311136
0.7169598603004608
0.733690246297144
0.6753277640832283
0.25693241831141744
0.40969747573681214
0.4876529378552412
0.7747261311801878
0.5194026522611779
0.18254773882053454
0.3725417801512121
0.18594579328700012
0.7848993205331019
0.27178295091822946
0.13723500741829575
0.8920571221673035
0.5825409080663027
0.3130378878554827
0.6104735551739022
0.12690173652749492
0.01865824730663257
0.9077214956525197
0.7618465645622396
0.5714132455763745
0.4487693475728627
0.43626875384791486
0.31601206104806656
0.7264559896148002
0.9899929857046252
0.8364382473116085
0.8017383694792908
0.0025050769223282643
0.3342343084706414
0.21421544434762496
0.8896051053810321
0.5383944943308303
0.18161454987317516
0.9103901752486467
0.1099649497042785
0.11869989861334607
0.9581571775715692
0.8068748887853576
0.6680907685103059
0.6022455690623791
0.08497251799399042
0.1235120969108392
0.41068606240880356
0.12346987852520241
0.8683030199902084
0.2768946323491428
0.8447552029577323
0.5049789100402422
0.012284916888537056
0.5740538912762474
0.22910972473356872
0.6663767112261447
0.5199630359079583
0.41459515954393034
0.4272136103300861
0.22556403221395493
0.21880142990309426
0.5240616237663962
0.7483835228448958
0.5737615429623208
0.09278347841728674
0.7256716773399445
0.588963915975347
0.2449140650124677
0.8037173029530891
0.6829586465114788
0.4743819359703414
0.6460304794697125
0.7330085522067138
0.5596273623077668
0.6815038447145734
0.4824285929586556
0.5234344378275164
0.1508438405043131
0.37468516665367213
0.6615564600452988
0.24467787522701712
0.6323343767291452
0.22571750289955061
0.8431585207313619
0.8870164216538607
0.8748313091897801
0.11753572660700073
0.5691782610227403
0.7426352732552988
0.4159821597080202
0.48083456580756656
0.9985800901355235
0.7024749775303898
0.38602580812067777
0.27375287892064293
0.08975496247149817
0.3030598300901559
0.6178014004970893
0.8473323636421835
0.23064952985628073
0.7324041540845885
0.8436353614328236
0.16122451692466822
0.3701620849259384
0.8135299271811456
0.030971471883208368
0.0015601924543782175
0.45943790026327913
0.57344530858781
0.3831489706763709
0.6372096929609801
0.5446527350434105
0.8817010866356272
0.7361889885207942
0.226809192364813
0.00984901417541062
0.7130393451607131
0.4813296567680938
0.275423591584707
0.4052721681177256
0.39397493279529994
0.3381401700684934
0.3302557946889084
0.3369256650826018
0.02188742501503138
0.4637478764101317
0.37745142891587524
0.4177435026098344
0.5628076318057029
0.9584008528557497
0.7385652128975562
0.6718661733297655
0.38112061819426124
0.25774974170408327
0.8583559970572463
0.1929995618683238
0.12396990759830939
0.4514787631344277
0.7316596318966968
0.890268703549431
0.42966797451704486
0.44559347444044883
0.12752559747850967
0.7379481710339564
0.1837002873819158
0.562570692928114
0.7006341276551555
0.9495574013822095
0.7924609829577398
0.710360592265072
0.11099760394223335
0.45940385580489873
0.9888454176651087
0.3037078105845372
0.23595816501742117
0.034736093708975346
0.1927093294630966
0.49956730302557606
0.08917633834544914
0.7416418590217904
0.3550382786995905
0.8553506423627775
0.38663564756511715
0.6868844143268371
0.9559077292708276
0.16197984762829654
0.4618469085438275
0.7816309441491507
0.24816614465976516
0.10601042804070593
0.48507611105979875
0.21255592321664318
0.3603578908508571
0.19146935417379907
0.7969584023831646
0.8976392861415792
0.36685352965434426
0.7951517643793993
0.29336605849549846
0.40089749088735105
0.3882981906002254
0.7503992048379908
0.43632016182407796
0.738242635193586
0.8024693867794073
0.8215329218002809
0.9174629403270216
0.30085020772408333
0.7689755423954965
0.7971874800481265
0.6257719588420321
0.31395545437721917
0.2564224832629691
0.741020163653862
0.93862266088069
0.09479520780707484
0.0012892374541406681
0.48806862760488
0.6004638546467944
0.1384306876965129
0.8327006622790658
0.6427095322051806
0.1591232237973812
0.8291263992236302
0.6922753219358158
0.1894497075238637
0.005293548160989259
0.7727718301783484
0.166100136025074
0.5021744295356803
0.45994161055915295
0.40593201800112944
0.7696931172959012
0.7875010275607301
0.8584754277658011
0.3723700405372268
0.3155052458498542
0.9796242664451071
0.8723127195915166
0.1985360492619026
0.21647320453143726
0.2673344918466809
0.8151176738055448
0.23415263703397748
0.14380273946667987
0.7713362995262465
0.38133603344846123
0.5593887771778905
0.8033429547443971
0.7645332222667378
0.4123477225949208
0.8403984890681087
0.35436152113280595
0.4501831525344646
0.5916577274886774
0.27474530139458686
0.7919516692025221
0.5588529128441961
0.5007073606900383
0.897139420071297
0.11927228935408829
0.7700062087916477
0.19991122592646082
0.5948050536519416
0.23405463272332638
0.7965442427742384
0.8975852829336042
0.2515979326760418
0.6854362538288976
0.5710999356298712
0.6544183021409349
0.11608697847183724
0.7618874875975516
0.7334557052222479
0.7892008660162664
0.759387457593889
0.3224559253473749
0.8835964737671085
0.4668760090247066
0.5611184678085992
0.7991007811833146
0.15662210210013439
0.9963177570741717
0.06282326905699764
0.1249232221762342
0.7575559383275277
0.5054504123700523
0.7558097252449603
0.6200846278305805
0.19149177464140354
0.5287919234960503
0.31666539949186956
0.9340080289791703
0.5913435413563719
0.9055786876366554
0.9025064221293215
0.9569039289655141
0.7300896239942198
0.5971343325462342
0.8346325119792095
0.2325020390323127
0.5955153062768583
0.6654821679324796
0.6687149522445348
0.5992499105734377
0.6198632330485077
0.6935101404356541
0.9858007223733847
0.17182593334360385
0.4183709308192063
0.013293774568490901
0.28890778195735933
0.7989099650141935
0.6885651597786879
0.8189363094959563
0.10694282991001813
0.7877020851663643
0.19880841678821337
0.3499164147499496
0.8063607984742616
0.35519418730106866
0.22251363678746716
0.13716951060107796
0.09545135661869697
0.33361940742545837
0.4476852713199988
0.6416029351304378
0.0902530857150603
0.43703006055817584
0.3921764030209287
0.9922661732448268
0.85705712485809
0.5226740392988252
0.06781140713762679
0.19524772717416883
0.8670102345416129
0.9807733404961756
0.33055275048649313
0.8228512393158942
0.0610769435798213
0.25406844730254585
0.24464624376760136
0.6473980097912646
0.977567838820099
0.49552334897580463
0.9965009072358282
0.6284997617570707
0.4771129069191542
0.2257099016737576
0.9422837136474773
0.6119176542112561
0.8085287378137904
0.5067719015769065
0.5871718940628825
0.815964195426462
0.9053060568146667
0.18039537643081838
0.2612260036177545
0.9783067212040946
0.4807055907479296
0.3056328069660137
0.04107549772289265
0.4167760825074245
0.5351726902647012
0.3815417895603832
0.4325901894260764
0.36976317396745073
0.01778354710331942
0.5805454024721843
0.3608487604418844
0.07037900154357035
0.7820876270162391
0.8863307502256381
0.3198618270436444
0.9609090420319688
0.08979960665076558
0.7436515527601473
0.5947425593107152
0.8180463274285763
0.27064228634574183
0.16506311222191905
0.7139824450986889
0.7761880579383988
0.5586447713151368
0.777096099847687
0.8253108983247235
0.9968269963725411
0.03380610272879392
0.9074827580611242
0.8123339633496045
0.06711747802066204
0.13554882836023285
0.9459274717184756
0.8975997219430267
0.3572922109576575
0.25128805586915526
0.16770746642763257
0.3660388249227582
0.7561317341382707
0.5456372609111002
0.2563501650569464
0.6767822985115677
0.5304579041800275
0.8661405999282192
0.5101101216310688
0.1487697927370355
0.041879946972428916
0.32263802813953313
0.22697214885960038
0.43052554442766233
0.19938485657436922
0.8143150272277586
0.5148700925981771
0.14054780465571604
0.9765738668876942
0.7139571231087294
0.8424047955243954
0.5121316772293529
0.6330695108847904
0.3760963982423533
0.482341256541724
0.8353521595213629
0.3584412286901282
0.6763099596020024
0.6978907903119909
0.25783352439465257
0.810833483576346
0.19246491642581454
0.4490779098724962
0.3009362289334214
0.6703941320920546
0.3850945848992591
0.5799351173877199
0.9169677628036854
0.05356269492529875
0.09056483961305672
0.11583817342504865
0.6509669628814261
0.6048054852699545
0.14027132075262627
0.3785880626367326
0.5411275371525583
0.7738191096378231
0.4271502652114374
0.7294997058353481
0.5746437630195305
0.5935662678244078
0.11292697116895711
0.9547262785263813
0.07646679648882504
0.15297421851301918
0.3101790528125776
0.018700650207517766
0.03214934635003508
0.8401261399883961
0.8673045640747614
0.8627784055609213
0.550608343524899
0.1295024682996937
0.2072237249802964
0.3782928534715859
0.19601743293840368
0.4805834488912737
0.7152098409104604
0.9074248244812804
0.8368867083428966
0.9351119776577828
0.0018388299028253563
0.5045615947773889
0.23179694731740108
0.7868152663413841
0.05218020529840528
0.259870591896431
0.017419015830419493
0.12743692399252038
0.7552655812817328
0.15164587231369597
0.9268605759381898
0.5367257906805698
0.020732805800295573
0.2575615410599552
0.9429800164765711
0.10929365989134854
0.61783378790943
0.7229022070544959
0.42086545216353755
0.6364954041145927
0.9062540686221232
0.08484046127915224
0.12375114955290112
0.8592034363591226
0.44130691356981133
0.7380000464044902
0.0830441533306101
0.24951047750127753
0.7517005107127803
0.44954950206243915
0.4382828191333552
0.21278073888639049
0.6487188191855253
0.34246322873741675
0.3286536511061071
0.5036968605041356
0.9925928315098553
0.26574972033407396
0.9805673663879
0.37068246394311566
0.6718024081057032
0.4576020837906076
0.35700947313081155
0.049811379289106616
0.9380949323574428
0.43847782008906466
0.04213029643805588
0.8153928118784968
0.4920960252910902
0.09464165078985176
0.4255824131881014
0.026500397361984618
0.9597192553526299
0.5908194055211493
0.700404622479931
0.925960157754026
0.6027021128912695
0.9804342453072685
0.06529944390118247
0.8780003835238175
0.34587176561877886
0.7657081467523421
0.653610734205768
0.7957468819228832
0.9396337999186837
0.8376837881799735
0.6622240019464036
0.8946182973919106
0.07106788338026959
0.8123436238412205
0.3551747236207672
0.48987232541813475
0.8449634312626768
0.5579736437372194
0.0933732099360629
0.0018934725308772382
0.4996678123450853
0.9505611121456579
0.4034359361868842
0.6005606715015741
0.671244899362138
0.13645077521236382
0.6584289230928302
0.11219353547550037
0.1539827079346332
0.23021805343945734
0.09103990103643844
0.3681543411780419
0.9406860739142158
0.4011729696585695
0.4247558093030095
0.549271050175864
0.7359606457290968
0.5715930027238203
0.981869916169255
0.21541552160753175
0.5652977660239997
0.3501970759624702
0.7120284435054822
0.021299590622966713
0.8414611091670456
0.229172814960108
0.03935395545249931
0.3867458494966547
0.7349087992626004
0.06269691101571451
0.6020390047659723
0.3745201630282895
0.8933206951760397
0.13954706159916896
0.955235982087818
0.5348885505756888
0.160037556947219
0.7547402834183345
0.9109268193067572
0.1119233614940538
0.23183319661725377
0.9338719588345268
0.4426524215861132
0.45868324264231
0.2270589164061425
0.9502336662525257
0.8068857230000468
0.21360326348117353
0.8485685740689795
0.3818121618450667
0.8042947600545596
0.8768011686305459
0.8737062151693307
0.5724513145706565
0.5530948344106117
0.8080005785051863
0.5435530753463733
0.198210175736103
0.04828842998415506
0.1372727294312226
0.2547311104407741
0.7742642928576422
0.5431217011253311
0.04873743712597478
0.3838868016431214
0.23639182128035618
0.7093009852521548
0.8560655499892067
0.2525577759737718
0.5671949436423434
0.8549090676518367
0.4131425778240434
0.20147901799029988
0.5850188506673388
0.34386503617895703
0.1331740542438331
0.07880204088789333
0.9076189838274589
0.09274112236828591
0.19233367538423352
0.3507035371267333
0.2578408918245383
0.22290910912664041
0.3769784102057345
0.5680718165753063
0.8926832775652211
0.26733174245625735
0.7328442462944629
0.4803274297204789
0.062030292371247464
0.64684889488913
0.10621079116777055
0.2634029378118783
0.19444387108115135
0.4006581400626341
0.3129185472168903
0.06423463252453998
0.8876422212168023
0.30221280365461145
0.44019089584135873
0.476097973085591
0.276908911623331
0.8246619608818999
0.8144499387145387
0.6426180190762636
0.29707792072464567
0.9738947236302187
0.3808407579253654
0.7496974653396207
0.14628362463613653
0.04848558780073953
0.0682031178995155
0.7640416466246791
0.45581455825199946
0.9725358857835991
0.5789568538286713
0.9640755178462104
0.7328703223728463
0.4150613728299126
0.10047150876549105
0.43558222759997367
0.7082038835909803
0.7400459534205985
0.6769276435740763
0.10163295745600198
0.12183018424485437
0.9874663324995379
0.7614669953857538
0.5393935088954576
0.18901651753088444
0.23582119036343574
0.05262363016139138
0.9331744759163323
0.4135275530875002
0.07554991004697342
0.07884555246853342
0.9288359781207276
0.015651582694376165
0.9083634620828518
0.6839682178465623
0.3363586745866858
0.3807163948473331
0.9926743253359345
0.26930938456005005
0.9120680482947554
0.7617303647797029
0.31751960292862336
0.292372089142366
0.14104214289415662
0.6260161169358527
0.22994920542339936
0.5347955312890171
0.918096583914283
0.9044945856675803
0.8687641410574569
0.7789833538714217
0.29400924699459297
0.36191950018432073
0.3665124523417407
0.6947575438219002
0.9840743652973312
0.2890186327475164
0.7008082873528081
0.2723558839287257
0.09854685511362393
0.8723587411542004
0.2496441572447179
0.25276155772509323
0.039302880562288145
0.53510210024147
0.33961043693721815
0.5050141062896749
0.3475356769056215
0.05320129738259105
0.53313563629713
0.2258151453757884
0.1304759461528504
0.027226462177212474
0.7045129033584341
0.8666775745740034
0.5048106800514975
0.23407702475656977
0.9096550131367198
0.39536375940371027
0.9492493833491036
0.8093141732314515
0.8938847598483961
0.3913839234942198
0.01868516401157394
0.0019381495767814005
0.3872429614817843
0.14046278626518371
0.18185644519872524
0.6832801865240274
0.5609487369643034
0.8037644534828423
0.8223612983123585
0.8471736645543961
0.8271461547588366
0.7716867694739464
0.4777297286763076
0.5738780708794513
0.31343933595082873
0.01951608349057099
0.5532079755169914
0.5400452628385086
0.25877335941478163
0.45241531528797774
0.03929355548593616
0.2166906961491537
0.23335361797058107
0.39810269008388954
0.8719783432002892
0.8678386681586279
0.5105678456161971
0.5233790694660034
0.0071266920344130735
0.12997646881789304
0.8605352625476497
0.27439722195539273
0.23361308953588544
0.6933322905369106
0.8552171366171637
0.9520084374369016
0.9427746348099553
0.9197891846273627
0.902771829254339
0.19274309148905178
0.025228120500536244
0.491434012969427
0.9038614765023409
0.4227595285416552
0.4148596382855816
0.965941064660234
0.8877462736287238
0.13502087750395675
0.823597201620546
0.5990065825753315
0.9902480496384276
0.11630326189087081
0.011633501731811213
0.3682723350274426
0.686736935488873
0.8682565911668534
0.18429057237244661
0.9786769207008794
0.9730833977167499
0.2784489766861171
0.4145651316865784
0.11938180956217548
0.47288072743994936
0.7210846986132118
0.08107946316574233
0.540000337361096
0.7406091854867822
0.4912888158012789
0.6521206380212601
0.7573192244958296
0.015169905871200928
0.5766861818780544
0.4462125163866777
0.1596138222508623
0.8160595344668466
0.8249800405550116
0.21888294621036342
0.2318290250259598
0.19287469340211816
0.17016996520645877
0.4087809856676876
0.29700065368798234
0.10753563007623335
0.07447627402054846
0.6421683639977536
0.7736261419372754
0.5833146531319024
0.9179209143125315
0.23475828938882115
0.2671278205377068
0.6018639665137349
0.22229956397731732
0.5801592126924722
0.6478126094345216
0.18635655888525626
0.23988720357629112
0.9508933879871644
0.27233952830451713
0.6042394845183021
0.27952487422207506
0.19715034186377656
0.6201025151125619
0.4098692853769972
0.9014216738611458
0.36365471184874654
0.5769144484858952
0.4350701131778987
0.743736059734899
0.8031690253877266
0.14987055475071887
0.8528706066214873
0.1065128926643637
0.9270806518700245
0.7407902831715787
0.3393751411061072
0.022362224286261334
0.7287288800964522
0.04733630417123069
0.6257079945607971
0.5633542817230861
0.0895906868225338
0.5773229697145257
0.43227099420089843
0.7714609599551776
0.665059886558022
0.2772031024975772
0.369801127403961
0.0334334451810403
0.7841407799151725
0.7359879595965124
0.706212848480618
0.23696091214257398
0.5220230881826622
0.6053970027444859
0.2715201800935274
0.9501660076338041
0.973522938563939
0.3814706111712891
0.40815364612410554
0.2554663758254869
0.828009483816502
0.06229992090988734
0.15436088831996542
0.6792539980184666
0.9774194287016016
0.6549380945244951
0.5435582207076257
0.7948360331191529
0.5646136779511994
0.5286253526047207
0.4848008657620184
0.14967261119563635
0.37730744241716385
0.73984086310133
0.19507812522670442
0.4091416467769138
0.10395839987911981
0.9474154117805067
0.5998201899227618
0.5024645233747234
0.7951971081753735
0.7748408976046246
0.5130321451577333
0.7732248906974748
0.4649963610247674
0.514307998735549
0.41562230827903535
0.45543058093042954
0.5306360242665016
0.2961645985812067
0.9695253615282426
0.40684900980836414
0.1316527955462352
0.5584487651411052
0.8751068484322668
0.4019745625965232
0.6560762082591625
0.7615438717907135
0.744894130012236
0.8727366492066648
0.43573749733062206
0.955210956015845
0.8858513207008076
0.49468212245282706
0.6239278334499547
0.35667928789533954
0.29778165035145343
0.666904322674793
0.5097154715532175
0.19393540610939808
0.3977482123518492
0.8736905510833612
0.7007657331955928
0.6987811169459159
0.16697122679138277
0.2640135119652205
0.9717702353029285
0.646914138836985
0.9604365418322287
0.6606967418342897
0.2906530008555339
0.14794418522170272
0.14579144627571505
0.6492920698169378
0.26439747250216605
0.15319714072407153
0.571044440715281
0.6422190747402459
0.8524813561155262
0.3569996530134507
0.5100729483165705
0.7217311119661809
0.5215068756772234
0.9643367284970499
0.7574826119050904
0.8485640203866929
0.05231286106107391
0.4278640420362241
0.5363782540593638
0.2190258338997304
0.531766679784615
0.42690048994482965
0.3148084534327469
0.8445070860608714
0.4244880546133276
0.6514543380459261
0.13829087141842766
0.14856703750148204
0.06120062375998869
0.30512456956436496
0.9661594288780113
0.9215579417686512
0.6844539286199789
0.8608211989294623
0.6207103643109664
0.11016814342976855
0.7934477672861291
0.7756953322078577
0.8319850980485906
0.539907287966952
0.9042458206953135
0.013822011071354723
0.6576725601484645
0.9537675827716983
0.7214565150322294
0.9314876361433755
0.27274394924098955
0.7899783112136758
0.5204678824296507
0.5683818899564754
0.7516765393407814
0.20230370767403594
0.4735851090253389
0.5230054627563185
0.37050123606995
0.4228557010550007
0.9394174529677384
0.24023576161873117
0.986411832958114
0.6378185014711544
0.2580092091841757
0.2291863988783971
0.701472377034607
0.17236311973827756
0.16266020674102655
0.03216922913242759
0.4925973860134363
0.5147149515733123
0.272720184202661
0.612163347487646
0.4748699222532058
0.8560279896546135
0.36414539793126477
0.8090978009809933
0.6659639144299669
0.3590944105239522
0.24424324142411025
0.8424480793796236
0.6448226330093743
0.8069772404551538
0.18044451144804863
0.13237807213661879
0.28336409076394187
0.014178325786015966
0.9271785795863998
0.6366284247501444
0.8879797071913589
0.8303153017315879
0.9145235855885692
0.8027042094320649
0.4989197667911569
0.12235589958049387
0.766869144852953
0.07355019908479354
0.002024273390618614
0.9795575032854398
0.21851632636433016
0.9805617584835793
0.8846104361637537
0.65800508158422
0.7730379774641636
0.6706520049942457
0.6938627808899733
0.8228116969928616
0.08693652844975075
0.8333226524818056
0.7215461114583768
0.6716000763959862
0.30505899957384663
0.62326675396566
0.9319620425872646
0.053891955323001284
0.7678122705872665
0.1467053800781455
0.3771651394430797
0.021721145665371866
0.9766112026743825
0.8536375933530631
0.6109958574796106
0.9525171170058473
0.3900978623120459
0.060867264666585985
0.8581902645453738
0.9372227470359604
0.2888765920293248
0.659055120620007
0.2884456704266911
0.7265143807106635
0.8508581118565355
0.29478432767020424
0.9936453611461047
0.026470148906037494
0.9968047177968768
0.6154462566586958
0.942202755991222
0.5504000039634624
0.6177822220888054
0.972582806940157
0.9345547602917912
0.6001742549139664
0.1796527334490592
0.6933796433035262
0.2843349970472602
0.26924857387800505
0.31910674161855757
0.34449175625392936
0.5275259681722269
0.6546586121780165
0.2905486128241914
0.630088722675
0.13994345487886317
0.05723864409329815
0.7398906425169902
0.9728709807386862
0.5015705544531399
0.9397179530817013
0.47073638833103915
0.36028347358064194
0.07144739802576505
0.6136103660762682
0.6328219386617213
0.5991079389536016
0.18757582239658555
0.39344058087415856
0.8204674155975962
0.010799015146862434
0.3291502616098614
0.5281190656577093
0.0691247893332636
0.9534627658259724
0.39395755598910864
0.6482314119320152
0.7910679633116029
0.6198742323344111
0.24244337256018222
0.862234292602619
0.98267925960506
0.17390823908305775
0.6226779559840963
0.4944377138814884
0.477408335643251
0.806928728807103
0.9522290562174314
0.7332699926921755
0.8712282886156737
0.15343025511585595
0.6715691479119892
0.6196136559365646
0.2957441204945104
0.319597783024856
0.46055190987405603
0.7727660992613754
0.24287301958600094
0.3492807906970399
0.27778173999489053
0.28569154037876743
0.32463411853791047
0.4578174869741911
0.09411993538483232
0.802165106144908
0.9482910817056469
0.7473552826763237
0.45810928607370616
0.3999679891569714
0.8183322857891762
0.19800240065233088
0.9250133107483227
0.5368719506331752
0.2403777056398082
0.370689977944094
0.5574885522279167
0.24959623055469993
0.3732594171882331
0.8628266735656875
0.8709847170817084
0.6564699011296942
0.4268826375458057
0.23383665019822875
0.8964073303764188
0.8881126930890668
0.05481315039212209
0.6851272891354956
0.6849932736792259
0.4634228305037045
0.9752636106347006
0.9475948203432119
0.4005052362207788
0.6821254764465454
0.07465480036025851
0.448489643319111
0.9089418097810107
0.668319605972882
0.757962883303531
0.8374765810945961
0.7475152812842591
0.007219959459535241
0.4962429709514371
0.23499027032903985
0.9516489136712492
0.18037282005320598
0.3817661684163982
0.3557225561362518
0.45213190144062665
0.8698671532310516
0.8524321264005121
0.5394545265277455
0.8478035373423425
0.9740671712430133
0.6714792902126963
0.5534874047354388
0.7381648545543027
0.8209614620493095
0.6266637811202584
0.7118566951167711
0.1262789024093498
0.28744982181872114
0.4041431018563857
0.9591039248705433
0.38041448014092105
0.6874901331504069
0.19899427724274
0.5594713772731632
0.011209457687161084
0.15608890823600752
0.8992480948197907
0.6590214266719758
0.49486436703584746
0.6651416403985688
0.43059834596725244
0.46159979064768764
0.30501500797558845
0.024489551075019156
0.6744243972765616
0.3463803465998938
0.1993168327269763
0.3602624198248481
0.915002407975261
0.8614495296499067
0.4683351821125128
0.4936398068609571
0.25198916030357643
0.5764206262777172
0.6266354860151075
0.1228590218975838
0.9482597475178498
0.7046184958071575
0.8332964870825097
0.17676011307615358
0.02826750240314091
0.30310206482797186
0.5076628678116739
0.049396366251036605
0.15912564375184912
0.07613244251877394
0.49506476777163955
0.450290336520923
0.4906784819462948
0.8502683450643076
0.8519232860449193
0.5717408144283922
0.833317591398262
0.954724395358687
0.6623284261201541
0.9739565424162313
0.35774064590737065
0.19340367022122273
0.400671130286953
0.9910768040576201
0.2110235964265159
0.571929019808554
0.07645806297437985
0.23858854031881793
0.01615061361467718
0.7257992629815155
0.7019840545743645
0.529365248040897
0.5990224692083244
0.5264570229194179
0.42521601322836045
0.18403646583170485
0.7202401140938366
0.6544141997499049
0.791936139274724
0.3143855618550837
0.43454145918365783
0.6969460906377178
0.84793138703289
0.002494743025268642
0.8620497012130957
0.7274106024921005
0.4713730952699222
0.2963945313760994
0.876188257255629
0.4610037643749285
0.09177321252298132
0.05884485618003654
0.5717954086415273
0.30074510795512976
0.4855384392737865
0.5834123668810627
0.15445206249730759
0.33562086859420837
0.2643734448590114
0.5198182553649653
0.01566073425966663
0.7226424487012106
0.8495156045624654
0.8119364596748473
0.8879122687157455
0.5717670613855981
0.2746341486330288
0.13964140027903849
0.1553625176675406
0.7144344684774084
0.594805721843864
0.6606120503235291
0.3656042128582957
0.706548720783708
0.6613753140987646
0.15876748647763295
0.6158900392504176
0.2844035614997795
0.1754704683837116
0.5946983080850565
0.5511483223195923
0.9928686521207262
0.1693965608301844
0.6764464938801433
0.4142405895943464
0.6298778532654723
0.9411449711087898
0.6236064227292644
0.8115905318381347
0.3417826924122951
0.5159741773638433
0.6204872493141893
0.7876338751174234
0.07628217571810736
0.47371097066223533
0.40869557968533377
0.07011711601515214
0.6438017922982415
0.020782791284292834
0.19785732922289312
0.24694931916891694
0.46788435911292225
0.974024259323115
0.15407057569166005
0.4487700074868459
0.2825665612579007
0.6613757107318821
0.13445231479025366
0.5421898373900633
0.11373123048300182
0.1917044700863484
0.6108089314422591
0.5423107331639931
0.8315697621598288
0.15829616351963716
0.18759474734829085
0.5450580804768783
0.7558947177837301
0.039626270617037385
0.3771829210050508
0.8806446249839548
0.44306301352151944
0.14040430817976457
0.27192665217773926
0.4017058614325919
0.49837915453662984
0.03603244595174804
0.49089062727503463
0.5478999581273425
0.8794643957167314
0.7048487482088526
0.7871614232847162
0.6646311096099276
0.9967867864969571
0.5099291612909091
0.4669175195159201
0.10612010124813032
0.07921236423535594
0.41544895116969593
0.2660591872442335
0.6807966828601943
0.5698376277947581
0.8181427637346406
0.35338891805212835
0.4603681559030228
0.8146890397811146
0.1629397333088285
0.40415854673401896
0.9275593327841143
0.7580340244106325
0.9417972408183166
0.21886343965823807
0.536979707066882
0.3645563033118788
0.20441614111945627
0.047532128716215594
0.017462758361725728
0.5814110769501868
0.7354065389026332
0.8689786153294456
0.929001636755455
0.562688903726811
0.6702257200608643
0.29340773099705975
0.32833346189537194
0.9783930654640887
0.8731116587263674
0.5685581809354725
0.9648246434364995
0.3483127645896351
0.5683383041385961
0.46238049773715373
0.8295297862431206
0.6783309055713871
0.16529993138496502
0.5037282737941187
0.9862231420629928
0.6269600223986727
0.9128931412890193
0.183729576987252
0.5038611024043751
0.9122201532354173
0.3185099628529069
0.0940072089981332
0.7724035438825245
0.11990210558985281
0.1298637363125359
0.25399547747405826
0.1699215524216524
0.552407133888853
0.9312304595664136
0.5766464399943843
0.7564001960441318
0.5496665083531982
0.5269181485959817
0.6156526318691677
0.9687138705100933
0.949618291802514
0.1389072124891364
0.316207587907799
0.27295639674018823
0.5452841066384393
0.2226890285774603
0.47035334025862596
0.8229802342935097
0.3237897121079105
0.6434974842435726
0.11255620911766617
0.5613798163157195
0.9615657801323954
0.889027548038551
0.5013279420844454
0.6688810330737189
0.8110879533045285
0.5141405942963069
0.5417257760961784
0.2224547167504467
0.5482775261770301
0.6768320919611945
0.2916461730900879
0.24222229138780937
0.015470917974722997
0.9752099236082199
0.6546761234241869
0.14717930349096475
0.4561773496627146
0.5716321185242363
0.6214298575796984
0.16771032274013264
0.973248517547495
0.3941807407548934
0.08720452134105083
0.4524211890163139
0.07029455363960668
0.5454288616569596
0.2608489806759273
0.6777447931945917
0.6790291380948221
0.019032242029824786
0.41332516109912043
0.5566055641636811
0.06565093597613947
0.1523842484187128
0.5793531702888557
0.6372218208607279
0.9511486012759709
0.03514985396984849
0.5117115348077024
0.6886036667420048
0.19233560727141663
0.6470785312450043
0.4000383554716491
0.5373272049478057
0.37296661017971466
0.7915073765119205
0.5566275248527979
0.8241888983779362
0.8138049304625699
0.9473739788747273
0.536218127044968
0.11272530588237628
0.690533774600447
0.2978799195785724
0.7778955975725073
0.8059567535358008
0.9573364241023194
0.8534687614230816
0.043238179988619674
0.4966294385052832
0.8659623459047641
0.5600717281561396
0.5630583478702518
0.2246811570383902
0.2874643654635407
0.16971246683085273
0.15977874864340857
0.2863794913376938
0.3301385888856787
0.9581822047925912
0.17232667518365696
0.5818419892716862
0.5292407570269637
0.1358381739292529
0.3972201049518651
0.015579017131378103
0.5380470677947353
0.5580649397390001
0.8631217310133077
0.8523119129711711
0.4158868103752067
0.8899990709327406
0.574831021267646
0.8596909851373167
0.3223658938552558
0.8898703369139502
0.5473444747449605
0.5353330256692503
0.4710091936892544
0.6273333211557404
0.955083629372582
0.0546985092080694
0.3205159495370038
0.35663962702074037
0.5389816168378652
0.5245292582292993
0.024221901575062432
0.15636177754634994
0.5233682001987248
0.9755520020875568
0.10632531693897218
0.7430496647668121
0.5914943453042036
0.06752588977877938
0.03754658239205422
0.04741562388998344
0.7727023067129324
0.02671465986735866
0.4263847685633151
0.05808846894001296
0.8072890850364813
0.6912104415384268
0.7970213528333108
0.7545991827936027
0.8311489642998497
0.04065264738795937
0.37908419950302363
0.4835434037562065
0.5020815852518514
0.2865845794368478
0.37312788810387687
0.14729955207021783
0.6031960101592204
0.8047926956075637
0.8063029768020162
0.133448735939123
0.6522626032723748
0.20852395226130183
0.48233388777782604
0.10470406191266357
0.2932909925638678
0.5053509252729329
0.49821766733822126
0.8475372969075461
0.3875971649889469
0.1887728871420773
0.9938859553178376
0.35611815242518796
0.7734319422055478
0.5716022311278597
0.8448601439082366
0.843381836071309
0.30599406453752387
0.348653763975427
0.7355411850596296
0.3066048228372946
0.06372808030898214
0.7817146285442551
0.09302315843201381
0.46876760190825517
0.9647254464970421
0.4888651314524626
0.9681448321906589
0.895389489724824
0.2191503248074953
0.40307792745160054
0.3153044058085803
0.7309674679552502
0.5269562515632786
0.9958544686496289
0.5078368159436237
0.3628136068885113
0.018470746630309343
0.8055505260772899
0.3214820142860677
0.7429624955524221
0.12096070616347632
0.8694260708715065
0.27976543082904515
0.48897253169162025
0.3474814157369739
0.2707533093812571
0.9832695601855834
0.35792123027111367
0.05888887449000357
0.9594966923220307
0.08254920671476373
0.0504611639391257
0.8184928634478257
0.7540302408960211
0.21263255501891054
0.6283784321169987
0.8662009588686956
0.4831124575854111
0.07065793313980517
0.20772223015703872
0.307998110487564
0.4350079394229003
0.13282716438105613
0.6973468064555806
0.18804462284309986
0.5108240844638194
0.5492244057810354
0.8720619461452288
0.4948405237146032
0.289961090151557
0.14184451887703586
0.8955097846721416
0.32797648153382
0.1757453204263839
0.28612759253239917
0.1265957679909997
0.3112043323856002
0.5848875020030473
0.5090837889638644
0.2418692307607042
0.9256986767336284
0.1054795729313569
0.7555569664518105
0.11882147380654429
0.4876553583047718
0.9683866004160153
0.6570696993934002
0.08061579405060271
0.20672554172993451
0.7051224209321596
0.47696435193033304
0.04980120163065771
0.4840287032073236
0.4609016192463724
0.46959560650343146
0.0014219347358024326
0.6545343249561701
0.3525519359722835
0.08000205909074065
0.511180973100996
0.8069005423285598
0.3409873373004546
0.0370242077076266
0.41175797178640305
0.2890010075231759
0.9455854680908526
0.08730109673907815
0.9981989989777624
0.11236476389466299
0.5407304061357696
0.5774310852801552
0.4123054073190584
0.14241407726351252
0.04429701281842657
0.2988737093416516
0.5329011453903132
0.5651331340236228
0.11778605305803658
0.33836911249948054
0.06754629032175252
0.48902740836849
0.11150889887674964
0.34369948053743915
0.661298022717566
0.9748582873258784
0.6412290283428663
0.4504460314774781
0.758539328977706
0.31486378698444084
0.15624197818848828
0.36381949962911087
0.5781162870761105
0.6184320824938567
0.3005806512012512
0.3664949608241732
0.5750773558830395
0.9293447335747449
0.4566103389873033
0.269081695905969
0.5809263757863381
0.2100821610411514
0.5505703899581846
0.3710453397531017
0.3966278692386418
0.18728865148943297
0.47512438327729045
0.33127212646204973
0.9615673847853361
0.06562598895751814
0.08828365080290901
0.32750598597784375
0.9691166567327691
0.122848833322176
0.6518408366036619
0.04413160070616895
0.4905925765707517
0.6690866786852043
0.844406730941694
0.35260333546880274
0.09950621197322351
0.43321540106648104
0.21243122313141938
0.7528064959643759
0.5573875272648372
0.8668870422615651
0.6754337547857694
0.7871083880211316
0.156025440620716
0.5918442574580516
0.1915333873955618
0.11867794064654746
0.25586729446043743
0.7594813842085375
0.2759711469035555
0.5229710345929046
0.8426247932680306
0.13711922676381372
0.11597978002986942
0.5499667759875635
0.28985498626185513
0.14611862765937977
0.6708736144455567
0.012520021705512807
0.1488447853193533
0.5996888562423655
0.5172874014591142
0.7005899765937649
0.5462621137901484
0.8336265002847056
0.14840203302967736
0.03818440126483291
0.22357846285690064
0.29712933158351484
0.08555845953339203
0.5373537318804251
0.951158456054114
0.3733954604139773
0.27548538634372566
0.586616225185211
0.9018512025752359
0.34067894925797204
0.4389476784884394
0.590768300151187
0.8167740360261078
0.7378712868113542
0.4280802013448073
0.41205665099443056
0.481181800257402
0.04054166013299132
0.7297119849828702
0.2892404769761907
0.8110878762795608
0.8271912738752132
0.5541960679665858
0.9318478929649228
0.8714471740045628
0.02174379864962739
0.7487041229275533
0.27770590650826255
0.4536418377484379
0.8625317737325753
0.318683740439464
0.6771905571362908
0.7106441600001674
0.06739759908019982
0.844445048136323
0.19105851348312508
0.33939310822229696
0.9627918677633056
0.04647966264331749
0.33467884743445997
0.49127365814575397
0.6513527104807944
0.06894776731123886
0.38012299981781905
0.7633971811828046
0.12853664288892408
0.34930392861442416
0.5244971512755778
0.03967330838874661
0.07504625588452529
0.6730094800376025
0.9940092866515418
0.31473505622022047
0.002640328501461786
0.5901225540676391
0.4377190953552832
0.7663126155702966
0.9286914289071511
0.10839071226066022
0.4300125353419224
0.45524525694962104
0.7656898343039689
0.6661653639880851
0.6320736181265507
0.35348824468464457
0.3912635592714919
0.6681377391157746
0.8022960434935531
0.18543330257108948
0.37309738881770405
0.059504449251729374
0.977221210756188
0.7400880197066579
0.37497360736239993
0.10033475605187636
0.7772814634554717
0.873289585513513
0.24763013704932568
0.27527864583590733
0.6804987001979454
0.3788933198426603
0.9943715558716493
0.3773906225922128
0.8823525309310045
0.5435422707099034
0.358525895070015
0.5009831565799536
0.9491608335891715
0.22509614151844204
0.26773435618368335
0.8616472042650423
0.7019249404252306
0.8761374426231874
0.9156994491654584
0.04298019461755054
0.5789018223751949
0.08810002065705369
0.542984847790867
0.3851262326849685
0.9233726290785653
0.6537292197736866
0.19268589951948267
0.6232273622928213
0.9100047676734926
0.9345662110759332
0.47204297739952916
0.6382777935615584
0.1303390240871818
0.8613309109271525
0.653935951511678
0.18037788093617357
0.9152708514776751
0.7333367466228011
0.7316954036442611
0.41020684405662866
0.14987885395600986
0.9833948262435253
0.13734614792478572
0.7182941955772011
0.5878256571900906
0.19221771539855625
0.869929132047101
0.7911991053460057
0.6293006786845152
0.532656418060931
0.34802728163361096
0.6187521587755287
0.729366241854273
0.6870273999813974
0.4257573455849808
0.43898996128459844
0.15498259440066198
0.5195507792745484
0.4619471826295938
0.6939320875801314
0.34766562231992126
0.1505402094565822
0.37709863497421336
0.917657955893258
0.8731353682953891
0.5790509736741059
0.42031373089577295
0.41975838915135366
0.3786859959899953
0.45423716297272265
0.2549850149076378
0.06465675193443965
0.8609877292227786
0.23850809871932865
0.37726157994469567
0.25431765452994193
0.6565387889790839
0.008058419029924213
0.34625779960876546
0.6819221918232938
0.7366060366119289
0.5523817089427852
0.43136624972392057
0.8213800421278881
0.8825190503983453
0.25125067866041073
0.09125217370672067
0.7123743152837518
0.35743951541931507
0.2067302284762993
0.0673721424865974
0.39830771095220374
0.7467705960813444
0.6804333277608003
0.11746800647018851
0.4756788955506681
0.28669776706601713
0.5863422931753259
0.8160258604202437
0.335710534383155
0.424500931859082
0.35637717060788177
0.9380342698214523
0.9631369549478723
0.9315343987148985
0.2768305978815959
0.12909800264528015
0.26467611085385556
0.7917022297070806
0.5645475508269702
0.32029939248927697
0.6412495846481807
0.9227899433686144
0.026182926552453356
0.5461043572378312
0.959866222356355
0.26439192791391464
0.9649509494513997
0.7141335022044513
0.9205219347222813
0.49793328440597096
0.613767151604971
0.8457949435708314
0.9920953178662721
0.42338684625604417
0.6626469158683452
0.06199911157759663
0.9230295825150558
0.003206597304276748
0.15434489171250254
0.5916827545326453
0.40886745989053774
0.3703258787843309
0.44034293613446596
0.7665011781764492
0.6162133409002981
0.9153855683686787
0.378396164291565
0.4518678156418465
0.12526514538763034
0.8303789529880226
0.24600372206024113
0.4925060963673398
0.6438979973184409
0.1250388597845269
0.2576551163239871
0.5688842462067316
0.2749232753248896
0.23177682449551806
0.22276893453768953
0.8556743680376524
0.8079852074487541
0.8752053928767001
0.3186764117594556
0.933878108181101
0.8364955674090446
0.3810261901176264
0.6814953209111365
0.833316219346254
0.9059490695621448
0.6613546144051365
0.18503491673001582
0.33646688619416887
0.979130329485477
0.0974797850917759
0.8857305054032967
0.9727514997595139
0.12600770405519457
0.5388409275131101
0.3104157330313049
0.9111097081186186
0.39883264913928707
0.9885459478073719
0.35168883251156546
0.8674132195729245
0.725654034763872
0.4148091142894923
0.8191502104876172
0.20547313201408413
0.9771189834250273
0.7603012379820935
0.9031498281759547
0.7598399999897409
0.06552567587338087
0.19017063217683905
0.6022028598247919
0.45458970910358976
0.3925215648673015
0.5785743613938454
0.3315252832828097
0.16899168302854894
0.04914317494635223
0.709785648802129
0.7581362105944205
0.462727785963311
0.921866580668012
0.8410877337954532
0.1725452023184062
0.6885530106939481
0.6065325770379717
0.47752539126615257
0.16431996757829093
0.017349520870833857
0.614956581521308
0.12192994643247634
0.4684948873255099
0.9929731594943669
0.2228979695713167
0.6993398015532022
0.18963476760038
0.25621971586194414
0.45252061019009493
0.643096040436046
0.8349738133713822
0.10361998337571854
0.11528489867696701
0.6864270757582007
0.3281507372068264
0.9966582081333637
0.8386090386376321
0.8094301106124375
0.5268724707289816
0.13897900761337856
0.053827364322941884
0.9609271118766223
0.9095972855062859
0.28908828978763923
0.8805746155411032
0.5297913759947901
0.3449566655364853
0.8412057201900454
0.03865081395466663
0.21657358566418994
0.7229296600083654
0.033590618043638054
0.22386473826172315
0.8142495013979187
0.8591331480088662
0.9808766770152011
0.29268746544969626
0.5021488896957729
0.7687745162680366
0.0399803288723386
0.7235891184810375
0.18809491542857049
0.034846604772940326
0.15443350340797468
0.5643067057630018
0.1433212250967395
0.903619685947096
0.6314777593575693
0.45515038934450525
0.5198364631365886
0.7051787698116856
0.5965526906285341
0.9885280004619805
0.8863975439695042
0.5511018722023957
0.9380422382897591
0.37921811460322274
0.9767964385553491
0.19986661159984487
0.6908410163590724
0.9888257378832928
0.757417982501194
0.9855048361052794
0.285586053825871
0.5166062345200948
0.21790921435768906
0.20077389521811528
0.3805678364622649
0.23025887132661182
0.11006108284710558
0.6331911705311357
0.793419177254665
0.7960884137011282
0.32554499224191114
0.1617761486868179
0.34425629773943855
0.9396488078781187
0.6556093764878397
0.7114045476853856
0.6451613553251467
0.5290191864370697
0.17091310467436438
0.1932277222407659
0.7116129010026322
0.6654011220905838
0.9557385336678461
0.8997705842695021
0.3952903113343853
0.7089725984726012
0.6659029099217866
0.47219269345481485
0.43265566060277694
0.2529558347935539
0.7350260699923856
0.22888443174321327
0.9382170991088761
0.3136231428928453
0.08529182788807477
0.5893091947089117
0.028421821217750498
0.1387450332382727
0.5585600930493606
0.5574704575396148
0.7543011611892934
0.17569999551967097
0.07418453652458545
0.618522122647885
0.5595790166014665
0.9640295393133878
0.7029987324453133
0.8068170005985278
0.8758693473736314
0.95725129346291
0.14057376551906664
0.9503848728468887
0.643662358797435
0.5270772550391252
0.21613014745134862
0.8224057421097142
0.3889095216627625
0.9781371706082478
0.4656988302320182
0.41802130935693205
0.608405414959656
0.9537866138418887
0.8378165632315964
0.20995033901845006
0.8198548788897768
0.5457089468521483
0.8429464761191856
0.45685877303980926
0.3769247249030576
0.8501504422928154
0.6666057200557622
0.3656344630869077
0.5203692251998651
0.4740303316915766
0.3683174411536696
0.6057789009141805
0.054745649624146075
0.3967212366848365
0.6620601131302959
0.7263771840389157
0.5305010784686328
0.9657371980277063
0.09937946941624998
0.8459741132607379
0.8103873797604164
0.09298026569339646
0.4032443461536219
0.33159567605940277
0.8881660478776994
0.8359542348133486
0.5934425157975249
0.582037190401955
0.2632079429643228
0.8794136304655948
0.25390146800627766
0.30628835396480647
0.1677396466979888
0.6624893904677285
0.9248567147500535
0.23101466822921535
0.16194653445124718
0.6377679934128029
0.2358846321353294
0.20877071206562015
0.23072256986727413
0.9687600091019553
0.8793709436687356
0.8756406275627235
0.7832718834744021
0.7079289693351372
0.5996067397094973
0.9455846391297575
0.4594808960368493
0.8462315048450149
0.710184108838547
0.5046772865438369
0.7660446084027042
0.42083987510136844
0.3228273377823041
0.07384552620249196
0.3203511323116406
0.590143900347426
0.1514412033531647
0.536232140180182
0.08183249618915855
0.08610159705668807
0.41251604789181173
0.8980237964801399
0.7007524068949464
0.9717813349687068
0.47282090161892154
0.12311060646617711
0.727792604299407
0.7868408471013353
0.35195829400472145
0.7994822710115954
0.8138187261739136
0.6520447405361767
0.9262245426202591
0.07088713060675778
0.7457534381272282
0.36169313656074276
0.6179166419058268
0.6190054848837494
0.002530813677710464
0.8594731403661151
0.6168480223461499
0.2827037617985919
0.8443111244453849
0.7760612176793604
0.7059233981278692
0.008370451731467332
0.23004741057194078
0.9060929860958862
0.6227014374324296
0.1308796820767517
0.724831226934592
0.5445782036529798
0.9458607140768789
0.7834847801584484
0.8823120423743818
0.4381608187215773
0.6573609382557746
0.6730635707172623
0.5867278064668224
0.8965200036698733
0.6809229691886056
0.8552607973703692
0.1475628993434579
0.21538898725559008
0.8387938460185591
0.5108144745977805
0.9262666373404622
0.969322871414642
0.678789582568083
0.6524947820751335
0.747559035976797
0.471010730132138
0.7923982204789604
0.3447892563616939
0.5554803561831061
0.13265640501093
0.3682874373888778
0.08066766481225196
0.13587813458885423
0.7293580234279782
0.4272556254273794
0.7777705270786521
0.23688573710337768
0.8222146228720713
0.10794209943972377
0.6266770855058006
0.6298381215650632
0.40403001301178176
0.052907561811781134
0.8432253288200635
0.12140271312562212
0.590301558302188
0.6005886875979427
0.1276289440909546
0.04342218602243708
0.48612276826203726
0.40295995039812915
0.8358174332584314
0.7446216402160883
0.12437420556931711
0.06749077888930222
0.0008456775222274171
0.4217047069771609
0.08811503523108333
0.8994405992487025
0.524142797514809
0.7966600263577888
0.40043677918755227
0.8837983977030406
0.21440478513412087
0.10874209527770673
0.4394270616101241
0.2802487817072623
0.7751427822221539
0.31216678686140376
0.5035892768911958
0.6139948750782234
0.0760203668394468
0.12873300103129837
0.34796230988036103
0.6434722977465896
0.823637984444032
0.6502992883785144
0.11725812156403004
0.6678962793771419
0.36439787303714466
0.24259695860521657
0.42197788475726816
0.8013767745492659
0.31430219921448366
0.9893759936511275
0.273978938847963
0.612533468597398
0.09485885624101287
0.7503588518913133
0.2714638249633776
0.23300597016195757
0.06866245683889338
0.52427016125005
0.15626646820076617
0.8369733656076055
0.04941105232269849
0.38315066366991646
0.16803661254447877
0.8370497968764585
0.4642177278184376
0.3332982015805013
0.47566787630911445
0.05026794983145977
0.6942491254912393
0.2575944646195627
0.5981089367235808
0.671635204511827
0.6217076395510062
0.39272550508349946
0.5215315214063081
0.1354396062213643
0.21611876063412971
0.15019311921173673
0.14247312645892185
0.5662959306261266
0.8062563514819334
0.4354218476982281
0.38240930482582414
0.6525753334234983
0.16113578512690419
0.6623791641886065
0.12084241129622986
0.2870424976680339
0.9327270655540076
0.9047267735601416
0.3881886500081442
0.6344014585849356
0.626373813171305
0.7692415448239571
0.10608905536287128
0.8534133461007982
0.8316784006190847
0.4375160329812475
0.08289321596706034
0.8902955683063996
0.9180376668644712
0.023924238486979554
0.6277488831823503
0.9453709519735249
0.6852952231863203
0.7343505502542342
0.14822688018441132
0.8837617021966675
0.6124688810789958
0.43206966687437776
0.40074534190644706
0.010624532914214058
0.9153471656526775
0.3769417445060861
0.1256507234676314
0.8727812316416486
0.017732856705024114
0.5218075953634376
0.9090505138315534
0.2532597994271739
0.23178620040591746
0.9387573852893263
0.9644617083790425
0.21611728607948089
0.0029509968381185026
0.8384332513406314
0.35097331541307386
0.10842127573383453
0.6915156781307619
0.5916790057640922
0.4646762984529582
0.29780097943443695
0.5154746441395586
0.6824205375631973
0.13913167214750732
0.6660394853332152
0.5841310157382706
0.5807394588542003
0.9786487797581611
0.5468232510015856
0.1563806950517379
0.9079610460984788
0.5471980927650202
0.2240310149484559
0.11109669937238098
0.2417605038769699
0.15613985360694227
0.17278316158494045
0.6946577700261896
0.6889698717541932
0.1677270137105007
0.33494601360727083
0.9484321537954754
0.757659840642843
0.8869867102041258
0.21008063440189084
0.7757548169500039
0.3190457387764014
0.7999484967185875
0.8260068064864179
0.9198178000613109
0.5580253260388881
0.39958059969883974
0.5002379904612575
0.7542183582290078
0.41887321049678716
0.2545388839318061
0.01383151560788165
0.7519966969884551
0.9079669916396447
0.27645390397793634
0.17800659087635573
0.8086876442292463
0.16780540737598404
0.9131295737784213
0.47310921278103524
0.8904125034699317
0.15688260773917562
0.022267914566981295
0.16910946686579265
0.4419144838334599
0.23982744247579513
0.2073129980531878
0.825608593957808
0.5430697711700427
0.9782734748365944
0.023795560499211055
0.7293241353833408
0.8930564337580122
0.7139242779962185
0.06886056251111139
0.21540779633461504
0.6549270754575354
0.790507835720369
0.00746445922223149
0.44007679592905014
0.8917775848137681
0.9008906419691765
0.22732081676621574
0.960311670452743
0.4922995203532887
0.3674688142555269
0.9187879316169134
0.5378616138311181
0.8473325643828671
0.27166534439392165
0.08541042019384482
0.9956200936402715
0.6940275852507465
0.41401209249973303
0.0812858103748888
0.16333417077099366
0.32201426450223924
0.021045028633659868
0.3376066691161954
0.42881730142199403
0.013932135062644235
0.6829285326014558
0.8178599458669531
0.9804274465247396
0.22577048206223238
0.8577848787662712
0.29194851634111063
0.8246958564084634
0.8493753973498435
0.7725922836242531
0.9735756989184574
0.20609701062132046
0.2527627410816975
0.1619028286177524
0.3682095070939164
0.4821708259973665
0.3235496841248424
0.20957638142398594
0.40482568778760264
0.7325909033231635
0.7895108564784419
0.5642250636142645
0.7935246905693549
0.7456506368320865
0.18605617918320094
0.8353194317690178
0.10080169314506504
0.0660217837429895
0.4743499086581837
0.3550049305951992
0.18818438967661733
0.4507154345908695
0.208637769406133
0.6308942614673188
0.14115110484374682
0.16331978721270235
0.1642300076343124
0.6383819136123614
0.4702564408161751
0.46272834273161134
0.8335751124883337
0.7809167378473603
0.46646957374014697
0.05282899598898272
0.2516094718702724
0.7565811333481842
0.4559276054821759
0.03985115847003651
0.2631829072994354
0.90252622142642
0.3184531879714345
0.7005697515942437
0.991780295610728
0.8358352907320095
0.42836872009067206
0.3891979288072933
0.4661528437248337
0.20897032391926995
0.22966366674838912
0.6303748706487811
0.7729958734858038
0.08182280531279273
0.1376511986239506
0.6481123651136029
0.482159851921512
0.5288988770369598
0.8626783046988404
0.42579164669784175
0.4220623810921138
0.6275431670551515
0.2350150274641818
0.10758835404338551
0.39875212391704706
0.43382478624958387
0.23322191214504295
0.29112364269613633
0.1335554509495469
0.0492965449395939
0.9165323693592362
0.9726269388357334
0.9948031813631493
0.49282544501456016
0.5915618054323015
0.14978287322635553
0.33709059999724555
0.3011522577359229
0.7490833571939763
0.5101179407444261
0.2667654124640664
0.7080239595903175
0.8524185620259523
0.5599323362959792
0.021079339107001438
0.35250280055168903
0.6007911891605828
0.0839538381213909
0.36508462660803676
0.8892997586639857
0.16271886364088384
0.20766150912094838
0.8026959681661308
0.6006700254834563
0.14355307073714108
0.8971842941098638
0.5322003705297393
0.6841878605579217
0.048020859866801935
0.004486040343814501
0.40681855627124297
0.3761576457388216
0.30331674487515037
0.5859049223658916
0.18192016649443654
0.514212038740363
0.45771751930732707
0.6304313353831943
0.15452706243460268
0.37462101552874216
0.6739007033988986
0.12750850048897266
0.875482490401714
0.5747474821277885
0.8863776409209896
0.08354573168705004
0.03331208184998369
0.03204334799298114
0.5084676158698083
0.6225686173310987
0.7471614638628872
0.05746307157215136
0.5025456181439516
0.7794818028913504
0.6506123401421644
0.472332132006015
0.6697807857179483
0.12092576055254245
0.19138962285898287
0.3642864764185807
0.5161385431976622
0.14427268391436843
0.7691185940822047
0.6929434917096247
0.5784911967776853
0.9847400008670226
0.6837650272265829
0.9257409274025639
0.776296439255235
0.8444042142597006
0.39592939419194817
0.7819495747625733
0.9390128092291701
0.5718444186104896
0.8788376464452894
0.34340764836506854
0.9494161923043574
0.8784518558660039
0.7422450398680991
0.5729603526639626
0.8339744777496012
0.7956678328957782
0.7975553064081857
0.20860706951809416
0.9174320752020289
0.15641784281070947
0.29466385102089654
0.111579000931056
0.7721511806976138
0.9015933573054797
0.47642688200434957
0.2833081296400968
0.6400962558923067
0.129741286126692
0.4743050316022577
0.9039128717200609
0.14647683289711289
0.06244835904664514
0.894696213089945
0.19556437102192303
0.5669402211076084
0.9916179622096182
0.3040573751474098
0.8620528488595354
0.4185681316862846
0.2294929685457412
0.9169319548444674
0.38641282291720125
0.5224413936539507
0.15204688987014547
0.6433646715630501
0.8772855265025206
0.6753888021924097
0.8229264760610009
0.21592179361972375
0.10307586172478023
0.774129977000457
0.4308325881232331
0.7334239574403421
0.1671777960271208
0.3867900306529939
0.21400886727848056
0.3700687938564746
0.028647474538673334
0.010538858992991118
0.7411280536858833
0.5186729709669329
0.11280049645065882
0.5019706602448941
0.45650194992113113
0.3163530401080876
0.3243694860288886
0.44373910987179
0.0037216108229720657
0.4529790890470342
0.8869542554216492
0.5511311432050643
0.8111629046941959
0.16222470031265424
0.5062946564051192
0.031245909581964826
0.9078161036702317
0.8693101634606966
0.8177885896133303
0.38753145043448467
0.9790433984255362
0.034873076472490494
0.5428764760792906
0.937413932630285
0.34452071655163596
0.3219483968053982
0.5482688574173515
0.8548324130939586
0.15968412087420725
0.7806794894525491
0.3430127766701665
0.6592046287057189
0.7214087581383817
0.7555465479470858
0.2269636708646734
0.46443898118048943
0.5585596272773505
0.4963715705288487
0.18890318353893942
0.09941248140784986
0.9320136046454208
0.8873376943002054
0.11141098346986222
0.3808260703523336
0.1582506101033041
0.6617870184494921
0.9642657596625479
0.47563483121458106
0.7091369901671474
0.2022119758430263
0.2010050663875218
0.3180414819400026
0.1496306975900008
0.5984823620292474
0.13807685493031796
0.908274093140516
0.9207202347053001
0.8017372852451874
0.23964465960259385
0.3674262382121525
0.5173466089874885
0.28217119828926696
0.3747529478917355
0.05169273675738695
0.789572786985753
0.7042409718625062
0.44415832304401315
0.18843733787151917
0.02466884620960519
0.49304703266091643
0.04693120178754984
0.9513441928148181
0.4760558038657414
0.44147181292929916
0.4787054594325213
0.15196945398797768
0.6765725544409902
0.8515963935476438
0.7253117331417758
0.44735325181989705
0.23869382878335332
0.5573820775280718
0.13646895497440936
0.6141369572859849
0.06196364017378575
0.8285868498401283
0.3568946109723654
0.3784626587790223
0.7250213036995701
0.9183471437439876
0.5813833206622374
0.37389566026623133
0.33768339318367646
0.3308885532620933
0.29405382718035167
0.8447135425179388
0.25406179691027253
0.36816582430996303
0.08011639666916559
0.8975897650430769
0.6799408641419504
0.4991539959160056
0.1126550198797085
0.7269365606021678
0.14887124338253255
0.7965280227033564
0.542606520985115
0.666689028812478
0.8354364585163336
0.8700927057313019
0.22081794771440344
0.5682745535230029
0.24370713141653844
0.4437603794576146
0.594450097451207
0.9850342374355048
0.9194697809375088
0.942579257312441
0.7505521597534133
0.6771401894255273
0.38951802942462166
0.034128519856905015
0.017123155022622294
0.4902184538668297
0.48896980480963226
0.3887629973872613
0.39314096888885386
0.007495048823640271
0.7891052585567806
0.6536237507725124
0.6995079360275065
0.8401306585071133
0.42707694011350905
0.7215154184728381
0.11146983942482325
0.764566350507673
0.8488746911687242
0.2554594704716011
0.3507144161889586
0.5631795565152826
0.27886707267193844
0.5473835894051933
0.5447838605397284
0.707830512146322
0.44524661438689206
0.7221659999640015
0.6289567240298342
0.9627785606503152
0.1211331228138739
0.40125686664125415
0.05087098604250739
0.32269261321823994
0.7506114988175823
0.3404967512932049
0.9782265934329499
0.9556993664867084
0.3854234723524137
0.8795257169612796
0.21696087160940625
0.5034894152902498
0.4243023227633804
0.20801721198101952
0.6485295295017657
0.12947567663561177
0.6069579256046411
0.7627333966209637
0.4885039502647901
0.83915631874387
0.7803521659681649
0.7639012125306768
0.5773976555109943
0.7635725229738997
0.8786208258321369
0.5283155015996
0.7051292449788082
0.9330447750997637
0.9714560075338332
0.12379467946513412
0.2862290955498106
0.3674480956514272
0.8690541727355976
0.5099427713441678
0.9441108318293954
0.7385868794201356
0.9435265945211011
0.6299987946864383
0.12052027047171832
0.06405838578130707
0.7284820921513666
0.25126706542631005
0.41364330974873975
0.22861529290288773
0.008734979372676532
0.2428336174065806
0.9257465381734493
0.34397048263414765
0.9225898202808509
0.8362004022088405
0.3650253300105786
0.48124562963831097
0.29349940148393316
0.5940254516940118
0.826997995621285
0.5567146265545178
0.9132132180866701
0.937377516520914
0.7154734959311229
0.019639535737102642
0.9985382918060872
0.9055135387041946
0.885792133712594
0.8596212682838935
0.4957105220339286
0.8462616774814551
0.585925425319652
0.9729156858356736
0.9452851550017165
0.32638196432336986
0.4248306521659744
0.6664331657070031
0.6635997815667551
0.9287725606681769
0.32603193415584286
0.21218663867943843
0.11314612338923746
0.5216735225013303
0.16936274716924737
0.02056952359886588
0.6082991015395742
0.32828662310145473
0.19011735873944802
0.9480931265699801
0.37824161480543683
0.9063630674016543
0.128762204268829
0.8557719084826512
0.6065056774074864
0.7008979261118002
0.02115561686445666
0.49937221865365555
0.628124934825516
0.8923816957565118
0.4238854834039496
0.20361873359250082
0.5652059056208207
0.9511496238116461
0.2772131139511107
0.9495932192388261
0.6019252762060199
0.24715522969729053
0.4606884497873831
0.5801046929184819
0.6101489650843095
0.8177054943046509
0.3187647000835052
0.9554647749003142
0.2235515845117768
0.3127299089329383
0.19160441692193486
0.9892956746073638
0.6733069867245356
0.2915606627870162
0.917675500769942
0.010801152582625928
0.6415089723133165
0.46913991816823275
0.6098797619362817
0.7185628804351696
0.451228898165946
0.07614992142576393
0.8257317187347155
0.38803632710836444
0.5751466914261298
0.6983342481198176
0.04626860196465721
0.7784687868982916
0.27349442735821405
0.5377373736763025
0.18064948443805906
0.031902236060131095
0.15619087308282653
0.5034949403261779
0.13908201666272624
0.6932261074125545
0.011367745706730492
0.03066464712584338
0.10387112183902691
0.25645296131556905
0.63229453327866
0.3107758387770474
0.3779935308654425
0.5388153375332982
0.6693796228935325
0.17060268350033891
0.9840177870796514
0.5261005567934256
0.4521455834510473
0.14756057450662396
0.9782540407462066
0.6632290437725314
0.7741142015653066
0.15961626508500992
0.35437854578822026
0.0800002096781045
0.6570330741544625
0.2590838661903585
0.6760214899837507
0.21373961582727397
0.16611000208376603
0.5932456906583767
0.36631666152686093
0.19358515534020326
0.5647288546206388
0.6144342703466552
0.38947277443000106
0.11618124100208149
0.39702869749795977
0.5772579814560017
0.570925759291258
0.4137164838726839
0.9787564283739689
0.16363367183150612
0.4888865567262397
0.5359743674961941
0.9625526678202532
0.8004669787899223
0.7341232902492796
0.5465756640346355
0.8280925620313659
0.44354166537664463
0.04451998000847279
0.5736386665223394
0.14225336808642197
0.020050728491899816
0.21219195011254444
0.7189728671196456
0.5403796453223904
0.957070920314959
0.043439084798869265
0.03746199214071666
0.011565327870316722
0.13611700093767376
0.18251106679139584
0.9413466937546064
0.28678901082910646
0.2057381333943633
0.5149742355954965
0.15292484329318046
0.5196308055703363
0.9814725338383914
0.549692267086016
0.3052290947419818
0.23240470601991503
0.9674800052041386
0.11519549120395567
0.5241822511326082
0.7406819047476225
0.6294993881808206
0.7290287791295516
0.31192199344045846
0.34050925183754566
0.716803155580968
0.3778180480352047
0.2620546315714516
0.8223764827307465
0.05623228845835393
0.24951695045870825
0.9471440035803602
0.6836114388881813
0.4118649010033246
0.2794615635147757
0.09078576874272293
0.74949669065311
0.3339644659360632
0.20195100878988237
0.03051702725221528
0.5714681922533913
0.10650307628344846
0.18432493794508953
0.75522696470345
0.7103655765014671
0.13514033988165575
0.7267391892561783
0.6195664433921493
0.12601411567101328
0.06579121111724517
0.7588505683558606
0.20830200973540536
0.7194056879921162
0.10323030831333502
0.44770238588440625
0.4477920654815566
0.9187922380149889
0.3705644343471348
0.08958776436313065
0.5291585695317542
0.6086983728641124
0.1197896013323001
0.8099812614446777
0.5256886889174477
0.1605571959280796
0.2957799305179549
0.5678100529943582
0.22611390194140824
0.9051131378151702
0.4856496611682888
0.055393917673373094
0.17781753020111313
0.9464820408748895
0.6137121034944775
0.25328507252542165
