# browser_rnd sample v1
ua: Mozilla/5.0 (Windows; U; Windows NT 6.0; en-US) AppleWebKit/525.19 (KHTML, like Gecko) Chrome/1.0.154.59 Safari/525.19
appName: Netscape
appVersion: 5.0 (Windows; U; Windows NT 6.0; en-US) AppleWebKit/525.19 (KHTML, like Gecko) Chrome/1.0.154.59 Safari/525.19
platform: Win32
vendor: Google Inc.
oscpu: 
cpuClass: 
language: en-US
hardwareConcurrency: 
deviceMemory: 
screen: 1024x768x32
date: Fri Jun 12 2026 06:40:39 GMT-0700 (Pacific Daylight Time)
epoch: 1781271639303
count: 4096
---
0.7116523887962103
0.45899162627756596
0.1397716999053955
0.6282072002068162
0.2012892346829176
0.2855283869430423
0.37388771306723356
0.03307512775063515
0.792561368085444
0.5272582983598113
0.34702324215322733
0.6090235942974687
0.10195466969162226
0.33390722144395113
0.8204743256792426
0.934333086013794
0.8725012298673391
0.24442969262599945
0.30912151001393795
0.6190945291891694
0.384053491987288
0.8784691765904427
0.30396176408976316
0.3090951470658183
0.48822652734816074
0.2528221309185028
0.1198883494362235
0.31492177210748196
0.2687713596969843
0.7226922670379281
0.3682608800008893
0.8656101915985346
0.3266774583607912
0.548284312710166
0.05469282530248165
0.9878171216696501
0.6902485135942698
0.08609641995280981
0.3015681654214859
0.00944666750729084
0.3503651497885585
0.6053384533151984
0.695683928206563
0.6888299258425832
0.42047677747905254
0.7292320253327489
0.2610796559602022
0.9683895939961076
0.9220245210453868
0.5017415937036276
0.05650446470826864
0.35376615915447474
0.19434915017336607
0.07863798178732395
0.39822362270206213
0.9175511840730906
0.9299385296180844
0.04402347840368748
0.7075237585231662
0.9282685285434127
0.8346483604982495
0.35186076257377863
0.9834965448826551
0.10426785331219435
0.9127131104469299
0.8921088948845863
0.9007041323930025
0.49262192379683256
0.3770354250445962
0.6824429770931602
0.5316652832552791
0.9730887720361352
0.18426572531461716
0.6844282997772098
0.6946810195222497
0.38701663352549076
0.1950687225908041
0.24503399711102247
0.9264504630118608
0.2910085627809167
0.9591190982609987
0.16296741552650928
0.0796904843300581
0.33626224379986525
0.12528409715741873
0.38019540160894394
0.5458812434226274
0.2720896452665329
0.47690148930996656
0.2982557797804475
0.10271036438643932
0.5750203281641006
0.5919392788782716
0.7196336798369884
0.3870092090219259
0.7027559690177441
0.12791508436203003
0.4142332347109914
0.9922046847641468
0.9727624952793121
0.7323076147586107
0.31085309013724327
0.19111055508255959
0.06662897765636444
0.5776362707838416
0.313452105037868
0.28341739531606436
0.15863686800003052
0.5215140348300338
0.7426324971020222
0.5685525694862008
0.6697603110224009
0.8919788477942348
0.40197420213371515
0.9431472979485989
0.646578710526228
0.8975541265681386
0.26955616660416126
0.12384322471916676
0.7652541464194655
0.66237414162606
0.8142983419820666
0.4948586728423834
0.9602989871054888
0.8864047601819038
0.9373380122706294
0.5807112865149975
0.6786219663918018
0.13051541429013014
0.5385014927014709
0.14370035845786333
0.7583034317940474
0.7267685066908598
0.7076880820095539
0.9068812467157841
0.9325880100950599
0.31349901109933853
0.541227325797081
0.9013722268864512
0.9588200720027089
0.9953978834673762
0.5833011139184237
0.43930601980537176
0.3721693782135844
0.12887395080178976
0.8924916731193662
0.7112968554720283
0.8648488204926252
0.7319008084014058
0.7329671615734696
0.009094462729990482
0.28966459445655346
0.5194778935983777
0.8909762520343065
0.5734860049560666
0.2891805423423648
0.5636681178584695
0.6163465296849608
0.0664999345317483
0.5495200883597136
0.5787003561854362
0.18877308443188667
0.6695902151986957
0.6793245850130916
0.8311367817223072
0.10923298541456461
0.8058783281594515
0.7135628890246153
0.6751660881564021
0.9165256405249238
0.4879789100959897
0.2426193980500102
0.7125343177467585
0.6284507624804974
0.2907071504741907
0.16589763388037682
0.577937257476151
0.8084173919633031
0.9486068869009614
0.07112953718751669
0.34898941963911057
0.25675156340003014
0.5786351095885038
0.23786460421979427
0.5815019998699427
0.32712985295802355
0.5279723508283496
0.2666647406294942
0.9695205138996243
0.8679251885041595
0.8464706717059016
0.3329977607354522
0.6307019433006644
0.7888006176799536
0.38441064953804016
0.0658905515447259
0.01611586194485426
0.2518796417862177
0.5151095818728209
0.05216589383780956
0.4457817981019616
0.48822554014623165
0.48274713568389416
0.9651032546535134
0.2685390207916498
0.2393550295382738
0.37467600777745247
0.31853065453469753
0.6473779128864408
0.8235726291313767
0.7194993430748582
0.8454930866137147
0.9695310117676854
0.8272783262655139
0.7093279892578721
0.5024435641244054
0.8815373489633203
0.42158422991633415
0.04783502779901028
0.09794969018548727
0.949615778401494
0.3034772761166096
0.4224596209824085
0.546617672778666
0.9446759149432182
0.26250454504042864
0.602530206553638
0.7480811849236488
0.7523939143866301
0.3719130828976631
0.16153701394796371
0.09090248961001635
0.9085972467437387
0.8051292225718498
0.8250492624938488
0.5814163452014327
0.7591650085523725
0.277394313365221
0.4431784115731716
0.5975472033023834
0.24548135697841644
0.11176339723169804
0.5884419521316886
0.268057469278574
0.31422137934714556
0.9308706289157271
0.7782037733122706
0.476006125099957
0.9529037121683359
0.9731492102146149
0.3224540278315544
0.48800461925566196
0.8497145567089319
0.03432978317141533
0.7965012667700648
0.2079577697440982
0.6788848228752613
0.033667988143861294
0.13845476228743792
0.05599159561097622
0.010704876855015755
0.20563359651714563
0.3720768550410867
0.4723849566653371
0.8467567292973399
0.9160846592858434
0.9543949821963906
0.04653552733361721
0.7801195178180933
0.10384220164269209
0.7482259590178728
0.2706244084984064
0.7803041450679302
0.34681096486747265
0.6199177019298077
0.9188338723033667
0.603771572932601
0.5538363894447684
0.6621558023616672
0.05111115891486406
0.8287224965170026
0.2807109132409096
0.04137718677520752
0.641966599971056
0.5154706798493862
0.6717028925195336
0.47046224772930145
0.8346112566068769
0.49148440547287464
0.02611984871327877
0.30658337846398354
0.8197016390040517
0.2617063978686929
0.9894177680835128
0.2736911103129387
0.3392408322542906
0.5435418710112572
0.36995508428663015
0.810187173075974
0.8155749859288335
0.42703349236398935
0.5800180565565825
0.04163188301026821
0.10527155175805092
0.16019275318831205
0.7026128983125091
0.3783638011664152
0.8779402980580926
0.5589079055935144
0.1825293032452464
0.7381842294707894
0.6202717628329992
0.04222192149609327
0.14304864779114723
0.39395397808402777
0.26486589666455984
0.29255323857069016
0.3270456660538912
0.44637705013155937
0.4441560795530677
0.5407066959887743
0.6636737668886781
0.9214219320565462
0.36924539133906364
0.4761324170976877
0.4595964038744569
0.4933570446446538
0.333960322663188
0.782096965238452
0.2154663996770978
0.8319660406559706
0.8436336480081081
0.2957362402230501
0.06731753516942263
0.57549933437258
0.36910472717136145
0.7933258088305593
0.8529294328764081
0.9282327210530639
0.7254794873297215
0.4003109112381935
0.8032572893425822
0.8831823961809278
0.07619939558207989
0.6266454625874758
0.8589874990284443
0.0697322366759181
0.5618701009079814
0.02670761849731207
0.6116088023409247
0.22611231170594692
0.5541854444891214
0.48473795130848885
0.8701891610398889
0.2974305208772421
0.5347332237288356
0.12467109877616167
0.8524850532412529
0.1579756299033761
0.5992014845833182
0.8456120854243636
0.0015428736805915833
0.9591039475053549
0.5857951818034053
0.48182818852365017
0.4270294839516282
0.10167206265032291
0.8296942505985498
0.5878056436777115
0.971566578373313
0.8339616721495986
0.5414778888225555
0.8486763834953308
0.9024045607075095
0.4742114916443825
0.8113766377791762
0.11512978747487068
0.22736781183630228
0.25809195451438427
0.23797895573079586
0.06363342702388763
0.6367498124018312
0.8117330353707075
0.1822467790916562
0.4817796880379319
0.06947967037558556
0.24902346823364496
0.6462907670065761
0.1780563835054636
0.9044145215302706
0.8945546466857195
0.7774850428104401
0.5173841137439013
0.7769714426249266
0.6310495473444462
0.9971585152670741
0.5810470916330814
0.020458005368709564
0.8721616650000215
0.754595180042088
0.9519634749740362
0.7324371598660946
0.16006415709853172
0.906038242392242
0.12474589329212904
0.466187484562397
0.38807330280542374
0.7183928797021508
0.5409183735027909
0.5470451870933175
0.6485199322924018
0.49829901941120625
0.2490760488435626
0.013841464184224606
0.705105859786272
0.8459027707576752
0.1900181621313095
0.1853436790406704
0.0906913885846734
0.5339063201099634
0.10694591887295246
0.8516698414459825
0.8300255853682756
0.01140801701694727
0.08048105239868164
0.0905543053522706
0.7872972711920738
0.5326852453872561
0.6890849284827709
0.7089834995567799
0.6389034455642104
0.9114083498716354
0.7939016353338957
0.3093166705220938
0.47088583558797836
0.8992480328306556
0.9491541972383857
0.9810207905247808
0.0018595382571220398
0.18985276855528355
0.4371784022077918
0.6167989354580641
0.43045719526708126
0.04789107106626034
0.9286740571260452
0.8541497150436044
0.9081737184897065
0.5627924017608166
0.7677159244194627
0.6416863799095154
0.6368180885910988
0.5277360323816538
0.8820736445486546
0.43064285442233086
0.591335192322731
0.9435216514393687
0.3182303002104163
0.9912004694342613
0.8673262912780046
0.147596369497478
0.4016489377245307
0.853879552334547
0.6538479654118419
0.5677498541772366
0.5218597874045372
0.37605689838528633
0.8309402111917734
0.10117948334664106
0.542642867192626
0.4332123976200819
0.19243301916867495
0.11834569647908211
0.8371838703751564
0.7354846596717834
0.29342106357216835
0.091831149533391
0.9481423199176788
0.7689862987026572
0.9229863546788692
0.850447840988636
0.873028714209795
0.36224512103945017
0.20195521879941225
0.45776820462197065
0.9741277247667313
0.8776491098105907
0.3054454745724797
0.7164839990437031
0.5137914130464196
0.027651097625494003
0.8105394868180156
0.2968840030953288
0.8144616140052676
0.3165265629068017
0.668961045332253
0.49112897273153067
0.04409285355359316
0.1064333375543356
0.8047255296260118
0.5918895602226257
0.6259382143616676
0.3090549670159817
0.3367938995361328
0.8964152755215764
0.2740714428946376
0.7019121842458844
0.4267304912209511
0.3352410700172186
0.6532109621912241
0.869739243760705
0.7513951482251287
0.7264470336958766
0.6641580481082201
0.7709250943735242
0.6004865849390626
0.6541895000264049
0.35381158255040646
0.9289583778008819
0.5993031775578856
0.9727852698415518
0.45030868612229824
0.24878467991948128
0.05638551153242588
0.9356775907799602
0.5231996793299913
0.4581981170922518
0.9361627297475934
0.9491618014872074
0.7687184242531657
0.17432829458266497
0.4566332260146737
0.9514810033142567
0.41972077172249556
0.5949479695409536
0.3118660394102335
0.4166203811764717
0.7810540795326233
0.8149676313623786
0.5199638325721025
0.9831663547083735
0.8895338159054518
0.7677202830091119
0.8953888081014156
0.7083831876516342
0.799320699647069
0.7915246840566397
0.1468722838908434
0.946988221257925
0.4918439006432891
0.8209777614101768
0.5998397916555405
0.8550530010834336
0.4110637418925762
0.20340341236442327
0.5443282788619399
0.5189997665584087
0.6235856302082539
0.1402746131643653
0.2074798746034503
0.7094186544418335
0.6039914228022099
0.7535477802157402
0.3511310266330838
0.26004129741340876
0.6446558171883225
0.7771840654313564
0.4946495909243822
0.07156565971672535
0.8913294821977615
0.8733997913077474
0.7625315953046083
0.7406677827239037
0.002871524542570114
0.5741953738033772
0.3569407854229212
0.8138647638261318
0.4367487020790577
0.8478270126506686
0.655557157471776
0.6662899972870946
0.35892810113728046
0.29000754933804274
0.9340630993247032
0.005868951790034771
0.1792008774355054
0.9403552711009979
0.7138469619676471
0.0019799740985035896
0.7113267024978995
0.7240601554512978
0.7347714900970459
0.039485108107328415
0.9580904766917229
0.5179741000756621
0.5526714026927948
0.09761214815080166
0.5215154374018312
0.8420711737126112
0.7620378956198692
0.75387102086097
0.6381716448813677
0.17606426682323217
0.8438595468178391
0.8128824280574918
0.8389389561489224
0.9006288377568126
0.6380092706531286
0.5604239339008927
0.2345977947115898
0.8637220161035657
0.4410623386502266
0.642174681648612
0.42572183068841696
0.5723327733576298
0.7288740696385503
0.5677691083401442
0.03797119855880737
0.008472967892885208
0.5043749548494816
0.8396408474072814
0.8820843594148755
0.0708741070702672
0.2700339136645198
0.7069314802065492
0.7392094703391194
0.6413217140361667
0.6256915647536516
0.5442810393869877
0.770995425991714
0.2759629897773266
0.4910311074927449
0.8560190424323082
0.5546867158263922
0.5218014027923346
0.953449746593833
0.9048100356012583
0.7433746829628944
0.8581950794905424
0.7405066788196564
0.9656081255525351
0.351100011728704
0.2630538512021303
0.31777163315564394
0.2046763515099883
0.6630200650542974
0.4043452739715576
0.6112499693408608
0.1833657482638955
0.7705495180562139
0.4565434427931905
0.3553609140217304
0.9871423467993736
0.7316268729045987
0.5420816084370017
0.06524822488427162
0.9793128278106451
0.355618585832417
0.7975034434348345
0.6346439803019166
0.18015071097761393
0.6137458011507988
0.0651369160041213
0.558553084731102
0.27072118502110243
0.674118172377348
0.2094668010249734
0.7807279611006379
0.2215876802802086
0.5618935720995069
0.05829738639295101
0.16639120131731033
0.547071578912437
0.44441109150648117
0.9695598669350147
0.6001451378688216
0.1839053789153695
0.5414194166660309
0.0223300838842988
0.7081833211705089
0.9952253736555576
0.660156425088644
0.8334604445844889
0.20623823441565037
0.8994460720568895
0.35558518674224615
0.9989409865811467
0.8723192103207111
0.6242605037987232
0.7154506733641028
0.16032530181109905
0.14405741449445486
0.08530864771455526
0.7705233907327056
0.6960076820105314
0.3415734628215432
0.39042950980365276
0.529694234021008
0.03783977031707764
0.5151352155953646
0.4682761412113905
0.6402562670409679
0.6122932676225901
0.9176668068394065
0.3223617225885391
0.6727935848757625
0.4071452561765909
0.102658212184906
0.909956875257194
0.03168434277176857
0.16264852695167065
0.6465293196961284
0.6459602639079094
0.48999725095927715
0.18801091145724058
0.49654712434858084
0.5317425020039082
0.3497275738045573
0.8028784161433578
0.9432584652677178
0.9092990467324853
0.22691487800329924
0.4036085596308112
0.2182927830144763
0.8397660376504064
0.4619476944208145
0.1548526892438531
0.7170161008834839
0.10776392556726933
0.15459734201431274
0.30574539583176374
0.8461277950555086
0.8499209396541119
0.824086083099246
0.13146394025534391
0.4962306506931782
0.8090717624872923
0.6944337487220764
0.499608401209116
0.13974043633788824
0.2128801764920354
0.6045335251837969
0.06158563494682312
0.5533415237441659
0.278075885027647
0.5432620663195848
0.06902755796909332
0.1656294260174036
0.3390542697161436
0.8097154963761568
0.8151217075064778
0.029940259642899036
0.6019987752661109
0.7982661221176386
0.7012202618643641
0.4218483315780759
0.5236713998019695
0.4088670937344432
0.9279951164498925
0.06191167049109936
0.8153290804475546
0.08202519733458757
0.8120240215212107
0.9631467228755355
0.07167440932244062
0.4591436618939042
0.7271669125184417
0.9040561830624938
0.02474912628531456
0.6675330996513367
0.6707934616133571
0.5258671687915921
0.4227703958749771
0.2306398693472147
0.45553324837237597
0.055505646392703056
0.5341845154762268
0.6031562015414238
0.5253278408199549
0.6529948292300105
0.27648030314594507
0.33125619124621153
0.39703600108623505
0.3843761906027794
0.9700062992051244
0.8376525137573481
0.7269511632621288
0.8192070480436087
0.7170664388686419
0.8318400541320443
0.0017733993008732796
0.25309247616678476
0.4056838471442461
0.34516024217009544
0.8555312510579824
0.5557093201205134
0.3385515520349145
0.3910828372463584
0.010652884840965271
0.6431015953421593
0.4869565013796091
0.2502473760396242
0.8444988187402487
0.5754985064268112
0.3697073860093951
0.38069154042750597
0.5807458823546767
0.2799836928024888
0.5569442100822926
0.9528697282075882
0.10571395605802536
0.8981072474271059
0.7990737520158291
0.010041637346148491
0.41003221180289984
0.7585320770740509
0.7808614186942577
0.2532984586432576
0.654607274569571
0.974745106883347
0.5000386396422982
0.4516539201140404
0.862541233189404
0.6676197089254856
0.2713718395680189
0.47729173116385937
0.23507690988481045
0.8132260944694281
0.355643667280674
0.9656947702169418
0.09337091911584139
0.7153098210692406
0.21333287004381418
0.6008696462959051
0.4445991488173604
0.1030792910605669
0.3837557416409254
0.025391960516572
0.1735848607495427
0.8537834454327822
0.9887841418385506
0.3756384951993823
0.85912542976439
0.34038481768220663
0.8619640609249473
0.44184010848402977
0.21529237367212772
0.4042974477633834
0.30214970745146275
0.4534131018444896
0.15807090140879154
0.9529149774461985
0.4526602253317833
0.48895871080458164
0.49657601956278086
0.18238670751452446
0.30504348408430815
0.5114800343289971
0.2494860840961337
0.4251533281058073
0.3280267929658294
0.02860277332365513
0.5865717139095068
0.622639050707221
0.7214104002341628
0.37755564972758293
0.3948928341269493
0.4230085853487253
0.29496479872614145
0.6355208465829492
0.4703962504863739
0.9037753576412797
0.9723928840830922
0.15462205559015274
0.33424238860607147
0.9192914543673396
0.9201433453708887
0.7223130650818348
0.6742274034768343
0.07369915768504143
0.301441484130919
0.3461903277784586
0.4111480563879013
0.3182759406045079
0.6550186797976494
0.6645112549886107
0.39023145381361246
0.17439362592995167
0.8992423936724663
0.9810754423961043
0.697599115781486
0.5809320481494069
0.9607922276481986
0.9255369743332267
0.6015822626650333
0.36706273443996906
0.028797557577490807
0.7384763853624463
0.11919351667165756
0.34985330048948526
0.43349070474505424
0.1816595522686839
0.20751085691154003
0.056967212818562984
0.15032167918980122
0.07308677490800619
0.5800043595954776
0.07430632878094912
0.9287715684622526
0.44713722728192806
0.14817192126065493
0.01859621610492468
0.04632232338190079
0.33983928337693214
0.08766000811010599
0.13518891297280788
0.6871862253174186
0.19896156806498766
0.5298459734767675
0.5205338066443801
0.9465274410322309
0.9191688448190689
0.878210574388504
0.9700185377150774
0.4590160083025694
0.5021817218512297
0.7497753333300352
0.4504780285060406
0.6530265118926764
0.34187914431095123
0.5413606129586697
0.1979514630511403
0.6293217614293098
0.13458779267966747
0.6212137127295136
0.440321016125381
0.665106512606144
0.4141616905108094
0.14521353878080845
0.7448628367856145
0.34287136141210794
0.7120350915938616
0.4984147744253278
0.9910459974780679
0.3043320244178176
0.34255385398864746
0.3614432876929641
0.9681216236203909
0.6292503466829658
0.8130664806813002
0.40171223785728216
0.5978074017912149
0.8395032752305269
0.8590189758688211
0.5901913205161691
0.781884340569377
0.5277894344180822
0.10426714271306992
0.14244740083813667
0.8748889015987515
0.61173624265939
0.34596544224768877
0.08517724648118019
0.7818394675850868
0.21261411532759666
0.4650395102798939
0.44786614179611206
0.6807529972866178
0.15939017850905657
0.961082648485899
0.07865686435252428
0.37037911638617516
0.11757217068225145
0.11271389573812485
0.08632110245525837
0.24293802678585052
0.3430866813287139
0.7625126671046019
0.9062886470928788
0.8815570585429668
0.061283267103135586
0.7275065267458558
0.9922297187149525
0.2831382714211941
0.4707287698984146
0.8338387971743941
0.13233592174947262
0.7059552213177085
0.37218854483217
0.577477584592998
0.3909101989120245
0.1422230266034603
0.422458921559155
0.4089215360581875
0.6745333522558212
0.41591637674719095
0.01341710239648819
0.6436418332159519
0.9237531758844852
0.9052251623943448
0.775708663277328
0.9971007574349642
0.9292280860245228
0.8903801143169403
0.7078966293483973
0.7448961371555924
0.7732102666050196
0.5262381266802549
0.9301566099748015
0.5080011626705527
0.8960936516523361
0.4399019107222557
0.06334195286035538
0.6629469823092222
0.7876300420612097
0.9534960491582751
0.2328085731714964
0.37682600878179073
0.3034847229719162
0.9317027246579528
0.6972436001524329
0.2675126576796174
0.6065212385728955
0.2544843712821603
0.1028030114248395
0.688948942348361
0.7332730898633599
0.9146575490012765
0.361764800734818
0.6411287030205131
0.7852666554972529
0.7407147772610188
0.15667424444109201
0.30529927741736174
0.7456836253404617
0.7442534519359469
0.06894366256892681
0.2042280174791813
0.920386373065412
0.09286634158343077
0.33315790351480246
0.9871674487367272
0.004618535749614239
0.7076391680166125
0.21555966138839722
0.8401294182986021
0.7743431963026524
0.48583511356264353
0.01827104017138481
0.5211325353011489
0.4024933259934187
0.14858313370496035
0.708091676235199
0.020087228156626225
0.40059225261211395
0.7135395742952824
0.17030068207532167
0.8442644346505404
0.1851032879203558
0.5925230821594596
0.08782861568033695
0.9282187996432185
0.2687221309170127
0.31412281189113855
0.44482290651649237
0.16902086604386568
0.07688671350479126
0.8714935593307018
0.6558274580165744
0.5864625507965684
0.38919930160045624
0.69484952557832
0.31959984358400106
0.10820541344583035
0.4057608637958765
0.2492365576326847
0.597932324744761
0.9797801449894905
0.43860080651938915
0.2570945816114545
0.21975133754312992
0.8000171137973666
0.22814103960990906
0.5460374737158418
0.10976303461939096
0.1809314228594303
0.884480751119554
0.5214231219142675
0.6425909148529172
0.03306952863931656
0.4539596578106284
0.2639578152447939
0.5215815892443061
0.4755850303918123
0.11038937326520681
0.25248756632208824
0.28276692889630795
0.37137930281460285
0.9716853238642216
0.7115185745060444
0.423585906624794
0.48730697575956583
0.5409836741164327
0.5840772073715925
0.15709852427244186
0.27932420186698437
0.7733113886788487
0.1291160313412547
0.7906237188726664
0.30257969722151756
0.7668023444712162
0.1442288300022483
0.7297778213396668
0.24666218552738428
0.07928346656262875
0.8135525472462177
0.10733371414244175
0.5956990718841553
0.6694679502397776
0.18003216851502657
0.037205880507826805
0.9135504812002182
0.46364058181643486
0.24339133221656084
0.4931646101176739
0.7539460761472583
0.5466754846274853
0.6826489772647619
0.8130422942340374
0.19559517595916986
0.978881654329598
0.2038534451276064
0.8273026766255498
0.002422751858830452
0.23705885373055935
0.5125457243993878
0.6132242614403367
0.40871769841760397
0.2810456044971943
0.9117147997021675
0.8736602924764156
0.5291933510452509
0.24520995374768972
0.5242380127310753
0.940955139696598
0.3942349338904023
0.7547304332256317
0.14050834346562624
0.4059560475870967
0.6101203029975295
0.8669723961502314
0.6913401670753956
0.3717540418729186
0.6439393265172839
0.6379597019404173
0.34532950539141893
0.3326727906242013
0.7340358784422278
0.3138502351939678
0.2316758604720235
0.6782612828537822
0.4248738158494234
0.14729315880686045
0.7878552721813321
0.8220766959711909
0.7275781538337469
0.8387289457023144
0.7322361562401056
0.9555931482464075
0.9046255676075816
0.6028763353824615
0.6615768847987056
0.4271447854116559
0.8803626764565706
0.8602536218240857
0.2740154704079032
0.7459032004699111
0.27603987138718367
0.553337543271482
0.2164526991546154
0.21064503956586123
0.06990998238325119
0.08818375039845705
0.5573053061962128
0.16376756876707077
0.8824223205447197
0.9007459171116352
0.884171400219202
0.8701554676517844
0.8864815644919872
0.648290210403502
0.02646918874233961
0.021020914427936077
0.3424663292244077
0.025813588872551918
0.4030490070581436
0.862961114384234
0.7584041245281696
0.2073438297957182
0.9949922533705831
0.9517144663259387
0.6752111772075295
0.9126095920801163
0.9430784629657865
0.531103647314012
0.07678346801549196
0.09816497564315796
0.7705308385193348
0.537135099992156
0.42518314719200134
0.27391462214291096
0.2307656044140458
0.22649198677390814
0.3207372007891536
0.44452056009322405
0.7798705203458667
0.43088544346392155
0.7871704613789916
0.6758433859795332
0.6743923723697662
0.43567723501473665
0.18204759433865547
0.2862651813775301
0.6939451908692718
0.48387243039906025
0.7314864946529269
0.66316884662956
0.488883301615715
0.9050243413075805
0.6906384201720357
0.7042686454951763
0.5528561314567924
0.8691737921908498
0.12871418986469507
0.8840666450560093
0.820672002620995
0.7657006541267037
0.33919729478657246
0.9452824518084526
0.8907384937629104
0.20724022947251797
0.8749082377180457
0.21528675500303507
0.8729033442214131
0.6585729280486703
0.208286308683455
0.5473250765353441
0.8609939990565181
0.690670351497829
0.016461558640003204
0.8871115259826183
0.03048304095864296
0.8593179462477565
0.09142213221639395
0.4641517326235771
0.361126909032464
0.20935181714594364
0.8751854179427028
0.608252682723105
0.9847305184230208
0.4034110801294446
0.6199730187654495
0.19076172169297934
0.1577325752004981
0.47560247592628
0.1733284927904606
0.6910535069182515
0.8588252319023013
0.21096225455403328
0.38823891524225473
0.8880207790061831
0.011608071625232697
0.1487927194684744
0.1584128439426422
0.17632480431348085
0.3323679780587554
0.21194864343851805
0.07831794861704111
0.5078632552176714
0.8026491953060031
0.9606392057612538
0.7284360937774181
0.9583029439672828
0.7668272079899907
0.47117271460592747
0.5853085992857814
0.9182501519098878
0.6549305720254779
0.84013238735497
0.5567989470437169
0.9098825510591269
0.3301613815128803
0.3130981884896755
0.14214567560702562
0.028188196010887623
0.061602664180099964
0.03855557832866907
0.21723271161317825
0.007421963848173618
0.1219601035118103
0.44693015329539776
0.4446499003097415
0.9126268429681659
0.010063432157039642
0.25441247783601284
0.3088794080540538
0.4557623015716672
0.2985852723941207
0.09175620786845684
0.7765469877049327
0.9375078668817878
0.10673326253890991
0.7584462463855743
0.5813413579016924
0.8133075730875134
0.19791549164801836
0.10132139269262552
0.1344256792217493
0.8849370246753097
0.7022876674309373
0.5187501255422831
0.05945611838251352
0.11689116805791855
0.46451773401349783
0.0892608854919672
0.352817852050066
0.07786743342876434
0.016432220116257668
0.32560341339558363
0.16865125205367804
0.0070085469633340836
0.17460537981241941
0.5537528702989221
0.2290955251082778
0.5054238205775619
0.2630742099136114
0.9166126009076834
0.8595666661858559
0.852531143464148
0.9610267700627446
0.003025882877409458
0.648611999116838
0.94758590310812
0.7752806870266795
0.101638900116086
0.733317831531167
0.8759085396304727
0.13819273002445698
0.07985909283161163
0.7094462756067514
0.10045160446316004
0.130205980502069
0.8877562759444118
0.16642329841852188
0.27812650613486767
0.8273397833108902
0.686876030638814
0.8476967858150601
0.7011645724996924
0.2741412864997983
0.6043315576389432
0.43576274160295725
0.36360400915145874
0.08115249499678612
0.11150262877345085
0.9623478772118688
0.6527501484379172
0.6475947825238109
0.028043515048921108
0.843626543879509
0.6653953799977899
0.009087720885872841
0.15083370730280876
0.5402278508991003
0.1494090985506773
0.3101581083610654
0.5078103737905622
0.8426433242857456
0.06996525824069977
0.902149542234838
0.23680463340133429
0.7810890730470419
0.8012009933590889
0.06555596180260181
0.08974785730242729
0.1608600402250886
0.9423602456226945
0.35806092619895935
0.5611188421025872
0.7225049743428826
0.7593379421159625
0.586726201698184
0.6423103287816048
0.9267915822565556
0.25107539538294077
0.4060691772028804
0.20020587649196386
0.365072232671082
0.8409595228731632
0.5405947836115956
0.9812488332390785
0.794256741181016
0.6932258736342192
0.6322396658360958
0.2402709797024727
0.7971551856026053
0.6542739262804389
0.7134000109508634
0.9944775775074959
0.0674583176150918
0.8193218884989619
0.30416973028331995
0.9022836443036795
0.3200574917718768
0.723454961553216
0.13540643081068993
0.767276112921536
0.8260327093303204
0.15847087651491165
0.49606878124177456
0.6670272126793861
0.5729496544227004
0.6137526798993349
0.20607649255543947
0.7071253014728427
0.049977438524365425
0.34324397798627615
0.21383841428905725
0.3999653561040759
0.6579796448349953
0.05639037862420082
0.8189980741590261
0.6687874281778932
0.7447007363662124
0.23478667251765728
0.5199999259784818
0.47641373705118895
0.26501731760799885
0.07358367461711168
0.4869035519659519
0.07929475139826536
0.06601010262966156
0.04774629604071379
0.6587744299322367
0.9063759800046682
0.7970396978780627
0.10362061206251383
0.4665973223745823
0.06296858005225658
0.44507034309208393
0.4752300772815943
0.18088829703629017
0.4596848115324974
0.49472280498594046
0.1257891859859228
0.8841884974390268
0.566346793435514
0.7134531605988741
0.8139157677069306
0.06886689737439156
0.7908685496076941
0.561735387891531
0.7853353777900338
0.8597437711432576
0.48326394986361265
0.22812571097165346
0.0889791576191783
0.8617790089920163
0.564353278838098
0.28960540797561407
0.5186042999848723
0.6326116621494293
0.7798398416489363
0.996469677425921
0.17911315616220236
0.7803474450483918
0.579146234318614
0.18276963103562593
0.6779371984302998
0.6861669365316629
0.6193765019997954
0.8012087875977159
0.9415163416415453
0.8519681291654706
0.8941600471735001
0.08350114710628986
0.6566600119695067
0.8730127792805433
0.4875603783875704
0.3254889287054539
0.33694255258888006
0.035637615248560905
0.9530181987211108
0.29708103369921446
0.014102439396083355
0.5398472864180803
0.3172372691333294
0.27777514420449734
0.5545673789456487
0.3470331970602274
0.7091351253911853
0.7165732895955443
0.6006780536845326
0.6525130523368716
0.6136450190097094
0.5170843340456486
0.1372513696551323
0.9834099095314741
0.7506437432020903
0.9479354554787278
0.6827813051640987
0.9210467617958784
0.5790968993678689
0.17766863387078047
0.10616238135844469
0.44874167162925005
0.4255365887656808
0.4350376930087805
0.06780658941715956
0.9244846403598785
0.2383363749831915
0.7942175948992372
0.08613034524023533
0.6785877784714103
0.9664407512173057
0.5847428934648633
0.22910629212856293
0.23621722124516964
0.5633425544947386
0.42684673611074686
0.4304527137428522
0.16517299972474575
0.6158505752682686
0.8915900522843003
0.43119296431541443
0.5485811717808247
0.5982882287353277
0.785994553938508
0.345974575728178
0.08234562817960978
0.7510246550664306
0.06321007665246725
0.8544837376102805
0.7981530288234353
0.5846810145303607
0.3575941761955619
0.017955136485397816
0.4106575809419155
0.008882843889296055
0.14500916469842196
0.7204719893634319
0.29061567783355713
0.08626035787165165
0.5278788199648261
0.7353309318423271
0.062169854529201984
0.4112389497458935
0.6453404650092125
0.4166243392974138
0.8257774338126183
0.11404712498188019
0.70849241130054
0.015399213880300522
0.0057157352566719055
0.48960618302226067
0.6604010807350278
0.6213692119345069
0.8227131776511669
0.25136267580091953
0.46147814579308033
0.7290811585262418
0.3917062534019351
0.41027726884931326
0.9993426948785782
0.4293600460514426
0.4444477427750826
0.7786953495815396
0.6242670398205519
0.2257578382268548
0.6771797705441713
0.09928248263895512
0.3091380586847663
0.4760366091504693
0.7232496431097388
0.7989026447758079
0.4346664920449257
0.4583503259345889
0.7508820910006762
0.36750027630478144
0.19966109655797482
0.06294924020767212
0.685558594763279
0.36204718332737684
0.6559403892606497
0.10824722237884998
0.05810242984443903
0.035432212986052036
0.36873650085181
0.2826253417879343
0.47688251826912165
0.590476824901998
0.7016450725495815
0.7104763109236956
0.7258450714871287
0.05852721631526947
0.7270062146708369
0.14371051918715239
0.4868776509538293
0.8037827014923096
0.7608315190300345
0.7783879423514009
0.6877568932250142
0.651834431104362
0.5230705756694078
0.6957740355283022
0.47442864906042814
0.6438488094136119
0.9228202737867832
0.929040314629674
0.8090854035690427
0.41526643745601177
0.4683548044413328
0.15441943146288395
0.692454045638442
0.19984056521207094
0.30240362882614136
0.00785234197974205
0.01172833051532507
0.45846573915332556
0.8622196279466152
0.026273087598383427
0.013077904470264912
0.13316284399479628
0.1647731438279152
0.21392789855599403
0.3992832163348794
0.5258543509989977
0.7168888002634048
0.23394225910305977
0.05246579460799694
0.8024485362693667
0.050477685406804085
0.22467816341668367
0.38185286428779364
0.12159183993935585
0.8825597316026688
0.24109518434852362
0.2960880007594824
0.3886996880173683
0.9005035320296884
0.32120691053569317
0.8013085555285215
0.6346554337069392
0.17217841744422913
0.17741912696510553
0.22346393950283527
0.020031921565532684
0.18111034855246544
0.5130549175664783
0.05612601712346077
0.46373702213168144
0.4866111036390066
0.9635784076526761
0.43318123277276754
0.89702919870615
0.00903335865586996
0.6632495606318116
0.2264044927433133
0.14232326578348875
0.9397854274138808
0.4362945184111595
0.7680978868156672
0.41730513237416744
0.2765024220570922
0.613445958122611
0.19888581987470388
0.4636536370962858
0.983282245695591
0.47327364329248667
0.4402087777853012
0.3009798200801015
0.7758948961272836
0.3086713831871748
0.7919734995812178
0.6057394901290536
0.5317514361813664
0.11822572629898787
0.15548161882907152
0.715210641734302
0.32521247304975986
0.9225884806364775
0.8806907376274467
0.2563221026211977
0.08762579783797264
0.705944586545229
0.23921173065900803
0.39960805885493755
0.8926730081439018
0.9823312340304255
0.5216995179653168
0.7380138160660863
0.8662927085533738
0.9871744001284242
0.7607664503157139
0.7909495094791055
0.722004247829318
0.4935240400955081
0.0783501910045743
0.13307297229766846
0.9209911320358515
0.2536592921242118
0.6586347287520766
0.14829003997147083
0.4572492865845561
0.06533129699528217
0.3455784795805812
0.40857557114213705
0.2678612060844898
0.46322344429790974
0.865507235750556
0.6779508581385016
0.26793822180479765
0.03538492787629366
0.6749245524406433
0.5413733124732971
0.010932798497378826
0.364668102003634
0.4330818112939596
0.6585689214989543
0.9738325728103518
0.5949560413137078
0.09967416618019342
0.6430211132392287
0.4671751009300351
0.622821157798171
0.6573877148330212
0.5659329118207097
0.17024952918291092
0.913699347525835
0.4596946323290467
0.08494877256453037
0.2913325931876898
0.9435257175937295
0.20343848783522844
0.19821592420339584
0.35280636604875326
0.2649163696914911
0.5265149315819144
0.6232359008863568
0.6011882619932294
0.1986591648310423
0.23046465031802654
0.8008419591933489
0.04250055365264416
0.15020830929279327
0.12825322896242142
0.5238446202129126
0.1022469736635685
0.5510606849566102
0.5168107030913234
0.1913829231634736
0.9107593446969986
0.4249834008514881
0.274696983397007
0.6873944932594895
0.2130902511999011
0.5796418935060501
0.5849542049691081
0.8848218396306038
0.9043978191912174
0.42289614770561457
0.2823525406420231
0.7743341885507107
0.19005964417010546
0.4042838364839554
0.8265248397365212
0.21832778863608837
0.37063795141875744
0.08129364810883999
0.8992505837231874
0.32983847986906767
0.25239787995815277
0.810917099006474
0.6273234961554408
0.47639704309403896
0.18206665199249983
0.06596000492572784
0.430087273940444
0.9089188762009144
0.7072984501719475
0.3764798464253545
0.49221926741302013
0.015689044259488583
0.8616243228316307
0.8961964342743158
0.8612738447263837
0.20125958696007729
0.07477209996432066
0.5939063774421811
0.1703516310080886
0.3901980556547642
0.7077154833823442
0.06987086217850447
0.9858030872419477
0.15632814820855856
0.21281848661601543
0.9972072336822748
0.7798443464562297
0.47624172642827034
0.9190752562135458
0.18831492122262716
0.5282684210687876
0.10845553316175938
0.4422011123970151
0.2863051677122712
0.9330381518229842
0.5972665343433619
0.7198494765907526
0.08137354534119368
0.26997452415525913
0.901641602627933
0.671741059049964
0.45226783864200115
0.8614182844758034
0.6490499721840024
0.48467479832470417
0.9324850784614682
0.1738343322649598
0.014635210856795311
0.5229393299669027
0.9020217126235366
0.5406030360609293
0.22471961472183466
0.8633315581828356
0.40348672214895487
0.5094491504132748
0.686014317907393
0.4553316170349717
0.583645791746676
0.8153628297150135
0.7394975367933512
0.9062511334195733
0.7597861997783184
0.9779751384630799
0.039144025184214115
0.8913853066042066
0.11114654783159494
0.524547734297812
0.5559940477833152
0.18913828115910292
0.9953503115102649
0.8372949697077274
0.20704306103289127
0.34130492713302374
0.8896601004526019
0.6262591322883964
0.10907417070120573
0.938020734116435
0.9576324559748173
0.026884320192039013
0.45761647913604975
0.5282343281432986
0.24022715259343386
0.3226246489211917
0.030846205540001392
0.15448189247399569
0.472530665807426
0.29280042089521885
0.3184611089527607
0.5133367916569114
0.5249036140739918
0.1850003320723772
0.27565027866512537
0.7404052456840873
0.46955927181988955
0.3128842394798994
0.7019456624984741
0.8205394437536597
0.27184071112424135
0.2788371378555894
0.24516897182911634
0.6229934385046363
0.10671538859605789
0.8215048955753446
0.03029084298759699
0.5616744020953774
0.3000904368236661
0.28870000410825014
0.9133243281394243
0.8800009749829769
0.8954674666747451
0.73476183693856
0.3603137629106641
0.5614368114620447
0.8448992818593979
0.6433784766122699
0.9512053672224283
0.8644175920635462
0.8258659252896905
0.2752902926877141
0.5087521895766258
0.48252598755061626
0.6823305822908878
0.6407531937584281
0.8523313030600548
0.3297314774245024
0.4914096323773265
0.09740241710096598
0.17700896319001913
0.9504203526303172
0.25458876602351665
0.5727844461798668
0.05739595741033554
0.5547347189858556
0.21421756595373154
0.41213687881827354
0.07638469338417053
0.6785490941256285
0.7948858384042978
0.8507448667660356
0.07931735459715128
0.4686949672177434
0.1698037525638938
0.11200327519327402
0.05279165506362915
0.5932196853682399
0.4523383881896734
0.12984178215265274
0.6284093772992492
0.7762524345889688
0.5122794397175312
0.8963369047269225
0.21192544978111982
0.958575926721096
0.4172613173723221
0.43454145919531584
0.7370956679806113
0.08237794041633606
0.4992195852100849
0.3960126591846347
0.044406152330338955
0.5017390865832567
0.045820700004696846
0.2834661053493619
0.8851728411391377
0.017514048144221306
0.6167734833434224
0.2985251331701875
0.5504311695694923
0.5376743869856
0.985266488045454
0.8143213940784335
0.12470749020576477
0.3624110370874405
0.7045007301494479
0.47306873463094234
0.3650689758360386
0.09424059744924307
0.298890539444983
0.908915538340807
0.20496370270848274
0.17326804529875517
0.08063444029539824
0.09543468710035086
0.883125594817102
0.0371785880997777
0.590984663926065
0.31836146488785744
0.6975136902183294
0.9066300727427006
0.6667951438575983
0.7731521753594279
0.38416367676109076
0.1951609207317233
0.13182917516678572
0.7877296805381775
0.12116530817002058
0.5445291250944138
0.1131319310516119
0.670202236622572
0.1575215682387352
0.48471937235444784
0.9826814476400614
0.181342002004385
0.06707268208265305
0.7192591475322843
0.923402558080852
0.6323725366964936
0.6273018717765808
0.035264004953205585
0.12091705948114395
0.607607526704669
0.3235111404210329
0.838608717545867
0.5797789003700018
0.31206281296908855
0.47739051561802626
0.3141022427007556
0.5648962818086147
0.5441027395427227
0.0011709462851285934
0.21066650189459324
0.6679575787857175
0.2932734349742532
0.7764147957786918
0.2514579426497221
0.4989221105352044
0.9625600660219789
0.657901712693274
0.16899291146546602
0.0022400645539164543
0.21659395657479763
0.10273192822933197
0.3653989154845476
0.39838141575455666
0.45382591616362333
0.42394509818404913
0.19748659059405327
0.7503076186403632
0.9044052977114916
0.6695701964199543
0.8869475545361638
0.15470298007130623
0.35284923668950796
0.1265876730903983
0.055495042353868484
0.5584845002740622
0.4856241596862674
0.44980388041585684
0.8850083537399769
0.20025449618697166
0.8637921381741762
0.4156377511098981
0.9026505975052714
0.6765739349648356
0.5207831310108304
0.30115543957799673
0.3912649108096957
0.6334837172180414
0.18492689728736877
0.8880172204226255
0.42410310730338097
0.0828161584213376
0.12714131642132998
0.09115354809910059
0.5254431441426277
0.3437239034101367
0.6336855515837669
0.21290268655866385
0.9552948828786612
0.6090600714087486
0.10358134005218744
0.8218775102868676
0.6200557053089142
0.13657910749316216
0.7715874146670103
0.2568055810406804
0.6071323491632938
0.06562972906976938
0.05556738190352917
0.7554340995848179
0.3455736404284835
0.8584244484081864
0.5293497052043676
0.20849968306720257
0.39085253793746233
0.36640444956719875
0.5202252855524421
0.5385799035429955
0.8353233961388469
0.521730363368988
0.3317845519632101
0.7040096716955304
0.34310318995267153
0.6537463320419192
0.09136163722723722
0.32780142966657877
0.8104753717780113
0.4300816785544157
0.22287909965962172
0.9515386521816254
0.6509313154965639
0.42348881531506777
0.5443912809714675
0.9143952177837491
0.705215584486723
0.30286098923534155
0.9907535482198
0.856731366366148
0.7767412280663848
0.6500473031774163
0.9613869106397033
0.8494258755818009
0.7915205992758274
0.4007255006581545
0.2926802262663841
0.14735757373273373
0.5834051761776209
0.9113161684945226
0.8560065925121307
0.5686841169372201
0.30426815524697304
0.6501378137618303
0.7800416294485331
0.49848371278494596
0.4591298261657357
0.5138098942115903
0.29863490909338
0.517797389999032
0.5662562418729067
0.7686901809647679
0.22338001150637865
0.6574919745326042
0.4424753338098526
0.6173464562743902
0.04124944191426039
0.2771268803626299
0.11319165211170912
0.389940470457077
0.6373554226011038
0.5689467880874872
0.34752700850367546
0.3604936422780156
0.6424703653901815
0.6867560651153326
0.8185869855806231
0.18849227484315634
0.4057952994480729
0.49973596446216106
0.8885786924511194
0.9851608797907829
0.5925795203074813
0.9715708214789629
0.018901795148849487
0.004952952265739441
0.4066830249503255
0.1640592534095049
0.8054264923557639
0.9618624476715922
0.43844793178141117
0.8662174670025706
0.6385311400517821
0.9709221795201302
0.13708544243127108
0.8482643077149987
0.9882657825946808
0.11458396445959806
0.9086464392021298
0.7401523506268859
0.3146415539085865
0.6340720616281033
0.8382940059527755
0.535987832583487
0.6026492435485125
0.7458624970167875
0.03834269568324089
0.722538853995502
0.5224342616274953
0.08304413408041
0.6206607446074486
0.03326620813459158
0.2145364535972476
0.7617445960640907
0.2943812794983387
0.8273275000974536
0.6998895918950438
0.07249895762652159
0.588678372092545
0.09324938897043467
0.9152214070782065
0.7967443373054266
0.7002417324110866
0.07818347681313753
0.37290812097489834
0.14810466766357422
0.9660603953525424
0.541433596983552
0.4464126257225871
0.33895394671708345
0.9610271127894521
0.6336277769878507
0.28032974898815155
0.7716170893982053
0.22057708259671926
0.40049729496240616
0.3253743015229702
0.8549713212996721
0.5884220376610756
0.9118731701746583
0.49880018178373575
0.4457157012075186
0.18916608858853579
0.015503361821174622
0.9694265713915229
0.9148580683395267
0.025925375521183014
0.715995860286057
0.5679120784625411
0.8391142645850778
0.20295153185725212
0.17870454490184784
0.8216359773650765
0.3172806464135647
0.7734725940972567
0.358679904602468
0.6151630869135261
0.9116104133427143
0.21214099135249853
0.25459304731339216
0.47519367188215256
0.2143158195540309
0.5127905271947384
0.7875414593145251
0.4808833645656705
0.03889110032469034
0.9110751049593091
0.3050111597403884
0.7988006984815001
0.23662231396883726
0.232202822342515
0.7098426800221205
0.8433462074026465
0.1378263384103775
0.8633381882682443
0.2140482608228922
0.061565001495182514
0.6183988628908992
0.35158798284828663
0.7176633840426803
0.343665050342679
0.7911525703966618
0.626472138799727
0.8129378175362945
0.057928940281271935
0.3222812032327056
0.8476120606064796
0.41285908222198486
0.7109651286154985
0.3726748563349247
0.8773311991244555
0.005351122468709946
0.2327494015917182
0.16448322404175997
0.3784730741754174
0.5320190275087953
0.8870363431051373
0.17225542198866606
0.536856890656054
0.8921417063102126
0.8062558369711041
0.9396939650177956
0.4090421525761485
0.07151579484343529
0.15181009471416473
0.5207106675952673
0.8950665695592761
0.8963949261233211
0.8991303713992238
0.5461272140964866
0.335852088406682
0.41246333066374063
0.24792059417814016
0.9148912765085697
0.7361945696175098
0.8885691156610847
0.6573437713086605
0.11057109292596579
0.6120858965441585
0.44579705130308867
0.5059985965490341
0.14270128309726715
0.4636197267100215
0.3112705107778311
0.3772965893149376
0.11325454246252775
0.8724738173186779
0.6971403351053596
0.9695378830656409
0.4079950824379921
0.22476237546652555
0.30442491825670004
0.6308687524870038
0.5129579547792673
0.05849549267441034
0.45194566529244184
0.5198838217183948
0.45571857038885355
0.036317053250968456
0.8302052291110158
0.39025553315877914
0.8719406872987747
0.5432159379124641
0.8804221479222178
0.0013134684413671494
0.6967145940288901
0.9090274255722761
0.7981420522555709
0.15298662148416042
0.48099065758287907
0.25636564660817385
0.16249355394393206
0.34602413326501846
0.33298616856336594
0.9728579539805651
0.18989863991737366
0.06706726923584938
0.4845044519752264
0.809268114157021
0.612939459271729
0.6990303732454777
0.4824714083224535
0.6018298603594303
0.18444255646318197
0.05590581055730581
0.005262255668640137
0.6199504639953375
0.8062312165275216
0.5432441085577011
0.30412363167852163
0.539070718921721
0.28306474443525076
0.9431801475584507
0.2695995168760419
0.03807096555829048
0.7016120608896017
0.8245547264814377
0.1228999262675643
0.022016635164618492
0.4342765351757407
0.5781314829364419
0.732395501807332
0.46987707633525133
0.768116183578968
0.07666505314409733
0.5548412473872304
0.9070956250652671
0.15882871486246586
0.9602476973086596
0.20203133393079042
0.5033160643652081
0.10955728963017464
0.5462324935942888
0.6319694286212325
0.7949297977611423
0.6748221581801772
0.36449604760855436
0.9654395813122392
0.03290149662643671
0.5894561186432838
0.3176439693197608
0.9273062516003847
0.15529338736087084
0.022513272240757942
0.46612862031906843
0.9129707496613264
0.3849154179915786
0.9561205515637994
0.4384011961519718
0.6798314852640033
0.45204028114676476
0.1894856607541442
0.46594553999602795
0.6635954510420561
0.4420917285606265
0.9677257193252444
0.043712517246603966
0.9196545463055372
0.2682451559230685
0.23566920030862093
0.21500887162983418
0.6897098645567894
0.7690319893881679
0.5170279024168849
0.4818171514198184
0.5928809884935617
0.4310699701309204
0.41808444913476706
0.3398447949439287
0.44230739027261734
0.7367667285725474
0.7566582625731826
0.4387601241469383
0.6865400169044733
0.13684406876564026
0.3161058686673641
0.36727957893162966
0.4758756561204791
0.6481407284736633
0.2240808792412281
0.06350289471447468
0.3537866724655032
0.07605274021625519
0.9564808905124664
0.8496722709387541
0.5733850728720427
0.86249640583992
0.966367682442069
0.0928203584626317
0.03870728239417076
0.5582647370174527
0.9379827817901969
0.4895980842411518
0.8713079085573554
0.9209065055474639
0.6654616687446833
0.9765335461124778
0.6014911159873009
0.6372123835608363
0.5568264499306679
0.2652031583711505
0.9847289118915796
0.6710405899211764
0.7629823526367545
0.002315070480108261
0.4432358415797353
0.23581065330654383
0.9315044051036239
0.554887942969799
0.13215076550841331
0.3922451427206397
0.5854889741167426
0.4205556157976389
0.6311191841959953
0.2710541654378176
0.1276837671175599
0.26247885823249817
0.2606047121807933
0.920501614920795
0.4691333705559373
0.5697187017649412
0.023356963880360126
0.7791278185322881
0.2833168897777796
0.9422168517485261
0.1707001430913806
0.7733539352193475
0.8848621491342783
0.0011156164109706879
0.39413062017410994
0.04030378628522158
0.7336604380980134
0.9237459506839514
0.6414910862222314
0.275141216814518
0.5634967964142561
0.6039550099521875
0.5586367966607213
0.7040521502494812
0.13620290346443653
0.43710182420909405
0.5555868316441774
0.6816811310127378
0.6204780964180827
0.7302704118192196
0.4981674551963806
0.9139684168621898
0.5957141984254122
0.7375782625749707
0.024109970778226852
0.30556363984942436
0.6810988234356046
0.32009189669042826
0.48488480877131224
0.4327315567061305
0.7892647292464972
0.23105143010616302
0.5116849485784769
0.6409259308129549
0.005431266501545906
0.026190493255853653
0.20711504761129618
0.7672451483085752
0.09112239815294743
0.5987242795526981
0.9614266268908978
0.48853252548724413
0.6131937112659216
0.33943295665085316
0.8941232794895768
0.2935343813151121
0.6978327156975865
0.9221151079982519
0.9200509004294872
0.08091642055660486
0.4090746929869056
0.713404112495482
0.44119362998753786
0.381734611466527
0.7532073510810733
0.808168183080852
0.6627411926165223
0.20712350588291883
0.3073553377762437
0.6896090339869261
0.5346483262255788
0.521110437810421
0.47343476209789515
0.5143338525667787
0.31810648646205664
0.3379452610388398
0.3571420628577471
0.022522632963955402
0.7768057258799672
0.4450747696682811
0.2717635743319988
0.0732519207522273
0.9934140248224139
0.750693685375154
0.86726357601583
0.8044561492279172
0.8109993943944573
0.2562384242191911
0.8839183831587434
0.41813693940639496
0.8993947599083185
0.6543729631230235
0.5314120231196284
0.5905762165784836
0.4465971803292632
0.5513071268796921
0.49272209871560335
0.5074615813791752
0.4752624277025461
0.31466801557689905
0.5529484348371625
0.524046016857028
0.7839897675439715
0.5461310995742679
0.8533896775916219
0.45018934085965157
0.5137936538085341
0.17890254221856594
0.7701049093157053
0.46076968498528004
0.3395182006061077
0.20069362223148346
0.4182725381106138
0.6306105004623532
0.2862249594181776
0.0009970590472221375
0.7807290237396955
0.0946860471740365
0.1706150220707059
0.3440995840355754
0.4620912568643689
0.8333917232230306
0.6673633875325322
0.9665184868499637
0.06754705216735601
0.08257407136261463
0.0007012821733951569
0.7996555967256427
0.20683257188647985
0.36865615751594305
0.26054453756660223
0.817668710835278
0.12303044740110636
0.16901089902967215
0.34420560859143734
0.5097975097596645
0.9466769034042954
0.19691096432507038
0.5225295759737492
0.9783036494627595
0.5744149181991816
0.3116655871272087
0.6315832808613777
0.6610484514385462
0.17310898005962372
0.05397483054548502
0.8887074049562216
0.6790133705362678
0.3086584648117423
0.8058909252285957
0.33427426777780056
0.8090989403426647
0.6999063948169351
0.5760886026546359
0.897869604639709
0.08180546201765537
0.5975520052015781
0.4100171746686101
0.08978333882987499
0.003764917142689228
0.7880671257153153
0.42496487125754356
0.3174431258812547
0.4055208405479789
0.2226163800805807
0.47031010314822197
0.8266380997374654
0.9140678597614169
0.270889644511044
0.4126544604077935
0.2682347036898136
0.050578164868056774
0.6001214263960719
0.04586798790842295
0.8892859956249595
0.9531012652441859
0.6789004374295473
0.6265044659376144
0.349694075062871
0.7240844629704952
0.9061355665326118
0.033701726235449314
0.1633270112797618
0.40311075933277607
0.36493411380797625
0.5544214658439159
0.7646889071911573
0.5646405797451735
0.20151436422020197
0.29369287472218275
0.20022756233811378
0.5405436875298619
0.6290609268471599
0.20961594209074974
0.44470698293298483
0.2677264651283622
0.5567670119926333
0.773612717166543
0.34264475107192993
0.760885083116591
0.8436363646760583
0.2556213475763798
0.17466164473444223
0.21020144503563643
0.17731954529881477
0.634141344577074
0.8490487076342106
0.7037988100200891
0.5782591896131635
0.13149628788232803
0.717971907928586
0.5757200261577964
0.5282897735014558
0.3738562064245343
0.019077356904745102
0.37817715760320425
0.724790507927537
0.17659945785999298
0.9417036008089781
0.47956786397844553
0.45947583578526974
0.9542511878535151
0.3183418717235327
0.28694628458470106
0.6224033664911985
0.755730776116252
0.9412527475506067
0.0936808343976736
0.3306499347090721
0.9245725749060512
0.5035067787393928
0.5521768527105451
0.182479752227664
0.384028397500515
0.1656392989680171
0.7715420359745622
0.13611964602023363
0.5471738213673234
0.7471259273588657
0.04013361036777496
0.013690701685845852
0.8520793346688151
0.5424346532672644
0.17338397447019815
0.6301132012158632
0.9220768613740802
0.7628751853480935
0.48623343743383884
0.5470153754577041
0.3508164631202817
0.6026586601510644
0.39099400769919157
0.4515849379822612
0.11238790769129992
0.9304799633100629
0.619911827147007
0.16060754004865885
0.5965681094676256
0.6058292090892792
0.07285548932850361
0.24923437647521496
0.26898083556443453
0.4205511761829257
0.2899471363052726
0.30496723484247923
0.9561076452955604
0.6650423407554626
0.5491058137267828
0.806525289081037
0.7556383237242699
0.31984846387058496
0.5890218941494823
0.6278377715498209
0.5714894542470574
0.8718692502006888
0.9564944440498948
0.1667658118531108
0.2740404112264514
0.7560246018692851
0.9791691256687045
0.09919429197907448
0.48528162855654955
0.42143639270216227
0.3633714783936739
0.7578528607264161
0.9888140875846148
0.02288872003555298
0.4164557261392474
0.13629335537552834
0.7653409019112587
0.7373224897310138
0.8947677509859204
0.5176574094220996
0.652430297806859
0.705120193772018
0.47609309013932943
0.7287225350737572
0.6299843108281493
0.5966691542416811
0.8573833927512169
0.018677362240850925
0.7302535343915224
0.8035318637266755
0.4774256693199277
0.5632058661431074
0.572886198759079
0.25510841235518456
0.8645153483375907
0.5932397218421102
0.5254693524912
0.8598754862323403
0.609011079184711
0.14889757428318262
0.4881888395175338
0.5718428092077374
0.9611374884843826
0.4584281211718917
0.30428655445575714
0.0819523548707366
0.05348658189177513
0.942065461538732
0.7952163377776742
0.1345424149185419
0.7487976094707847
0.8410103330388665
0.4207121226936579
0.4685713415965438
0.11258816532790661
0.47129308246076107
0.5639514653012156
0.38436389714479446
0.5107890972867608
0.10264046024531126
0.4416923578828573
0.934598489664495
0.3323222007602453
0.46246829722076654
0.6395359355956316
0.7410001130774617
0.33692586049437523
0.8646948924288154
0.2720098877325654
0.4357624603435397
0.6277098581194878
0.963741316460073
0.7677167234942317
0.7277296977117658
0.24877502396702766
0.13329139072448015
0.27942481078207493
0.09403982199728489
0.4079587711021304
0.4704522145912051
0.7194378925487399
0.09628355223685503
0.32443186454474926
0.42433866765350103
0.4195106578990817
0.32221635337918997
0.7014210699126124
0.05027208011597395
0.4161343276500702
0.9519249526783824
0.8237525075674057
0.8884639190509915
0.360703993588686
0.9492723345756531
0.2805819399654865
0.46816105116158724
0.05462873540818691
0.878377066925168
0.3131593745201826
0.4361844751983881
0.6094455495476723
0.34500488825142384
0.7871702499687672
0.3112347982823849
0.2320896852761507
0.06293358746916056
0.790690777823329
0.8625911874696612
0.634985682554543
0.5453827464953065
0.8568114126101136
0.11402774509042501
0.07117275148630142
0.42144728172570467
0.81111154332757
0.9727337118238211
0.9944949960336089
0.37738222256302834
0.24450421892106533
0.48323747608810663
0.34479545056819916
0.7231964776292443
0.6107489820569754
0.7062733685597777
0.4579918645322323
0.5839147251099348
0.9492737064138055
0.22280485276132822
0.6013394109904766
0.7160262130200863
0.23266454692929983
0.2627463601529598
0.1334530571475625
0.9489068724215031
0.33934281673282385
0.4590246332809329
0.28957790322601795
0.2512757498770952
0.6513677379116416
0.22639973647892475
0.5916802231222391
0.4224111186340451
0.2770293988287449
0.7654119608923793
0.8836643919348717
0.4087976524606347
0.8982929289340973
0.6912715034559369
0.9914105208590627
0.2453806810081005
0.2437958037480712
0.2877214401960373
0.008090571500360966
0.6220073737204075
0.18626913521438837
0.3861181456595659
0.20424413587898016
0.07484120875597
0.46529847010970116
0.8690577568486333
0.5628885515034199
0.8027802649885416
0.03487477358430624
0.7995252525433898
0.9397243894636631
0.10884881298989058
0.03625441249459982
0.1746811354532838
0.8482837127521634
0.4665316781029105
0.39530414808541536
0.3048045188188553
0.8701737094670534
0.21138708014041185
0.04555184952914715
0.817148475907743
0.690049477852881
0.8572055259719491
0.7754475651308894
0.28501282166689634
0.7559263240545988
0.03753872308880091
0.701238757930696
0.48139346949756145
0.5642822440713644
0.07220179866999388
0.3646967737004161
0.2580628441646695
0.5701642297208309
0.15844362787902355
0.4555419431999326
0.04944049008190632
0.722450970672071
0.1875177137553692
0.15929974243044853
0.0015285257250070572
0.6239057499915361
0.18607377912849188
0.12973353080451488
0.725728846155107
0.3164467755705118
0.3825836777687073
0.08689144439995289
0.6778167262673378
0.6911771930754185
0.8986490676179528
0.03933314140886068
0.16188771650195122
0.5236020060256124
0.0654349522665143
0.13197069894522429
0.95909474324435
0.13378778845071793
0.3652291176840663
0.11885230615735054
0.5817857356742024
0.6715262047946453
0.9975781356915832
0.46055303048342466
0.152217835187912
0.026440310291945934
0.07097649574279785
0.047088202089071274
0.9066111063584685
0.36327777430415154
0.4189797220751643
0.5453423336148262
0.3239008830860257
0.2818111861124635
0.041992684826254845
0.37186806183308363
0.8797991182655096
0.6023220140486956
0.1732682790607214
0.29059735499322414
0.4255848741158843
0.7754169851541519
0.9705202598124743
0.6353123905137181
0.19208174291998148
0.9174586413428187
0.8323873104527593
0.15739491023123264
0.4185170102864504
0.4706640066578984
0.3397178202867508
0.4984878310933709
0.6064151488244534
0.4880239712074399
0.8219805415719748
0.2882522288709879
0.3986477144062519
0.5438063181936741
0.5487706204876304
0.8667619246989489
0.08305981382727623
0.26851325761526823
0.546105814166367
0.6324512008577585
0.72164969984442
0.5090869022533298
0.03790963627398014
0.014578050002455711
0.9044775264337659
0.11402701959013939
0.5123762339353561
0.07090486492961645
0.1281811883673072
0.34357362147420645
0.4133390923961997
0.7104744929820299
0.8004114981740713
0.9049238972365856
0.456857169046998
0.54108492936939
0.8683861810714006
0.6122393272817135
0.5723776016384363
0.3421645564958453
0.07296646665781736
0.6719923159107566
0.4692684356123209
0.16225446574389935
0.8273712983354926
0.5929504185914993
0.8282025847584009
0.04161666892468929
0.7213836321607232
0.7214085282757878
0.11766767129302025
0.36012077517807484
0.6499501960352063
0.401455394923687
0.03514399565756321
0.8097377633675933
0.5672733532264829
0.7598167136311531
0.5737440716475248
0.9921901514753699
0.865632114931941
0.11634289473295212
0.7134592607617378
0.6417280482128263
0.37942059710621834
0.019103920087218285
0.737684871070087
0.472573334351182
0.013824069872498512
0.9042438771575689
0.17450493574142456
0.6518559344112873
0.9989566002041101
0.38163275737315416
0.3631639052182436
0.8969740653410554
0.7685752538964152
0.14454551599919796
0.6455726781859994
0.1985686644911766
0.46419483982026577
0.5051689147949219
0.18245223071426153
0.167799711227417
0.06380974594503641
0.5545628648251295
0.39499986730515957
0.009389317594468594
0.13583320751786232
0.947869723662734
0.031193062663078308
0.11899723578244448
0.2181014334782958
0.31446637492626905
0.8571886839345098
0.3060884680598974
0.821667910553515
0.29321167152374983
0.9736649850383401
0.6413164101541042
0.05984568037092686
0.19239252153784037
0.7574725924059749
0.9294591192156076
0.9019482377916574
0.27516206726431847
0.4276179214939475
0.8069626782089472
0.05227839946746826
0.6693713273853064
0.2371964491903782
0.46451888233423233
0.4540599398314953
0.9029844906181097
0.2893532430753112
0.9949214057996869
0.41828150022774935
0.06416232790797949
0.9788576494902372
0.3654374973848462
0.3776663728058338
0.586379935964942
0.058620771393179893
0.015763328410685062
0.2655850714072585
0.6586093381047249
0.33082002215087414
0.08043383620679379
0.5197886070236564
0.2604753691703081
0.9636988881975412
0.23669414594769478
0.711603345349431
0.8224153881892562
0.43254652712494135
0.17694756295531988
0.7995803598314524
0.5107512455433607
0.08644412364810705
0.7065735924988985
0.008545327931642532
0.1380397230386734
0.33946574106812477
0.4665056234225631
0.3335301745682955
0.6980300676077604
0.48715764470398426
0.28093451261520386
0.6684949044138193
0.5259610209614038
0.1480214474722743
0.1298328647390008
0.5604499764740467
0.08361753169447184
0.329726398922503
0.7468798644840717
0.5881857722997665
0.3695133551955223
0.12075274810194969
0.841779563575983
0.36628052312880754
0.9541079727932811
0.006520114839076996
0.9481933433562517
0.1740815518423915
0.6399357905611396
0.8110995106399059
0.8962794570252299
0.20935461856424809
0.7466170648112893
0.26337986066937447
0.9103279402479529
0.4675169298425317
0.02133042085915804
0.18860454857349396
0.3314603753387928
0.24523308128118515
0.17352623585611582
0.3247286695986986
0.9652724275365472
0.26953362487256527
0.035650922916829586
0.7638106234371662
0.05457175895571709
0.451662783510983
0.34771536104381084
0.018468543887138367
0.8768450878560543
0.2659910172224045
0.1678742179647088
0.7132490035146475
0.967064768075943
0.7538093440234661
0.9073377018794417
0.9010300431400537
0.9652855452150106
0.152432631701231
0.9907143721356988
0.0044280169531702995
0.08939773216843605
0.14894051384180784
0.14099156111478806
0.38233032543212175
0.23260952811688185
0.7591967638581991
0.2898858077824116
0.5210352316498756
0.6862993678078055
0.8317199042066932
0.11270884145051241
0.8508837725967169
0.4874753588810563
0.17646607290953398
0.1889087539166212
0.18755979929119349
0.39157422352582216
0.31895140279084444
0.7868825690820813
0.7986074415966868
0.4701114697381854
0.8790730321779847
0.27431142795830965
0.09464722499251366
0.3332133088260889
0.5748729053884745
0.15328596252948046
0.945992723107338
0.9773965189233422
0.8516715886071324
0.7204049658030272
0.6239048149436712
0.2582605816423893
0.13583969604223967
0.3520609885454178
0.367124417796731
0.9879700066521764
0.7136952010914683
0.4144245656207204
0.5730123035609722
0.6580151244997978
0.23552662692964077
0.7987374402582645
0.6143946340307593
0.7869156654924154
0.8443453991785645
0.08148752897977829
0.2805883390828967
0.8928060792386532
0.9298861529678106
0.30937407817691565
0.8439491046592593
0.09111622069031
0.507519300095737
0.40964284911751747
0.7513316264376044
0.31719482224434614
0.2221063757315278
0.22521149087697268
0.9403095347806811
0.1740283239632845
0.9769507553428411
0.17476821411401033
0.7808568980544806
0.4048414546996355
0.18766063079237938
0.5379963470622897
0.6415147446095943
0.9907626640051603
0.6611073547974229
0.3656806359067559
0.08092760760337114
0.8735238760709763
0.09929604548960924
0.014878397807478905
0.6641702614724636
0.30304200388491154
0.22827052883803844
0.30906396731734276
0.40426138043403625
0.8101873705163598
0.5520220911130309
0.32333799730986357
0.8283758368343115
0.8043118081986904
0.7314020432531834
0.7945184968411922
0.6695490907877684
0.7959636831656098
0.5880686268210411
0.15629672911018133
0.1827445263043046
0.24457620922476053
0.7332851365208626
0.1994884666055441
0.08656548149883747
0.031037508510053158
0.8219660054892302
0.35704492684453726
0.1294217575341463
0.5555086322128773
0.4315130766481161
0.6143421810120344
0.28109669126570225
0.4597876276820898
0.5655641444027424
0.04426074866205454
0.5490128509700298
0.975348805077374
0.7833251319825649
0.9673300478607416
0.4198372531682253
0.8957449533045292
0.9529295340180397
0.7370292479172349
0.9256936516612768
0.17416596226394176
0.6307782288640738
0.14963416662067175
0.3356838310137391
0.14648952893912792
0.065333791077137
0.47973937913775444
0.47216856200248003
0.37851171754300594
0.8257965464144945
0.14023481402546167
0.6523880753666162
0.1388832265511155
0.05639479961246252
0.9673777287825942
0.25462858006358147
0.4965917179360986
0.35494644567370415
0.1311126258224249
0.9097893266007304
0.0438141617923975
0.2769737206399441
0.6701203426346183
0.31773986108601093
0.24331523943692446
0.46454709954559803
0.6520235268399119
0.6887421309947968
0.40133783780038357
0.4001940581947565
0.958565422333777
0.8097543371841311
0.26516166888177395
0.7857811152935028
0.6957314275205135
0.7360437661409378
0.24572673626244068
0.5464607393369079
0.2288134340196848
0.10740672424435616
0.2652911338955164
0.4595610238611698
0.8427526419982314
0.08963641338050365
0.23024524934589863
0.4084181496873498
0.027242042124271393
0.9409641120582819
0.12856357172131538
0.2614873154088855
0.38668013364076614
0.20338209718465805
0.7524434151127934
0.37603023927658796
0.17564725037664175
0.5191840035840869
0.04631366953253746
0.7270811349153519
0.4588058637455106
0.07220382522791624
0.07899287901818752
0.6613859795033932
0.8962624771520495
0.6543333856388927
0.6416751034557819
0.27643715124577284
0.15344503801316023
0.3569825915619731
0.47055338602513075
0.4240541225299239
0.936625043861568
0.8872688403353095
0.09438599925488234
0.3395783146843314
0.652741557918489
0.5096680065616965
0.30715806130319834
0.8957055537030101
0.694778349250555
0.6122725130990148
0.2657774817198515
0.48126131389290094
0.35174812842160463
0.8982058111578226
0.21274420339614153
0.5052849454805255
0.34404680225998163
0.20216273609548807
0.8238232666626573
0.5259346133098006
0.9834148157387972
0.9315874744206667
0.1806301213800907
0.004121391102671623
0.9582074880599976
0.1333131045103073
0.3682502890005708
0.6828490765765309
0.7435470866039395
0.1848082272335887
0.6980459270998836
0.5907033300027251
0.6364176860079169
0.11057999636977911
0.555222081951797
0.671046526171267
0.41591642890125513
0.5237945867702365
0.8715188195928931
0.03578918147832155
0.6282339403405786
0.19238268211483955
0.22272406239062548
0.8443177789449692
0.4970658076927066
0.2306065335869789
0.5516480170190334
0.8074569292366505
0.4585395874455571
0.9155087722465396
0.5153689794242382
0.31625223718583584
0.32151184417307377
0.12824295833706856
0.4581848690286279
0.19597060978412628
0.05268589314073324
0.4204995045438409
0.009232882410287857
0.08507385849952698
0.1867333659902215
0.7058133324608207
0.3050824413076043
0.4389519765973091
0.8614195771515369
0.5761805353686213
0.837270924821496
0.15899592265486717
0.4778853105381131
0.24334314931184053
0.9252704549580812
0.8462774967774749
0.9857798162847757
0.10504722502082586
0.8139091907069087
0.6807518219575286
0.793245043605566
0.9368540365248919
0.3960405671969056
0.924975361675024
0.30233093723654747
0.7080700853839517
0.5602773921564221
0.05301086325198412
0.06886522006243467
0.02350490167737007
0.1636381996795535
0.5044581769034266
0.5879068374633789
0.1896833386272192
0.6291669057682157
0.06321423780173063
0.7036538934335113
0.9063973790034652
0.1685867877677083
0.8614199683070183
0.6447826437652111
0.5828955424949527
0.6299582924693823
0.008441506884992123
0.6844851411879063
0.2796254251152277
0.9704321958124638
0.8447026703506708
0.4256632663309574
0.27421711198985577
0.3537014117464423
0.8206432964652777
0.7110960697755218
0.2533249035477638
0.8729448961094022
0.0004982994869351387
0.1585804047062993
0.128679390065372
0.898103971965611
0.19144674763083458
0.32113640662282705
0.47866214718669653
0.04895593598484993
0.6972459610551596
0.47200317308306694
0.6147621711716056
0.7924895696341991
0.6973271807655692
0.01506549771875143
0.2728225104510784
0.6655591204762459
0.2506509209051728
0.5197656210511923
0.9295958802103996
0.12278624717146158
0.9245356125757098
0.38132397551089525
0.7439684076234698
0.008885938674211502
0.048703682608902454
0.1060552904382348
0.12367546744644642
0.6566371191293001
0.593995762988925
0.22126127500087023
0.9163194252178073
0.6092772325500846
0.6765769850462675
0.8105543553829193
0.22612362541258335
0.968266854993999
0.6865062303841114
0.6740021230652928
0.8550493186339736
0.3661191575229168
0.04185850266367197
0.11324507929384708
0.36952675599604845
0.5636228257790208
0.5675154272466898
0.34161819610744715
0.791457680054009
0.6729843327775598
0.4992342237383127
0.5195204336196184
0.9149845624342561
0.005180554464459419
0.11235427763313055
0.41417771577835083
0.24774486664682627
0.542650911025703
0.975782185792923
0.6851726612076163
0.5771901551634073
0.03708485700190067
0.8310111435130239
0.7944593392312527
0.16218366660177708
0.7319690641015768
0.09580843802541494
0.5414123432710767
0.5492355050519109
0.7102604722604156
0.9933034963905811
0.22318486589938402
0.014046813361346722
0.8669716129079461
0.3058661185204983
0.41979592479765415
0.6277831038460135
0.5070344032719731
0.7538359444588423
0.4040993358939886
0.9486260656267405
0.5677710250020027
0.9997440092265606
0.17727530095726252
0.338024003431201
0.46658224053680897
0.2769277645274997
0.12868493515998125
0.9022512761875987
0.5736090084537864
0.6436076797544956
0.32121689710766077
0.05866636894643307
0.30958101991564035
0.8616929994896054
0.4013631697744131
0.7272179173305631
0.8680586935952306
0.9007439026609063
0.13435969967395067
0.14686300233006477
0.56344192661345
0.06693747267127037
0.5644529080018401
0.3168977005407214
0.8035554187372327
0.756854385137558
0.7998648546636105
0.0634135203436017
0.6871767705306411
0.8363914731889963
0.42312841583043337
0.730635586194694
0.22684305626899004
0.6447696667164564
0.52624318189919
0.4974782532081008
0.19641706999391317
0.6233626296743751
0.37056050170212984
0.3187993708997965
0.6038099769502878
0.5696818148717284
0.672374252229929
0.4919024910777807
0.7884941529482603
0.5160906668752432
0.5126914484426379
0.8477987609803677
0.14438605401664972
0.23398039676249027
0.8726170128211379
0.5678693493828177
0.4673361647874117
0.36246130988001823
0.7934066765010357
0.6250128960236907
0.9277753597125411
0.16239361744374037
0.16167627274990082
0.8501935005187988
0.6685176556929946
0.8952084621414542
0.11946226470172405
0.6238704547286034
0.027200580574572086
0.8268853267654777
0.09956074226647615
0.19221817422658205
0.3842176226899028
0.8567806882783771
0.4855650570243597
0.6087771765887737
0.6351051954552531
0.7716130567714572
0.8968767616897821
0.30071216356009245
0.2883301321417093
0.12436029128730297
0.09917811397463083
0.2601959705352783
0.18798944726586342
0.7380996830761433
0.5393896130844951
0.8610109677538276
0.8613613257184625
0.8350044526159763
0.5058144433423877
0.29966598749160767
0.491612515412271
0.7901304289698601
0.9133782899007201
0.6620053490623832
0.5154484938830137
0.5104201687499881
0.7137814182788134
0.6145775560289621
0.845797972753644
0.4386498648673296
0.9305324945598841
0.721007814630866
0.7193791465833783
0.1821664273738861
0.31929139979183674
0.38343539368361235
0.16948337387293577
0.7669946104288101
0.6528801629319787
0.40892428532242775
0.12354905530810356
0.5165206929668784
0.6314808148890734
0.20081664621829987
0.12583087850362062
0.5556682636961341
0.4178370554000139
0.5751510886475444
0.6850423570722342
0.9395590173080564
0.7973376698791981
0.20220685470849276
0.24706322513520718
0.4075435809791088
0.9632563441991806
0.6726245600730181
0.7925285650417209
0.7621140778064728
0.9267816692590714
0.18914110213518143
0.05957435257732868
0.8726679272949696
0.5523256231099367
0.8827180378139019
0.39137318450957537
0.304672178812325
0.2175306910648942
0.754162048920989
0.20894847810268402
0.5733739025890827
0.09864700958132744
0.2404135325923562
0.10856524389237165
0.02272801846265793
0.08033349085599184
0.4059000425040722
0.5847960598766804
0.3292984152212739
0.291225703433156
0.7591376854106784
0.37773636169731617
0.6312849652022123
0.26374462991952896
0.6939090844243765
0.4459864962846041
0.28227968513965607
0.7194585455581546
0.5559029215946794
0.5641187857836485
0.23027085978537798
0.9791740700602531
0.3338384944945574
0.5454840967431664
0.02149838861078024
0.9980920515954494
0.9761434113606811
0.08968653902411461
0.4293739814311266
0.026028313674032688
0.33226887602359056
0.25536714866757393
0.7083441400900483
0.8923635557293892
0.7189477700740099
0.557869317010045
0.47294005099684
0.9164548236876726
0.11182274296879768
0.6918775150552392
0.20149560645222664
0.4427456306293607
0.9617729550227523
0.8789377696812153
0.36517441272735596
0.0006967838853597641
0.6362141110002995
0.840409186668694
0.18190905917435884
0.09020929876714945
0.48567696288228035
0.39471740182489157
0.995069551281631
0.5916544143110514
0.5350539470091462
0.6804663212969899
0.27771537844091654
0.8010905161499977
0.8001853125169873
0.0036686817184090614
0.26130209770053625
0.0903618074953556
0.22905235085636377
0.31074335239827633
0.189513785764575
0.19217028375715017
0.268401674926281
0.28590611182153225
0.19731293804943562
0.11051771882921457
0.054915555752813816
0.07402199227362871
0.814902632497251
0.6555411322042346
0.23187435418367386
0.6281257532536983
0.09641783777624369
0.603870851919055
0.390365001745522
0.6822208222001791
0.3739867601543665
0.48368723038583994
0.13576795533299446
0.34880740009248257
0.6365518569946289
0.9849642729386687
0.7790953777730465
0.3415059223771095
0.5339388074353337
0.9945339765399694
0.6535772755742073
0.8228979669511318
0.005532567389309406
0.25630707386881113
0.055885241366922855
0.8770352806895971
0.534384491853416
0.6563450014218688
0.8125736275687814
0.6071052113547921
0.025926534086465836
0.13321034144610167
0.4715245459228754
0.8581609791144729
0.3120554778724909
0.21286331303417683
0.11830511409789324
0.5647337082773447
0.2799768401309848
0.16898933053016663
0.8177116392180324
0.723478777334094
0.626083105802536
0.8081167442724109
0.6799819096922874
0.990764956921339
0.2348052617162466
0.8797384025529027
0.5522859646007419
0.9055420169606805
0.18271228671073914
0.11158961709588766
0.3352206787094474
0.7367543848231435
0.36724823992699385
0.8695637220516801
0.9240945400670171
0.9561553495004773
0.7605952396988869
0.44308922719210386
0.7752772718667984
0.33591145370155573
0.28884543292224407
0.9552666312083602
0.09788896795362234
0.6712717404589057
0.33559693954885006
0.8979480229318142
0.6698826905339956
0.1281797718256712
0.8710113810375333
0.2917899750173092
0.2795581268146634
0.21598102524876595
0.20578366983681917
0.47170698549598455
0.7921706140041351
0.38504254072904587
0.36990198865532875
0.49674889259040356
0.8409641440957785
0.24949846416711807
0.11662520840764046
0.18543987814337015
0.143940607085824
0.4346637027338147
0.5513725662603974
0.7758160997182131
0.4449614631012082
0.050092266872525215
0.38573923520743847
0.2105892151594162
0.0804025400429964
0.7868459755554795
0.8161189705133438
0.04740526992827654
0.17041592299938202
0.6403467999771237
0.028032483533024788
0.9939242973923683
0.4353787638247013
0.25798889342695475
0.3245746111497283
0.06793424766510725
0.6372848637402058
0.911815457046032
0.8806892884895205
0.3826518403366208
0.6461705984547734
0.09619943331927061
0.12189900409430265
0.5566610191017389
0.13145309407263994
0.7503449004143476
0.7282211855053902
0.7493434976786375
0.8784858528524637
0.10618901532143354
0.2631189152598381
0.3207638170570135
0.7298435214906931
0.16081948298960924
0.42733338847756386
0.11701596528291702
0.15176307410001755
0.774292578920722
0.9378727776929736
0.3802686454728246
0.4254362192004919
0.3922718707472086
0.03194387070834637
0.2839974667876959
0.46370234061032534
0.3935792092233896
0.595704423263669
0.09315990284085274
0.25219595339149237
0.06290211714804173
0.9183855364099145
0.9490994196385145
0.915742096491158
0.18859654944390059
0.0708990478888154
0.2801858326420188
0.41006073448807
0.2850662190467119
0.9101506434381008
0.8364829178899527
0.8377730529755354
0.44069505389779806
0.7074717711657286
0.35015225782990456
0.3900829656049609
0.7902341540902853
0.4029709044843912
0.8206167677417397
0.9130962220951915
0.612741881981492
0.4841867070645094
0.42463647574186325
0.09926540404558182
0.05400895792990923
0.4899891559034586
0.05147967301309109
0.30365561973303556
0.4743535974994302
0.13957603741437197
0.46312840189784765
0.9855802413076162
0.4211457911878824
0.086412213742733
0.07936567906290293
0.7748131919652224
0.2267016191035509
0.2970201224088669
0.38804964628070593
0.16314075980335474
0.23060153797268867
0.05489616096019745
0.9800253203138709
0.820581516250968
0.6276533612981439
0.5895529510453343
0.20965051371604204
0.536976270377636
0.9403097312897444
0.3302907655015588
0.4795626224949956
0.7883376944810152
0.11660820618271828
0.7850948357954621
0.15115114767104387
0.9281732495874166
0.2525353264063597
0.04462802968919277
0.07945417705923319
0.0040560560300946236
0.9398217480629683
0.9111663103103638
0.7735775010660291
0.19883338455110788
0.23855807725340128
0.6523548942059278
0.18159872852265835
0.8972051553428173
0.2749671107158065
0.38027341570705175
0.10087195876985788
0.37703160662204027
0.4638747163116932
0.05513868201524019
0.21324470173567533
0.12576684542000294
0.3564897049218416
0.1144690103828907
0.7449429323896766
0.781896204687655
0.1130654402077198
0.7267946219071746
0.7521008215844631
0.7012858744710684
0.6004126854240894
0.6706770174205303
0.030500825494527817
0.1485668569803238
0.11481298319995403
0.8385490654036403
0.6511720847338438
0.1137363649904728
0.7294170577079058
0.36561994533985853
0.12016865983605385
0.7532137110829353
0.2670742776244879
0.3838449316099286
0.16396193765103817
0.45666296128183603
0.8978607524186373
0.40071589406579733
0.13947063405066729
0.5379954185336828
0.36185539048165083
0.3033607844263315
0.06927772704511881
0.5521388677880168
0.8167061433196068
0.9871891774237156
0.30179015919566154
0.23613924346864223
0.310322143137455
0.6100909393280745
0.7963718436658382
0.07572388369590044
0.8785696420818567
0.47105888184159994
0.03344996739178896
0.4967465167865157
0.2677886737510562
0.5142729878425598
0.5498387264087796
0.6815140005201101
0.282649215310812
0.45797483529895544
0.09867015294730663
0.010116878896951675
0.7586449543014169
0.5483763478696346
0.43469496816396713
0.12706891726702452
0.15983501449227333
0.9385113324970007
0.7244651727378368
0.632462183944881
0.8015284528955817
0.692182376049459
0.5813678735867143
0.39855318423360586
0.6977284448221326
0.4129115594550967
0.7258765427395701
0.5109866037964821
0.034129584208130836
0.49774240516126156
0.2706229826435447
0.8355111414566636
0.26547814067453146
0.01625924836844206
0.6306867385283113
0.20905829407274723
0.8383633708581328
0.2143662991002202
0.05864417366683483
0.2562216790392995
0.5388600639998913
0.6433146465569735
0.8047434408217669
0.8308317326009274
0.465205411426723
0.9135804949328303
0.90202222391963
0.08222903404384851
0.6253576232120395
0.07368618063628674
0.5766124026849866
0.14669404551386833
0.1598025057464838
0.6142081059515476
0.2827128432691097
0.46378910541534424
0.18902815226465464
0.0966664208099246
0.3628711737692356
0.7178873475641012
0.28643069695681334
0.4073879988864064
0.3330557532608509
0.4045223230496049
0.5756745729595423
0.6364037459716201
0.792884043417871
0.021771960891783237
0.4535448560491204
0.5814412785694003
0.9607937578111887
0.8867073729634285
0.937620329670608
0.8767688255757093
0.8340652445331216
0.5766928941011429
0.6387062100693583
0.7470124317333102
0.9740918148308992
0.9960256172344089
0.3588505322113633
0.3863431792706251
0.9165928587317467
0.06699892226606607
0.31363192573189735
0.9619968477636576
0.20649507734924555
0.04670223407447338
0.9800615478307009
0.2435603179037571
0.05848892033100128
0.468061656691134
0.5691531542688608
0.8565598921850324
0.6418564133346081
0.706525294110179
0.12358852010220289
0.1615722281858325
0.9907910814508796
0.17129461839795113
0.24029513634741306
0.7580644274130464
0.5395080670714378
0.12174276262521744
0.4183023711666465
0.6133294878527522
0.28238857723772526
0.10901972651481628
0.03114368859678507
0.8162729917094111
0.5591891799122095
0.04220364335924387
0.9247509520500898
0.9565392946824431
0.4650718169286847
0.8797610271722078
0.63998634647578
0.1281227320432663
0.8859427943825722
0.9461329123005271
0.26026965864002705
0.5586235113441944
0.15842938981950283
0.8728975569829345
0.8842704063281417
0.8628055127337575
