# browser_rnd sample v1
ua: Mozilla/5.0 (Windows NT 6.1; WOW64) AppleWebKit/537.36 (KHTML, like Gecko) Chrome/53.0.2785.89 Safari/537.36
appName: Netscape
appVersion: 5.0 (Windows NT 6.1; WOW64) AppleWebKit/537.36 (KHTML, like Gecko) Chrome/53.0.2785.89 Safari/537.36
platform: Win32
vendor: Google Inc.
oscpu: 
cpuClass: 
language: en-US
hardwareConcurrency: 4
deviceMemory: 
screen: 1024x768x24
date: Fri Jun 12 2026 17:12:44 GMT+0000 (Coordinated Universal Time)
epoch: 1781284364457
count: 4096
---
0.8536948357527319
0.4997900104397248
0.8089276387439981
0.9194893562189648
0.7974647946012079
0.4059608614928656
0.7773850123207762
0.6107484377256613
0.8639962627693405
0.2377155773361499
0.4156833993704907
0.16354559195051355
0.07647278391432577
0.7095631470800627
0.47211667150764614
0.026070562422829235
0.3022505349098559
0.46319315764654734
0.7730342876525447
0.3904614406735567
0.5007101707469535
0.7113132953491279
0.07508851298182995
0.4058733048855043
0.8344064332821182
0.20063814436086247
0.3093987727830645
0.41939882039976495
0.06634800738471602
0.4769582927175149
0.6886317466435692
0.3840360588612064
0.1700329230032549
0.33061808738685294
0.8772929627056179
0.6369217798739404
0.31232494275821754
0.5592936217582563
0.15632533332790555
0.2946729258458356
0.743328166440604
0.268509290921894
0.21734664684584093
0.06770251567721419
0.14841441040237968
0.08677995172630704
0.3194318236245548
0.38044681642636813
0.9658173130868997
0.42940857507469143
0.6531014082306075
0.09165822081439634
0.05420978326227166
0.3687955547218871
0.9134595575394648
0.36960468626322673
0.9750800662523678
0.38267615017434986
0.2745987051718157
0.644419817244847
0.6066162151110608
0.5024078526284388
0.39564472283615526
0.7465265815807638
0.11082920474870162
0.290754429064769
0.8583447813905654
0.10422283550491063
0.9957791865940486
0.5206681957465251
0.49898421481163435
0.17288265237637557
0.49717912928142827
0.8513994768713895
0.5721908555745385
0.9898054939323198
0.9606210500032881
0.23554072071658627
0.7522862612153256
0.2775528696216216
0.3945439304473679
0.6233423341987243
0.6658033768632972
0.09422351928019213
0.4872250619102574
0.933163817751882
0.7694852083619628
0.34058826995444225
0.7450140941013632
0.515646324332665
0.6637836831534161
0.6313194619212121
0.7964107277816999
0.7218514180428883
0.47904341511549475
0.02461691431350599
0.2243684723642836
0.11636317499738347
0.6426535567773699
0.7554746002075141
0.9331370792461411
0.40047286585715147
0.7870775386159823
0.04423438542067348
0.8322859370081133
0.16871107935593654
0.873636657315985
0.3965914883723147
0.8886900389966228
0.08659919607327327
0.7260264802869911
0.5391509141680824
0.7059751931867382
0.9683392385317033
0.08667216736670635
0.6450869411751128
0.5674862870981972
0.2911756524625264
0.8329257480194785
0.4334505771466448
0.7753301507704624
0.4592382255316134
0.44332711775721223
0.6502784911928241
0.6448114579065332
0.35986398471429526
0.6802770894885244
0.6218902808484885
0.6161879911732633
0.23075386300471257
0.8871608078660225
0.7425931628667579
0.2729870556090026
0.909984783142098
0.15203136382940508
0.9393170712703149
0.05855197970713277
0.33339348687939707
0.4114343669159106
0.6776067142021123
0.2000157757077572
0.5332888379551071
0.8292399036127971
0.021523672183334064
0.43996164021083595
0.36886929875741137
0.16101045066406927
0.15737526064266305
0.5061218137325894
0.40537535504589717
0.9518408861559049
0.9021921865767202
0.1800086195994557
0.30971865164993506
0.6410292996885203
0.604213263435132
0.8633847100391217
0.5587282424671787
0.12103247045110987
0.8430113767579457
0.5318189769281143
0.7992626569079013
0.4431970395620157
0.8353211510682672
0.13431134649620802
0.9756196542159341
0.9852526028668471
0.6846855044230733
0.4114786005907185
0.8609762913433503
0.050948752792294716
0.641167334794283
0.9160981843424854
0.036214950748953534
0.11854910593289603
0.5051644532714916
0.08553043413029737
0.5993255435402878
0.7319854228578968
0.24145112852851947
0.6013948822955326
0.2591999666849345
0.6655893344412684
0.6573046949433239
0.46640630365534275
0.809858322401465
0.34949336790393914
0.7480120725315633
0.4000732875741224
0.9211237393015834
0.5530252509836409
0.3950217077276812
0.39428277904804676
0.8024524358528564
0.6360738475361323
0.551528369194328
0.6469760208955659
0.6808245729191502
0.3099727940381214
0.7366836460374178
0.9393368332408405
0.7584183912592548
0.7916917824036431
0.3781682329721687
0.1470115694507057
0.25920087054284413
0.48600603725440283
0.39107594816550484
0.8519791314623006
0.9677094798742358
0.01715363811295001
0.7204740404082159
0.990013514021048
0.3933135122948823
0.025973752746456302
0.19001858692038187
0.15456557127234527
0.2250141193133095
0.747095799240449
0.912380288617209
0.8949630598253238
0.6617713218314274
0.27231973918214036
0.037345847153948064
0.27162247582565135
0.6943088106995245
0.8842198437669435
0.35275615360771173
0.6221788109763227
0.47872156813665767
0.6404401401163173
0.8345117328741813
0.9488019038313735
0.8981702675810601
0.8194597809887973
0.3479241645277551
0.012310129544465642
0.24535315411700775
0.21229707665335962
0.7443788335778461
0.9638902135897043
0.6544921019653462
0.44463601505462313
0.4801065561399316
0.42480452005070224
0.8983521001969947
0.902051570908118
0.2050051804003179
0.5887510533419495
0.758924559045858
0.3760018069479927
0.12842649154480612
0.5072748956358375
0.19570591411133442
0.6232511943642585
0.33731315732371336
0.5164863232170773
0.02568378552826922
0.5992420877738902
0.9150804676763225
0.8739167644213977
0.4342624564823905
0.45214165817587815
0.29243393110590277
0.8257679916446623
0.5223090663910586
0.6077046439702214
0.33044549757875297
0.291246232887155
0.7322537436633467
0.056298777425168645
0.9123585846646345
0.24344021520005477
0.6194428475181213
0.4180117797958618
0.667200549496884
0.7331490929782742
0.44925646639352457
0.003502098247327501
0.3653719641325044
0.4238154815925932
0.7030171873274886
0.9460143665427774
0.8907957865292684
0.8569195062058992
0.8127002293438277
0.3081108343791352
0.45083259916424745
0.8781865124514783
0.18907740745509516
0.5436698507797502
0.4186338238026788
0.6989108091681029
0.7471560155539143
0.5571952444889752
0.7561804119627351
0.6808228519888921
0.879301060989671
0.33361042910216443
0.9094411641935669
0.6700729277781843
0.7499651808023098
0.036190096066163635
0.6579885026771826
0.32669893387288007
0.2467840356844322
0.6214850914743135
0.4749151082884753
0.3981122681683156
0.9621037469340921
0.457436219662662
0.9242471966018513
0.6813401759176645
0.9619689175416877
0.16160570436625465
0.8012339199576772
0.7059456201274046
0.09028437015611823
0.770502013335211
0.4412018956387458
0.2016040664384544
0.2583387494638063
0.7643751315185616
0.7154087828610285
0.8470899959958589
0.598679211307992
0.30761605938929426
0.5651567886126878
0.7925682612681644
0.9010094193973972
0.6091440328457822
0.8488677835952056
0.5695856377484916
0.5060416513552728
0.3687564798584364
0.10873362362309247
0.43209920443650107
0.8604583275543223
0.7292643178596503
0.7621048302021871
0.7432605959543936
0.08539335624918465
0.18003674927307367
0.5754131695333284
0.6191920931137223
0.3530429229827434
0.18624810515214518
0.10423752986759838
0.7757823582481524
0.18563359301568783
0.9604206639545334
0.2115954684670185
0.02126333402341163
0.011325814010844537
0.1938491799112294
0.14574619021357105
0.6725168499827727
0.40617816136103446
0.15682606977780034
0.7748764793807419
0.07889657762766933
0.6253651589091822
0.9942094449529213
0.7582030770346846
0.7962303140232796
0.5837234842900398
0.13559005792338774
0.5145106347735549
0.03320698072114747
0.7746967229553243
0.3404607869056495
0.4987295785411896
0.9145274489790638
0.9836438439779314
0.9065180079466373
0.006142511310430532
0.8018088701013564
0.35218148981309794
0.1799926587664431
0.9982109149841252
0.4148697152783216
0.549690737982208
0.36799606874710133
0.4051315082830007
0.8598213424664594
0.15147932789228036
0.5501496499601994
0.526697411329702
0.7411340745114485
0.367902557370428
0.826502537624402
0.016666228870404032
0.5421335220505588
0.6819258804924433
0.29206837862336776
0.7895253192383258
0.5642949420975136
0.030230730100632153
0.1836625609649316
0.36878024275440513
0.8132987759818495
0.17900261263018047
0.8424612752810035
0.9574660412812279
0.0378379768179582
0.31933116520386795
0.8118328563368988
0.6324322784461001
0.22062580098915574
0.23127875120999453
0.8375164386393796
0.4968108368856552
0.5457067620243161
0.7696705121277745
0.04473503645105659
0.6966275726876259
0.6343901194427028
0.8754297280047338
0.9381777131414957
0.9480342735083114
0.8050258519233044
0.26139708785095683
0.1660789179959783
0.46340674988530495
0.5875944897084371
0.04516472990184606
0.34367956130098487
0.843201326848426
0.8988311623569283
0.1507744304087799
0.3300010069290278
0.193211299417273
0.9818270697394482
0.5913136252585132
0.6285283315560715
0.9372514304996247
0.7431205137811392
0.16030695051674249
0.49759848187712064
0.40521168124474705
0.7777653181668183
0.5365159900207783
0.014808386408538654
0.9981856942768628
0.6190004759036543
0.04665321830531366
0.16631229460328667
0.5747126880397426
0.4472540576273294
0.5798160659962914
0.9301693805128084
0.19810429583578348
0.9814592275971681
0.5220411130976406
0.9935361729582284
0.9445888466613732
0.1185503874585061
0.4930854083796281
0.7969197673579134
0.10229873930927402
0.7074621167946376
0.5369042395868799
0.824246527727363
0.8982996171181532
0.5579939503151574
0.41149690876277756
0.8567851804491089
0.4276999252084186
0.6380493133501535
0.6995171905718767
0.10499668848161914
0.9697140702495419
0.9204387600674913
0.1377620605597012
0.33067460667832504
0.007441230696789258
0.8403391642926579
0.37868720735287087
0.8029328902398303
0.9467517773307252
0.39774963080094916
0.06557477490835018
0.9278672017581353
0.9312824999360254
0.8964839145833325
0.836857840656043
0.5622651430402972
0.16866561305748817
0.23549766986477416
0.3058183473848932
0.7843932824454993
0.7068248077903205
0.34314555144400094
0.6539514019171766
0.7317542025382284
0.7978195902095984
0.9909472976023135
0.19841503774048297
0.2697834479964074
0.2977134284926273
0.8796151122400038
0.2812029354764818
0.6174545535792402
0.9024382427188118
0.7967644324152121
0.5548385709591221
0.6641268826088527
0.5024589723451169
0.9455410087956364
0.7955457711663589
0.5139551990409226
0.4492882791498096
0.05130718806976797
0.6937003039140479
0.1398070454419187
0.5397944331825535
0.1190538660531042
0.842097548505794
0.6882390788315482
0.6704575919250517
0.4066129277699555
0.02598652420282055
0.3723587079963202
0.5143802343775967
0.5924473488291286
0.7367740481258751
0.40166488468657024
0.6912617860414692
0.3170734611464354
0.10271899849006005
0.38698787499804577
0.2224754167965617
0.06578663996002754
0.21176617160016753
0.7270948201285259
0.3881074950677448
0.7844922703163233
0.30825206243897174
0.6276432114257702
0.9103998441083323
0.5295335360447526
0.477164045694056
0.5586601984555291
0.9051631716023734
0.9726492921810765
0.9707887361055647
0.2654819208070247
0.7988157862908645
0.9814512017859853
0.5632602716683646
0.3483065763447972
0.3684062609243832
0.14676751081081463
0.5123396203761519
0.35285556095902115
0.0038437747920612164
0.5020034010505143
0.029395396793606032
0.3071580106983214
0.024309903300735458
0.2734547356550998
0.9024225663984016
0.8013205094830607
0.03578819449843307
0.7422862634860847
0.7317359458055142
0.6568869001132869
0.8552220846485847
0.6322188773135815
0.6773004421242594
0.5979422986598495
0.40161734733790344
0.631316862138467
0.2823419507188769
0.6238481960411784
0.4611524514813552
0.5188096099697403
0.20864508665774584
0.9490332886552992
0.7066312999143041
0.6748812134713873
0.14762797055392074
0.4875422753256442
0.10154023637915999
0.56911945830066
0.08833678151690338
0.8473360362971127
0.9594861554955052
0.16515731261143118
0.33002545070798295
0.23969153666414256
0.033330841619197527
0.6821179257763252
0.9687439941736911
0.6555271885022411
0.6062555204774651
0.9798101061037876
0.8460110991944341
0.7963843444801677
0.17150596268025375
0.6359826421905492
0.48377227932180844
0.6229585665897235
0.03480399705427373
0.9381846828359548
0.1963196527939317
0.7692491408518596
0.39479275620914134
0.7573146968512345
0.5228833973710494
0.6631131306429101
0.06845865316264343
0.11617650507172783
0.24285889322986187
0.6663201388704161
0.06318571008793206
0.550018666504446
0.9527859984609677
0.14347720997673785
0.7104215052270846
0.442813946501581
0.5627775068788401
0.3948553625033209
0.2247799519831981
0.27149338487157393
0.41307397226166054
0.3810454291014056
0.3591541518683994
0.4647513047619114
0.3964043454155184
0.6662324321703077
0.39239741993065946
0.27936106311016284
0.931530702701477
0.8467673868881789
0.7797285163640322
0.8922616186596746
0.6358198192736402
0.9986545133462941
0.2681857446532194
0.18410575582559807
0.9292496409803657
0.7282866232241805
0.7755252085031867
0.4278437614430035
0.4215575855516298
0.4176898548461869
0.7113187534033032
0.4938499028864618
0.035930604451580805
0.3595134377563254
0.8123481868047482
0.7630775054025103
0.6008540733447127
0.3066364862339901
0.9138009745663582
0.4206087827131866
0.7855784642956849
0.4535831797677756
0.5934318489181714
0.8589313855791525
0.5464824161231143
0.5267412939157328
0.19895098750510165
0.1225167729547112
0.810155850910004
0.6921833773216151
0.2883369301770442
0.8210045648325441
0.9249668876029238
0.716093618201008
0.16037217975605556
0.13050988845012101
0.32187877450294744
0.6583725606886675
0.5885301504757086
0.19894799855825274
0.35725924549431354
0.7595177281268191
0.5835882379069701
0.2600913980757391
0.633108630098207
0.9462305890931493
0.9271201042220063
0.5720481298511539
0.8903249200276839
0.7229996145061659
0.8400899165307854
0.5676757758859281
0.34470958908952753
0.11395279613182563
0.1198665388491924
0.782835686837303
0.173148919368467
0.19361303133287877
0.33503617925965545
0.6536136147751404
0.36365462300546025
0.628758770147205
0.29060756783141306
0.6889126335167184
0.3405628127889553
0.4375239351302751
0.3195163187482055
0.9137259692628055
0.043027321541248664
0.09551097258289687
0.03706157025479806
0.44182175534852397
0.8066370013252728
0.5010471494452062
0.22122948901517248
0.309767539567531
0.6778044294484764
0.3295402561345355
0.959852567901238
0.8069709330794159
0.22611491348395152
0.6392836806906701
0.45783796134471144
0.16496547834774278
0.4386441466096682
0.11265494495047235
0.1666004073748968
0.22311468730130657
0.09864782069485334
0.13719931388953288
0.005412106583333909
0.3947582811861363
0.24741397357808603
0.1549689981797724
0.0831558773059391
0.7062843179427893
0.7219828491509919
0.25845524589258506
0.9257190323995486
0.09331114104284866
0.2503371934792116
0.17018305937416134
0.00482523929108436
0.7204686428715805
0.7994558382722488
0.7753238523893533
0.176131047373578
0.28590761102204265
0.7350463726452152
0.9518365264489228
0.801846798285843
0.856907289969467
0.4324653007060386
0.7808154720489044
0.28110445413539775
0.8180099971848696
0.5462262596770837
0.624629660381036
0.8920920421955598
0.8643524215003517
0.9341636676636906
0.250743171488395
0.9803247808228004
0.7277609098099014
0.6688014350141265
0.6621139562358778
0.9228899549413927
0.11249243524500963
0.3977006870614779
0.6388924610785405
0.4244829533017547
0.9700845550047221
0.5701729088200114
0.24019293159857003
0.40316208974190926
0.5165901941020825
0.30547609377411944
0.592260575692529
0.3842929697429027
0.4567059382041998
0.9801515158937841
0.7764841024046991
0.6233403289523951
0.9009305157259129
0.1715642102825088
0.05762426144186916
0.49009244283385556
0.8997904710364755
0.2958123547245328
0.8133462172562911
0.731052778407778
0.3423828624636276
0.6550385134597414
0.27765737006727
0.822114980469786
0.6670376481343656
0.9663829922994926
0.577758270400244
0.053008355699648124
0.7557615752935987
0.9954307310945685
0.018559839298980974
0.9161992214115005
0.4700006794950795
0.21626206008720894
0.5985366517876631
0.9283500695997176
0.060062768281679446
0.24776525786485815
0.223463293536883
0.15946248812187602
0.6830171045816638
0.8070405837225292
0.5576261802319327
0.3652371804935035
0.5640196546947904
0.5457621549513132
0.9351731474660379
0.5191357987379643
0.8331429040013971
0.6259865083359801
0.3706695619161686
0.6821138623488721
0.16175017091724508
0.2036113386716334
0.8019379082999074
0.451748235703022
0.4616673055879488
0.7403035408496379
0.7334173375060118
0.47431916077327707
0.28375976784567003
0.2763252819052684
0.9731315400389353
0.5009086490909189
0.3102029816180738
0.984337352223142
0.4101376896232052
0.8722538627988357
0.2417533378587602
0.9771098408796091
0.7833274550724558
0.9082955535280635
0.4648008138483364
0.41898311633813434
0.014194971944497814
0.721873384579969
0.544708827800801
0.7029235525331845
0.35335444890537726
0.03866343394230842
0.4590869259935544
0.7218858978291218
0.002225248283588055
0.7181206440547736
0.7225052110189636
0.0877174054796197
0.2840132628788232
0.7750808506774649
0.04894750562216532
0.14626584837864698
0.23878859018461585
0.8787332406379391
0.37753054764459226
0.9252139749287716
0.7254168025080243
0.2813638994970489
0.9108872204675049
0.5877491527876884
0.8084716886597716
0.09075520977225637
0.6118339246192412
0.6479776029502653
0.521375352482343
0.323489609651459
0.9068685818935844
0.12004293824921897
0.9884243865741735
0.2337646039567276
0.12168790477275282
0.37942904247351805
0.8020344005690743
0.47131669295243195
0.6893706075518875
0.9414413783965792
0.2934433177982523
0.4050117042054526
0.2551008592475652
0.5345114240230964
0.7699674991402259
0.1093552860676883
0.49825210424853594
0.8501492174685272
0.8441598989824353
0.03245149934799141
0.6081717550901355
0.24940110425402295
0.09248626993839748
0.10958858929760185
0.6145871086622035
0.8367567273882923
0.5726444391279177
0.2760479823070867
0.7516126514322412
0.4713736761618763
0.41809741747251894
0.8941331148260196
0.7103938176616569
0.4048841717222025
0.6690119324321935
0.5095532834065224
0.9529422417718276
0.19226566173468118
0.755376995644639
0.06519883849278485
0.11166156157306095
0.46219138622872635
0.6274920443876839
0.5688583049958365
0.38120298829646226
0.12390288227614699
0.17796448698034784
0.3312700209339736
0.34858352999059483
0.9615930095830276
0.04582899162197984
0.6235929071503561
0.35703482859732505
0.832483069117183
0.7180154618313954
0.4286226285809889
0.343940635541393
0.5602324750854271
0.594500644066033
0.6791606121893716
0.1718832035160569
0.5588074696475311
0.7468802154314249
0.4996898409980519
0.28142267364102236
0.5880294603253859
0.44822965206206145
0.39231568546463236
0.7224870543537922
0.9115143325882873
0.45325633706351676
0.08065254313616688
0.4017587039966528
0.06581172435062044
0.22887284197606728
0.9880504207762788
0.5914162481489389
0.6754698673361161
0.9790254100855547
0.09697649532696895
0.4207315196260515
0.41663563391936
0.7089331318727206
0.924404098980627
0.5243525142735042
0.34150698958435566
0.5647620975676622
0.01378254183152916
0.05578641458404432
0.863283400765972
0.5298409201653762
0.37518605401767346
0.6577854088777919
0.052951982260890595
0.6528126928219555
0.2464679982992315
0.7332798664323756
0.30703058231907265
0.5396932853092389
0.40022227653981246
0.6399111416327539
0.06885852660263758
0.2864756762849623
0.08390815493119952
0.15743283446227485
0.4034614657638782
0.9433114785781251
0.7987688473632641
0.315099539812294
0.4596902178950155
0.12452019599559083
0.05905072267266798
0.5630610321400233
0.6124463129658744
0.43654946850283527
0.4952448819744164
0.8342584620884079
0.1871534074300869
0.472060074172987
0.985088624015922
0.18013600003318953
0.7224372006714546
0.5327739719638271
0.48950354006440633
0.9020526477304474
0.6510696132250999
0.05021650499308117
0.30789661291071124
0.1806762201874974
0.5321026683865633
0.9280171469469547
0.7897628099400666
0.7282937327134138
0.5344783174569212
0.8009569632677855
0.6995578937127254
0.6880429728997517
0.7695866629308188
0.2809902777936204
0.3714888498103379
0.9197740453824337
0.8343433601780887
0.727244412483889
0.021398229841894212
0.24140166525584927
0.1620820236631686
0.4179469930740942
0.49275461053463565
0.0728054062912038
0.47060035149698853
0.03644624745907321
0.5555900353860455
0.9749103420781515
0.8706980312946653
0.3976987030535246
0.3404330422444224
0.7323701912688176
0.02168856425142507
0.6729821696527436
0.12414234599133533
0.6395498556058439
0.8756887105207105
0.30336268686984735
0.9578738951655434
0.27717916804625653
0.8781702278864922
0.25915605681182785
0.1833380067799526
0.10231680745220895
0.8845319730298955
0.25935361331249984
0.3321502287858906
0.6731526756627371
0.2626322427631671
0.15471761861011712
0.3188013162853012
0.9598724477051277
0.12842660845318954
0.2194608415601449
0.7237431768117943
0.9981172798867664
0.5009016715361589
0.6368017006179474
0.9370903710317489
0.542700855955965
0.42529429228808935
0.897059323605025
0.6586431487280775
0.7698276078736686
0.06168373882539413
0.15634633741938453
0.8510476524844568
0.4583717278077879
0.2513294708589191
0.40742008458184853
0.03433547894093825
0.39416685996654177
0.9168994044929393
0.45413317524159913
0.6107054923545243
0.6237395451061232
0.48621148323184626
0.2524799885270135
0.5575364476909694
0.06972876020146179
0.4527895683527705
0.32822375791243275
0.8280272704418676
0.02189177545241261
0.7429121112863935
0.9629191413559333
0.08187532661130392
0.10868584062565434
0.07964981065002585
0.13381017277717366
0.907306957804666
0.1578976358335269
0.8638293308811946
0.7266046972203326
0.7745598054335874
0.7621353516985514
0.20445219002799275
0.1348882556038733
0.5815189604983648
0.8618166939037968
0.5803151667321653
0.488146040244527
0.19703325247509418
0.20969253762681594
0.3588734760373933
0.23988199180117808
0.5048374416451602
0.9726611661247342
0.675711726936242
0.5995040949652422
0.7645588045514546
0.47824921628740547
0.10991914969053718
0.19465103168404574
0.16135297609184862
0.8058125444156168
0.9163886518098829
0.9827989140308742
0.3892135373956793
0.6281106186798493
0.8037852849434921
0.2713132681245327
0.3548416958917313
0.6702771310478834
0.4448715590136063
0.942582574311803
0.7313866350718405
0.9497054083033747
0.2894847439038526
0.36084389399695294
0.8063870315187676
0.8579493951765509
0.6459534883167115
0.6428438979669191
0.987029672303738
0.5622266280399888
0.009197048030767263
0.8320394245788407
0.8433252559177571
0.24874326622455256
0.9071906229368736
0.6966144061940305
0.31205409365824965
0.6398392901112104
0.5241628069432482
0.9705003401439563
0.1467505022994522
0.45122030217649534
0.3928535619214799
0.48643260960153656
0.065220831073874
0.7299137826149475
0.9221576755390615
0.9923066303206227
0.8729145775555911
0.40819316751461265
0.07941872079218326
0.9339523002169288
0.7838850402543258
0.8369379157678483
0.10031366531429353
0.3175476872437517
0.7624830581946889
0.43777203693338773
0.8996362427743048
0.4143773241664719
0.6828500864340556
0.7333899187722321
0.9827066725621292
0.5355009686378933
0.8565179950768906
0.7259489503732883
0.8326555435235834
0.10059511932104082
0.8745680438589503
0.6513180588254821
0.7557699671170215
0.6856685188470719
0.10890403584768982
0.4483226571591088
0.8944588372286821
0.24377890236294575
0.8289771140027149
0.8325409014607839
0.7329932206788723
0.8882643699802482
0.5059881688822161
0.6948354186750323
0.6232217793286954
0.42626231773986856
0.9098927991640524
0.11127669946308516
0.7121112936766665
0.009377729132490353
0.4167268136737845
0.842411337603296
0.5479203619233033
0.8126943262367246
0.6218232393573822
0.03464028464085889
0.11702206172514429
0.30852929078795444
0.6254464900577936
0.7674569510578944
0.36236539213717434
0.31512374206254923
0.22855809017103512
0.5513460212662493
0.7340166072364096
0.6560490767038536
0.22577407384074966
0.7557072883491749
0.3476907843265524
0.1677038022157551
0.45097096494673483
0.7278236695720444
0.11866943205168634
0.9449826984582264
0.01761589211044501
0.21583267123628147
0.6475886686374104
0.6263605300603352
0.959635499745529
0.8253931372254719
0.6106391835017286
0.6986304330293818
0.02587045024217094
0.773081239230329
0.6040789616861162
0.22032658622831436
0.18880144759560857
0.25636590299829076
0.8619311787184787
0.5581287177983971
0.6827822939986332
0.31086053723595364
0.4063517845298994
0.8438797894135077
0.8062086573800342
0.6618961920606072
0.7161149860727989
0.2973643778533952
0.1530699088297467
0.13229736567544026
0.7209037863255014
0.8002734623393233
0.7289734648815387
0.725710161780263
0.21918061153838297
0.6594068922099892
0.7072804906207955
0.6583464835539106
0.9251741577162307
0.022924633940951233
0.05814493439483304
0.3600224633576803
0.476724124011656
0.49994249761347387
0.1436188081167047
0.3545446055385264
0.16725108521288568
0.10820261412057275
0.884304738261317
0.7365004734329386
0.04426708069958285
0.8296905184088521
0.4348138080595547
0.5856488798093307
0.6366115163482446
0.7317789562146859
0.009130377270347712
0.12901713462936248
0.30823401479950197
0.3524645107847817
0.7707156201979986
0.22693004337048484
0.5704516745764825
0.3797192713244557
0.27307016381218707
0.38077193424804046
0.007116776468974795
0.2221501362552929
0.3966782467653387
0.5114565610337405
0.7549471421787741
0.914238431455715
0.5598514724680435
0.07265995211419574
0.7687473013601769
0.9294969169288465
0.24254453877651638
0.17619372553315293
0.7385332308215558
0.7638783823766928
0.4366527327922842
0.7147860643953075
0.4108916952150492
0.8021408469304727
0.11917815091224826
0.3985135143624905
0.8085004727409317
0.6980117366799641
0.766583123605308
0.02305119154749735
0.8914392473859583
0.44195062927735185
0.24914476648490713
0.5686868107238976
0.43178761320888004
0.0190483082760593
0.8664898589150103
0.669618927794555
0.13222513432048855
0.11186929275699287
0.15629663571595964
0.639245119188729
0.6081546687068371
0.3621163171541735
0.4026987055544584
0.8986936676875961
0.017724815865126198
0.1920279162823757
0.64035837621944
0.43016898583445573
0.13153644340051063
0.9605863420600687
0.611651320888088
0.18304635870979702
0.013872169204271811
0.03871104843761364
0.4258054038065502
0.9523277784809936
0.3233834752294664
0.5201580958612044
0.35314498353665624
0.48312779288204566
0.08248723367301802
0.9989251381041158
0.5800408504201968
0.04827125142045752
0.19767782701631087
0.9850334120402282
0.35506516008058187
0.42511167202857103
0.5801617519700042
0.45979062763134815
0.13157066657466898
0.16911250546809375
0.17277588114621412
0.7810794998521955
0.4587996180124225
0.6143965939954228
0.016972887515596558
0.9599195036199712
0.14400409753584498
0.5009183218603472
0.028078001439612033
0.24958064877358788
0.16850161959402388
0.4555315493756116
0.7009642904402265
0.3446158608449226
0.9851012052513524
0.8595998020996041
0.852077541503655
0.1701240465770315
0.16254433022667314
0.6017517322627133
0.9839959399151044
0.21415450621167031
0.03945336512759434
0.725099224918615
0.24835462305432765
0.32240828145292033
0.7356031695169358
0.09377894410791865
0.1585460663686309
0.8741319096065876
0.611813049517542
0.19150570701151826
0.030732574673436375
0.6440689913222819
0.4743097808603598
0.5128230228374637
0.7803684785674068
0.4070700835518035
0.4290275894951172
0.6977934015956178
0.03516849890704554
0.9021935538393775
0.0027760127043572336
0.5259446626581201
0.28047099217179317
0.9095519974415847
0.7514262120934803
0.898920230732712
0.4226269372101752
0.4338706480893708
0.652694478396805
0.6285123117236824
0.8172491673851832
0.32361657823480705
0.15538991537426328
0.06365802473582982
0.4326370325753781
0.5596841805711046
0.05177333816001939
0.14434580809832864
0.017000653696622958
0.7394060055812126
0.7047742709215128
0.14006798962719746
0.10651002158657286
0.14734808265741095
0.665147050355533
0.9466341037251125
0.7708379625430322
0.9645715250878724
0.5211492576660683
0.22134570941686116
0.005164540179299237
0.22302932457791225
0.13970937472996003
0.5840216420830708
0.8691014627472622
0.3406595017693608
0.7924356042969456
0.07081752380950435
0.4727175644118795
0.6280331295873933
0.7478119229251021
0.14116441800796897
0.5519628599427062
0.5649208678738
0.4088658570796626
0.4270358589462977
0.6323596692845441
0.78474511443404
0.8178957424854714
0.004860089841980608
0.4743041639034109
0.1585535622214569
0.8181337278509824
0.9458943885104663
0.5538383055939147
0.491603598435564
0.5599475364700304
0.9762688835409894
0.035295888933412956
0.8083652546095839
0.3544413491864251
0.5738720902643453
0.2354258230565447
0.6459848915656736
0.025907474212476744
0.47670232049366734
0.8290715996592628
0.19848337643717606
0.8229289677060831
0.08013469333391976
0.7558358318727436
0.36441620190164437
0.12497659818002593
0.13441918636089412
0.6285879163452899
0.3385351192374122
0.4568781393399777
0.6409784094767355
0.8159707332216453
0.16244303124637782
0.7506113699771939
0.33118924477979617
0.4811956161211417
0.7907250315692409
0.09757027737644663
0.9894135370696788
0.1741584203848836
0.46248320283992284
0.08565033768098251
0.8523704165567814
0.4555852785789536
0.14901463786701807
0.740375047450154
0.8954364284346135
0.9894159860998122
0.3809220442983583
0.11985125815005326
0.4965879556139632
0.3718649441080635
0.6058153021140946
0.5807883320088232
0.8541772504437186
0.42922054653125175
0.5340668957443708
0.35555848462646167
0.18657730868632272
0.9293272511315172
0.031301073167256055
0.15687452891541787
0.23652351115141035
0.3495748294966088
0.6180277194649695
0.781717360440298
0.312690875319368
0.7171590581018428
0.33314596580756906
0.5334285425366918
0.16127800316026275
0.9391219088978067
0.5865492898501627
0.9699545287765179
0.27152301862192396
0.7755975256493901
0.06874340116438837
0.7717445517257648
0.9763197076873977
0.10361482146553258
0.09154046247407499
0.687190961891589
0.8436349933137246
0.7780926094467415
0.493187718671086
0.5007895497539507
0.5989621185543852
0.4850531066831083
0.2580445533006639
0.8165317727587462
0.5741218333511962
0.6253868488855765
0.7182256700417322
0.7839772650294909
0.7660304113614338
0.43587130967558174
0.9648089193848777
0.3168266172330205
0.8943595711922041
0.68566371306087
0.2654732058494851
0.1323305328368376
0.965655831566697
0.24724968518034585
0.09866942676974921
0.7895901263783709
0.7695182167588706
0.3330365882049693
0.6164198731023933
0.45207432819076065
0.015771024336318717
0.9814271471700562
0.1542313949974381
0.4896069975170254
0.14666134505359585
0.9912270526337754
0.44959932188091956
0.40120863197965373
0.6131289629186218
0.5455747411126579
0.2471110275406081
0.10329784161555033
0.6116081825220774
0.3906099064725159
0.6122611597517609
0.30565144422022317
0.0890040781240451
0.051303717368655466
0.36322281833164327
0.25694073117332916
0.4130075545445031
0.946883716016518
0.3683175072218363
0.6230117985459294
0.7142180824521329
0.5476077287950953
0.5245300761902378
0.3196863696011578
0.36258891615027533
0.16957284469115974
0.4214717595293651
0.5234515303165603
0.9078475438351867
0.1982752605013125
0.9813851034611654
0.7132158338692653
0.14388079000261622
0.6361561362035355
0.5295033696826676
0.12546643224543397
0.9722534849355546
0.8692154929946778
0.5553009037686936
0.731229284968584
0.3612126497256032
0.5368453662907955
0.513115715095311
0.6139437390162366
0.776208471720218
0.8213987235630045
0.7394641383394538
0.3648850994053927
0.5234716932330861
0.11423432140437062
0.67971073340297
0.6988721012177748
0.5117672089144596
0.7944043889961352
0.2779537448449323
0.0436782293229383
0.0884995257878729
0.060384033283649385
0.7246634033017516
0.7678991695677075
0.8952723411391048
0.6465700295189645
0.6972390457363369
0.7233739419712599
0.7848722653762854
0.9233133891907508
0.7319106567944589
0.45249794473966976
0.2125754997844227
0.5743727163988623
0.8659740079138873
0.02630731711393075
0.2340279588049956
0.11580819515844532
0.9674889563358191
0.0993371909235985
0.8527010429882944
0.3221384486734913
0.023302607863429525
0.48304832100898354
0.4179165318857261
0.8468989310848025
0.8762401996454665
0.9795502505649756
0.038363241018211314
0.015528453078083038
0.7835811717102681
0.7757226212060733
0.9851197019220461
0.2966527899808129
0.049205748599578936
0.6109488111442984
0.2755162968083451
0.3545020465252797
0.12498715289825357
0.3224155534814539
0.9881287474070028
0.702245087666894
0.1178144308508513
0.8110654809489897
0.15884727739531845
0.41914404672574745
0.009350926412904803
0.11694412275469968
0.204411937955022
0.21675084552144885
0.19015310051588075
0.49095238194327684
0.6053983822658338
0.048656441608635026
0.3618435758302869
0.8770347189422152
0.9847090870770832
0.29020462309212025
0.0035587205446825365
0.1723596475226461
0.21775657952848593
0.647319244539567
0.18439850458574947
0.13166557601341888
0.04272820231380159
0.7231532395283997
0.378893232186853
0.6446033874445065
0.5205490526798051
0.6334812972571211
0.7868287659724824
0.8243366110646559
0.8940656616662361
0.8927573069905828
0.34014339370986524
0.7901997360908819
0.614339132356337
0.9103264377357629
0.6041861557786803
0.318657833245396
0.6452295734776718
0.7231334887206486
0.09711277783118644
0.7141739560581717
0.10077542011085106
0.23974643837943077
0.2472852306946578
0.4465747522089585
0.3648278597293697
0.5159431264749901
0.5934749296995296
0.16665148403801888
0.7971210201141741
0.7301093202366855
0.5413972604083008
0.4123842889249425
0.9247663966673974
0.8326645562049266
0.3592386768690543
0.8500411866023858
0.02494007495727968
0.060508263785837846
0.9899171501606954
0.09279129838954914
0.6070652610165912
0.6031805484515251
0.7245281626641933
0.8586181102661339
0.854881024045665
0.18754748438352742
0.9487162096916486
0.44083991050407123
0.1569526469108573
0.6768509116727544
0.861278610972604
0.5201259736281092
0.4395283805557726
0.873361235354073
0.49970828796548505
0.8131158128693639
0.2897173195459313
0.13473569214887315
0.6089646491769338
0.6764112787985499
0.40169433319714676
0.2547421947917654
0.07652226342974555
0.7989473228757793
0.9064093610917694
0.12548588740915445
0.478060625976112
0.9024627286886231
0.931058706223356
0.3132975956967936
0.7615932680092974
0.24225219811290466
0.30018528559979596
0.5471406559016043
0.7973319946925133
0.8506415603316033
0.4910497145691384
0.6020945341755051
0.703657704028334
0.16102879386026303
0.9214286170442045
0.856007677404224
0.26340871099469587
0.6441423027250444
0.34281647472430565
0.15025801083095058
0.354057016772656
0.08565104349177699
0.02066408679774323
0.9605743925753605
0.061791524596395586
0.6548263230688245
0.8253181895905928
0.9710600111727246
0.9717050877855622
0.0252330338818596
0.23260616251854405
0.014279821344762134
0.8070851552672522
0.7677760025043552
0.7943217275057088
0.7983643677526289
0.8312103492812843
0.4479553920515038
0.4019502121999501
0.5972368294158079
0.8459256475643446
0.28425789225237996
0.8218102596005148
0.21298078664661024
0.4698511402385639
0.9813158206719477
0.02735751994101232
0.9514424670686612
0.9428685719442731
0.7024227738896203
0.9782605602864591
0.21947742556968897
0.6608821377131016
0.8808333342390096
0.6304866496967652
0.6162797652269856
0.17602775004932392
0.007409588332505823
0.5241691233961276
0.22159306267881318
0.9563783712993534
0.5518303504186632
0.21217351936618178
0.7437775105339013
0.3876261260943603
0.8210132198618811
0.728457219936226
0.23501016548253673
0.08679049147126427
0.5638060842423136
0.6206000870501471
0.3955253544927151
0.7849094865048576
0.5662051805135122
0.8172348684216697
0.004572720332282287
0.48542603233354553
0.3774401073939988
0.7863934976087221
0.821537071297137
0.4163248458024482
0.24194127268495058
0.82940149517916
0.19464592486461618
0.3407022970527458
0.8666007014558483
0.5252525773172194
0.22230832913855725
0.8057827817685035
0.9601484991896101
0.746920641357516
0.06207588025084654
0.7307009071963806
0.9644998657173125
0.839538533845158
0.9611481493590981
0.38127091519688405
0.6751915508859141
0.0690322765045146
0.35256206612655605
0.11651836664882809
0.08175795047974166
0.024500735024233444
0.9298763281511511
0.2940977045964621
0.20967516812937537
0.3476495075639443
0.12580931061243228
0.7391216477087961
0.16659324452869062
0.7651347378529956
0.27019225786754775
0.17903673054330738
0.2390164610712484
0.42361910388411106
0.9566737654923703
0.594440080173801
0.37079742340984345
0.14602939974698814
0.749913219350723
0.5767338282475618
0.9777969288428214
0.9491457274832811
0.6100731108175497
0.5121954583737498
0.26373346270895826
0.12186087778513865
0.11394616597827478
0.2887200945884214
0.24518690365199958
0.5799675434422762
0.2515932244594934
0.5612526670432758
0.2251638111035723
0.7400592513402069
0.1097255234664749
0.5689811491128658
0.6720344040248869
0.6168411585582796
0.017569327141590207
0.9006257637351449
0.1292415551190229
0.14197470082397623
0.9321847028757515
0.9798241770966556
0.0921772695126315
0.06910945174854621
0.24985162484161383
0.9796957023666311
0.043329320748200395
0.4383595435210441
0.7337555346584057
0.7228969828240293
0.6637340404239302
0.36481375781619185
0.7856079533665812
0.7811495802943824
0.6472595813501805
0.10082058408077987
0.056053591133569114
0.7743500693206453
0.9901990009563908
0.467677682316749
0.7973168685330183
0.45708156838663205
0.7344473382771122
0.8356970449973933
0.3221679747852826
0.4856094122475094
0.7717477491532776
0.06261023747806926
0.11743045832213572
0.09769105509161036
0.24829158222006242
0.06271947320260907
0.08864073048819465
0.7651174965494087
0.8464161363755633
0.23297191328610944
0.013730453080915472
0.7497004302433847
0.2515764835939682
0.5462269752079645
0.6872527048987362
0.7421229523004278
0.14049993226100543
0.20239278170197328
0.9961186878250912
0.15851588587631804
0.9619427695141431
0.2697390868572238
0.18435441082031456
0.27498544961548044
0.7869023956812771
0.9863485593847492
0.8703490884483598
0.6517308650050919
0.9330200147560017
0.2014650039142849
0.2724652288918923
0.2956106405644183
0.5695360167747083
0.1227941533996535
0.18732757825753787
0.4876644240088941
0.6944502093971445
0.6484585325601642
0.17644944907987337
0.8606683369453347
0.3990868071176086
0.7358109006956524
0.2837802827513285
0.8240161263101875
0.5118583490088773
0.11014266031382491
0.299522288424382
0.08052225613693254
0.14229925475249838
0.24317319142279303
0.3352424892829011
0.7227623888402634
0.5160289552805448
0.3223483007264134
0.3473923873863951
0.07988997507958207
0.36469610470684377
0.8015057419491849
0.9503859864167847
0.05677924461794537
0.5182746089230656
0.935455625405575
0.14647718301600476
0.6480091590831141
0.5872645340303178
0.8278522701312816
0.4208453834861505
0.07767456610472867
0.3907150315420813
0.1433806516146523
0.940362949750936
0.3549123186588927
0.2095253855503052
0.17950923061495105
0.40605633587029333
0.13915719218468037
0.2820472925024595
0.9147139383500593
0.5743080354560941
0.07857046944835622
0.6699055333624142
0.07493954882980725
0.7279681850487929
0.3614982135451881
0.8865546912987299
0.6551681270907519
0.8633352619570498
0.6779134606632662
0.538058728437872
0.06852922324328481
0.235755217285756
0.6556343434342258
0.4849349462609933
0.38841027515117243
0.061301835635899415
0.796491475441077
0.4616675024727681
0.38456277870322286
0.5654159331134467
0.4296555213441289
0.25269691681377426
0.10805740677595188
0.7995576676549796
0.6735259327753915
0.3388633183593559
0.8507700048195848
0.6397588410153825
0.01423165705373064
0.027656120244567317
0.5784342686989132
0.2958296810398886
0.5806475735840813
0.3321527339114476
0.026954562232603507
0.7348315756110209
0.4978302485034747
0.8796926621198542
0.8615234258055209
0.023415781606239472
0.9108172943369035
0.2623291763418387
0.4295475594439391
0.9100117968749855
0.713073876767137
0.6667911252086978
0.8143680439731311
0.6266635052913478
0.22717026483183678
0.9205224722597598
0.30709524395815935
0.04493468202019657
0.7149086030459404
0.004058505333558449
0.5560825702421199
0.37376320838140353
0.37766270854096784
0.23233279752569036
0.7452118566566259
0.471644881562141
0.4728644186669644
0.16076282417840582
0.35135615834118683
0.09270529423845497
0.12647049328647908
0.1651025511157369
0.029293615122042205
0.17867632861949367
0.5345149506936981
0.29382313014653527
0.7565799835881977
0.29529448085637666
0.38069195569533476
0.6850245759727787
0.6509343695780005
0.690261210194477
0.22106363427248388
0.65268091779164
0.6284401956193553
0.4080423810131666
0.866718601867277
0.16174615081920996
0.6784588592010565
0.3568317799367151
0.118261496303532
0.1179991226250634
0.9088275529095955
0.762504603548432
0.1221980727505132
0.5618827700654774
0.4388767463240755
0.2742307749990349
0.2990384674021853
0.32703594140614034
0.817321155182511
0.7479498652240022
0.8950156004161056
0.5730333958163893
0.6895040238518901
0.00021649779838717187
0.5527652223438511
0.7413023329029964
0.8705860104258933
0.09862696719454789
0.1127509911022011
0.039601919717044964
0.6244195950443574
0.15062516059200282
0.7437647249827111
0.4830578092282827
0.4231779953465826
0.6078689925945484
0.5340885994693927
0.7423146150224986
0.4257552908046023
0.032093863779681486
0.9987483765943839
0.218025415845305
0.3077233824889025
0.6744210147791989
0.9561329238658043
0.05800390826111079
0.6055666782730109
0.3835533540615088
0.3738874848072864
0.5260255590554546
0.7240932650392504
0.5989108737798905
0.9367553819556513
0.54740761908855
0.5376241286051457
0.2551469498307668
0.20507991615763643
0.9860614507970789
0.5211895361747003
0.8417701342673469
0.9552449726738139
0.8486955434259176
0.7032384517994086
0.29930525267121855
0.8832138966286958
0.636516092014022
0.5619029919200749
0.9481263240245772
0.9651639959404246
0.1299195147460952
0.6883555036890037
0.8561927487990308
0.9863833419489707
0.4271622519347562
0.7907652115273285
0.8155979121611936
0.7108672173210562
0.5059472463335075
0.6459893176329148
0.18679605661102983
0.2852717334887285
0.6669433808799734
0.9924059050272138
0.6606702321240101
0.8748382245443633
0.8327143992593451
0.3043481315628267
0.20324342941283002
0.5711341133049868
0.04643970030326394
0.12821929247948782
0.6814828089393765
0.3598898475641301
0.6188978059316144
0.35943950396108804
0.012646048322796144
0.9704573984925939
0.9947160519657428
0.39648408885131015
0.9993739806062087
0.07545358249471557
0.01057397560437412
0.41213530508075413
0.8901546604768822
0.8286069916588668
0.4570718446675557
0.48141626750466626
0.8648600762243364
0.885674416741159
0.19984073546284487
0.2675998847338077
0.1358283109310341
0.42203756580483254
0.04282024537629314
0.25828065124678634
0.6928948831474027
0.40709507920473365
0.3583854611778645
0.14690978064386306
0.9939219027810053
0.5670597892009963
0.18049973629410943
0.7772174858873793
0.8885287395247661
0.2657238456417419
0.05889270655918799
0.9457143056384578
0.7319624434244871
0.12240279138292798
0.8509711562953999
0.5785195619653707
0.9261822313889554
0.5638534629442595
0.5286452595672868
0.7972924810293505
0.7777782079158988
0.04579342171483258
0.988517308654042
0.740738410442501
0.9683739217133425
0.477941480581499
0.010390697526038162
0.44000458972595835
0.1422930236808173
0.6766184560328374
0.32271788678846414
0.021757887736399306
0.6219855486272634
0.1754964202306868
0.24255403361567396
0.6277956290193814
0.7996487957286045
0.9517645466287883
0.8515014278354518
0.47456402827259847
0.10715693236075596
0.19719844454127888
0.5658000845224405
0.16222894975845326
0.5929659574042658
0.3011013663218669
0.7873126216096356
0.9877985099441824
0.3950023408347463
0.46397853554955804
0.42422230456232324
0.4467510558727268
0.12922499455436331
0.6917525468877557
0.4344757047898915
0.4796232932100888
0.05509338467513447
0.2935348554428907
0.5781596050597466
0.7150587370149395
0.7171462591716924
0.42371659746726786
0.361650387859614
0.26700608765207634
0.5502692208273887
0.27549612729322326
0.9457615276030837
0.14430421938956517
0.1288898059854129
0.4670718338880637
0.5032549974243454
0.44454569810188715
0.22741344453639845
0.6248332694099279
0.6435154391234206
0.33616081816483057
0.8402229320715515
0.3443155132877662
0.819060530118892
0.1301989255679108
0.30146158094453845
0.8548022143164267
0.09404107518345306
0.41665718863249346
0.6866180467624226
0.731219593852027
0.10888486279119913
0.017242859034965363
0.07693848796507297
0.24420925306762098
0.4243372929007725
0.2321590239513529
0.9000694611617728
0.14741521741663344
0.4118818213700195
0.4582995388972111
0.1657956988523357
0.9087835639041097
0.22501782785190327
0.9679710469183374
0.05911473317797844
0.254985672958572
0.7436184224114066
0.5976855063307356
0.33719260905884996
0.09166257119345067
0.22579293969680214
0.8557059490935881
0.27887458613783345
0.9814878045544597
0.0559183202773621
0.4193813517972025
0.35601460721176914
0.27414171463247783
0.12353684830767153
0.4051066254301976
0.5953789298910044
0.4568634985929476
0.8207086398154586
0.10847541962345142
0.0020861338319726475
0.59999826761028
0.7135673317428748
0.5348683040086142
0.676950316122662
0.19453290856565553
0.23164865890862374
0.4521083346510717
0.6962627884691486
0.09946794937606174
0.11290195271313963
0.08909883337367042
0.2009893470264974
0.8550291969058312
0.17145496824790785
0.7251071244790936
0.6615479102562156
0.06478728322629812
0.36921392918781093
0.7925121248732552
0.0013391778651647979
0.006892823754243826
0.5154632916687873
0.5960088874095864
0.6552694677114521
0.5273730121246101
0.7422985881144728
0.7721933633969016
0.9711704302591311
0.32190750302501003
0.06114246122703082
0.2760032948097695
0.8481664479254498
0.7877074730421312
0.19978097143402684
0.9727973434781736
0.9543382928217548
0.6144246315297417
0.11057895535652462
0.15094433347311575
0.7551492432963094
0.5580227417409098
0.49003472146179305
0.9665439097102035
0.9562157991705966
0.2836042107658059
0.2586554228766089
0.8498594622150837
0.2635648620228548
0.054347853751949504
0.1405340891229272
0.273125191575724
0.4191606966000041
0.3641737354846575
0.06763101970381635
0.283570802949058
0.7357034074266817
0.23287794358637925
0.286398266195409
0.6610656925586558
0.19942940134579934
0.21294013321598526
0.28368440236568926
0.46672840996012477
0.029860061480204036
0.757380821674325
0.5647588564787558
0.5240823208040803
0.9954895868712641
0.898572040842138
0.17454507696997856
0.02453377952919933
0.6137971008660572
0.24100668562674765
0.8167814381811653
0.06991261127281834
0.5020792174488193
0.9107871691705358
0.1592091644557445
0.5052657440234187
0.40213369754496764
0.25573651445150536
0.13028755635546774
0.06038678431005162
0.651834283509072
0.2122490551238989
0.18805507997355608
0.19400301825188482
0.17886128332027984
0.3458195978629339
0.22767318194809305
0.9277872818533794
0.7743264200340751
0.007428306741364299
0.1655442789342263
0.018944247658407853
0.5051692002288306
0.9982725943690149
0.3752468901874122
0.6691659018061353
0.01391372684763792
0.8997555439054852
0.948740935931029
0.6119453084503443
0.8228675304438229
0.4181812642077003
0.033722574720534304
0.8483239115144479
0.6629913930304614
0.40737768132719454
0.34192772418203865
0.9023585304355337
0.8570633869126025
0.6315279367369375
0.6282646543277126
0.2763135686596432
0.9427295069516577
0.46875748798065353
0.45360039766658566
0.15230490595850932
0.09913538750268702
0.9967684810745219
0.08063785909588672
0.3413913610431569
0.20673610906177964
0.9866694350099758
0.48436955557792327
0.36347426113254633
0.5281287763220766
0.9066065220234305
0.5803045862861624
0.9687425297849448
0.01613442696147116
0.8124641462975108
0.8620707171434772
0.030121566114297504
0.0670926446940423
0.08194603414090684
0.8396743349074338
0.09866456292632964
0.21746182090244326
0.07076215481409287
0.27234787371435476
0.2749110596589215
0.042424090607862786
0.4745571931821395
0.6394301383820988
0.8943993734786906
0.2423739410768364
0.27288568581700234
0.17184439716153155
0.9472400019306075
0.4002824268237195
0.5672663293226361
0.05134546331686907
0.41259574710394853
0.179472217248128
0.7173629973270788
0.3669814705799632
0.8633160936371154
0.5648592902842717
0.01348554550631409
0.096507747075814
0.7805869836066137
0.18948310757433218
0.550375952289978
0.17472030799252014
0.30144359680262633
0.5183906704748151
0.84742240340917
0.8478348847791968
0.5722268155650028
0.26843516188589267
0.2634511524132961
0.6916167525186248
0.9817006114289304
0.12309947261203069
0.7455901090532673
0.3956820637089946
0.30465261966776347
0.6311617804349603
0.2209569330636587
0.9223726026900987
0.5514323826496537
0.02531529578100722
0.8582937340272627
0.16070472082100418
0.7876079681552868
0.7480474862485422
0.6934941694572203
0.4002287847280306
0.7037712306588879
0.8012521850891499
0.06907461969994233
0.9786471304019584
0.508451858134062
0.8848083779614933
0.21227668600319372
0.10131201618280472
0.6883804466404984
0.7991404737361476
0.12341033425833925
0.604917015584644
0.5748202997588319
0.6095039450936832
0.7779554423511315
0.29036854264667955
0.31615648667314344
0.6766941538229048
0.6182408633726637
0.04108463664027773
0.05901340349337114
0.5191186081705201
0.4846605108210087
0.5821443072001702
0.8631839497404143
0.7346977643058563
0.5595176022888435
0.6293995747015171
0.8435086253233142
0.6904126959375487
0.4214959812503305
0.6345505606860533
0.8553241054680356
0.36919100817712347
0.3438309355385223
0.2519701484155066
0.9597419423063891
0.8548842797711027
0.024494395956030868
0.06581701505257942
0.7528023994228488
0.8241779700909113
0.9393291033466644
0.7855310075509112
0.005939471289956977
0.298218957417431
0.045937629041309824
0.536771333596475
0.8951630180955681
0.598892788443586
0.0427186886649249
0.5935573463364598
0.08810836695429192
0.16587489103736486
0.543281124781243
0.5553234518211334
0.5215037754514296
0.49140565396580893
0.7097369743418158
0.38915506674046285
0.39658703819569574
0.6382898275034632
0.740728316800009
0.16929434634394713
0.9534337982029693
0.4389438140687314
0.6409760815248289
0.34895135512745523
0.1622820464982111
0.2490655851127641
0.2262310827397298
0.7462516740369047
0.6478970505848862
0.5770307261577283
0.7940205473659927
0.10160316560448024
0.5071929814023228
0.668686595544175
0.7319687697034092
0.38818552180857946
0.7552282965732533
0.9430445384654229
0.2952244131646602
0.8495110889882054
0.8561295782196381
0.7172186603465649
0.34536164600770247
0.820372263528971
0.33778296412004694
0.5766947343941533
0.5338920103407689
0.6897237589344203
0.8309498663977986
0.6845447459374898
0.47513316220677093
0.8024413289072305
0.9526167629893716
0.35137054908435617
0.09075030409067408
0.9291842067517777
0.9068461714109155
0.906938886356436
0.5725323462353231
0.1094699420229528
0.45061122402665355
0.7170325080038509
0.3003516529392052
0.5566202268518556
0.054954623022461124
0.05351919728380694
0.12802996044310566
0.7733322119136476
0.44824553292363345
0.6416153902777779
0.40642884301569815
0.39632370065835754
0.3265034675331322
0.6702152564847916
0.6785554560086915
0.9280438371757185
0.5575748457307332
0.9893495768912997
0.9683080388409693
0.610676719258936
0.587878381927716
0.35869811824360687
0.35591634153721974
0.30268921750497935
0.1134228910838393
0.7246039855499757
0.7898484840372995
0.6888922310264616
0.6412790727171525
0.5638967319701864
0.5134030031327608
0.7826766015227573
0.3825269192532139
0.017683363626807003
0.7991577274049166
0.9655259191420975
0.9580071336689897
0.9380259404952309
0.7882863653510435
0.35334820154779556
0.5323350214962477
0.31684121772605023
0.7452847822713671
0.9291339495565896
0.3372015905311634
0.2894887754715174
0.43625837380400534
0.1843619442019051
0.07973031852196666
0.06854379686027556
0.05014502260988252
0.026410796603584474
0.08208392465829717
0.4025454948194147
0.10496095513584192
0.5980278446260474
0.8788573286108687
0.7227360972254904
0.5142198575519394
0.9831785774346686
0.48209344812333255
0.856428219653885
0.44715406568891813
0.4939011589299309
0.8696224927140497
0.7264795128252106
0.19786853668656534
0.401857855981109
0.2119927422493939
0.8269300903853789
0.8227738970922149
0.07164091607290723
0.8391660048094858
0.47814992942878143
0.28363577009781005
0.11040816888921756
0.426086351630365
0.3778835611104825
0.14041380128903302
0.9768148411900102
0.17817909525838438
0.9630915808755298
0.12796792131508683
0.09072376206279742
0.9104421063496111
0.8773816436856585
0.06548245636392691
0.9650766536320141
0.5609480354136729
0.6145976789519996
0.9311314084250026
0.9641441920300569
0.43885583103189574
0.5959590515189599
0.025887952700946792
0.9672816334154186
0.33776031914508176
0.997791751851236
0.27819435106990587
0.8934590324424729
0.9471123717547922
0.5405567347830165
0.8497659866005993
0.10995873061249939
0.18373827360382577
0.8423438480791101
0.5030272852651727
0.988401374412289
0.38379787187282344
0.9400008285789059
0.9061141947019602
0.17060926256854692
0.10888019443758412
0.3130687305741573
0.4422412217417495
0.8831457201526292
0.43582236654580275
0.47103164480583914
0.30607625817485773
0.7891740933608873
0.42178166680336404
0.4911488606033385
0.0053289000375427165
0.7310571402065431
0.8578234769020032
0.9247902241954853
0.26103391658023756
0.7061422024075348
0.8935547090390281
0.8509152704274714
0.3085005399866212
0.9732026388917592
0.5282285374057514
0.9885901852501515
0.36163364371382345
0.028673457552754078
0.7656934231879038
0.5538659935950889
0.03381079069914161
0.1551840548848713
0.2836777155100927
0.01689069006020416
0.6710680815397139
0.04758529370910103
0.011894747320884358
0.8053753546518936
0.19374565664262344
0.43343470470725487
0.0055039236189422525
0.47965861485747197
0.40002371293072003
0.40364820058456075
0.001162053570180177
0.7324232914938029
0.3590435533193397
0.13954418921375722
0.9913794431560818
0.7477921364555775
0.0596863240848462
0.14704755509295375
0.8219930192075553
0.020489455374666843
0.7947793494461746
0.09071066480012657
0.6156932793707124
0.28392234276086814
0.1742328971978011
0.007629376722497971
0.9757557961059227
0.08868469371406884
0.004250307399615183
0.28358074617748685
0.1426959173235598
0.3480915426383291
0.567065560867396
0.18456697602733163
0.5446948932714373
0.5047192385973089
0.14676711620362037
0.346815837058579
0.6798706665595962
0.6214316168367564
0.6069700243630929
0.363959952461135
0.3726470624024214
0.6746507992256507
0.5074631206069808
0.5970105195002893
0.807216294785567
0.46535053646125935
0.6512585874469274
0.9444632217652527
0.48715316162662714
0.43469359326254176
0.11417755407735508
0.2849204148433935
0.5366994607021831
0.9595504661092515
0.03868894002954537
0.623446848984222
0.4088067567038085
0.4601830750877296
0.34128459322116145
0.27944893086177647
0.6375093711515842
0.3040108624019928
0.62161005036906
0.7180519788255044
0.7912865628337973
0.2358496382355948
0.3238426611278349
0.24095120591021058
0.8825762284888521
0.09271069313192593
0.5294806154470744
0.4256057750605209
0.293512511000225
0.5101118437044747
0.29634402973111684
0.6492006803104826
0.6676210394926336
0.5795287426934137
0.4839047560514709
0.7869167466311067
0.08625725452414867
0.20343900134084159
0.23353294796532076
0.9469642701049534
0.8804541433531838
0.8761579762190661
0.09727700204029466
0.8518623880754554
0.1542092980740839
0.58085744340867
0.6313319391765855
0.3089040819885429
0.0034385395624085824
0.2412746472098044
0.06724949778475064
0.9855085234912591
0.3830248755600574
0.6863075424423977
0.943675619511688
0.39816938100545984
0.5160385570530066
0.3091613979556047
0.499891480573438
0.23803603224044667
0.7448980866446602
0.2929263998838254
0.616879920979301
0.3111646208079082
0.18913418081833533
0.4626986120239116
0.9683474522819773
0.9758453906142366
0.5913372432522008
0.16391378814598068
0.5091544439915672
0.5407358167442131
0.9394171115722607
0.16817460341202173
0.03809565679924165
0.7047193403988419
0.3304035924141713
0.9678350899640062
0.8504537120630289
0.7567689266201088
0.2509998285990469
0.028633295194073094
0.46433498899341696
0.9142513827851726
0.3496655397077817
0.8732231324879709
0.4773131684417564
0.8432222306020962
0.13570520594503033
0.18252317497226667
0.8577890764855003
0.2105007823636278
0.7280876783191796
0.4662011786626712
0.0162106469744141
0.16208438619790488
0.7438610917828805
0.16995924077831237
0.21491440305567022
0.06280243369392013
0.19215831468188882
0.09370468710744895
0.6084172035231388
0.7482137391255996
0.5073701338130541
0.2768887852060651
0.057474695564160516
0.1020181550445114
0.28025665657238275
0.340926426790392
0.23810017709072762
0.7900660791590783
0.9105295126697974
0.25447501397592154
0.9468336585107726
0.9687615295060696
0.7411309744213035
0.14752175054406624
0.7247780926506615
0.7424263707046168
0.9891055865073275
0.08453192459183767
0.37621251383983156
0.8512437570432931
0.4199883856625599
0.16100611834408873
0.5225256404477701
0.19466926686019348
0.16237157572396343
0.04688871935323746
0.3739960755889853
0.562493055184003
0.7732203683016365
0.43419196774415925
0.8048385474892925
0.2744219290789798
0.769562191766455
0.31892176783920956
0.348256718616365
0.5036116680062377
0.45915874410499113
0.756795858090934
0.4067122797923113
0.40832784824336876
0.9648510147432667
0.37762309950420825
0.22751711695619625
0.43922500915111606
0.10060479865109229
0.3999917818489036
0.29102515997025846
0.14359608411062275
0.7340152124915553
0.24940298702184416
0.37721099332986996
0.6546097391239214
0.6328590387685347
0.7227586223767495
0.1211398806423265
0.9640693876040476
0.938476068345792
0.9403292995954096
0.9912706561833156
0.7678578250802668
0.95652619907166
0.27563296624359346
0.8281933681915794
0.41852150495216844
0.6698433269012509
0.9358731146661627
0.6568727941031387
0.6366778949595826
0.49761086463954407
0.8419110831139078
0.8493990289399684
0.8867927677851939
0.8256259331300431
0.6553775945608935
0.5750071099101686
0.7779256530053935
0.13663565225062846
0.008119185475181201
0.48404391103979694
0.7809307187050685
0.08112540036175253
0.14020798550353475
0.11736323607296395
0.7934131507107172
0.9382488421686637
0.6463974114826994
0.025271823044467956
0.10654249715650876
0.24558628844046004
0.9342179537703312
0.24692411029057015
0.3100312938694232
0.658949126867711
0.43062296263118727
0.7793636236818082
0.4685745398824954
0.5720993424989438
0.8682251260974352
0.9032030530392341
0.46839134523223147
0.8981417189599683
0.05997343188456794
0.15446888479810128
0.017520162705406683
0.32015675515837927
0.7656434122805527
0.44535351028631065
0.3952360644951509
0.9204516372282712
0.29999514892974033
0.5339107326915788
0.1599367951981605
0.6605922025789226
0.49953329677575176
0.8809524753987061
0.996398405139103
0.5822324211327177
0.23375834443103827
0.9714182728511049
0.39536503371085274
0.9917605591501679
0.3208847347489201
0.6252380040154499
0.28621506524270024
0.7155727215506495
0.4019417744864251
0.9440095788096179
0.5973371211372107
0.31558424997174295
0.09935467254176777
0.7908364487875637
0.7134311174248353
0.7719084778015155
0.9557679473264147
0.5518809995648333
0.9320771427142727
0.3146271035360657
0.7301768846169376
0.39857519942925945
0.10049853480775495
0.2639812556052843
0.6007888989766856
0.4545041472537097
0.6047463707868899
0.6568823448777645
0.8969126163069512
0.48873916217977276
0.38403144604891537
0.793323554883477
0.14924809594556754
0.4837953607000762
0.5232089439104968
0.953608265037353
0.1771525435939325
0.4742506436218372
0.5215149410365651
0.7915182249568409
0.8040154504155217
0.6476069784106253
0.08774807922405947
0.3927197354101164
0.7140713148659583
0.7198454263304142
0.17867817461713442
0.12172709330895115
0.017015237777946446
0.09509584988283448
0.225442846903519
0.12096858001575161
0.6370384427989548
0.4246955934750025
0.081632929220818
0.17018610003973977
0.028011671068242316
0.2493631389663642
0.1753621157800802
0.36235853589449607
0.9806165964551687
0.11209458212201207
0.0911233681422976
0.4274690944591657
0.6797802192888949
0.47512570257137177
0.7688365022313923
0.7518824879390325
0.552032637077458
0.45181849049646594
0.603843131892803
0.5053333468855303
0.7712009078737538
0.008513182429730204
0.40546331530175417
0.8889320467158452
0.4616708692704594
0.5051982458549846
0.3372097807311478
0.5175577005450964
0.5924360337078189
0.9730395250473012
0.626475362668411
0.29462690623190113
0.0831741554522083
0.40208525599437417
0.9954662046069098
0.854174704843707
0.7323437203157508
0.4848357259721121
0.12053163439323789
0.7886249250647583
0.946108202849598
0.2641032755096382
0.02333411016193887
0.22129994244191065
0.15015375297506894
0.15560438993528525
0.1164925498051732
0.7651022583409841
0.896399214021169
0.4775283276042366
0.0011021384553677738
0.2702670372554721
0.5246711068869452
0.5283947921575323
0.25708016794131394
0.9293483879942908
0.8486009625207203
0.8204499346259115
0.1792783355528378
0.3086286697223508
0.712600537496239
0.05209152456547317
0.9171245597448139
0.21670609218197323
0.40560914305666507
0.40053020265437045
0.022899514145012567
0.7798530946524154
0.09187563922133601
0.6912204475825081
0.49433590054752385
0.3319916110010259
0.8356205254572777
0.12992416543982643
0.9837061829243399
0.10047337363891695
0.5355637707662344
0.4241149412184573
0.5973258339582392
0.09954870387591397
0.4618678139172938
0.44996295435847533
0.7677117840608656
0.2065740391837978
0.38218187470037956
0.6592812868498701
0.8659034481318888
0.0179849763869262
0.14417135484962618
0.7801096005534349
0.4712077771993797
0.8019583075494336
0.2873023671819033
0.10159377862281338
0.10173461318190458
0.2896808116430163
0.6842557801607794
0.7635214807052526
0.09426283980103989
0.5803129382252683
0.852611765018308
0.7081347015885378
0.9480675250265529
0.7246125280825906
0.39113102870783
0.48089807420159447
0.6172183163630296
0.8348206333650465
0.7335060241776825
0.6044929892322446
0.8189073422629383
0.2933568379767264
0.37483167903867387
0.5212478414001533
0.0008783475757254688
0.3348641612084502
0.9171357949070325
0.24114935250659575
0.21939445971079508
0.22250738930736924
0.2939588163925375
0.02711296792200235
0.6746264759801806
0.200742426129231
0.6443895310821055
0.22322699227033227
0.7928940457104985
0.3204220223698302
0.44421180264946103
0.5442927390735757
0.23933182362409267
0.7010792485089525
0.5228884304676844
0.9233014549038292
0.5645029924901306
0.7549471993592465
0.4316185950202043
0.7512956722126842
0.5885288946453866
0.07735488637144683
0.9215551534763116
0.5578938380377612
0.10495035603264724
0.8514648912409619
0.33730067914371475
0.4951443731051062
0.5616172091716776
0.6094407261898431
0.6242571421151071
0.2970519321878269
0.38993344015504694
0.3411070404348002
0.8355529060761793
0.9166393646412232
0.43421869322883255
0.08356948748270865
0.05416439990857547
0.3354277480902348
0.9540667190706353
0.9916334928132262
0.2835426058512671
0.923057065051869
0.9467361947685533
0.7620534042390903
0.3173586711465135
0.4722952636238371
0.17108046943975985
0.5320289097205055
0.6758153045500113
0.2884482592407962
0.9978401540707511
0.4963066762005004
0.23459573999553762
0.9409080250441311
0.30119208509492523
0.44670224422878335
0.41904481778734093
0.8320621067097638
0.38745366503549183
0.6430839170551785
0.8382896689530723
0.7687958261234904
0.1305293183031404
0.1781990140867491
0.354152124283583
0.1740067032018957
0.6855416475142386
0.3465565539141342
0.4177834097632456
0.8810838372690146
0.6366121262177316
0.14948408330138552
0.31983875629309466
0.8076338920502153
0.5783855380817655
0.3620365270021735
0.35102546735939777
0.5906095611954667
0.9623286394290886
0.23650516412378364
0.2461150923489268
0.2409685023384427
0.8210917843518841
0.45538358596782724
0.8743717490565952
0.25785111388074555
0.508538590095235
0.4929145267120909
0.18547437427273183
0.14612870752262275
0.4324086314152644
0.12718466718831856
0.6014202925562717
0.854353176412382
0.26090478809744955
0.5867137100101845
0.9280579865947214
0.13115323593865647
0.03341902384356077
0.1708314806564244
0.9096348373181737
0.056035112409064114
0.6414497491973616
0.9337226554480387
0.23583494676442585
0.3826963806389754
0.046279524736028144
0.4912784144492577
0.9627125809918227
0.49165439704349234
0.04404085572639871
0.6882651917736324
0.3973028381780088
0.8821511963034736
0.018994245760847628
0.06070768914783442
0.6733021871355687
0.9132813302440093
0.3044893531378643
0.4309351537291899
0.016193983919583044
0.9036748778539523
0.4553101418879262
0.8030328439978256
0.90102332078923
0.051009781070900706
0.8241263141664785
0.18629723340016158
0.9354606057401371
0.4657869523721634
0.6499991285762006
0.7664683704274593
0.1392122465867145
0.9827924240699286
0.70022962726572
0.4905936988054531
0.07292374413331015
0.1812537414494415
0.673170544641164
0.18726560139723625
0.36116917838929186
0.47161823278589576
0.4155250426154211
0.7482552887209017
0.6995408089142834
0.19920173361560378
0.6706154562623823
0.7301636018064466
0.8576137659090108
0.39036407750425717
0.9161514553917665
0.7641760409915246
0.7975693878398791
0.4014639687443353
0.8984418592308474
0.7161416682827317
0.1390892473417149
0.2664185656618945
0.6971900999398075
0.05816955804636481
0.6514315412181431
0.632144335871323
0.4540249736611346
0.1309497115290441
0.8107149739511796
0.876589319666524
0.8767646182326414
0.7181699012142682
0.9443036255060056
0.7603035670461606
0.8176010866041641
0.7994384495287614
0.11165849889464097
0.40866421568613465
0.2305329839786443
0.695513352920472
0.4475941260458014
0.017846266722185034
0.3311220103350683
0.3056609640275074
0.4171482836942708
0.11918341803527
0.7258710870871383
0.2732396603445646
0.23706064402622307
0.54596279871919
0.7287681613419055
0.27955799189776553
0.5011904214816434
0.9468331651274737
0.7377347696731071
0.12045599793912709
0.04362727297480662
0.7894729543826555
0.03330222413838113
0.9351044072387316
0.6165085011052043
0.03806497371805073
0.817357602314742
0.6208999205272141
0.024333479695687776
0.1412121339047745
0.3908626766070862
0.845099505278424
0.9132135491180744
0.251455673225526
0.9220982074332627
0.43360659473333985
0.8863505566711884
0.13232106482918748
0.4205585824660394
0.8386046384215349
0.26968727921928815
0.8160702447866235
0.575682292726579
0.2843969566645026
0.9353565246373854
0.22062853746835343
0.5998628202076837
0.7357374852509879
0.20132992736376987
0.2353459299344276
0.4735996173419126
0.2835917333117104
0.4156901337595791
0.1867375161293634
0.22741287128031984
0.5332385862979059
0.6422539607739273
0.12113344654589375
0.5019129455167652
0.6941065389922616
0.20788526337656443
0.1369280663144865
0.34168870209265534
0.3786522912066146
0.7132353841130878
0.9503758691175004
0.3284473838530948
0.07699294019378189
0.23918587277657388
0.30285929158734537
0.27141489963520904
0.7519333027129487
0.30478115923573856
0.6844781768003467
0.6166281974151375
0.038728969311263794
0.9675534242324346
0.6025611682968541
0.5879859991873997
0.34120671053967544
0.8986645369874471
0.3535810417558143
0.1911371029343678
0.23862179748315127
0.9600499971780645
0.4912522141000264
0.8138473862917377
0.3599386034098173
0.8693394901319527
0.4092679950286622
0.5101704555885429
0.1342018869382997
0.09098654629373715
0.8783656153468697
0.6527035103211734
0.8737533232634744
0.06745138012052387
0.7505045339274103
0.7155330154965622
0.9079623906408383
0.0834281365350047
0.31817533106460893
0.1494985751887028
0.09451472335966082
0.7688873351481578
0.6574224215064546
0.12393012782102097
0.9898426189046459
0.3437657968293111
0.516687531539086
0.9247328345538874
0.47859393502937153
0.061035213935944244
0.47012747800661714
0.19999710017169825
0.7578429106345836
0.9473249465207914
0.7210759450750353
0.30605274569069785
0.24772713733519636
0.18916538492686263
0.7850437954725404
0.050648032050737424
0.5159746141277448
0.5915700052521167
0.0751247397579422
0.8530671162836152
0.9500963895324137
0.7899561739851162
0.2839298864403621
0.47461546454363135
0.551437717783287
0.5752493745842315
0.9824626332445892
0.6714005165587984
0.522662776543183
0.9088200397567316
0.8036648500534727
0.7844734047658326
0.7845955791750385
0.5516762148085805
0.9107797909571476
0.42142257637249303
0.7693546716090287
0.24891567695511085
0.998524245695191
0.5931502776929993
0.8415312463553299
0.5721798320436859
0.2965864611014355
0.31521923342532365
0.007721546217078323
0.42360917220759453
0.24898902900186615
0.22733194894126307
0.29426636693129793
0.054608822196289264
0.7655489549761092
0.2832116552018056
0.48995911592425445
0.943391469924423
0.001748513250813044
0.23567293490822983
0.6191310455490389
0.9477669818595973
0.2997573638159261
0.746211335727597
0.16325661941672065
0.45451476160348014
0.40382636570984465
0.6098724205276396
0.8310456720732662
0.9668918535975535
0.5636535359080763
0.3312031896565346
0.4823103226980794
0.483462048644576
0.4645985938840935
0.22429892236433924
0.10813183903022106
0.1453944631682329
0.5970740934146572
0.42026137696061827
0.5619321147627481
0.4335945063904241
0.5129764347630827
0.6927858139415684
0.8054021440680703
0.8067588542487663
0.7842712220431032
0.31979592057287487
0.7173228399045877
0.4765180414458974
0.1667274714432383
0.2681617088659516
0.43559624885027226
0.16138958713156493
0.3130083761279401
0.5605026146530119
0.10974444794301386
0.6555895729806542
0.028160037467270138
0.04430452805972496
0.9848356123773685
0.19094857502589346
0.12508367677673982
0.3143811613998082
0.5762842146773512
0.06238565526921214
0.05529207347845544
0.11736108356350416
0.38703661513471066
0.8315912717724634
0.5848268994594499
0.8120141077296845
0.9986609492712706
0.43363127202111595
0.00777859537989567
0.2901982405320003
0.9308256339696541
0.5582051181683638
0.7109391731760399
0.09308230244710991
0.25827277984647745
0.34753826944669974
0.9100417146313817
0.5244284790788072
0.5405335477751689
0.7665103958247459
0.330958720289376
0.5480511198500893
0.14829646708543875
0.09396272914570658
0.5222563285157049
0.6891195483492212
0.3349421823280294
0.5068338643368084
0.25174271132241866
0.4442860817830043
0.9384429763852782
0.29761509325026236
0.9017925962839661
0.7158658648041953
0.7399300994087212
0.01221895176729948
0.10269035865979625
0.11126291621687501
0.2703267645431944
0.04105700539468482
0.030544488808119663
0.5669013948076549
0.04234105412169087
0.2178158556828027
0.4457225344344484
0.17237042827522053
0.14656906778623036
0.3558580137337277
0.36319286760455727
0.8262106095475723
0.22626403629018177
0.6852338606501256
0.004936226928800469
0.7795671850203143
0.08272769192587526
0.5155007491506356
0.8134076133318437
0.7265463396698737
0.3532676176055902
0.08297031564560475
0.8770957023782533
0.6545589981850957
0.4733755265437114
0.9598254919061542
0.938529439625907
0.8037018051709472
0.40869147698708996
0.5700193595538998
0.15638553766775587
0.5995796909024016
0.059724763804206216
0.5033998436172429
0.6603209682229956
0.10023916234632857
0.4369152755111543
0.580139725359432
0.4153532104445816
0.12947241356125772
0.8927332222800548
0.03644344043781045
0.5344852990110629
0.9780053622969407
0.3590982471873856
0.43673778307169386
0.4448943466367765
0.7477296286988036
0.280165674267963
0.8847381878458074
0.43244122373761007
0.9766730613972299
0.8677349908234422
0.11319401543558438
0.5963040401439272
0.9311492208841718
0.4364767252266093
0.48290920551673455
0.2074288012957135
0.032800117002621754
0.13250263473742963
0.5702022948484964
0.5011615811455528
0.783107656518538
0.21830915690110086
0.038847249740511014
0.975385982768928
0.09031665992343862
0.48569496812893
0.9163789092385817
0.05609135056648329
0.6681430426677808
0.6130000339222315
0.3396423503115933
0.3379974469381475
0.2383950580642571
0.5599963431548427
0.8911141815676802
0.924639532853879
0.029701352434349904
0.9061253433437646
0.34101503662609134
0.09504938626135617
0.06270565961871521
0.5886627877567712
0.2843863054940534
0.03439953609746471
0.7642437254490317
0.8311246573921536
0.6254822680616643
0.2677887123068028
0.04367769743173655
0.6455410843954674
0.6453918265949052
0.16930975421605332
0.012033876972826096
0.8449994324266357
0.9550255689900933
0.7827624462040443
0.8884522106322861
0.9445515087565708
0.2996015244321706
0.37709904066909106
0.304906402160235
0.7008088532835695
0.6902779712965743
0.4738051303837849
0.0298957568947138
0.4084276087878953
0.5462583080585233
0.9084011020315379
0.8283700309761193
0.3687894983209339
0.01733964903079932
0.24054269138212248
0.598719614033344
0.5119350745328068
0.10460028700053381
0.5370361889037607
0.5459388659362356
0.5400090944045719
0.47183805815305924
0.7551900343584848
0.8782842006461098
0.860502988370885
0.09452743640839079
0.15334246061846657
0.09595740320245416
0.3829349653508154
0.7446367408252164
0.8650858206067715
0.07755246855152831
0.6244726643200034
0.5572577652529487
0.1424410530566902
0.42884807028871186
0.5221787974358483
0.3238036587941475
0.09814397159145227
0.5014065744194394
0.18602433342654612
0.7080143671949988
0.762060431588417
0.8499291165773182
0.9236467431560653
0.03266753938415845
0.679176144426318
0.9845017730921719
0.5362371155539589
0.4795024594017381
0.2943894671226881
0.1504869698244835
0.4497044638740493
0.26046430759801553
0.14460292173406764
0.1668998340005705
0.3510087074446555
0.4534572078812982
0.8086825837780827
0.28518533147281233
0.5050054842308194
0.4215045963534534
0.5407807396941493
0.12105906093350072
0.06017643428217756
0.4120709778467817
0.5518193499684982
0.09154223385442428
0.3768586771283451
0.11197518125304518
0.8035040122591879
0.07986561497269551
0.14697144920388383
0.6278210537712356
0.5410529621476918
0.17288437675412438
0.9154449144290646
0.39749707543290724
0.8743689788369751
0.9804580785895982
0.9169673706302723
0.310690805483004
0.44051849413351274
0.6509960292112316
0.25090028896447514
0.32647476042840173
0.5262954763274348
0.974406393793861
0.4244366847218919
0.7253730048588785
0.7765905543138745
0.8657119271410929
0.9192710377591298
0.26475134183879034
0.38381385759270303
0.6841738776293325
0.2301362693542519
0.4301121378044048
0.7094587788673252
0.8577068423342291
0.04716421305767815
0.6555328992900944
0.24369840150233468
0.3602717669710682
0.1828460893860997
0.2071555985438629
0.16696490567474886
0.6618940412899788
0.09016183387495635
0.2960176303350397
0.6488441902594637
0.28787553736400895
0.2586673640089925
0.7935055305192051
0.08532345803232144
0.9299976408228976
0.9602968534932275
0.8754763858829226
0.30282385348874175
0.06534912846734486
0.5970423190465883
0.9450938187787981
0.32043945726517187
0.036106903990179795
0.29089468765994875
0.8409279018456437
0.6491704133565235
0.09572670209321954
0.20130625330355434
0.1281007495824753
0.8833191178561051
0.305395057216973
0.404995073112544
0.8395824161653407
0.22434602196666953
0.2195814485630334
0.11637519384020822
0.4873619206073767
0.04930666445381093
0.08357936266013777
0.5308170925044082
0.47810958622812616
0.3975845064545762
0.01189554866905973
0.5917017462105629
0.9424968509080887
0.539866827261088
0.70434974256921
0.5983313376845567
0.27138750240349885
0.7572872552582801
0.008721650999463648
0.538037743526919
0.38334579619288256
0.18312945225829158
0.08258263413055178
0.14993170007728018
0.47558327604433126
0.9057161014325303
0.4035056771942023
0.11038936505990526
0.814309014788059
0.9942869882162091
0.9086602051133206
0.491746258704046
0.8488014634948324
0.5040087911245332
0.5942031254680655
0.6682911151160871
0.3027655128508473
0.695513969684709
0.3063719213039755
0.3238410557632161
0.6071963935645459
0.8369518001083469
0.7018638234352907
0.7439409052177917
0.5090845273521587
0.7880116677594506
0.2831826212232933
0.5820266582064502
0.6493082454113901
0.7155798265354538
0.8256151434731944
0.1482667943394178
0.612925252244485
0.3269411769876569
0.7128144510696941
0.5307286740529045
0.1001477896429308
0.464693997218973
0.9354464313560966
0.7655820658684276
0.5696770840727443
0.7674188486832163
0.10824859603027925
0.7605268187097676
0.8463722816739778
0.5750086925367712
0.19216975097980438
0.0009305905235386103
0.2730997267012829
0.5377682768924659
0.5325214603638377
0.2747949095796669
0.9079442502962567
0.764536394796377
0.22881229347785692
0.7524754172590753
0.6247082851427994
0.7083530316791034
0.13251577948641513
0.7951479113630611
0.3235562710751676
0.3460158004761451
0.6191433855113064
0.39463631107978836
0.6044152798340827
0.0605199227904778
0.08772918373673444
0.8342606980657601
0.0765545920540649
0.5571771053057764
0.07283286517407839
0.5185132039928133
0.6750160418464888
0.07214939285471389
0.7979808717191352
0.21753972614184303
0.7995807656578295
0.3877486361697051
0.449820743449153
0.7274129635756945
0.6173135253064113
0.3843329564514164
0.6750145041415585
0.5749261648570263
0.5489885384238797
0.5843842779849893
0.15405024607730988
0.6112976138783364
0.20418724414428957
0.5007435246094472
0.08019497570097678
0.3987314775854294
0.7156509554601078
0.7356896580886241
0.24651232719274274
0.8232271897482839
0.005213312030541983
0.9701389331349164
0.9521830200879564
0.1984808776968463
0.07274285792557289
0.2450665977469566
0.16830003285670703
0.9171341658708558
0.26897815715997764
0.45322944277852195
0.10735298040803931
0.986917663516381
0.324083391873802
0.6079999540013201
0.9780789949058388
0.4568302533472084
0.6326330800005817
0.25943513605693425
0.18603890515377897
0.7862031190153185
0.4867453722493249
0.19399398589733896
0.4514712861998571
0.4719308205955963
0.01951360665142432
0.3848372917116325
0.9977265122813046
0.999684408323229
0.2968695857719148
0.22684860492074876
0.20720006847293249
0.2598293002475631
0.2227726182287344
0.04286007811212733
0.9552691237376549
0.33328456617293356
0.35565280820314005
0.45176855723499476
0.2248122846366507
0.9263483441250797
0.7438410573712511
0.8917092151368211
0.4663834476409321
0.24939064807938083
0.7332254707788861
0.1818320408814671
0.9256043912638576
0.9592214401747536
0.6144093375555357
0.7548903114617882
0.8584915149152141
0.4186874118075099
0.5543361911700457
0.7591981452985801
0.06287918543738824
0.5454448757385424
0.46861040720209024
0.9222520601616513
0.28844723613625556
0.2185162044066633
0.2700940759595085
0.9322766166785579
0.16960853359298178
0.5467622350613526
0.5062368606851508
0.33484406600355965
0.433786317586778
0.9950283597217631
0.035389607084898245
0.533533869999189
0.2371865808851663
0.719936489520006
0.00853318341442355
0.8998483876673589
0.15143564287550437
0.2403310539627599
0.3749299328316311
0.5035722131832665
0.304123379780445
0.4380512970798307
0.5785027080547005
0.6516209224809055
0.17251016036019995
0.1762485022069018
0.26488700120681363
0.5420135838706981
0.12573269300339152
0.95143960251694
0.3174949285098554
0.6520579121436005
0.7058298241131702
0.5844983679470768
0.3797637818285948
0.7482698932577192
0.2636460815509798
0.28019877892238143
0.5400769004470864
0.5622629810949569
0.8177704017823635
0.7536200880490538
0.9629116045891399
0.521101569892201
0.6300464775971597
0.849750493237879
0.4925913520890026
0.9268531383165399
0.8335299068365147
0.37208003473021645
0.25391784529451233
0.6726510140355684
0.8930609715891138
0.43185058029819534
0.45048548137977185
0.7920218970649495
0.674469063676393
0.6308303771891743
0.28169933608857267
0.9369255651419082
0.4668693323660402
0.13385684641644646
0.6597301983442454
0.5516543415354311
0.9852914926051024
0.08526364289385269
0.3677981778042343
0.5725853683167643
0.014644511176308939
0.22485270885388453
0.8816250465204907
0.06500397343815578
0.5538891117046334
0.03491527858164423
0.15381043153982388
0.9293172720394953
0.3365642504222779
0.33254762862319565
0.047166713953185946
0.26951617789324067
0.5472689089434466
0.21935346111673648
0.4290258579897108
0.1526444945633081
0.7459106427914977
0.4524389661612316
0.4352323091635286
0.4532035033348907
0.9077756573671543
0.36428259756479764
0.544788193972493
0.282275687940988
0.6712851417453067
0.3628461324704342
0.35275891666197867
0.90220881348569
0.598663929199067
0.7383931739059284
0.9511025771419563
0.6504586263396903
0.5332048755981227
