# browser_rnd sample v1
ua: Mozilla/5.0 (Windows NT 10.0; WOW64) AppleWebKit/537.36 (KHTML, like Gecko) Chrome/50.0.2661.102 Safari/537.36
appName: Netscape
appVersion: 5.0 (Windows NT 10.0; WOW64) AppleWebKit/537.36 (KHTML, like Gecko) Chrome/50.0.2661.102 Safari/537.36
platform: Win32
vendor: Google Inc.
oscpu: 
cpuClass: 
language: en-US
hardwareConcurrency: 4
deviceMemory: 
screen: 1024x768x24
date: Fri Jun 12 2026 14:28:29 GMT+0000 (Coordinated Universal Time)
epoch: 1781274509839
count: 4096
---
0.13908349935550413
0.5087253716354703
0.46027033318795896
0.3550716139462271
0.3112102049718144
0.789515632483613
0.9956190884856113
0.04400121527529999
0.8179752908105982
0.44595746194256947
0.6732337656625889
0.5210677450805592
0.7500610206160243
0.1632786923798606
0.2980084100541809
0.6898438758899255
0.15420986650560042
0.6088009308785618
0.0857535763787447
0.023930392781192023
0.8117012541583246
0.4727655897228378
0.04247054278771634
0.25041267319485105
0.9636501477689225
0.954979329279805
0.5860587928725931
0.8655358143967322
0.7906150829444774
0.7129791242558765
0.9060349313805989
0.5992822836821161
0.07085498132282853
0.6184358658846778
0.08103744205057084
0.38519449485792645
0.8944234283283319
0.8561615446839379
0.41092336292502507
0.06585910531398098
0.6321948036439731
0.7754975599979534
0.5260481806641704
0.7648016532007067
0.21160891868909681
0.5902189185103972
0.02753962376163921
0.609306963129898
0.7022508808186303
0.8039583657350795
0.7424678555123698
0.859331301318057
0.9215756630488543
0.3858388006943845
0.4968671764877455
0.6698761551931862
0.09656175763891306
0.0040474478136198755
0.18509755263315708
0.6156314429575847
0.8744916247286532
0.1314750151929034
0.0534887481806845
0.7183827363160389
0.03345247168008969
0.9527051174632541
0.21976282864699548
0.017870628888756013
0.5656123320018234
0.20785902318390836
0.558534667776666
0.4607411360945035
0.7831130628133582
0.12032669883482083
0.8376087922298878
0.21914297541165983
0.06928027268964998
0.3571648334525521
0.25512165812333953
0.600649657270665
0.5723120860156052
0.44499310788104274
0.12856098834285778
0.4559202144877095
0.5851908037591707
0.16440423104764101
0.33818785688384656
0.07085738198909719
0.39134535838501616
0.3044411455674265
0.08668696376653462
0.2688483564267514
0.26059165455332356
0.5185117265905963
0.02686920632583578
0.8757411767065675
0.08978748808885229
0.17637491683567186
0.10786106429494402
0.9722828307401101
0.07288904650299499
0.7090473434980937
0.750620300420739
0.3344208014835668
0.1850180578521643
0.8181411273556078
0.27865715409736036
0.4225206680928213
0.7580049726597982
0.5370848240376391
0.3789019101418192
0.7799086519736482
0.24093752662845636
0.5359999802308042
0.764196628065072
0.9798376910623288
0.18835174915907915
0.7734900715501978
0.5737793158604696
0.7881941584271643
0.9592128440651893
0.4535074914170907
0.02468791626517519
0.9961888460919606
0.7114792999702446
0.5760596659194959
0.7964842409166311
0.937871347477061
0.20591756726784793
0.20094149803038053
0.7454234555818227
0.06835155386401759
0.9166091382168615
0.47526551496105873
0.7956286854201111
0.20802178102412094
0.5623585835098259
0.29787833681528175
0.5117135673053299
0.5894231004774717
0.5888140083914832
0.836710789430201
0.16681557369770128
0.5157751656964911
0.8692353529899233
0.6704639186079646
0.4279483908724424
0.7410809217999561
0.5052745649639425
0.4193280939492654
0.6578763162402446
0.26298009402214784
0.08578029724890768
0.761944121004664
0.9222647074607428
0.6935389973536481
0.8157341437954879
0.8687797905357897
0.14839923451924264
0.46052756740037104
0.32171885515764487
0.12033462330609979
0.1884551315646974
0.0955378124591959
0.6294439742351015
0.2553999289060287
0.35743370851788514
0.521410577697689
0.9003560093917715
0.21094497505696652
0.19951147635021838
0.7845326335070364
0.022399033370626542
0.5812363093570909
0.7613452515936574
0.5950667694849698
0.7186524747243612
0.7260972646003212
0.5158182617203457
0.11399797924950916
0.6462440657298059
0.9070714679615357
0.9028415404776369
0.8345659813971531
0.19878145878031406
0.9963589489364968
0.09076581757222213
0.27006033105255356
0.7760877923722254
0.27148504640124305
0.27034134613850025
0.3443628763988462
0.38946453394414826
0.20473928421772847
0.10569764763411871
0.030090081566706228
0.8073674582228267
0.8586590381162797
0.19647406526229383
0.72754896272256
0.44904772372476676
0.5374333970802792
0.381008060173335
0.6775384171828933
0.5095782900213952
0.6189945291505381
0.6272407831063096
0.5863055122774072
0.7920520844192545
0.5693594551507486
0.23791651660328417
0.9604970649462095
0.5615100017968646
0.24615674186183556
0.8783175766349907
0.16958155792499507
0.18796597326011688
0.16596396931900292
0.8546876706885111
0.021466206977222457
0.3362863181003919
0.6688293484098304
0.4675875927097366
0.5288415816456082
0.0821161642415289
0.7866814266224686
0.26950781570681803
0.8475069924718843
0.01916983199591593
0.23755471569914
0.5116937412749327
0.6383646615025198
0.3280243352147487
0.9444406033078621
0.05272472579218612
0.10208246278884348
0.10193883894746958
0.2827903558081599
0.27030549563251505
0.5382021306016682
0.1612745484296776
0.3840397667630475
0.1788817492113144
0.8449722748896569
0.5373782103959308
0.8677109160408163
0.9181358610906409
0.20181271773430365
0.9729032831875468
0.004609954689406726
0.7667938888629988
0.62279377284462
0.2568130775682791
0.3290338847141414
0.21979944196481016
0.18469147742080283
0.10807162334480136
0.3127195935809899
0.7402110548084453
0.3697913339538834
0.9947897574244162
0.044795525187060425
0.5963299976575287
0.20565517147237733
0.4245640619147344
0.5740300308502762
0.6475966780607543
0.9622913826527519
0.5944274946276107
0.9361796861124754
0.08833186347075461
0.8187043538373515
0.8656688587976504
0.45663131770180465
0.009676301323411352
0.4353061011739461
0.713355289402507
0.5321931336885402
0.9468718397962412
0.9926572770903002
0.3615933265157789
0.03318086436860046
0.3336320822674892
0.5586665499276378
0.46177419232010974
0.5852663538030807
0.5572528931968757
0.054729465060780136
0.4154185757944657
0.5120410099010173
0.493758897028846
0.6895576529433112
0.021797521058801728
0.4688030289341647
0.32442338170297513
0.7010803343415928
0.9623158632786266
0.8784305305087305
0.07888218732136143
0.579043015455472
0.24151085829571173
0.28411692078202666
0.5770103055525184
0.8266317313560252
0.6013242715778244
0.32665093961990377
0.8256154476831217
0.6754913997812027
0.9946925900231136
0.7464752242602317
0.028860359355513898
0.32900829002786125
0.5581194653127863
0.566902209534214
0.4881562641073174
0.5368227516035469
0.46997594256647224
0.5491270594533084
0.26315563943724807
0.6199243011173228
0.8608731065642312
0.16540059209066094
0.3522417427696858
0.9160425274313706
0.9248538546130498
0.4892349437908097
0.1382815038784444
0.7289591138593412
0.7684508105843093
0.2940548539013639
0.4025833685123734
0.12435531092644836
0.8885043750561099
0.7016662322845686
0.8500458273318696
0.11143860448239162
0.46681897002354256
0.5265677869903829
0.691684631335282
0.8616150749713496
0.9256855078546122
0.9451794798636863
0.11751164997529684
0.26867478654415455
0.9454832582492139
0.3612815643302838
0.3270959536721023
0.07681494125172983
0.18365019919394143
0.5600775148578141
0.9284831310493211
0.0905391420208157
0.3401018764915238
0.6449058565840884
0.9807154116725219
0.007662746788456687
0.9288215485704501
0.7157335096949127
0.16273774507033578
0.7920283281979925
0.8693169901216427
0.16600757244927755
0.08746221624736217
0.877495387922316
0.03560760010868225
0.2402139058589623
0.49605539294270473
0.9307190787370292
0.17121318076964176
0.7336456196627652
0.805331438567777
0.5422431847588793
0.9950794621433359
0.9548083804449956
0.44115717027446544
0.15966267946618595
0.27752576816043906
0.48711308593269553
0.3517342958885967
0.07269329454503803
0.8431990126373765
0.21616047995813759
0.3815904449816043
0.6267080934640996
0.8461763986155844
0.759627466968479
0.8101220454802305
0.03564702365395789
0.5050674183576025
0.5364396592972627
0.3818721361973991
0.839456176270555
0.6236490045208112
0.7173145216510859
0.1268023606078712
0.8120995018156707
0.48994502789463823
0.30824424563065644
0.403762286368724
0.8905520422552387
0.669790158303196
0.7667377685470207
0.9613244599530053
0.5496986866174383
0.6443046297736659
0.7892775461771471
0.1346299437130114
0.4068530033116282
0.1074576167265151
0.5748357719188717
0.7905866848362699
0.23682288939549245
0.16183914707124591
0.27725104967089464
0.01600781976710275
0.37604172846486517
0.2635349245057066
0.2354751287870449
0.8961114888689945
0.1329635088379919
0.25107154685111643
0.8918559537722985
0.34460701785883807
0.46928864588545105
0.8360462741720345
0.89751494314419
0.6156829911472912
0.5035739245667417
0.641925204781773
0.3962375031616945
0.6492940229980153
0.5990385610906606
0.8659904123827191
0.8114014527235656
0.03687078718485215
0.4748547794650406
0.7941782114674927
0.16879829543149882
0.5915860522850951
0.8207614803358505
0.910730781869546
0.4295697935787366
0.029933871490165576
0.9989683049084512
0.45574469799602735
0.9244225790453087
0.8542169563205646
0.5570107345289244
0.40577591313488615
0.07181098086733995
0.7245453323528226
0.5463963400242531
0.06082155222745822
0.9072703772009889
0.9847666157422188
0.5627737893325273
0.6111550423372141
0.606588418197054
0.9325895985690544
0.997196802903497
0.48164409290369203
0.4392769778795498
0.45107953268139545
0.6375294923862267
0.5633012026495519
0.9263978908314459
0.8148819988610856
0.6496826579869219
0.11965470429241276
0.2937274975697426
0.6351840044753196
0.26175019332112837
0.002359749463154426
0.9511251462224255
0.9232058656507056
0.9935192464351665
0.9590207174167551
0.46584063990004854
0.41745381400215575
0.45160269343544224
0.6945733902265661
0.1980635931780046
0.10031072888164494
0.7976233815426852
0.1595327060658014
0.23066749886686289
0.3942004498920202
0.9521285152666015
0.14470098119839325
0.08038612384813693
0.7583776690625541
0.9783749871119394
0.2242961439088209
0.519285380837373
0.847014488575069
0.8305620947967707
0.49213689716114994
0.7904275560094156
0.6338337544738777
0.9093204058868287
0.15584344920962523
0.6392449542124854
0.22615235609422624
0.9205241779669757
0.27612746508049435
0.9536009718533154
0.7352218417070311
0.5381939985094295
0.6001226404482958
0.5373489955720929
0.25606947139792524
0.6530181438905678
0.9550246014692301
0.08778966395759547
0.1457361656174514
0.7549745207240719
0.5550522463310712
0.3662032504033632
0.5799115660933505
0.7469383617649608
0.8491939986871222
0.21603505519272748
0.7295379089508349
0.5546094641308907
0.34350065489958426
0.1820647292014579
0.1349382260535763
0.5321934552538039
0.27447251641303594
0.49673076723997656
0.8710127802167134
0.939256506723855
0.4195446205606106
0.011584655559955248
0.24575959322150642
0.11724936138521969
0.7088183771197301
0.6366476017950513
0.43518833244455957
0.8712040227414488
0.8502246292005924
0.20315564031293376
0.46908086775957525
0.30059119945730295
0.3613206925438841
0.31555122507770617
0.180942567201424
0.22474770941741373
0.070020144541314
0.27537390497897674
0.7650658759569848
0.2458373870199726
0.7182717370818976
0.4417733843341909
0.7682839074809038
0.07723118519147709
0.8884447877660859
0.42253732436579416
0.5270845585644097
0.3331732525852009
0.5304344539727515
0.40786329487420736
0.6999653684263847
0.13717153679714178
0.606001086743571
0.22128024127166301
0.4266162856794953
0.9780063410916784
0.7656392957095652
0.45259045410697496
0.8564929936040471
0.7293825714145905
0.8982448347476377
0.6285165812209406
0.9025181138826024
0.24419652855167606
0.1933757479796161
0.8825988871399506
0.08217603444989208
0.31033546595175254
0.8331707376617061
0.08265977117168277
0.4243863216815176
0.8019842019202623
0.8869207762195757
0.0023490538440769093
0.42006708021443284
0.18613174370663743
0.06868083303384598
0.6204241070138508
0.9627079003756114
0.7203640462104051
0.987446808568238
0.6397185831859244
0.9380587265109619
0.7541807546444463
0.9038131675271428
0.9278351749628486
0.39946488612946984
0.059954361424906066
0.4337336687267703
0.9514291928601979
0.8819160553308618
0.3747190238307474
0.3996663699505434
0.04872615437659267
0.1462882696586989
0.7218795086168155
0.5457943646301842
0.6024768506655673
0.08921727770716315
0.6006619813561034
0.7600034697311293
0.30052866107227505
0.7157414639087063
0.7198743583245599
0.8577392554193513
0.8161446175790847
0.3614340882144933
0.8057780454318146
0.5619325711217187
0.4938787418926551
0.8765752400604305
0.19868565726069654
0.4811996656453825
0.864489252217036
0.8018737166364638
0.36965191077190096
0.26798207012280173
0.9054544816386529
0.16047156832046316
0.9316126158391349
0.8383877402465052
0.9334211873936709
0.25813213254738376
0.868922575820603
0.8159413952459733
0.8181675886153443
0.6479255828922128
0.505789567871578
0.14061849447343078
0.9780601180114339
0.4160183801966675
0.6268294365596565
0.12043235111671691
0.8417909476307188
0.9837707875902792
0.8601617803588728
0.3755874687871672
0.5189742677371485
0.0805783716703754
0.7576855351363672
0.8546295645798379
0.16438088354492164
0.7115573603508196
0.21285921051878254
0.24460615864684576
0.5704694677123126
0.0009166651024752337
0.6829866526313375
0.14919305859790466
0.7367550067143989
0.5113378537175011
0.7812449291370558
0.3350874673763642
0.11947081480436439
0.6114841774184709
0.6426318379430624
0.08176528110788084
0.8731319811446709
0.660394127655227
0.8124651049118956
0.5774578744973082
0.532009759484585
0.19308674951399118
0.20260601595076122
0.29837888599053874
0.6077096300961615
0.7872879030969557
0.3016050884554333
0.4631595056728388
0.01438660192205421
0.09937895577291544
0.6517732154633036
0.7162951175704146
0.06364245308739092
0.5624960637501433
0.9092163024599786
0.3269248324908618
0.0970800214113976
0.05720078345782831
0.7038768491474767
0.5944468081813541
0.9955237902615588
0.1560562629415112
0.8357459631966244
0.9749595886567379
0.8615736952382387
0.5706116652075046
0.699091079302004
0.019546874915888024
0.22525975174364943
0.13218668272371592
0.6318708333905194
0.7369739942689337
0.8632314278189104
0.9226167733071973
0.11701976551400395
0.47414894324594936
0.4163937976895713
0.2829596179544891
0.707425019975666
0.6086972058426163
0.492465864507037
0.6150586457999434
0.2700692399589608
0.29307696980339437
0.9990155132819927
0.8987552239129784
0.4460206408408871
0.7513808485214186
0.9880583793747149
0.8720018002392254
0.23938567287197365
0.6395239941093089
0.81720229076288
0.22081435780919945
0.7988617902333595
0.37203108251328487
0.4060349072980076
0.1623878533830514
0.45530920702343103
0.10360654570375383
0.1048092583674558
0.22279901816308612
0.9039723421743133
0.309613205280739
0.7952000760774278
0.2838439539134776
0.21768846837642042
0.7129474013618389
0.7142093620558134
0.26032893374941324
0.20080657385445289
0.3101283929414942
0.07854008681868674
0.3097679000652902
0.22221103010490117
0.4956330718017834
0.052194526137141706
0.8630632076485345
0.3581653999085366
0.5612554141846018
0.05835105178087141
0.8441444572743413
0.008014354040977612
0.20960937460122686
0.49650176322743467
0.4103428105907885
0.30437414967671517
0.8168681965454156
0.8421301713148581
0.9841671392122076
0.25622867429510143
0.4283085181237538
0.5876847043298254
0.9319462888736338
0.9436556767975588
0.9404316259757224
0.3094746312406764
0.61209984084669
0.17461507185822067
0.16339757854296
0.86083145952611
0.9592918791448906
0.4910008127990817
0.9832018967649816
0.12924791381848144
0.4108505326119871
0.34435710326109437
0.9770480346106556
0.3809700344510303
0.4850761735904128
0.8819558197195934
0.7841576882124293
0.27750683713550006
0.5427524882822594
0.3152764794101097
0.636698169999991
0.1028166954351668
0.8406292222786294
0.6973428163930913
0.699098611721678
0.3517132572144335
0.3281186819645445
0.10795861211778024
0.7658208426587874
0.13211710464617687
0.26140232189543733
0.03096570821112432
0.12806591650384558
0.9033037366663847
0.6989285408767838
0.8121257764909819
0.682293657026775
0.6061789296163274
0.9481445191302711
0.035933110652778044
0.2986937517137065
0.3537892964707883
0.020234278552631713
0.8870453247825663
0.6707212691170885
0.29068705450908294
0.4199932848658654
0.39072843750395614
0.9564280174354225
0.7603547463856988
0.5807449123035449
0.7434494821635813
0.7468994933376552
0.20259580355774354
0.5410966543110416
0.5659787239307192
0.2979997445923779
0.7204020115924736
0.4289811059942221
0.78369180102665
0.6782865547425354
0.1615101410200519
0.5026453397920008
0.10066426973216291
0.8029715642038642
0.8525809495038235
0.5995788400370476
0.6094825012145231
0.4039116184210849
0.4315916076414845
0.8037487887208143
0.6825155019520157
0.33538203692948976
0.6623949876236166
0.7549397520989813
0.18113082793805613
0.2843005059631696
0.6051693078081717
0.8100782451747341
0.585244956307819
0.9133191008129056
0.8599811844667882
0.8670672512448971
0.05410442149740602
0.9890174460504562
0.2274948164995656
0.9196373405456604
0.6692529034917929
0.9160162415768154
0.014194092059180319
0.9462373065052301
0.6364487166356312
0.11077228639904568
0.7558170682120033
0.8621542173758641
0.273248989731647
0.1533607374223127
0.039718978465889565
0.7529310827856097
0.7343678190560226
0.7902489662621652
0.8028962405011175
0.7912944331411467
0.8260809823850661
0.8554836146532527
0.5693401722269469
0.1760875154413597
0.13625531039285632
0.07628314659342283
0.28224260306754134
0.6130112226315376
0.829592197645197
0.7187717040609407
0.6313419668164615
0.9989529962044663
0.08383748317880202
0.8542836206137445
0.5479098313079538
0.559309582082524
0.22424530014515565
0.3715737611978629
0.4833243303373751
0.4788222152640489
0.5898879396607997
0.010762914257559819
0.729094384687242
0.3367179459729359
0.6330874784183862
0.9586054894394944
0.6592725780483235
0.12024796352462164
0.49715590109371854
0.33133853888880416
0.9157384474781354
0.7140107458822178
0.14980839674522173
0.16339089242319016
0.24881815987996903
0.4246667541619662
0.061857233311093385
0.09613587793143497
0.9657634363455747
0.6744596723509613
0.7997793303394143
0.924657670094835
0.7308130976303446
0.5171370152008388
0.19687769352646556
0.4699012345460085
0.6003851501954445
0.8950300973128884
0.12886407124171262
0.87633431699852
0.8101094256190904
0.9980315810907963
0.7776273842656656
0.477072605200098
0.3966557901014749
0.006714971058373154
0.6494279502305738
0.902878056792173
0.759190314695046
0.7405648575017147
0.05342098363793779
0.14814142010307751
0.655392871838796
0.2875224005579571
0.7534806523994315
0.26921587746071385
0.17912906928916028
0.38079257954724155
0.4469075236283828
0.2990587172704666
0.7444780106742899
0.5776303537392875
0.9419146874236597
0.7237910569963584
0.6075101599636648
0.4275181806238959
0.9849131766652759
0.965834073115718
0.5314229777058446
0.28055355556034667
0.7930006672696439
0.32254499430858874
0.29809002987921884
0.8647817761350967
0.16802750322499138
0.13068804176094484
0.3550085619802452
0.9680914878011326
0.912891371538342
0.9370639729825885
0.16089461219838497
0.5664196317819497
0.5585006053990018
0.7478697581166873
0.0631216716990799
0.09699191662301665
0.974486088239231
0.7781467486079245
0.4950877562271536
0.6506851371398634
0.5224673670746651
0.9286381397196282
0.32004916722683374
0.21503447295422062
0.8943333368308855
0.5033387386173442
0.8322904808415219
0.20324622753198707
0.705489719493797
0.44424741823914804
0.013384980314739003
0.13575405893065073
0.2858005887427686
0.7423946633879976
0.3264090012578551
0.1366223282491128
0.9496208202421321
0.7164485531400628
0.31321728369795276
0.6528573571705263
0.3503560844647182
0.011965651181441661
0.8195923110319101
0.9057341960858072
0.46584702407232004
0.4317674064011132
0.022415504917511653
0.9829862555698685
0.0516556417306504
0.6993550040936412
0.5876017744419673
0.879315632309223
0.3715340161856229
0.1383000152591798
0.7770289659548266
0.7816991666471158
0.4259628968847291
0.7498396068564195
0.07103859882401808
0.6171667847339268
0.5782158720805448
0.7264631932334393
0.6765129233324056
0.982244939987561
0.5426340339638707
0.7595621456502719
0.18987081513817894
0.450484685252728
0.5609216884524006
0.8289873627842266
0.19079431800561286
0.45081046699914107
0.5086194060590163
0.7751120769088313
0.9075137932005399
0.0057566561848809705
0.7018135620861252
0.022433130513148658
0.4461921254476773
0.6743209712481815
0.8051746697086706
0.955161083762095
0.34032789462981294
0.2855873499968733
0.22898647825816432
0.2677149416797364
0.7258859635486823
0.30791718942679736
0.6606098858420313
0.44895525481945153
0.4234603273050692
0.3880554534157099
0.5503050668171476
0.1204100769526184
0.039720383801630677
0.9840828886012087
0.20356851206040805
0.17080627993010955
0.3862139181675166
0.26122093688937986
0.17587697344644115
0.9706110699442014
0.7968241048803621
0.6104870275394465
0.7418939462306613
0.7686885718446657
0.5285914305989952
0.6224271495214844
0.529023246714935
0.5432956441598145
0.4055247432965645
0.036645914162652726
0.6849225901933991
0.3217771221524999
0.03628668517292599
0.5847643874126243
0.8145204456360209
0.456299913929888
0.8548725396251144
0.4670760988934901
0.9889641478630553
0.22590060632699704
0.6681118026046504
0.8321987154261774
0.1759098385926121
0.029905363136067953
0.16536235211679706
0.2569749216260484
0.0690078388468307
0.6816503231954807
0.17942607358417884
0.7442160745750925
0.5659034536385379
0.7845791096804362
0.495618895988164
0.037275838134313455
0.9409273554342124
0.28680403391255505
0.042748705568772305
0.431554727352202
0.2650538288313815
0.8804012632140046
0.21532348115653543
0.4134454236755183
0.465134659279526
0.6554299050340384
0.13590187979615864
0.19124581921093342
0.714058217508859
0.25661923728578606
0.08757569043375835
0.006302535031150747
0.7686384141490035
0.26487028573442273
0.08200368330101382
0.8117725898633026
0.4809602772022119
0.43362765305026096
0.7237453260708884
0.407990429049387
0.9936744086513023
0.7837044073140145
0.6051344602538602
0.7613051054988031
0.43920982056459223
0.46119332786080025
0.9822828468192188
0.47084765625231983
0.7556572008980504
0.8736637522010151
0.08240506402413095
0.45428036208938516
0.5331508898243713
0.9572219573573355
0.4738370762918802
0.786756910572018
0.910381266423256
0.31818065331218737
0.08692234550450761
0.1087927606758865
0.5311397300237215
0.6454180065232087
0.12230140191617211
0.3143634039552172
0.522368953954023
0.8436758739987642
0.18938675701528207
0.5215237340036298
0.1048473819632092
0.6364908669609988
0.13026563139237957
0.3683543823494251
0.419468111932372
0.5729869301289947
0.7227027924066551
0.8905630020595556
0.5960623226458805
0.8580028156292496
0.6699817044493859
0.6149798314764054
0.31054801241438623
0.4766220772170031
0.6604764006678181
0.9057452870221552
0.4656018180774877
0.23756909101743484
0.9228857872921477
0.7012792676674409
0.6863757283792964
0.6155498682296199
0.7506182173814688
0.6126389572049544
0.8203864313810674
0.2680881670336803
0.6408471522286363
0.1498177011226507
0.2832659544103817
0.08716102281047955
0.754778701990918
0.5006904971732866
0.07477566820555936
0.279831986148656
0.9870275844813421
0.7888103655402625
0.29686828836313794
0.16120975445844388
0.5165453084012708
0.019001955614344812
0.3477846810477787
0.3768623736769636
0.4368881381526597
0.24480669668852184
0.9908244250012626
0.28276021925592554
0.016172721752783614
0.14187331838777362
0.7528473508556865
0.9475109918423767
0.9919463812223357
0.7838502460493157
0.8721954706844841
0.6471620155400015
0.7069271432433653
0.4450273359148409
0.9247222208619201
0.36460267527806867
0.20020777936848733
0.48029570364914087
0.6982727867810035
0.8353164757106295
0.8063089770143146
0.4976115420509375
0.759486770225676
0.6025978001090362
0.11994379565667801
0.05822864240369863
0.45128797494626594
0.9878617500321276
0.47545461150396595
0.4993046952144249
0.6602809571505177
0.540668336705564
0.769694779198971
0.9988983308542037
0.4729792636256087
0.017760495559715483
0.9144750874790357
0.251520247684192
0.3064068010024883
0.8057066648185232
0.9573189651263478
0.7686954531542598
0.35133826146249447
0.7577082589879194
0.9615063011445071
0.7741830109348529
0.4087423102166676
0.3107460601713974
0.9143996276584982
0.7384921979470724
0.7327774304817882
0.436845887625565
0.09127390398035251
0.5541310238480177
0.43963639845326163
0.9690135376490132
0.030522592456951436
0.2539525544453691
0.31345789748269337
0.49368482236933775
0.5951210691403022
0.5554030920088233
0.3739022005916961
0.9982562399353783
0.639416198255307
0.09766515236521989
0.5364194278391383
0.8629475015125694
0.6030685067628279
0.5690186141990143
0.7720863210697686
0.29436863853277595
0.9169206931478946
0.3932953769040577
0.218364196252389
0.5647623195199019
0.700230172699893
0.2980254602537624
0.28134256680751335
0.7863675655404623
0.03234793277261816
0.9927344397759763
0.8594346447161361
0.9150153514331478
0.7588904893473714
0.7455489361377392
0.6324775270002043
0.5642899854097185
0.990100730873557
0.9177362902846982
0.8396841858423283
0.8960176409203291
0.5183875780102172
0.380986322097429
0.42992704051494024
0.8356167720212495
0.8869346254815766
0.5252404107030089
0.7813713250884731
0.9223810807718096
0.3795398841794193
0.9131848203809909
0.8543910984021705
0.4438347446786972
0.6103594301238988
0.3426696576096635
0.7275298882049144
0.9427561571839489
0.15429266213128012
0.7892498697177794
0.7846552091180599
0.796182266152798
0.9745476071745662
0.24285689940624366
0.9086634829425224
0.5152902058663145
0.8203912836193965
0.8821338019767151
0.9255168434970906
0.7439140950078782
0.8144766263427066
0.7285914262794302
0.8160588224884815
0.7329006022676612
0.47412381623236555
0.6387101398401678
0.06665533664006817
0.47626544474593335
0.8760179205622936
0.5116708683346467
0.5891571654477417
0.4948191045823871
0.4052213938394065
0.42540466192943116
0.5850113882737018
0.20273339854143568
0.920534813736704
0.7155692837342049
0.24352797945820215
0.8303784909910075
0.3366880079129013
0.8442434133313801
0.8494577940594807
0.9830674942113018
0.6825924596717761
0.3565144325985363
0.21999465830156661
0.4306695998463339
0.16500118661139784
0.1572873455811381
0.026799738560701725
0.779322725724467
0.24017171299479467
0.114715649099701
0.5410479464080009
0.01740170795480278
0.36465215646278026
0.7032082848407948
0.35271397444248187
0.30479604225873747
0.19322445144400113
0.3995145624470875
0.25922089502322687
0.777739016646225
0.9943495752534228
0.4851821842874182
0.7940081464216779
0.2257437039329635
0.5403992515692411
0.8638109889817043
0.8411288821692009
0.746458025945608
0.43861560235856345
0.9242587834522891
0.06910433912312075
0.7947894587610387
0.9380544533844486
0.41191253011808326
0.6442803503096943
0.43443906195581783
0.618127036697145
0.17569612247417088
0.8892466499226064
0.599145991479856
0.3728112635885956
0.637678579152585
0.7005489399845379
0.4209370639184822
0.1600909711477061
0.7423895189905549
0.6616417837538735
0.5272819694778021
0.4238158161465193
0.6325826019681502
0.4698863463846523
0.32553774683732684
0.7540926673317419
0.9028564115841204
0.8218526176696004
0.4994262227891437
0.2548278171545937
0.4426359778171973
0.6263384999226707
0.7210918591325017
0.9807789221063106
0.32977662583839495
0.2580166352486588
0.5679722927004498
0.7652917736799365
0.7308049057361836
0.2767838503759672
0.9079252379006129
0.33605356941286635
0.2038564590529619
0.6460283524134343
0.6071024063407016
0.05573340889120382
0.2939611150482482
0.9864700536994131
0.14569374422421633
0.8356761846837135
0.3995835289423588
0.46547130841331064
0.6236836688366698
0.5639878746879583
0.9896817389878119
0.24582648856215883
0.5968277605164471
0.17102243034551257
0.7139020691303519
0.4401821713040428
0.10071072974936368
0.21238961854671135
0.8237992295470844
0.8660722117145774
0.8275606609562314
0.322198715549989
0.505392092630397
0.45883946777789086
0.826146094244798
0.8917705790966843
0.7676611492684113
0.6708258145992922
0.2951688257894092
0.4166224049624858
0.7577867340927831
0.7660192507159733
0.1358633620805485
0.14771005475205268
0.5192052966073479
0.6203133422660589
0.9154859318026769
0.7202366037327999
0.16182865694868842
0.9781698501324294
0.6092469919886272
0.9458279502497937
0.25271625041860646
0.37582131799323104
0.5662515577877731
0.8536875113095006
0.6812927609371278
0.732754075000003
0.1042924078556855
0.1821351279328749
0.1918502972237155
0.1985360508884051
0.9342664919542685
0.3444335012799582
0.7746999290263927
0.5761000989796567
0.7549808891588308
0.7735149669946579
0.7605997692422326
0.17641745285797206
0.8172211807666032
0.8091997034289244
0.39400033699529047
0.7197787552083186
0.9578234630161335
0.43001612426261526
0.027252215802589408
0.8169695672754191
0.9839542012046416
0.7493646730953083
0.6651727557330605
0.40123776635284325
0.25779968552720467
0.021853875249649768
0.25564712611080576
0.1449161981024143
0.06823053529677958
0.633185633543901
0.8761909749453112
0.9525407399537131
0.18480993794493505
0.0949611800397141
0.04918469306772999
0.06082223246463947
0.1200589479537375
0.9278511947513943
0.32173105328249463
0.35410219666463116
0.8362295357376066
0.9723407495152592
0.3870460751147109
0.28703687045984627
0.5736903345440638
0.6221978224077946
0.9511175901978655
0.9711012254190952
0.6323846878119044
0.3894987717517897
0.0022331639378023738
0.11082123653941767
0.24756957666282764
0.7270111887259272
0.3360991799094193
0.9789962463845616
0.3606054398626799
0.11936044670739898
0.07886336233321845
0.9549848383142558
0.2964230235435712
0.81009046399518
0.08324200159926964
0.145414663018675
0.5785876800569631
0.033656705626159855
0.20034941513121818
0.11570955969455965
0.6266564554040503
0.6354176022735145
0.35830035186101905
0.5156091936770903
0.9491000771439546
0.8330515457498777
0.3662093460643874
0.9388120502425352
0.0499578214806502
0.766237512887928
0.15807963537703174
0.28180816047497514
0.23095464934950116
0.7488602482190019
0.5009026688372562
0.6845708192267996
0.8032301037083969
0.38983714903874933
0.1158596356970345
0.7499944986884388
0.5954666670097442
0.08362007232607183
0.40373516929574627
0.3326638405470703
0.2557933276911961
0.8815677552121908
0.6908041807516794
0.639643031955353
0.49544159510849073
0.2759128437620555
0.4647964168645202
0.8838141292279196
0.49013846516174575
0.3362943845462414
0.2650412172411929
0.670302284795635
0.5393574999487585
0.47522908054536717
0.21410365785562768
0.2142587051700764
0.7767697117997499
0.10766167912240343
0.44691633524314733
0.7235516905884347
0.21681065778596853
0.9960355511496566
0.15872320178781907
0.9569567871976166
0.01810657858949405
0.41383205151255886
0.3551614246695669
0.7844845940144021
0.41713255167604
0.8925105359237957
0.02427022576836002
0.10171899000031237
0.48815170688147136
0.6786576379588103
0.494690326436779
0.9136627407237567
0.6744168365029328
0.23616089420631448
0.2817127671240842
0.4483082536722387
0.13201115587506562
0.4790535852192306
0.48528194666022406
0.2501296555180137
0.735292515252401
0.39097237155118925
0.48377992423599303
0.06890019404668601
0.550156404003445
0.7698462345103692
0.7568133166713442
0.6843400750599491
0.6860351941035576
0.6380367265294213
0.8709004884301321
0.2287690614025033
0.054213782751279194
0.7160711555260801
0.5399138238396137
0.49172995811209463
0.5505231188247857
0.3958801271462875
0.4643605960633299
0.2685111344646687
0.8219028155600714
0.25025910029495013
0.8981627323148267
0.12164670837168279
0.40179221703457735
0.8179745372543934
0.01511471380226359
0.4387826398566006
0.1347968166631881
0.14168804954090564
0.655148470433131
0.008417145009407045
0.653922865596031
0.5129632265239088
0.46000301172972535
0.48776254780284156
0.08309555635732435
0.41114720017674555
0.24243987833455027
0.1494157509179368
0.989043088694304
0.6773952635669405
0.9353235292924333
0.5472413529125426
0.2885180886516876
0.17105695955253175
0.50300246042122
0.5283524111940101
0.4950506896162823
0.7171920916282217
0.6209722966479703
0.5862336148068497
0.1460939087633466
0.5456424677200662
0.7273652476488082
0.9191396214520877
0.3675804228306585
0.4543412710378407
0.6212769970118175
0.1527696059737027
0.8690629838596309
0.8149276221092654
0.7405140342477796
0.5749524917820306
0.7753933359348475
0.14225453780057773
0.1329217458302525
0.6918074607896243
0.011043063172406553
0.7029045438537087
0.3784663432006672
0.258084712081472
0.5882054243909853
0.811897841469907
0.9996238613024733
0.4453157344186902
0.5987720835131214
0.2801524088563563
0.464143477497293
0.41245653503129387
0.6116083881681176
0.005012377622512831
0.3937042598298508
0.7433332004359137
0.1071804682786095
0.2709327036696627
0.20749124937090668
0.1658031451618731
0.79312428803478
0.036509552437179016
0.48743547237064755
0.2960854149675831
0.6981252570646324
0.8951690261188503
0.8351031094812478
0.644876351273248
0.4326483886674941
0.5727339692517492
0.9342044788643029
0.6207246422147172
0.28064876778939407
0.33025684166716607
0.5422673553132169
0.38964285618753314
0.47439262997980003
0.8957218056826497
0.7230852249127848
0.14678113367353873
0.9164567817419949
0.10744784987347922
0.5036602278772568
0.5106043568269367
0.7955305479155441
0.12095480203246112
0.632198578095418
0.3467106834906062
0.7756925312584668
0.46870559013324686
0.28120334961365523
0.3870712142205186
0.7778342714413335
0.20135000949048365
0.23639907921787695
0.2264950213238699
0.2303255169109617
0.9909727965966921
0.2770804753834908
0.4476164906129416
0.6785767691196474
0.5822886163927594
0.40931557005040364
0.888908214781603
0.3570135958099938
0.9036428665191358
0.3843456867767068
0.5170128490929746
0.43674921197080696
0.7818926057602895
0.4054962353768641
0.059979037217080755
0.681835687294017
0.3347878398212698
0.4506828101752025
0.044447299658964434
0.04349453196175235
0.023295336515309017
0.3023422182315312
0.8058491660359932
0.6438212703000807
0.5273144923367954
0.17590973107328378
0.9360124419591991
0.9774308971219619
0.6125596825781461
0.7471950595039774
0.5939157719827355
0.32726512531076746
0.14485062632195422
0.7438199213784926
0.46949621535491914
0.9874845246696584
0.8252066270761433
0.24153472296745782
0.3345702566374962
0.013678639485990463
0.958648768556837
0.21781588197204682
0.005514874987460727
0.7185759383299668
0.5944896171358593
0.7544214418585842
0.2904137621018892
0.29780512223158784
0.36566512880736934
0.4962170945563309
0.6975568304266782
0.03242406785730911
0.6145151881669053
0.7291341043372404
0.027835013269732478
0.49031864093386535
0.45956593426314085
0.8444042973440211
0.8911786088134552
0.38678491675694815
0.5152781828834154
0.10906980936630473
0.8987758654498161
0.6762834334436494
0.6242855476114157
0.5553725205250457
0.17494920246472412
0.24091347059576895
0.2878627436671368
0.33344762227709834
0.7272926009721268
0.5196991680694092
0.06741204443632087
0.15017942067956302
0.304905405584035
0.44885720452903355
0.10011556913623165
0.7802935624130214
0.93568607017584
0.9762891172585306
0.4231440510018383
0.8645453318561505
0.859664593479974
0.8954062312652435
0.25569521262939965
0.5038958485808172
0.3589057052260938
0.5853021631044781
0.9837783495614754
0.058099960472713486
0.03417032555197741
0.14082864555700603
0.6204653322321085
0.43995736343175573
0.25898030857484344
0.9616624190718706
0.5064309747553306
0.4867495051430908
0.03192630714765543
0.8716901540332669
0.05111832499821123
0.17207316939727146
0.7777053476663773
0.7115523098772882
0.245847034156923
0.11940107820353352
0.19998067159648714
0.18160088742046154
0.5202611794322589
0.6681026715265483
0.24139405758699328
0.16094606739560136
0.5510142994186027
0.8412510807352813
0.2746635728332245
0.9654156789184871
0.5811643846140855
0.6897550672635531
0.5101512439393259
0.9443923427116006
0.28218849577842176
0.6359447777594378
0.16294335086132983
0.005322409842275944
0.9598076593287925
0.48641658843626434
0.356526611657223
0.8206293079335241
0.3848822929771276
0.9979831547544125
0.96368983290179
0.4386898292388426
0.2315435940825581
0.7993966890099165
0.006461375632972999
0.7421680633070824
0.8031331638997681
0.9972734355360888
0.9140761267702509
0.06093452515104447
0.8711199268126797
0.48722509156728666
0.07998432591417681
0.823993793899261
0.3396224432510617
0.33155953720263587
0.4136279659865516
0.056148206176764415
0.48621370188204494
0.10932554791976212
0.674193144878553
0.4944350711553054
0.8112450224571823
0.31108383048346666
0.025150784404663007
0.37666036922617296
0.5212680586644702
0.8300629923100344
0.8439664979963797
0.6813934293653592
0.948777506458057
0.6646731575675364
0.39381774755102605
0.912569896043296
0.7395615079264657
0.7017003162525897
0.5170604367506821
0.943148673953597
0.742742553051386
0.29101262615255585
0.6728881469557912
0.9310507236905909
0.3984324228376581
0.9119323437898317
0.7917355021812749
0.9118764239482338
0.20722382567808229
0.9070449100261111
0.5114492202746059
0.42057576881436276
0.9398714288100047
0.2739290660683451
0.30791953767836855
0.8371944119185508
0.9649840062272377
0.3798897896801794
0.838474719726148
0.010868332165603123
0.41137482871798436
0.5837289607808813
0.9947110816661879
0.9697642415860042
0.826102491172076
0.7459070112255648
0.9652800955075205
0.7169690586231299
0.7890910432558578
0.9432000751318681
0.6906320836095574
0.03936564548832888
0.15197179553821583
0.056187139473740544
0.9439620607086299
0.03094927855847107
0.7588738305780716
0.8420005091147169
0.9513379012873282
0.28696163241517114
0.8099085740633343
0.8639568851606649
0.7353206658291183
0.7139378713029905
0.7946132810933644
0.12028176048613526
0.7337652240551631
0.13576060828233327
0.6017824000711458
0.016525977286082183
0.7535098553032742
0.7917045234796707
0.8643850240516997
0.8983020003929705
0.1403387905475142
0.07906391661946088
0.03904994771276282
0.13598547928835192
0.6670154510883215
0.9150327840140224
0.4011094367809298
0.7229076558738714
0.16572677938564429
0.2538470488905098
0.13243127060215554
0.26528371844424736
0.13466403405563865
0.017642147232759475
0.06525019827250356
0.11381609252981928
0.7336419061557595
0.06950463712446253
0.7012637677822975
0.7871723075840915
0.9959225619846208
0.29230689037597757
0.24372316632536073
0.01187548538151506
0.641054542802137
0.9456577657511438
0.5121668107639255
0.2646641106645651
0.6326522216940309
0.8750542488294986
0.7640375869818721
0.8100209869914319
0.3499483872514295
0.011644643582989778
0.7503329298480419
0.8400413567966714
0.43820383745687774
0.8201940263872853
0.6400540853940602
0.900415652212756
0.9733860554937279
0.26569657352985687
0.23486484540388908
0.06658494676300908
0.9517942829518216
0.8938333018728246
0.07740842715868324
0.875516172753819
0.8712696481416002
0.02059230165195758
0.452847781810511
0.6820793192801193
0.6881356864101336
0.8179133734891832
0.7190063856909603
0.5721798519116317
0.14844109278873008
0.05900343547167575
0.7616165953149978
0.6519673421033918
0.953546349435934
0.6952295391757355
0.2170806170445876
0.9588548211707257
0.5572371777193206
0.24576731373960525
0.9152497349838624
0.14450949362771093
0.46346533932010026
0.8059127517380891
0.4122196418903381
0.7738063470613246
0.39387995786650265
0.7867344415221136
0.727853934618353
0.539224032282305
0.16724150284747674
0.4052446256009974
0.6381371266545852
0.8063487447430022
0.31451021807880686
0.9618024665406404
0.7124881662141125
0.872239274819558
0.2195522792539606
0.21424465245476432
0.031387239488380736
0.4664479164845372
0.3875355845987918
0.5157685501491889
0.9785439405493257
0.263736322094942
0.7998084668181038
0.41202903448366657
0.4282406427615937
0.041034148923962066
0.7489896153013604
0.29836243627106973
0.6584554185252862
0.8580127712874921
0.5509791861535291
0.5605532094905035
0.48752325933526586
0.582263397226668
0.2078664611106189
0.10087032020824704
0.13961344351960503
0.475388569433024
0.9014210082387419
0.2703377352789127
0.9043138638804742
0.8680483339503076
0.5085973532702117
0.4463290937104558
0.2224625934532407
0.45166770287308355
0.7497492589204235
0.47677134986593805
0.33311332443088904
0.5944467299533851
0.3668939818547199
0.3528611777893471
0.7913653189271301
0.8577335628848397
0.6167504663378054
0.35689500089638493
0.6240697431774191
0.02390618674092404
0.9533238165402678
0.30860199142567657
0.2242159470681786
0.298565025393144
0.8737168570834533
0.613109182888546
0.5278447577814309
0.26348903565344006
0.4725149011878791
0.043445542874237075
0.7992088615516042
0.8672436645500672
0.963736192336295
0.711731772223211
0.8789995163282149
0.06160817076689762
0.5632025717898861
0.2188465981530452
0.12034520957691797
0.5667282940583476
0.741216402539469
0.6690988796810149
0.7073247585421951
0.3932591177793352
0.7947758961006359
0.24311983549094052
0.029306610019522283
0.7854439204250412
0.6949652819247862
0.4993686778827777
0.4799898869460144
0.8828493900890315
0.40310445350705226
0.07577071244720912
0.4142923784425845
0.6603455745908964
0.5843842446707304
0.20010225565860496
0.7047009469540055
0.6121547197499029
0.9009562599417904
0.236812451131601
0.9422265577011257
0.8814018724691217
0.6317086358282893
0.2623593989783517
0.7561394262329151
0.32501902082727674
0.7311170906227684
0.812677129925091
0.757803810196402
0.06940035082999474
0.13204442504966019
0.5157004013125905
0.4405793454310667
0.3989745025973135
0.3714643819979908
0.25282716187484033
0.7854771137138927
0.495101147119533
0.05237634256754653
0.002636696264116445
0.3763401716843764
0.42365328115272427
0.9813256796020435
0.25107265328504935
0.8172036285041882
0.5860207567566422
0.17916861279780893
0.4342241395796429
0.5006670085839682
0.9789050039487621
0.23736355640954399
0.43827880136846353
0.6230366350616308
0.24048170408843617
0.7328305514323283
0.7422428789193696
0.30211247834027244
0.16537610542929126
0.9741806556681893
0.13401241175115786
0.005023335239293214
0.28503063294919606
0.9545266021981906
0.41983056947567565
0.9764048206789424
0.4982738650629204
0.23491341556950895
0.1270653464152598
0.34186741450412694
0.5802928507074654
0.5119558490828822
0.6813180562483663
0.08094320047937265
0.4412600203571111
0.09671857173011822
0.6351199901016007
0.355072137637221
0.5977104523249148
0.4808855545154207
0.5432990168470131
0.7317266762821846
0.701575334491108
0.21615903044210727
0.11415890739108758
0.2763022891579192
0.8588359867982467
0.4315177289704284
0.13037969351915568
0.8808837000168575
0.8539520944471053
0.03820657293422003
0.8083739724415688
0.7988520865251199
0.12213849682367517
0.2976501110109866
0.21735982366248052
0.7636673568662391
0.7017913815144927
0.08968405313249517
0.706218966630247
0.994741215049102
0.22322316220671712
0.6864318237899552
0.49978806053466585
0.3268667741156701
0.9509913515051303
0.3025852024116462
0.008182578257720952
0.0463290854397449
0.4920500467631077
0.9112941834855588
0.3784577326180836
0.5314441956520377
0.7038951044211763
0.09575915475043995
0.9821931806246571
0.8880753564547306
0.3546783901474351
0.4893299326122147
0.16552526607437845
0.7066154540698237
0.10881982830661285
0.4393525012420063
0.7909931902234855
0.09652869872499403
0.5600448882388485
0.17674201246436905
0.7093893960152198
0.996992843354793
0.7233233557119607
0.09595499039543687
0.9761974181895836
0.05792228068072647
0.49931599935071236
0.13532369093854468
0.9474305462254693
0.1616739493431485
0.69554446484883
0.9231590424043998
0.07517295192595186
0.4775912906244144
0.9825696617835078
0.39379125568521767
0.6897609696682392
0.7047596756912022
0.1642220092543789
0.8417159372123475
0.6012171528127059
0.7384671026227645
0.1264602361793843
0.3360233338987557
0.5408070218005285
0.30994860362695387
0.8963166039049775
0.7197717872647156
0.7171990060876858
0.620635708174818
0.5913092229196559
0.6471334863558973
0.7701389945210342
0.510301582849376
0.6327798396847739
0.9413561342064507
0.31535985053284166
0.040117952814452185
0.5236915984156585
0.7816371444185068
0.7776634164191469
0.3529904318792836
0.2851393821844477
0.014097795427955973
0.22378987484941515
0.3501321287427499
0.6502604734179072
0.3728729496263592
0.011223349652332626
0.5860978693676919
0.12030738325396317
0.2791776582394767
0.6264402024130811
0.6520856265271218
0.6783338956751186
0.975871716743548
0.15442991961653085
0.47502259308879724
0.2493680175209083
0.44674682288791545
0.7228518558283903
0.28752719082813827
0.9518932285845911
0.7839805655650187
0.7152793311502685
0.5958166234004334
0.0783604760067822
0.36402813655887334
0.2246104676078522
0.02795872239308661
0.6940445497432388
0.40112508126094304
0.9837057262066178
0.5180987031698014
0.7376797132724491
0.25288367532704137
0.4730131265637658
0.18789241486486374
0.13173513415106375
0.6315664848230396
0.8535806190051782
0.36692602833997556
0.09622992464998714
0.1860146260520421
0.12989445389830312
0.17272281704216974
0.6938797231821379
0.5272681722251726
0.8386408703800505
0.31261937788137106
0.9813048593681446
0.3285490065680079
0.06240528293601
0.06364876102289574
0.5346310878795957
0.874659875110749
0.9736874887177724
0.2935179082885613
0.9640948964407208
0.9811084709029811
0.8405945315592038
0.7364161235162945
0.8923915909745241
0.23228149070760606
0.5894591280013839
0.7240161145491808
0.5667229478919589
0.19686533915728588
0.5322832280142558
0.24299471564527364
0.058462327089997324
0.4898938824875563
0.9877940316648408
0.7593019228482607
0.8513515131972003
0.17619958023083782
0.6605518593013493
0.6886297000305854
0.32309748285460005
0.16559845890562475
0.7309585560963874
0.011287992233489419
0.5164975314656861
0.973992293802671
0.140366670800103
0.714959664026944
0.5235503879150873
0.4028884138278499
0.868375406289466
0.42805687627301814
0.6944271961734381
0.30758400619359505
0.07519040580352865
0.437142436824127
0.1538904303656745
0.17562365263713553
0.5445923752789761
0.3692255522509289
0.6019830831696631
0.044324975475852346
0.5593969365630349
0.8009901378405297
0.8483651292356158
0.21658641087396902
0.8771322887350828
0.1482683391209032
0.09649132315332509
0.908666986246697
0.6888574121210549
0.9893376572728203
0.4758949264757053
0.707568850816489
0.32469552531737844
0.2730571784283591
0.46539018599694426
0.5759597031253043
0.9724158904911826
0.18868027934937848
0.128494652540859
0.8114293623460043
0.9223787137705741
0.4156995915550534
0.962816464289544
0.3997609038208123
0.3391586532366395
0.4499722221966318
0.03603702897332095
0.6599941037807848
0.11210609056240539
0.1377523028540415
0.9383225608927965
0.8503683184913111
0.06545013685182699
0.7111990622349933
0.21258313109460913
0.658516388018096
0.13205952747144023
0.3939614495437236
0.406556894333278
0.7985616762123444
0.8615121708080826
0.9698906694402345
0.2370243088716335
0.14468532168399606
0.9240084592665465
0.22873841253885518
0.05573719420667511
0.72593494471289
0.13468950777765865
0.47297279807866155
0.8565526963380317
0.9034554350223292
0.8720569165527132
0.4823488736315793
0.9635630683840712
0.8713759977714719
0.27994026022830365
0.8030996708168991
0.5634632467693825
0.5565275604199158
0.8396351067454213
0.8240572811627966
0.8374356690575371
0.5105913045349642
0.13844667820298318
0.906761068390239
0.8747806133228233
0.058045105761355575
0.560684901870466
0.8650650457277302
0.700962703517769
0.3932137147828143
0.8467410176320231
0.05291631022488108
0.13588250020015114
0.15050971526034762
0.977385080404497
0.8497283391866446
0.6934649653018676
0.8731722616959923
0.9098689976763461
0.8736635864381705
0.3356598444439587
0.8444274526563966
0.38731713042642824
0.40534526346787914
0.698639673568749
0.8203829627943964
0.7403009013640429
0.30078169639831076
0.5977899291528064
0.5394190430381529
0.5489122160916786
0.10888218348235235
0.15284485267240222
0.00753843077473304
0.2730572943943732
0.7193193691754736
0.7966289991647817
0.2942891859860719
0.1563537337666292
0.9942113369514125
0.6488548257570059
0.9539720633461184
0.5712094723794718
0.03702302558818693
0.07951103146865646
0.6811456861872887
0.21239062283230892
0.6769469127097612
0.15870315553312997
0.761962625226366
0.06191097297176351
0.5481074050176069
0.6065178807059353
0.654269377164018
0.77095955013489
0.9664960312464572
0.7464000690996375
0.9457159901900651
0.772785429999924
0.15380594325381347
0.3139231677446872
0.508115035389036
0.7743649098575851
0.8522325764330936
0.4182215556466531
0.5547926771899387
0.5598283268894289
0.8355406674842158
0.8896089192897252
0.1876417099951957
0.7791195512815627
0.8352227030693076
0.5581806139338108
0.7256030904076367
0.33608276798452685
0.9881453431968983
0.9915868348931434
0.08195464993529611
0.8447081846827036
0.9574951848893585
0.4618335977677619
0.7346407881287653
0.2666121868934339
0.11001007050446932
0.9592187770719924
0.18578600592073702
0.05043489710267002
0.8937160754156268
0.41830164989470964
0.8343669635600319
0.8558629313699135
0.27377617470138715
0.08642731314233343
0.7278601091924153
0.7654677588471797
0.39895465689448373
0.4194275501063276
0.007051332263119381
0.2901660071299932
0.898807857613855
0.001528391486145697
0.3370320171082597
0.4729884361635319
0.6328065187428575
0.6096679429115022
0.6517934549882904
0.1831222910989332
0.2612345771035032
0.9864649582320699
0.29661154406839074
0.6309428549361755
0.11543320039952354
0.7227156076098662
0.3379026165440353
0.21154689120330872
0.4110157308477107
0.165893619847304
0.6054613630374919
0.12404093987631293
0.4878533450761724
0.5332996669802315
0.5902288272811242
0.3749872802850198
0.03453086623951651
0.4384550216578751
0.769035113232208
0.4952803276377742
0.6149798426928297
0.6110395376774096
0.9270047238245116
0.019251961355400526
0.8458905317909264
0.9842998396582152
0.9404492380618297
0.46005808208965804
0.5255888489504679
0.9758885145469938
0.6225043520097562
0.9779073488488637
0.3665406342365485
0.550939000817896
0.5076491261299667
0.6490291008466624
0.6894701601568796
0.6941605657615302
0.35546150103352403
0.5505001454656444
0.3725469651455562
0.655333100503346
0.7524962639155934
0.5921013287691088
0.92270618022362
0.510095940893819
0.14474069701926084
0.4304287197452832
0.3093704696270496
0.6957172021052045
0.22950737272377464
0.6317530182752373
0.745566491517111
0.7962949138510653
0.10864161059849353
0.44622995913228136
0.700226603007811
0.572855155763957
0.3382568067036489
0.10995720042729973
0.019328424382029086
0.06977683952836733
0.5966762726262602
0.9637781708512254
0.9712949449467354
0.675962514525839
0.24631276346842013
0.03062144260662869
0.5004226186718208
0.1758756328721578
0.6192749990233402
0.16658658827697392
0.8216176304002223
0.004576193180771515
0.9417661476099155
0.05525298213827479
0.10971387003296829
0.5057487207033058
0.7388463439718684
0.9736960419768226
0.9453492115491715
0.5734928786350557
0.5435673972160089
0.9136679780460861
0.4467749797196119
0.006606623815801127
0.379895275472117
0.25965345677052665
0.36286214469910005
0.03529543102731436
0.46271687679514284
0.8359542876346591
0.8729150731817275
0.9833386721116053
0.44731193205809605
0.6105435228198484
0.7386167404056247
0.28115979641999544
0.6319246165691035
0.7490980232349225
0.7175998426906889
0.3998211057196217
0.8793221880094799
0.9520171830467798
0.9510784066919673
0.06386504530779669
0.9403657570817032
0.9371073540331571
0.29568919433019425
0.6116729563122851
0.5440577951337493
0.3103268147972229
0.3347094007856948
0.035895526453284976
0.639023771068653
0.10014015496962547
0.4045607958837978
0.7986806330618375
0.3789484060828374
0.33264051804566486
0.5440543817178136
0.16408519407098976
0.5887817286859931
0.7938279217290165
0.0022518283617201096
0.958776194912301
0.20988913237749096
0.9179116973910184
0.9411060098784967
0.46133815427992797
0.9217565040657925
0.4086703722859433
0.4272286396227256
0.500493956253349
0.5000951964249565
0.39059047237770317
0.5984300814724646
0.8270253547329673
0.34269295461232874
0.026963870185429784
0.570697391554905
0.8185472363598534
0.4367199768827865
0.7469462270781397
0.6344324868483846
0.049079737900825426
0.9643072735640528
0.6059932027015853
0.9594050423218363
0.9964607571623478
0.2229231984854636
0.6618388385695353
0.6578608181482011
0.47619307131033306
0.35515437142547013
0.8733235165476321
0.2439659152526661
0.25089627172894957
0.5977767560739955
0.6784293535589836
0.21539237232124964
0.6801178102339227
0.10454001493772269
0.6327697134121617
0.8684014779882265
0.9279841218893659
0.1706716776095325
0.27203077773680806
0.8880179762196874
0.19017399736815155
0.9582949000957106
0.8933078427559797
0.1905389240404265
0.6382831009796348
0.844026685197375
0.9158925437976997
0.08230178685063683
0.6600697145561594
0.23829641846561822
0.9040499540711018
0.9197797601316029
0.7132147776922559
0.1656817733571163
0.2544285194206133
0.6496693839451477
0.49695907464195166
0.04611549716439178
0.4233030747325359
0.5407365076571349
0.5387803466871572
0.4639119619941203
0.8036750564985378
0.9980723891682557
0.17666725128063754
0.08738772046323828
0.23199300872580886
0.37054750360142585
0.4844519919986283
0.38150803904576236
0.25611893445962974
0.9618337310103375
0.4492846935613233
0.3639176850641914
0.11783834278344374
0.07684740566635684
0.17322939744248456
0.8567039626428041
0.18600153397502628
0.09044968008975429
0.854315170328213
0.8569911842021836
0.18043911571200266
0.3481941151831931
0.17083913911441506
0.997843092825119
0.2656950951477053
0.7074839490986962
0.4363800861968796
0.23043632542768688
0.3826519382598095
0.14511049691497035
0.9053916616069073
0.7346971334600432
0.5735867327996094
0.09007675110147861
0.7684366249195027
0.000059012713698347596
0.5939993694677048
0.6206669945558188
0.9071013273442841
0.9184812895472021
0.4378603036040576
0.9152102691168178
0.92008697565486
0.6924015810685413
0.6789883620373571
0.403119943738524
0.4353978395382241
0.7467891367087989
0.12359625540238595
0.24760945209414276
0.6944585758731612
0.17110799668276266
0.8454329515125236
0.8224684438492469
0.8277217841388518
0.3847793247268778
0.11208299885541018
0.5637965478645042
0.985559854414988
0.1747306725466593
0.4655917478982792
0.14559916208653467
0.35410295586006213
0.6277381093774115
0.11456715058848888
0.3117362240029755
0.14950203382575267
0.8062936317871541
0.6799903508444567
0.6568489694008808
0.4744253030505621
0.34853816690444717
0.28836139477222966
0.875329853233908
0.1550448260910937
0.26512759282271414
0.8976005594548326
0.06545939477494622
0.8201810862375805
0.9216128858545616
0.4651505608344009
0.2734555467820641
0.5520970735960675
0.8915720434618044
0.1840925380668723
0.9466095353386101
0.4840899237511056
0.11541708325635547
0.2738515315703598
0.8507975258960143
0.840551102044333
0.0544383099339143
0.37002602959297093
0.9061073982906018
0.3424854783463642
0.177468216164254
0.6941314085693586
0.22384251692012258
0.8177819780364879
0.7196875423712685
0.3284281944765439
0.29851211930275134
0.3203967462959827
0.15673090638005882
0.004308122047009144
0.7120415098059465
0.13377879529722803
0.03749976406216349
0.034533970648411794
0.31793176432619563
0.958116350792739
0.0795144310338678
0.8512820593692532
0.8960287276374239
0.5539254682990677
0.4065548811274313
0.19625965724513228
0.21260573486666612
0.6147827690719811
0.16763315835192927
0.1801586368726853
0.3142464540066605
0.5603771748450543
0.0700212827677924
0.20528829991579078
0.28587015625903445
0.935587069227414
0.0921847349933056
0.2266284928731339
0.5039028211732639
0.6764646477614917
0.41790862614779445
0.08999479758227924
0.05443452374412483
0.02187651934865209
0.08443421764242376
0.23249887836990335
0.0937472916925346
0.7972717043807631
0.9941372017739369
0.5140920383935434
0.24795540197633037
0.65121677285886
0.7261551415042209
0.833284093154526
0.24841926894464983
0.3030677275879279
0.928341052332851
0.23971465538648706
0.6401116371514288
0.11304603554096326
0.10283355134956929
0.4096031973203871
0.6982233653681629
0.4941475876059289
0.7125490586444654
0.8769430267767508
0.8926535446771122
0.35147177534094376
0.26651947048420155
0.9303838301689455
0.5377637690502133
0.3646326654648673
0.35343913661110227
0.4773482311767965
0.7585860846495744
0.5918056594892325
0.36733206678281305
0.07961303658453955
0.5593347987560076
0.8064549326481305
0.36567696603189437
0.3844450261171837
0.2857286163242361
0.28617580441784307
0.09779832756195295
0.5945602106702657
0.32907137901079353
0.13709337731843996
0.6214770235103533
0.5929253839133481
0.8407423084095982
0.8456530693681636
0.39652492112240667
0.6844736936660849
0.1642682360605956
0.9565135021849576
0.8899920617832242
0.730868189716767
0.3103763450033068
0.812074992630222
0.994219786737305
0.41065798386726904
0.4599214080826892
0.16206162485121678
0.31285355540565263
0.5801905046040678
0.6296478289687797
0.30342090535288624
0.8236790892432864
0.6019307873632247
0.7525029078082752
0.7398899265027277
0.08078291085271716
0.6526869828619337
0.38423245689600716
0.9807105275541095
0.20005134625511545
0.6687408449016863
0.18179206895029942
0.7921771751726545
0.2880171480010887
0.18893968769733438
0.9380593963515369
0.7819323710620498
0.2698613327750137
0.8883437490546244
0.6806963908880033
0.3073000747387833
0.06290460306370815
0.8716946953456726
0.9719909907787334
0.03018197980290127
0.6968923932216797
0.9542851448766212
0.35228956308622217
0.40545199521138864
0.10592999376235546
0.526707239056557
0.12233381721081882
0.7856879571168283
0.22823996123673607
0.7214509921534327
0.052214657124579844
0.9167481666344139
0.13093797930587714
0.2120470092443001
0.7069061747926244
0.7017400713568054
0.7839986404190769
0.7014705889076263
0.676257901686202
0.2714900051171476
0.17488679334794277
0.14492741518636865
0.7393487213237462
0.8998235373450647
0.5897937694468978
0.039983230870322295
0.6852722803579965
0.5232112171232177
0.2320467597729654
0.4028248973633337
0.9640682044444127
0.32060840321520434
0.1196836865876163
0.08132563285557137
0.42028876483719735
0.2219619729016451
0.5167387207776546
0.3084459374834967
0.8468592912049517
0.04683984074174807
0.8307004320698104
0.7126883495595424
0.031082666318014596
0.009276293522757051
0.689722018367593
0.8571635001152877
0.506832959214558
0.9835474409322975
0.470223612749576
0.6447338502801965
0.6008785063837649
0.5144748425805947
0.6820132658945144
0.010155573321078526
0.38054375390497874
0.5106448764812406
0.7685742934177442
0.055520722076853435
0.8400864569034892
0.34674443737210714
0.20718067345644342
0.036473955251502765
0.3708000896783812
0.13227726300596676
0.3604518108905228
0.34273475445925383
0.9044545589828024
0.05398790760361605
0.4048837213402694
0.22500820562081958
0.5030127485908173
0.670376020810951
0.9258448106951342
0.3668249601753488
0.04148519513615834
0.5303962232971033
0.3719100165388498
0.845694937006358
0.9439900181630185
0.38658930014347836
0.6798255167973395
0.7030081792908749
0.11260872318817938
0.992614728218649
0.34160193901963565
0.7713788836712427
0.17931495400471542
0.9714333823759931
0.9595768777059077
0.29270122613580063
0.5785064938352198
0.452876450894782
0.15964522532182412
0.8646911942511726
0.9865890459196665
0.655037549042615
0.41023314340636885
0.34666853318770974
0.976977796274159
0.06524727622319326
0.3327007027244189
0.9516495222296193
0.7832003168490271
0.1112756384671103
0.6366533838522892
0.05578880540228792
0.006111237387980584
0.37598737908611857
0.5854363643032976
0.45337320006433757
0.061992542234386105
0.6826469498809777
0.7499442015842239
0.39426852514132626
0.8339223901468131
0.5684866780648492
0.7049070151093451
0.003431200279064406
0.6889828523302843
0.6951296573095636
0.825521774272864
0.8383715728255137
0.06177791074746786
0.7503500156972798
0.022506301745585544
0.09300587513924441
0.619085915570611
0.23249352248297983
0.6752175817983326
0.4911459525509445
0.436128990461905
0.8291319321432586
0.5241953799054717
0.9289942281875152
0.7263768722726713
0.19114838930324018
0.11358657583985576
0.7702488403319587
0.8935537696020628
0.8364006796444661
0.5143784915129084
0.23975068660703003
0.24530158403580637
0.48281991784908196
0.4059685245999358
0.9569646672198777
0.8446503494701476
0.37676641402618327
0.3553793440529851
0.7085162830971803
0.3603061708763826
0.5325403417914785
0.9062061338508729
0.6806520211440612
0.8839968171855086
0.20287848679195664
0.04198467530099714
0.9444503986500878
0.8216251022932199
0.9824655098466819
0.33359283474261847
0.31770921291256227
0.48254351914977556
0.14058417813730517
0.2001325542789223
0.6129141220360388
0.13671514096250847
0.45676952104237256
0.9646323714845488
0.07199299410526372
0.06383935404539853
0.9912986890368303
0.23486409847122114
0.33199336872312
0.957433861068087
0.8318559725101315
0.18904536530728322
0.5466449272999705
0.8644914044089944
0.2934178326336585
0.9408819026353616
0.35333142496510184
0.8499640769626384
0.3128960649276462
0.8964130058926765
0.2444105059265742
0.5143420956999938
0.3394621799079296
0.05111730219727861
0.6131168310056099
0.57292665703635
0.22852031592312483
0.5823460937252158
0.7391078302123251
0.03610434279940211
0.42964278551309154
0.08449414883581441
0.5659609597740616
0.6971705385021123
0.5038787758556866
0.4615794418636854
0.49929539233108966
0.047678894004856476
0.3461610093857128
0.7493672338157058
0.3957183705792986
0.6693471225907723
0.549561978320968
0.257619158755523
0.718262343831332
0.8352915681284072
0.35088895110397456
0.07316743702200301
0.7797507925452416
0.756681420153613
0.7726560602916464
0.7256714766084718
0.7528001521226446
0.4508638210982625
0.3735557955966007
0.3069723316507298
0.8034330279404411
0.042326453242499174
0.583411619779282
0.5692089748510099
0.8646439552636356
0.0918431920293612
0.2644360878074148
0.7142988209141936
0.24452942238819908
0.1931177009359586
0.4183764787464863
0.40750606455801686
0.7592258199758839
0.17461475912975266
0.22794423655212293
0.2792509338875293
0.13907959291389838
0.976906614177319
0.6699981717233232
0.3213805838780939
0.6234687494176023
0.5688864772527786
0.3713549451388847
0.3963741350785539
0.07755922344855537
0.3921924285399552
0.4583573019578442
0.46635031131844884
0.22611170916557422
0.8130076152482202
0.9870359931479917
0.9950244152341241
0.9673329494292022
0.21592915929801504
0.15574286117808378
0.11012262081029744
0.9028439787764022
0.2903604092071519
0.6128420877167253
0.6113375853487801
0.1539522860625948
0.4143051063898835
0.6395939096930516
0.33537904198074786
0.3045982202887618
0.37836160045058476
0.22216281075292632
0.5089569464065893
0.5720009131074941
0.3644255212713683
0.10458829052987784
0.6323048693672555
0.8177238232888837
0.8624686011195057
0.6738777004444996
0.7971927180014113
0.4997859515239287
0.45823438884925083
0.3896195098408979
0.575310349387951
0.98280760660113
0.39087733840584304
0.6482449823614986
0.9922950584358339
0.2912595375072209
0.5633147068746003
0.4207880782018154
0.9923045302133815
0.33220843206198425
0.6775286263454228
0.6494990174378439
0.14998771733774152
0.13088041698503083
0.1526310751366462
0.5214429012988255
0.09396547680800382
0.29977060744261674
0.023860733967657533
0.5880198844834006
0.4077760722235815
0.9914050565339321
0.9612349058179772
0.5896947835524342
0.8044663811935939
0.5885240295172338
0.8894968716363922
0.7012218407675663
0.39033657358834617
0.8350434209205979
0.9257691721927361
0.03861605618171127
0.8057674381093243
0.6670956307061668
0.03518238615217051
0.6210451143686901
0.35437772649363053
0.0024096827339128435
0.8020687709401797
0.6984407058522706
0.38732429872357255
0.41518303809869694
0.09678828872119416
0.42582810833039564
0.18505763224574734
0.6560026766151577
0.2697257097272956
0.8030350509793818
0.7921330890047766
0.23046721947087323
0.41320924981522955
0.8444830891851847
0.94997332357615
0.46030999600482003
0.5968245891663571
0.24031763575219411
0.11612930839944702
0.41898135179553697
0.5428514684673471
0.938446665916085
0.5993725596335533
0.37296582917449617
0.3452137993423803
0.09914201916662102
0.4593494735658965
0.7801680339425836
0.0031441459830294782
0.4083227740202928
0.3971251865398744
0.03291476193541376
0.2500280216792694
0.1453915240847048
0.8335495979552856
0.21290929620523036
0.4118262144440268
0.5779046408447499
0.20792794663489245
0.08861056881315799
0.011781431233217399
0.5186396857427558
0.823042399222885
0.28146092648428866
0.3536411613327004
0.9628557478954685
0.5563797540204558
0.031903499645983935
0.7685884390672932
0.7681121066850807
0.3490098682218228
0.19667427969372686
0.8383133681128576
0.3266083903418009
0.7536156445507287
0.18803541488168785
0.8498507501571775
0.02405094700380528
0.24983188685661895
0.2572900206495712
0.7381477709402344
0.8738206410025742
0.5707135768903755
0.860340640721466
0.8024512713768344
0.10300319729788532
0.4773025656648682
0.8025444663469765
0.44624260393761395
0.7028566374334411
0.3966141224852422
0.014482992080157908
0.2010537874411713
0.7838402876804818
0.27541156119704735
0.6744425698793999
0.5211262914100672
0.5162762177946103
0.8899008485901607
0.055025206072004895
0.13486253259229608
0.4051499228425406
0.09137930220235901
0.10005638319724341
0.13995277698047226
0.3291470539415229
0.1743444492753481
0.44012327142434127
0.03069240138079965
0.6624071789239661
0.4000830373871582
0.4270572269251338
0.24255183349670095
0.6521912532469099
0.1568291120445804
0.7779037787188936
0.7881666622081243
0.813436071209076
0.8467504862889306
0.9769035959561929
0.23981926326472935
0.4284100739937231
0.507100707944204
0.8553443278794646
0.27337035713986535
0.17775721835886493
0.6611050402445364
0.6111927386908815
0.9786034619040171
0.1719759919465551
0.12846021562004384
0.30615823137850606
0.3143330939183282
0.13629902161591878
0.9683465416769639
0.8965402073046376
0.38076347903042485
0.8453347666974114
0.15138356186736868
0.2738812372454331
0.696627116997431
0.016006831730515536
0.6339543856215093
0.5623103532941176
0.9569844827989578
0.29402623249051785
0.021695403700271898
0.913794447557861
0.6395483382194145
0.31126492783267334
0.7220926251416215
0.9637586309857367
0.3229364945887456
0.36459487315895545
0.6497420696617815
0.49697748962950716
0.3010589154133383
0.42119753847819763
0.3679127029949465
0.12820529177864715
0.27758250991848943
0.22005464884186354
0.7751447591966849
0.3761304309443285
0.08205774525481124
0.46382896844489685
0.11277093643266478
0.08224864040277313
0.675604893468778
0.21834291758408786
0.9263694286194837
0.5974543091191056
0.5081667289839003
0.9480177035760613
0.09468215708834471
0.02825556196671508
0.4570378428310957
0.1964663597415368
0.5465018150125365
0.19013559142494918
0.14122505585913636
0.9848733403235916
0.18991547167827338
0.3346332465468116
0.6896422838171321
0.4811235731731833
0.09098211499562425
0.6780877093970927
0.38094766279189174
0.7382226300214234
0.24434019034133247
0.7211690494698593
0.3162134464680435
0.14328688877519546
0.42825807453094455
0.7332177979273096
0.2087699839797481
0.1859058587845568
0.8095168732307303
0.01599185661450786
0.4940592829021533
0.09580427592658158
0.7233553706037159
0.11713270564096834
0.9912452136612873
0.5037811482219563
0.9685320062825233
0.026769935425573932
0.7778332752130137
0.2559934080245232
0.04412259872897706
0.6135795317622308
0.631928519757557
0.0750676958063985
0.09880665995177007
0.47732057027595487
0.9322215734235548
0.1894043632216329
0.37784790460862716
0.4621674617277043
0.15928604509315725
0.10239807389870181
0.9981879069749633
0.6346439009173956
0.3247429612763044
0.6513643712162376
0.8585096692593099
0.5751809958079668
0.6597582701655635
0.7401032409701174
0.5829006084439519
0.7607173200553874
0.9576018307466567
0.8703281528409914
0.29321863585024177
0.21309269061430558
0.10743641678264293
0.0741502693635816
0.9645503655494116
0.2751108306417158
0.1956795149008197
0.9441690296907088
0.9706994609835211
0.13633902762540484
0.37623491132381304
0.3450382013616178
0.5286731299008602
0.41606824282570987
0.0284339031522145
0.025799974313951868
0.3687262582521842
0.1905634454459677
0.8578892006823755
0.8608254536562929
0.2721111097672677
0.5913619737991922
0.743606248497211
0.87861874871354
0.5487992167961626
0.33035296350052623
0.2863151312474508
0.4658448682907177
0.7061700217402958
0.23623054561660473
0.02858740277185845
0.25606901429110884
0.6968871975920525
0.8591330673744797
0.7042039551046182
0.19358858567905712
0.4491979587298649
0.5201495357690424
0.4822104798727962
0.5369489487403012
0.39065505432741365
0.11649928085372907
0.8517226333343539
0.6743665637008391
0.6391937312164997
0.20533571537078243
0.4317570202718317
0.2912971584895705
0.2377931258129402
0.7190148485160717
0.671729201523324
0.38263385690257534
0.9761454295428009
0.1439123839036962
0.2791948017959731
0.7032297560698353
0.17339395056159934
0.7138284848680032
0.9288940046718179
0.6325648184431663
0.9936190451909066
0.056599730329816245
0.24457142370134988
0.2229693749132753
0.163257694320611
0.13480574657080524
0.4178166903501175
0.9603428350284449
0.0018892413239974815
0.45776559910607784
0.3543493701148144
0.05033536121341409
0.7494817040476129
0.5697847026741056
0.4725623929009741
0.4362936519061662
0.40589770994607743
0.30180856678934864
0.6825243973773119
0.13715774676255932
0.10147782829986007
0.6682472772731587
0.29992106811614994
0.11813630337100567
0.2273985760287962
0.40551981355072564
0.7319530883325012
0.08959992934572569
0.8319703722986584
0.4343710309723774
0.18994184561409289
0.3318543115359829
0.8358578866065851
0.17301443385118542
0.7420888085296182
0.7919005599012285
0.9138391514394701
0.9902020459072334
0.6671308478495488
0.4339894116637919
0.6179542734694046
0.13947092685545748
0.5845824685330683
0.8764662923311646
0.40802219166115017
0.570627982434966
0.9139514605969206
0.8351862072106206
0.3987799282618403
0.6285841211861751
0.7611911041912534
0.8119363792075502
0.6224758340502858
0.8058282649138016
0.40977438116566756
0.03760621839219924
0.7993442182138959
0.592760206095247
0.4998349364625183
0.9021631055976478
0.23680885842844557
0.6902500935934581
0.8853849886670124
0.017257511905884648
0.5298609138339554
0.03234274929574532
0.017930914592315217
0.31327512017746195
0.7670319037009117
0.7804045653803975
0.11555540649591944
0.2936795899221063
0.17814867596699058
0.5738550794889481
0.7941448645991238
0.2859225651862807
0.439120259614064
0.7961747622782314
0.15582075188725564
0.3138893424415592
0.443545544144629
0.8524034046774946
0.8389065330794245
0.9992680648731942
0.13460170588216736
0.805944718041756
0.6009815230031552
0.25387618472448037
0.7275714942311997
0.23069115501355975
0.9599988248050575
0.4067533635261007
0.38706493063335756
0.5206965534821368
0.22105498802338475
0.9702484680942369
0.16095881777584964
0.12742277145002667
0.29029251715179805
0.3386968197996516
0.6619167408587774
0.11077530636122557
0.6084034037612391
0.12350077909056578
0.09994588396742166
0.5870962489574891
0.33956277647309596
0.14163345485389023
0.828739958312223
0.8347222376165941
0.1068644571182289
0.8819881544256389
0.41190293545494927
0.37715492976919984
0.7010619846747657
0.9449247901386661
0.16600323151790009
0.7598684796170574
0.5776892500525637
0.13321101094804733
0.12978103869294477
0.037686066509713845
0.6466186820349542
0.21989099171606274
0.43576038201735545
0.600163233953839
0.18170177049640057
0.7417509100016668
0.6553664587349131
0.044677310564863904
0.09329352134589408
0.5394885385125872
0.7388714540120143
0.07033036267721782
0.33399782547347945
0.7359722938195596
0.06861553459730585
0.0978733270300316
0.9985539432350339
0.9496338924596315
0.46817586793935684
0.11132009398787535
0.5856205692258647
0.8360820314943169
0.4010541305737716
0.13422815954289935
0.8127429258300507
0.1596312821682584
0.2601869283956999
0.3503056050487314
0.2684227333183744
0.02138767036238365
0.6742257413479977
0.45475695203357547
0.22860299234590298
0.8219464827365286
0.4822605214630089
0.8728812067912477
0.17270170445144406
0.5327639624067024
0.2517334991722695
0.6671010405172682
0.010002493851501537
0.2066594910740116
0.18814830535083038
0.6273136426072208
0.8020792073181182
0.44078433090237046
0.705768637369178
0.2920756124734438
0.15787295345787866
0.8052022640116183
0.22534088854028522
0.829326249390075
0.9393948842332474
0.17115633853193457
0.6831166729362652
0.9455679737761935
0.2629838038270247
0.2224810111651332
0.9092932638436908
0.6841403527377847
0.5071404368697638
0.5852148752141804
0.6662382655121446
0.8724157394317626
0.04405369620376698
0.39540140915798294
0.15362413856214263
0.3075904753972958
0.8291790040568956
0.5707651338892186
0.3537252714039074
0.5489679503601126
0.7876784471081486
0.17273497774988078
0.09274463347567741
0.8409105002321438
0.1302326962178053
0.7581922289348539
0.5908190931709563
0.2535883375624379
0.385612237833336
0.22679047135995467
0.5026366863679654
0.9034057237245108
0.54252671512194
0.2325891689041193
0.6373130723392688
0.33053816749543885
0.2933255180209844
0.33076981871895406
0.8199824576838364
0.8175621770848565
0.641335673014866
0.9466713605711874
0.8483381092362456
0.2225772418237444
0.979030446729261
0.5020473598734183
0.8680552490612878
0.8666900208375168
0.2803378292829841
0.4978101934488779
0.05948131661025924
0.7226335419990477
0.13760318000426075
0.8790149143515331
0.3351850585373093
0.03799895155840738
0.6348983099573744
0.27181364938069663
0.699210378280896
0.701612860801504
0.6441272600590056
0.20751921653744776
0.8983419975302924
0.030603529793607587
0.2138291331425075
0.18755990916445797
0.695772875329917
0.3015818578111238
0.5860955590967807
0.2607261533942069
0.7841592019419954
0.012878128590892324
0.14028182772078646
0.6812097433722559
0.7657618227514671
0.5853586779422995
0.05038896868372489
0.9746388629528513
0.6168209713836759
0.9911954519454862
0.007802907182728136
0.8685861102015069
0.34459915198732416
0.849339344337033
0.3371393471482049
0.05683082802680395
0.8280005280732512
0.3611119086591721
0.4124234693989408
0.8181290430423127
0.22556938740153698
0.25216718009511996
0.37417506624264396
0.763582850878332
0.971577110862702
0.15569138376012503
0.7042180822054207
0.546183893629411
0.3491426907902837
0.44341809252515874
0.9764120193485295
0.952067299193438
0.2842856187475633
0.17007276467488297
0.23068184104448974
0.8069397127269553
0.0442432317916297
0.339921618313884
0.4113023913881564
0.7731444033894241
0.8897761801434663
0.6977816971092583
0.5998988599163699
0.5070665309224154
0.546173865001601
0.6928407417531093
0.5718644459689199
0.5065499523129406
0.2806365643085671
0.7524499555890163
0.8643630338805626
0.9644351044317625
0.6867843793569277
0.6908029879756332
0.06422411241999848
0.8351761555029895
0.5458544057449335
0.07712124592437597
0.16932037926971755
0.8681188797661872
0.4249423778166235
0.5928052482623027
0.6832568650984838
0.23606304281319224
0.5541766904899712
0.8379224498509408
0.2926933795677178
0.35431481652472807
0.02336647219719068
0.5068871633443139
0.31306687944435363
0.45697703068697537
0.8776734376958322
0.47195675968378614
0.2898765907113554
0.08511851949709937
0.7018914756557462
0.6041572865320477
0.6035180135912841
0.3812216038232936
0.003942509507713021
0.04745145072807455
0.8260818672869017
0.40856072761464923
0.5741202906884935
0.3791586313582964
0.7278190728520284
0.7378920925649783
0.1401764666106302
0.8778676027027708
0.3098262205688318
0.6358359156724249
0.12951684086655946
0.7399910100987439
0.588769987220978
0.3885747883888564
0.42444196978218685
0.7221702891179571
0.10641762257663889
0.9244045243617709
0.10543136502045614
0.3522414899959274
0.6121143585354141
0.005100100596364454
0.9830415271752755
0.20479804642021437
0.25956332861568443
0.5876479787020386
0.33832031818354635
0.3058887896607754
0.5731018569128079
0.1419579856813118
0.50721808913004
0.47859806352623124
0.7095393988907921
0.8298673621758652
0.26968317497000305
0.4626638311121485
0.8784961490176442
0.9215034431537077
0.8654910160784186
0.5367323940760738
0.5384351624246428
0.6717493941279016
0.649658429527374
0.621512894229429
0.3310260669278857
0.7638147118202727
0.5155875247834436
0.5540071489871223
0.4390038984443889
0.20050959733621276
0.385360766725124
0.5497250668841693
0.562627534180026
0.06782991192292132
0.30442706370412953
0.28930772129624094
0.32259166260914407
0.5980128646896934
0.27303530256565733
0.19589243564153125
0.539289672807548
0.46130594785746926
0.24029918379390325
0.5059856984990434
0.588362502895825
0.3879653127994509
0.221497005277274
0.8560701621637803
0.27144014090179014
0.42741357542746816
0.08897615566323513
0.8322716788453388
0.8307189837279945
0.6187917819805651
0.870442160254939
0.5551046254740728
0.49057959777240323
0.8252793009207664
0.7764660026108996
0.48181643205915137
0.5991563210836135
0.05171139236105482
0.07071715226133879
0.42827520181143997
0.8310274057191533
0.7420593119919898
0.8189227096427851
0.7625657133986705
0.8143169871363438
0.9554397841157678
0.1293474292947734
0.8605333625956013
0.6113353764081748
0.7114421629600909
0.7855684358337189
0.4701218618794629
0.971703971051566
0.5166257452724659
0.8549580233303455
0.4594928025149325
0.28760014166499026
0.8382327736447808
0.9463941162785632
0.9540030838513831
0.7664435056789667
0.8998969701010711
0.25450059516610435
0.5051338226838407
0.5694848018784839
0.17474803440849973
0.33145219235136825
0.40969118275410255
0.5925253105372701
0.5747894316941076
0.5613936773299222
0.7870805763966033
0.6970555412227899
0.6246067381558957
0.9837612277190335
0.2733398715723816
0.1100667756478797
0.7324976779238315
0.518046999100368
0.6832312378968151
0.3291141329524514
0.5926081218550874
0.585470438698533
0.2327224133805048
0.6338327780239978
0.31708471291987284
0.38359280654582273
0.4814631518804844
0.7958291534502857
0.21945308027056698
0.25083426589052715
0.6609213979917645
0.7548874429796295
0.5608290130024332
0.07936480340558627
0.7825924967013824
0.9243351103590618
0.8065089961996017
0.4748824253201056
0.8569978251091923
0.08779338441330342
0.2706371666797269
0.45971784497238244
0.04972597821391056
0.40487521038274243
0.6193465630225166
0.5205243371090857
0.3951021928206926
0.5061454625846524
0.6820504868701449
0.30802021588677664
0.829044651527332
0.3819536138581643
0.19340776125000647
0.9427437243129217
0.637006381827846
0.409063550084513
0.7332975738897636
0.5672901318895491
0.9795760492638239
0.9585325876944164
0.6400962524863136
0.8323310616988535
0.50894082816071
0.6537736498284745
0.5387956517891375
0.7622699320909105
0.7328213439301272
0.5962387368820314
0.0838758441336418
0.5219436449335348
0.8747418649536753
0.9865226862150509
0.46581233792112653
0.36730282483292953
0.025281467429264737
0.191597420753995
0.5299234503503898
0.72216169249013
0.2572718704937893
0.7725074293114662
0.2285670961240054
0.44145971055302846
0.30268102514974604
0.3984714117889714
0.5623554545964411
0.6901286659982373
0.6528546744493808
0.2942413970435065
0.5840375384522936
0.8859051814123882
0.07533909037261388
0.9910001785439313
0.8217609485407265
0.10343359970148014
0.7973482164220687
0.6482411140900153
0.4704183364561394
0.41610477236645993
0.9715885509204809
0.9078587532538895
0.4503509039644007
0.22512581171947277
0.09861478417790459
0.6881074915282499
0.8436548198052123
0.1756509378483615
0.01040991683553183
0.01004191348130079
0.2985750068600901
0.10779873941859242
0.01505505181162392
0.5365269549432841
0.4806830751694269
0.6535125242596456
0.024578310886043786
0.9856277449664159
0.16701578352656155
0.986087250642838
0.8958439229305715
0.7653735104862582
0.37891579539124165
0.039634397633511176
0.6015216836624218
0.21713535020580021
0.21198988429801813
0.8444645867943454
0.7074850553188721
0.3124117729800595
0.4360784831060527
0.9833456359271084
0.09470736646885314
0.3126788745524236
0.1253015391915011
0.3204098735918821
0.6981578251393106
0.4026794174338113
0.32070679107197564
0.6443644127751138
0.7808406109445536
0.6210056071291441
0.794438257520715
0.5459435603030689
0.6324342560000435
0.5915381540787346
0.9150822803959875
0.7716043997179693
