# browser_rnd sample v1
ua: Mozilla/5.0 (Windows; U; Windows NT 6.0; en-US) AppleWebKit/534.16 (KHTML, like Gecko) Chrome/10.0.648.205 Safari/534.16
appName: Netscape
appVersion: 5.0 (Windows; U; Windows NT 6.0; en-US) AppleWebKit/534.16 (KHTML, like Gecko) Chrome/10.0.648.205 Safari/534.16
platform: Win32
vendor: Google Inc.
oscpu: 
cpuClass: 
language: en-US
hardwareConcurrency: 
deviceMemory: 
screen: 1024x768x32
date: Fri Jun 12 2026 06:41:31 GMT-0700 (Pacific Daylight Time)
epoch: 1781271691138
count: 4096
---
0.8850345565006137
0.7631554687395692
0.5053156751673669
0.23805406969040632
0.8430594992823899
0.7793314473237842
0.4299457666929811
0.5824523321352899
0.5865734168328345
0.9801877264399081
0.5621555026154965
0.6410827052313834
0.941698198672384
0.9272200728300959
0.763854403514415
0.9137139380909503
0.4331004936248064
0.4274007505737245
0.7461825052741915
0.4014582703821361
0.384987810626626
0.5242812535725534
0.20372379664331675
0.6238649359438568
0.43225434329360723
0.23828069563023746
0.6992673021741211
0.24468088778667152
0.7728116640355438
0.6566762246657163
0.5729381476994604
0.27881838590838015
0.5981066210661083
0.2701453061308712
0.20226303185336292
0.32669544382952154
0.5416169201489538
0.9909160730894655
0.10062233405187726
0.24871049029752612
0.3580860118381679
0.9259814405813813
0.7423437598627061
0.09305365523323417
0.31382481451146305
0.3777859704568982
0.2186190530192107
0.10493473382666707
0.45397563581354916
0.6629461864940822
0.23908817488700151
0.7268145978450775
0.4495594799518585
0.9882150723133236
0.20261702872812748
0.7061097607947886
0.9423467144370079
0.656193844275549
0.18141919444315135
0.9809004045091569
0.8464109341148287
0.3008473552763462
0.31591455242596567
0.777006687130779
0.8249385755043477
0.49407355580478907
0.5296028088778257
0.13691740459762514
0.9875596191268414
0.7698616697452962
0.20400752127170563
0.9162309740204364
0.1941399318166077
0.5887987848836929
0.12005950813181698
0.6880467587616295
0.9987973219249398
0.8240499615203589
0.3371613777708262
0.8664554571732879
0.16798375314101577
0.12550137820653617
0.2710326334927231
0.653579990612343
0.34126071468926966
0.9496909617446363
0.7835292927920818
0.6181796654127538
0.9133179690688848
0.684279409237206
0.11305175325833261
0.2549116057343781
0.3905685138888657
0.9030137290246785
0.22279837192036211
0.965222810395062
0.9727297720964998
0.9297918216325343
0.5505140058230609
0.20269502652809024
0.27972401212900877
0.6712759309448302
0.14057194627821445
0.8878828098531812
0.05652771261520684
0.9353036321699619
0.23866748227737844
0.6496941880322993
0.47695051156915724
0.5081056775525212
0.30730848340317607
0.7402917924337089
0.5902686968911439
0.5819523187819868
0.061645492911338806
0.7369596236385405
0.47741292999126017
0.4803995946422219
0.8980246568098664
0.8120601493865252
0.46011131443083286
0.8309072447009385
0.8792676988523453
0.7282151756808162
0.7080889283679426
0.5721210991032422
0.8463080264627934
0.1215429469011724
0.5512105468660593
0.6954498714767396
0.3956723543815315
0.5616512298583984
0.6959776829462498
0.581037033116445
0.27513651782646775
0.654051227029413
0.26664720266126096
0.49031279468908906
0.44554043747484684
0.9318257032427937
0.8428151865955442
0.1450534036848694
0.8307003497611731
0.8041180977597833
0.5248968633823097
0.0042455256916582584
0.11650333367288113
0.9225003332830966
0.42666999669745564
0.9453338102903217
0.06260649161413312
0.48037729784846306
0.09992561163380742
0.012020992580801249
0.004784838994964957
0.5707565282937139
0.24446878000162542
0.8028800652828068
0.501937628723681
0.02978137880563736
0.8464910322800279
0.5848261176142842
0.8214731151238084
0.33447725349105895
0.5830290874000639
0.968606773763895
0.4066018583253026
0.17699208832345903
0.2504810905084014
0.8370193892624229
0.4018720658496022
0.23109331051819026
0.990017817588523
0.6434210604056716
0.05478705535642803
0.4897693218663335
0.018352188868448138
0.3270884775556624
0.10453509259968996
0.28440191480331123
0.795260037528351
0.03746161167509854
0.31944757560268044
0.5001227101311088
0.19301294162869453
0.6105106356553733
0.8368139977101237
0.27164607658050954
0.618928914424032
0.26557045988738537
0.9833542653359473
0.7143282322213054
0.4338259131181985
0.39183844765648246
0.824422470992431
0.09732126793824136
0.3087296257726848
0.9700713271740824
0.4056779232341796
0.7675894172862172
0.8245406888891011
0.8221082650125027
0.5978890045080334
0.6791972161736339
0.08909464720636606
0.6116208820603788
0.9576468840241432
0.39736949861980975
0.8889990446623415
0.3808523507323116
0.927616672590375
0.11413400177843869
0.4434337082784623
0.8735240378882736
0.40721996407955885
0.6874421336688101
0.16081162844784558
0.8964923692401499
0.22156802518293262
0.2692585743498057
0.27193260635249317
0.016719190636649728
0.84528235392645
0.01338636758737266
0.1944391366560012
0.7974415358621627
0.6533231884241104
0.048462952487170696
0.9570557698607445
0.07971979561261833
0.40963188861496747
0.36780949938111007
0.3498519598506391
0.377992429304868
0.13636824395507574
0.5943490248173475
0.42066628066822886
0.5039693531580269
0.40386554622091353
0.37650850717909634
0.8848400535061955
0.3691757735796273
0.38710100040771067
0.9162899933289737
0.9897442406509072
0.8761003795079887
0.04867525491863489
0.41604762873612344
0.837295628618449
0.2132180822081864
0.6719953429419547
0.6158681358210742
0.10686882073059678
0.7549424865283072
0.015277195256203413
0.09213859238661826
0.057541916612535715
0.2812692578881979
0.12780910008586943
0.07847445970401168
0.6854822721797973
0.20617421949282289
0.9711376340128481
0.8349893752019852
0.7828124882653356
0.04068585345521569
0.3379931210074574
0.8860795302316546
0.6038267232943326
0.1510234447196126
0.2598359677940607
0.6169951485935599
0.6179320688825101
0.22963911551050842
0.5221754901576787
0.2700005630031228
0.5184152228757739
0.959531229455024
0.7293694515246898
0.06102106370963156
0.2560408834833652
0.10479077906347811
0.8340513596776873
0.8838797670323402
0.08884206251241267
0.7014480982907116
0.8270012279972434
0.6052529844455421
0.5791986263357103
0.5316925088409334
0.4669470323715359
0.3905236490536481
0.33031448698602617
0.34004018688574433
0.639145398279652
0.7395323747768998
0.5723439592402428
0.32557083875872195
0.00682832021266222
0.33732862933538854
0.6105839400552213
0.738728461554274
0.22292309650219977
0.38536479067988694
0.5261322285514325
0.46030415408313274
0.0029376845341175795
0.5672897389158607
0.628141307272017
0.5859413237776607
0.877767430851236
0.3080192832276225
0.4616172728128731
0.3926967710722238
0.4298170597758144
0.8515189073514193
0.9642063258215785
0.09664180944673717
0.0029846876859664917
0.054443818051368
0.718238091096282
0.3199915133882314
0.6277165913488716
0.21568675409071147
0.9383172900415957
0.45657403697259724
0.5945217146072537
0.8064209325239062
0.5711026024073362
0.10693166870623827
0.9860977462958544
0.5991315473802388
0.4639722411520779
0.4286357257515192
0.4558596797287464
0.7942130193114281
0.2111434384714812
0.9297877585049719
0.12090516765601933
0.9060117430053651
0.1988076400011778
0.1982988859526813
0.6198981162160635
0.7626300265546888
0.6121779202949256
0.6452711115125567
0.09801409230567515
0.5922602876089513
0.11703415238298476
0.4336593777406961
0.849762961268425
0.09463013615459204
0.47693904652260244
0.6308969024103135
0.6374777005985379
0.8523608068935573
0.10696574067696929
0.8370559378527105
0.01323462394066155
0.5487784317228943
0.37801273074001074
0.8126945965923369
0.2949553793296218
0.5534509636927396
0.15219415468163788
0.6672819717787206
0.27386665460653603
0.8822142870631069
0.2857134463265538
0.7467458536848426
0.19331287406384945
0.46756752696819603
0.32782448874786496
0.43483120715245605
0.404551574960351
0.7220954387448728
0.23533110576681793
0.9910480692051351
0.004775931593030691
0.5589294654782861
0.06528878514654934
0.5444014088716358
0.5100487656891346
0.9863183433189988
0.2880585831589997
0.6772033835295588
0.5810377367306501
0.26455449033528566
0.16714208060875535
0.7603321501519531
0.7414456077385694
0.7175884312018752
0.451138119911775
0.08552854019217193
0.04717660858295858
0.688067551702261
0.08588711195625365
0.1551725820172578
0.4034543994348496
0.9489820355083793
0.8699082389939576
0.00018435949459671974
0.2599614057689905
0.0447264623362571
0.5301190428435802
0.4988156254403293
0.7990590136032552
0.619862197432667
0.973318523960188
0.73495779116638
0.09430624474771321
0.5660250154323876
0.4233053389471024
0.07766946125775576
0.5188544723205268
0.209993792232126
0.46678183204494417
0.5680315005593002
0.5307993553578854
0.17861116002313793
0.11536678299307823
0.7131943905260414
0.6365257692523301
0.924441805575043
0.9251056185457855
0.3439151484053582
0.25663622468709946
0.26434756093658507
0.6508138522040099
0.6708877568598837
0.2473559386562556
0.47468015854246914
0.22992364945821464
0.15931460005231202
0.35638678376562893
0.260219931602478
0.8353892399463803
0.612537223380059
0.2247754035051912
0.5705525404773653
0.4711327750701457
0.5405282620340586
0.021144488593563437
0.5864361268468201
0.5866311837453395
0.23884209105744958
0.6581321968697011
0.42555214068852365
0.05265330709517002
0.39255173318088055
0.12220688257366419
0.551637414842844
0.49068199936300516
0.1447572240140289
0.35001926333643496
0.4573002418037504
0.7754593561403453
0.9303805374074727
0.4392195411492139
0.6417735151480883
0.8210487600881606
0.5717389867641032
0.8074656832031906
0.4813046536874026
0.36623473931103945
0.28776279860176146
0.04537379532121122
0.23809184529818594
0.7118010362610221
0.3724639501888305
0.5714687898289412
0.4005854348652065
0.13260943838395178
0.2738638708833605
0.016496187075972557
0.9489295708481222
0.9593295140657574
0.6388949332758784
0.49913376453332603
0.7065755273215473
0.5967748127877712
0.43455979134887457
0.4024287876673043
0.31173763307742774
0.8344083805568516
0.9749655162449926
0.7790125550236553
0.6582144380081445
0.5507793340366334
0.6392328678630292
0.6789132691919804
0.9585628022905439
0.2814662675373256
0.9694211576133966
0.13392159482464194
0.10752785671502352
0.739463240839541
0.01604887912981212
0.28851405857130885
0.05293330899439752
0.03319241269491613
0.9520966152194887
0.7378977064508945
0.38994879578240216
0.04727320233359933
0.8085044217295945
0.5444017031695694
0.9293032283894718
0.2576276776380837
0.26120270579122007
0.4463197700679302
0.13590348209254444
0.14573091780766845
0.2524191178381443
0.46035649883560836
0.5408387205097824
0.2970912652090192
0.37439279770478606
0.9785067704506218
0.39122598920948803
0.5675862287171185
0.12921184836886823
0.1373772828374058
0.6847683608066291
0.7266033929772675
0.8035312127321959
0.03029955946840346
0.19609292992390692
0.2941242237575352
0.17999737383797765
0.3151444988325238
0.5037146094255149
0.7546075684949756
0.8288971257861704
0.583896838594228
0.40133482846431434
0.7806374439969659
0.12944550975225866
0.7191009502857924
0.9520242989528924
0.3042981948237866
0.8625790697988123
0.30338637344539165
0.9659737232141197
0.22329051000997424
0.05200685351155698
0.5861749828327447
0.014299338916316628
0.8944072548765689
0.8569335490465164
0.9184525979217142
0.3572722324170172
0.4063769462518394
0.37060826015658677
0.14282086584717035
0.6413080138154328
0.16667417576536536
0.04979939991608262
0.7594292385037988
0.8291187069844455
0.04814850678667426
0.21007531695067883
0.021774580469354987
0.09230958623811603
0.2663402834441513
0.8913913362193853
0.8709565072786063
0.8907547870185226
0.5197457964532077
0.9506981873419136
0.11496608145534992
0.4820586470887065
0.18070079805329442
0.3698627366684377
0.37450005766004324
0.9682689909823239
0.8787361136637628
0.06212126323953271
0.9556437891442329
0.19001936493441463
0.303445593919605
0.8430123513098806
0.12391439103521407
0.985195207875222
0.32668191054835916
0.41917171981185675
0.0709805111400783
0.8756690274458379
0.1714308934751898
0.6177704837173223
0.33726774039678276
0.6988105529453605
0.37745702057145536
0.5896581006236374
0.8131954509299248
0.029709954978898168
0.7656659125350416
0.5355894421227276
0.4181792219169438
0.5221787509508431
0.3763539243955165
0.31055987579748034
0.8197200016584247
0.30800127796828747
0.8647688094060868
0.536192923085764
0.4740741993300617
0.8287712063174695
0.9128377924207598
0.7517945263534784
0.2648786783684045
0.6737161837518215
0.3885647233109921
0.6777774570509791
0.509501998545602
0.753878517774865
0.3193629658780992
0.519647165434435
0.6796494524460286
0.9680133687797934
0.46112495101988316
0.7137171979993582
0.5751610351726413
0.10581359709613025
0.8089167766738683
0.8081712832208723
0.5637888272758573
0.9029760309495032
0.1923131241928786
0.8890630097594112
0.5215816900599748
0.6419950581621379
0.7649480605032295
0.368172449991107
0.08873791224323213
0.4618369925301522
0.1664249764289707
0.35882110288366675
0.9564765957184136
0.8189068522769958
0.21085741673596203
0.225774948252365
0.5746920616365969
0.9074921743012965
0.1727078752592206
0.020324581069871783
0.917424299987033
0.09049947909079492
0.6434091744013131
0.9832704637665302
0.5428550795186311
0.053562913089990616
0.30485688778571784
0.22753324080258608
0.4994707724545151
0.8847713205032051
0.1821392416022718
0.6226363354362547
0.29191460530273616
0.6257979441434145
0.12298200326040387
0.45243259496055543
0.698805894004181
0.878324612043798
0.6793660847470164
0.45240539219230413
0.8844545050524175
0.3094461241271347
0.9268907106015831
0.9969473781529814
0.13831302686594427
0.5844804339576513
0.44765083817765117
0.39514270052313805
0.2423876493703574
0.9859277734067291
0.4704170934855938
0.2620426188223064
0.5919910098891705
0.05571330967359245
0.8709812730085105
0.983450967585668
0.44044523290358484
0.36398857994936407
0.34169673873111606
0.1452938688453287
0.009539512917399406
0.6458154527936131
0.06574098346754909
0.5164674196857959
0.20333581930026412
0.9527963467407972
0.7825626283884048
0.0815009584184736
0.3111722201574594
0.21749097341671586
0.3237979963887483
0.37079069996252656
0.8654599061701447
0.9561994136311114
0.9508583280257881
0.5662887934595346
0.4962203875184059
0.9221114043612033
0.5383240249939263
0.48071708576753736
0.7785189268179238
0.3281331402249634
0.892291932599619
0.18785848864354193
0.16519649256952107
0.07610835833474994
0.27072729263454676
0.34367868513800204
0.42596061876975
0.10602183477021754
0.6221919951494783
0.32590983784757555
0.44518243870697916
0.8647417782340199
0.4853535871952772
0.4497200346086174
0.4930278065148741
0.9589895133394748
0.9714719117619097
0.6698986224364489
0.7616004564333707
0.8455495371017605
0.023323372704908252
0.42509973561391234
0.33559974981471896
0.538894101511687
0.021643504267558455
0.20087928581051528
0.8532113367691636
0.45039530214853585
0.08513619285076857
0.380099558737129
0.8331493916921318
0.7571519115008414
0.21979324775747955
0.7548128622584045
0.5661764210090041
0.8728158641606569
0.9636641875840724
0.8009774324018508
0.39485680824145675
0.7237554420717061
0.7170078814961016
0.005273250630125403
0.01971812406554818
0.822985942941159
0.8618031626101583
0.3908581251744181
0.9633117909543216
0.5547618323471397
0.04199335863813758
0.7221332849003375
0.15902324486523867
0.9161071011330932
0.09184990427456796
0.8477618293836713
0.4403319808188826
0.7746225441806018
0.8951900948304683
0.6191372743342072
0.9506453792564571
0.4787270915694535
0.11373400338925421
0.5235478046815842
0.9738064808771014
0.7318996496032923
0.7100472371093929
0.7792723455931991
0.09849935141392052
0.7191194165498018
0.06277339905500412
0.5578945796005428
0.7390473249834031
0.0393519711215049
0.6723039185162634
0.36392307141795754
0.21607086365111172
0.8920726703945547
0.6631065153051168
0.6913448295090348
0.15120916301384568
0.07842612941749394
0.006370540475472808
0.2748560314066708
0.6119275942910463
0.3444720609113574
0.9517428365070373
0.9391471701674163
0.333300355123356
0.21354005695320666
0.23383106687106192
0.42216251767240465
0.5826235741842538
0.7873037802055478
0.744355887407437
0.476309283869341
0.8692284394055605
0.3489580871537328
0.9429229851812124
0.8906115433201194
0.4834168755915016
0.8233394261915237
0.09773583058267832
0.5388791107106954
0.32336690928786993
0.7572253367397934
0.7527458555996418
0.15143149509094656
0.574587017763406
0.9168424943927675
0.9672798849642277
0.5180279673077166
0.25030574621632695
0.8242683794815093
0.3764689080417156
0.9937777644954622
0.05867537693120539
0.5334552240092307
0.04506798624061048
0.0946365708950907
0.5871074586175382
0.44858528370969
0.8068602359853685
0.8477466905023903
0.27955883578397334
0.3941284134052694
0.35272799455560744
0.008159395074471831
0.4295440800487995
0.4807613021694124
0.40946801588870585
0.38891041558235884
0.503066688310355
0.5398107124492526
0.5263382950797677
0.4448577912990004
0.13166011753492057
0.3245045926887542
0.27108756289817393
0.45814676815643907
0.3206503407564014
0.3015079058241099
0.2757258075289428
0.9322423387784511
0.9777707424946129
0.6289982001762837
0.971328787971288
0.40683016134426
0.640060841338709
0.6233493324834853
0.49892790406011045
0.8003719747066498
0.13272012816742063
0.4480918461922556
0.49927727063186467
0.6758605835493654
0.05917697912082076
0.9694956201128662
0.8290324544068426
0.7820370746776462
0.2681123635265976
0.28043835959397256
0.22098841681145132
0.48586104647256434
0.701939215650782
0.10222955164499581
0.31643156590871513
0.8444365831092
0.592734664445743
0.02523834747262299
0.3593719508498907
0.18451734143309295
0.32619151659309864
0.9162403496447951
0.26307190232910216
0.6383107563015074
0.6704917317256331
0.5736531573347747
0.23531549470499158
0.34321071207523346
0.9188183345831931
0.6059285595547408
0.015582494204863906
0.2901409307960421
0.8475090109277517
0.5265443245880306
0.9517628035973758
0.6059479545801878
0.5982747445814312
0.6598159542772919
0.6795446425676346
0.09837037906982005
0.5859500758815557
0.5789235858246684
0.3669610843062401
0.4197295526973903
0.9654773564543575
0.6735497736372054
0.5786352867726237
0.698451081989333
0.9751661629416049
0.03565444704145193
0.29278086475096643
0.44850473501719534
0.8203150755725801
0.38580943271517754
0.22208918537944555
0.160673962906003
0.557064802153036
0.7686474879737943
0.39708617818541825
0.06443794327788055
0.42748128226958215
0.3587265487294644
0.7191195141058415
0.20956137496978045
0.22079797997139394
0.6766629903577268
0.2354097869247198
0.785923118935898
0.7793111819773912
0.2695043927524239
0.6121925539337099
0.9312089730519801
0.8086394928395748
0.5558326365426183
0.006001646863296628
0.005709302611649036
0.9776077761780471
0.9012203642632812
0.5539938365109265
0.8018767817411572
0.4457930859643966
0.6973238373175263
0.15667232987470925
0.030378137016668916
0.6517178011126816
0.8209355215076357
0.06451462116092443
0.48708042525686324
0.741854133317247
0.7941951167304069
0.8083714710082859
0.8888133105356246
0.8434713277965784
0.3771843232680112
0.5174136960413307
0.353361475514248
0.20590196014381945
0.6299474302213639
0.5102468703407794
0.3679090493824333
0.35533009050413966
0.8907452491112053
0.6647688953671604
0.177726422669366
0.47302022366784513
0.7035204330459237
0.19750766013748944
0.5712867896072567
0.5326593306381255
0.0009018341079354286
0.5825181959662586
0.6009670074563473
0.9285661904141307
0.21263036457821727
0.7234810281079262
0.46036505443044007
0.37068072496913373
0.42967860540375113
0.762186142615974
0.14590691425837576
0.3749271770939231
0.6368064782582223
0.8874679994769394
0.10569647303782403
0.4722796988207847
0.5859742970205843
0.9180598324164748
0.5377790916245431
0.17074991948902607
0.6066755561623722
0.23461784492246807
0.4131373616401106
0.19867989094927907
0.8433410294819623
0.4750657919794321
0.6686758110299706
0.3534033950418234
0.9835251697804779
0.9689952058251947
0.2991898241452873
0.8979335150215775
0.3252313840202987
0.7802327708341181
0.41986343008466065
0.27551282849162817
0.6656880886293948
0.676808430114761
0.12739156209863722
0.5067406757734716
0.34092011279426515
0.45660382648929954
0.821635237429291
0.9031580775044858
0.10698553500697017
0.42982178507372737
0.6903651366010308
0.9170682223048061
0.9300214175600559
0.9806470421608537
0.6789569223765284
0.8434715974144638
0.2588194045238197
0.21276820683851838
0.42260303907096386
0.9296980630606413
0.8555737193673849
0.7332632245961577
0.4125438714399934
0.4799898290075362
0.63066725153476
0.17766976286657155
0.1973654660396278
0.19773536617867649
0.7472944166511297
0.4513512176927179
0.999711902346462
0.5366659492719918
0.03735786280594766
0.2248562949243933
0.6306976282503456
0.16195612936280668
0.17214102274738252
0.727981093339622
0.28356072469614446
0.12133743241429329
0.33634027279913425
0.008537867106497288
0.5228538163937628
0.9657604419626296
0.449659506091848
0.5076259661000222
0.2406397343147546
0.17762661073356867
0.2850373915862292
0.5287877877708524
0.5574810851830989
0.7711685232352465
0.4741838425397873
0.47413982078433037
0.6143095614388585
0.4568397954571992
0.0014917694497853518
0.9756272991653532
0.565558381844312
0.4332845574244857
0.00024188123643398285
0.705955486278981
0.18716238369233906
0.11137898033484817
0.48734294436872005
0.3580199838615954
0.8041843506507576
0.07877993071451783
0.3490645580459386
0.44574780110269785
0.7495769076049328
0.20657905144616961
0.23806035798043013
0.6745334016159177
0.8349400432780385
0.9231934980489314
0.7806464130990207
0.9879312480334193
0.23553472524508834
0.03844616748392582
0.10625570546835661
0.8651167643256485
0.39672473282553256
0.5803990226704627
0.9781462149694562
0.9689936633221805
0.7320500405039638
0.34835567604750395
0.30145835829898715
0.5990303175058216
0.6931607376318425
0.24322439264506102
0.6155547362286597
0.018851263681426644
0.013426490593701601
0.8564551491290331
0.9343110078480095
0.023264481453225017
0.21877269726246595
0.545975475339219
0.26325955404900014
0.19867643737234175
0.7587978062219918
0.7849133138079196
0.8438036432489753
0.7288348744623363
0.2521809437312186
0.7636436072643846
0.19959311350248754
0.8871926621068269
0.7052236162126064
0.6105875431094319
0.9462617428507656
0.5765804341062903
0.6984963382128626
0.6663160715252161
0.04360523703508079
0.015784434042871
0.30625511636026204
0.5395106158684939
0.1332791296299547
0.17272088630124927
0.14767875312827528
0.4782699993811548
0.7377126780338585
0.35343874245882034
0.15067045716568828
0.14423052547499537
0.9787391503341496
0.7229226650670171
0.020747394766658545
0.022664105286821723
0.7034394901711494
0.12294671614654362
0.36801153770647943
0.08556644944474101
0.12848462746478617
0.7885684645734727
0.3086586007848382
0.10358488420024514
0.2996778234373778
0.46100534009747207
0.823888793354854
0.39276222605258226
0.454686822835356
0.338108625728637
0.6324393497779965
0.5334779950790107
0.49693117872811854
0.8523077419959009
0.7712836426217109
0.5892077155876905
0.6763765388168395
0.28939602710306644
0.5792667609639466
0.6099379993975163
0.6188072294462472
0.9435876866336912
0.29922794131562114
0.5758824208751321
0.9489037818275392
0.14667106419801712
0.6853753146715462
0.2959415439981967
0.5841665319167078
0.6904190315399319
0.26053360337391496
0.8699705493636429
0.8682427490130067
0.4684799595270306
0.5547021054662764
0.5064652196597308
0.42811696720309556
0.3003602030221373
0.0286820309702307
0.1174195408821106
0.7823986627627164
0.40514969918876886
0.9181455022189766
0.8203885173425078
0.9071490475907922
0.33694643364287913
0.015914508141577244
0.9845492427702993
0.5734686492942274
0.6432345847133547
0.05059140920639038
0.3615599006880075
0.4295296845957637
0.11602630210109055
0.11111498647369444
0.8574750260449946
0.7842784966342151
0.20718321134336293
0.25762661127373576
0.8538544774055481
0.17470260616391897
0.8874457261990756
0.71682243864052
0.3283789702691138
0.8831264297477901
0.16258848295547068
0.006832565180957317
0.24540140549652278
0.8949958153534681
0.987265867413953
0.47954627266153693
0.5959050767123699
0.152668300550431
0.17839223658666015
0.004626428475603461
0.02359129930846393
0.10458031622692943
0.8055059593170881
0.4485845463350415
0.9300590101629496
0.4086784771643579
0.8731385543942451
0.2850757255218923
0.0493434586096555
0.9031443193089217
0.10723034245893359
0.45543486694805324
0.8180486690253019
0.33849306707270443
0.9399605204816908
0.4488857798278332
0.28795157209970057
0.4253265163861215
0.9464060633908957
0.5489841250237077
0.8018394431564957
0.31477331346832216
0.751943675102666
0.5685371493455023
0.30703546735458076
0.6205357264261693
0.5162516592536122
0.6188540828879923
0.5830470414366573
0.6931191422045231
0.10600187256932259
0.6446886414196342
0.3765972387045622
0.4052925519645214
0.3302537789568305
0.09195849415846169
0.46599488938227296
0.16813426674343646
0.5406178692355752
0.6707163299433887
0.9800613264087588
0.09680548962205648
0.21704211574979126
0.8439256423152983
0.9213043262716383
0.8370500071905553
0.9084973258432001
0.5514424680732191
0.6009174399077892
0.2187387642916292
0.7436370786745101
0.07868263637647033
0.9302943458314985
0.6615585521794856
0.17447241861373186
0.3174315264914185
0.11593602178618312
0.6632793347816914
0.4586353281047195
0.5931671699509025
0.6024800029117614
0.3447882761247456
0.792564831674099
0.22546282690018415
0.056691932026296854
0.766760888742283
0.1661612270399928
0.9410902748350054
0.09523718897253275
0.0925348550081253
0.769305610563606
0.39143375447019935
0.3470053712371737
0.4683240426238626
0.6196347952354699
0.3252153815701604
0.05915234982967377
0.6434837728738785
0.7860888049472123
0.21461979835294187
0.5404987700749189
0.7482450932729989
0.6190370628610253
0.48313204711303115
0.9521956539247185
0.9404247528873384
0.7181493160314858
0.43515796889550984
0.4708835086785257
0.8744307265151292
0.7047400292940438
0.5521131660789251
0.30645936634391546
0.7394975468050689
0.2564741871319711
0.8464798838831484
0.14861133485101163
0.2685596188530326
0.2820831087883562
0.14426618441939354
0.18107161903753877
0.7177605798933655
0.9042466469109058
0.09965411084704101
0.09727681986987591
0.2075768548529595
0.536732577951625
0.41102488548494875
0.9588964888826013
0.5405910715926439
0.5526987435296178
0.6497644362971187
0.9105008989572525
0.34318464528769255
0.17148836329579353
0.5738160039763898
0.1589505299925804
0.011917746160179377
0.6534576679114252
0.6822741492651403
0.06906468537636101
0.5113076590932906
0.5386739207897335
0.22332962090149522
0.5032697415445
0.34384350874461234
0.7622601145412773
0.918004832463339
0.9449051271658391
0.5448930605780333
0.6216229370329529
0.70169547945261
0.15316946618258953
0.8534498631488532
0.8850346188992262
0.9715570947155356
0.44869223912246525
0.9724546326324344
0.4845796360168606
0.7412704084999859
0.7928157951682806
0.4747440160717815
0.794025432318449
0.4525735969655216
0.15425492147915065
0.7641639637295157
0.32383234123699367
0.8073788327164948
0.9568475540727377
0.6103822086006403
0.7548702820204198
0.04291168600320816
0.6811473004054278
0.9811015180312097
0.4616361928638071
0.33647633949294686
0.2774307925719768
0.1314238056074828
0.20440745214000344
0.7868370073847473
0.6079419266898185
0.40262440498918295
0.7428804021328688
0.5414072286803275
0.3282611465547234
0.27134763821959496
0.6141141525004059
0.00911730108782649
0.11542939790524542
0.8739889753051102
0.14525427320040762
0.1816089521162212
0.46190770133398473
0.03931444138288498
0.38776972866617143
0.9865940576419234
0.3729101838544011
0.6495376089587808
0.9116631299257278
0.2148132415022701
0.9446576631162316
0.12259030807763338
0.5297420988790691
0.004289654782041907
0.8115441089030355
0.7764870217069983
0.9250530183780938
0.5681340154260397
0.7380237397737801
0.25028138887137175
0.8201640998013318
0.6329658324830234
0.5489922363776714
0.625043373554945
0.06289288937114179
0.017649969551712275
0.13760200259275734
0.5192552779335529
0.910459040896967
0.5772439893335104
0.49878408410586417
0.69746353616938
0.2634810828603804
0.7456539897248149
0.1295152883976698
0.9557721498422325
0.7408492737449706
0.8278436993714422
0.6530993254855275
0.6040880833752453
0.6093378029763699
0.6328315027058125
0.35314398678019643
0.3735761169809848
0.5486033004708588
0.3761592907831073
0.9921322553418577
0.13546174834482372
0.09465314284898341
0.20219808421097696
0.9712973239365965
0.473765044240281
0.7921748638618737
0.6315508012194186
0.071691301651299
0.5082746932748705
0.2838245313614607
0.5871374122798443
0.6835074960254133
0.7239326625131071
0.08494995138607919
0.7651806338690221
0.5154748563654721
0.931233789306134
0.8822830386925489
0.4770409516058862
0.02393644070252776
0.781314282445237
0.30116197280585766
0.5612273011356592
0.8477984988130629
0.39741078461520374
0.9552312917076051
0.14839713973924518
0.43248002673499286
0.43160535604692996
0.8739173081703484
0.06720193312503397
0.7989631243981421
0.4276753112208098
0.10638485429808497
0.16162050678394735
0.4661269469652325
0.28433379414491355
0.7428404944948852
0.782373296096921
0.6297374665737152
0.938014357816428
0.4081092248670757
0.44174340181052685
0.9881254355423152
0.8135846816003323
0.9211440219078213
0.17890946357510984
0.6176118310540915
0.13636975572444499
0.7295204976107925
0.23770914948545396
0.9951686514541507
0.3136940060649067
0.37384528387337923
0.6801924973260611
0.193439468042925
0.5069518345408142
0.27560934121720493
0.09941769088618457
0.28114056726917624
0.07451054570265114
0.669495553476736
0.5889624611008912
0.5933365002274513
0.8811314122285694
0.41466569621115923
0.9735933882184327
0.7730410830117762
0.0934781248215586
0.1260038330219686
0.8443843596614897
0.7930124239064753
0.866232001921162
0.9635881525464356
0.976757435593754
0.8518408017698675
0.11888932250440121
0.40056525985710323
0.3132058314513415
0.9871528008952737
0.20265028695575893
0.8337169312871993
0.5288373385556042
0.5592982026282698
0.8993678817059845
0.4975697253830731
0.7509893770329654
0.1332109160721302
0.035601035226136446
0.12553148879669607
0.32456631609238684
0.5240218595135957
0.5799059474375099
0.4345806916244328
0.95701003074646
0.6052139133680612
0.524326796643436
0.02027569804340601
0.42347546317614615
0.9749422636814415
0.41899925912730396
0.23152824980206788
0.35863998834975064
0.2239801585674286
0.09400646458379924
0.9957372781354934
0.10440289485268295
0.1487689376808703
0.4909927202388644
0.19953077379614115
0.47698916657827795
0.3823720177169889
0.10541398683562875
0.03352346643805504
0.8278440102003515
0.2540884593036026
0.3322749345097691
0.46814035810530186
0.8420887084212154
0.3706819473300129
0.209108617156744
0.6652965128887445
0.9726868469733745
0.6323901694267988
0.19915055274032056
0.4541960034985095
0.17762692016549408
0.40551242767833173
0.11543891322799027
0.661693676840514
0.7917361182626337
0.9426914760842919
0.678861116990447
0.8733506742864847
0.7708103666082025
0.11391749698668718
0.4575350920204073
0.6679203629028052
0.13840566482394934
0.7834789394401014
0.4682433109264821
0.481245857430622
0.9184712450951338
0.7094558323733509
0.884521572617814
0.2749622263945639
0.05602758075110614
0.9741921981330961
0.5707172357942909
0.09900230565108359
0.216853731777519
0.5118299424648285
0.8015068371314555
0.8835480629932135
0.22434641304425895
0.9285701541230083
0.00017674313858151436
0.7289287582971156
0.7249989863485098
0.5977315278723836
0.4192865213844925
0.7366839370224625
0.5253294534049928
0.7610732729081064
0.02040212182328105
0.6339332985226065
0.6362812814768404
0.8541010278277099
0.41394044389016926
0.44554306054487824
0.45285522821359336
0.6756241891998798
0.007363956421613693
0.27837557438760996
0.9200966220814735
0.9539440283551812
0.4945646997075528
0.6536457631736994
0.7237579643260688
0.862981038633734
0.7707540662959218
0.4157668456900865
0.5266880949493498
0.3492353104520589
0.9035339548718184
0.9430584365036339
0.2803698065690696
0.3453190252184868
0.7903365136589855
0.866831845138222
0.9620583113282919
0.5668767972383648
0.9384300240781158
0.6034033678006381
0.38569418038241565
0.5869105220772326
0.2794409568887204
0.7341757556423545
0.3695704531855881
0.9687716562766582
0.49132217676378787
0.07234970247372985
0.6855646101757884
0.5873369250912219
0.24346357071772218
0.5814829787705094
0.9429445730056614
0.5858813100494444
0.798943355679512
0.15616392577067018
0.4723339704796672
0.3067581159994006
0.41241970169357955
0.7265718877315521
0.5217021461576223
0.0631515090353787
0.5490992462728173
0.25231294659897685
0.7391773990821093
0.37979021668434143
0.3559428814332932
0.025624050525948405
0.3283427085261792
0.3650147272273898
0.07329145260155201
0.5886393026448786
0.4108732221648097
0.3471585486549884
0.1203054974321276
0.5773720743600279
0.565872652688995
0.05477016814984381
0.8819178622215986
0.4441710284445435
0.9476321935653687
0.25189708126708865
0.7332371869124472
0.9438044882845134
0.8253140891902149
0.12662972160615027
0.385405512759462
0.6000210880301893
0.8430451413150877
0.41940731718204916
0.38787843799218535
0.7138222709763795
0.48255457845516503
0.5697879367507994
0.41143910749815404
0.7724072227720171
0.08408388053067029
0.6387011732440442
0.6720877806656063
0.24048571521416306
0.629364846739918
0.09388371743261814
0.7116073549259454
0.957791605964303
0.5306918541900814
0.44976308406330645
0.21091561671346426
0.27394243655726314
0.44529027165845037
0.7841447801329195
0.8977387472987175
0.829564793035388
0.48515078192576766
0.5324472952634096
0.05489196511916816
0.3758720599580556
0.5597871036734432
0.8643493400886655
0.8833609756547958
0.9264594332780689
0.5258241354022175
0.48350341711193323
0.4380695859435946
0.08202840387821198
0.2963065914809704
0.7822673171758652
0.4291311022825539
0.6866766114253551
0.968062577303499
0.15739893610589206
0.2600011716131121
0.8257204513065517
0.9716414685826749
0.7998422130476683
0.6557992130983621
0.4343732420820743
0.6664970647543669
0.6638345879036933
0.6409981560427696
0.17854392109438777
0.9211183588486165
0.692481677280739
0.6044094569515437
0.4776923859026283
0.12358041014522314
0.36887104343622923
0.6756400230806321
0.5240829871036112
0.03435363597236574
0.0896335004363209
0.5555571028962731
0.8824726815801114
0.03433767566457391
0.7276953717228025
0.051994938869029284
0.30659821489825845
0.5342923875432462
0.21053765201941133
0.21907692891545594
0.9336617360822856
0.40732003725133836
0.6700869433116168
0.21259811520576477
0.4494666384998709
0.31352934264577925
0.860891247401014
0.2573398081585765
0.06877186126075685
0.5536731805186719
0.4861379861831665
0.04344841907732189
0.27312827785499394
0.889304225333035
0.5927978174295276
0.3069617855362594
0.3778158484492451
0.3429607073776424
0.9735594762023538
0.6044002608396113
0.0721475665923208
0.4160260893404484
0.722343941219151
0.267427729209885
0.8621562966145575
0.05182066070847213
0.17732663010247052
0.4605939108878374
0.5241180881857872
0.04124837019480765
0.06383807864040136
0.662671911995858
0.8651637118309736
0.4028979130089283
0.041810611030086875
0.867235180689022
0.770576907787472
0.6489312578924
0.571893950458616
0.3513980032876134
0.031553597655147314
0.19742115982808173
0.37170903757214546
0.6402911304030567
0.06505000963807106
0.12876681052148342
0.9308437092695385
0.9974718005396426
0.884123730706051
0.20667153224349022
0.6985641431529075
0.27816276368685067
0.4125690911896527
0.35146186826750636
0.19808316603302956
0.8085731845349073
0.8858674317598343
0.971849191468209
0.7312122525181621
0.32434900267980993
0.9682755907997489
0.8504405920393765
0.21669537713751197
0.29469986422918737
0.6275095795281231
0.3039902835153043
0.3974757366813719
0.9048871973063797
0.6112586746457964
0.8793893607798964
0.11713079456239939
0.5443449814338237
0.8469901359640062
0.490467814495787
0.4139262887183577
0.6763262420427054
0.9341037750709802
0.024219979299232364
0.757093088934198
0.5070653369184583
0.10636998247355223
0.6422933991998434
0.812769687268883
0.2645447631366551
0.2978524868376553
0.42366009554825723
0.9007437156978995
0.7543376551475376
0.46312972344458103
0.49058329220861197
0.14610696723684669
0.5550476466305554
0.29896283196285367
0.20286642108112574
0.9070404993835837
0.03988823830150068
0.0747423623688519
0.9949560021050274
0.32432919880375266
0.5529465933796018
0.5534045738168061
0.6054183021187782
0.6299886372871697
0.8638235162943602
0.743476479081437
0.8015486600343138
0.7065403610467911
0.07506186724640429
0.21715228050015867
0.780367047060281
0.4358094984199852
0.762373527046293
0.9185992875136435
0.9449573440942913
0.2375476893503219
0.9115825581829995
0.16190187074244022
0.6382846550550312
0.48522947868332267
0.2450409233570099
0.19052075245417655
0.9538706140592694
0.2624882413074374
0.22365332441404462
0.1936331707984209
0.018636053893715143
0.8779864427633584
0.8854332370683551
0.6520524339284748
0.7135277909692377
0.34952636528760195
0.7268801261670887
0.768279766663909
0.3903307218570262
0.16697119805030525
0.6261674140114337
0.5909479500260204
0.9021621502470225
0.3102150815539062
0.7060901953373104
0.43893589614890516
0.3614074771758169
0.007574157556518912
0.9985596660990268
0.4145601512864232
0.09111261228099465
0.48794028512202203
0.34657581616193056
0.727892610244453
0.5614529729355127
0.5500634799245745
0.07184162479825318
0.10332261747680604
0.5763543653301895
0.7614508857950568
0.15173870231956244
0.8615529099479318
0.4224840148817748
0.7828594392631203
0.5002909547183663
0.6595588789787143
0.03454174124635756
0.9352849929127842
0.09805456711910665
0.4481605316977948
0.7361449359450489
0.23391850385814905
0.10156546556390822
0.7960266505833715
0.13943884102627635
0.21469256514683366
0.9962351396679878
0.7878679446876049
0.8494584369473159
0.01240455312654376
0.5301551122684032
0.1728842940647155
0.5766815864481032
0.21094582346267998
0.4737516276072711
0.7991625335998833
0.9903361406177282
0.8100217408500612
0.9224912961944938
0.8178877816535532
0.9609455785248429
0.3598080035299063
0.0713181127794087
0.25244075432419777
0.9824759706389159
0.9889972226228565
0.27243844070471823
0.0380929559469223
0.15271015581674874
0.5560379610396922
0.9693177721928805
0.9041850401554257
0.9851445585954934
0.07453720597550273
0.6307476172223687
0.7694688222836703
0.3360678553581238
0.22032045503146946
0.6967592532746494
0.15768739604391158
0.8248980648349971
0.45241221762262285
0.5306429390329868
0.47237697686068714
0.2103041463997215
0.7226158084813505
0.3052341958973557
0.14340110798366368
0.040309450356289744
0.8747307192534208
0.7438952100928873
0.03845360269770026
0.9571195880416781
0.3304795171134174
0.8647622962016612
0.5488610579632223
0.24297387525439262
0.5085195591673255
0.4060716172680259
0.17388545558787882
0.17333557084202766
0.7346685146912932
0.9250883013010025
0.6727561401203275
0.22253587655723095
0.24559442675672472
0.35001846007071435
0.5141836199909449
0.7483669791836292
0.11701200669631362
0.9576132174115628
0.9901581124868244
0.6942852814681828
0.20741897984407842
0.23249704856425524
0.7777162780985236
0.2906846178229898
0.5850983140990138
0.6618036758154631
0.0053894780576229095
0.5013916115276515
0.8363432430196553
0.722919907188043
0.9404146806336939
0.5888178285676986
0.10514437826350331
0.9961288757622242
0.7773542567156255
0.18300307262688875
0.715878410730511
0.956680245930329
0.3536384189501405
0.17162875994108617
0.6566445699427277
0.10561011522077024
0.5215553415473551
0.07184303551912308
0.08724454534240067
0.012653901474550366
0.6899238894693553
0.3227698674891144
0.8424445972777903
0.2630449540447444
0.4684848899487406
0.21329562738537788
0.28444608906283975
0.5489273029379547
0.17202162346802652
0.43344892421737313
0.9833618076518178
0.8090279854368418
0.2519101006910205
0.2191593269817531
0.777514784829691
0.9498316226527095
0.6706415242515504
0.3904011102858931
0.9324082587845623
0.24760036822408438
0.6478372404817492
0.6615268795285374
0.8869468527846038
0.3760572138708085
0.7983772733714432
0.1660236103925854
0.8820182490162551
0.8915459681302309
0.8592959609813988
0.3526880827266723
0.5782594415359199
0.4148901398293674
0.2642741568852216
0.919575669337064
0.7665135867428035
0.6272835934069008
0.10862700315192342
0.6331259238068014
0.7886292727198452
0.8497382318601012
0.16666148649528623
0.6032816322986037
0.4375248539727181
0.8419158204924315
0.5841839660424739
0.12660743109881878
0.6852871750015765
0.8999959484208375
0.2609183951281011
0.09075320488773286
0.8628104839008301
0.2085456820204854
0.07112038182094693
0.8337756744585931
0.7110314555466175
0.5033806168939918
0.5676838280633092
0.5770893758162856
0.6644060329999775
0.4623460997827351
0.6706356885842979
0.5513142028357834
0.3898040531203151
0.8650983278639615
0.9925729287788272
0.7702353547792882
0.3093908168375492
0.17016487452201545
0.4778678931761533
0.08373908861540258
0.4981851384509355
0.41907009901478887
0.783108156407252
0.524008558364585
0.27446085470728576
0.8013859090860933
0.23683249182067811
0.8818859604652971
0.418678029673174
0.33289155224338174
0.6891922787763178
0.4265212209429592
0.17270749132148921
0.748996515525505
0.6166691952385008
0.047725371085107327
0.29537699627690017
0.35268908087164164
0.26013382710516453
0.012798056937754154
0.8643728839233518
0.7029992598108947
0.23878981568850577
0.03147315396927297
0.3133963963482529
0.5481728310696781
0.5473473374731839
0.6541704628616571
0.933010240085423
0.3963642653543502
0.6443510027602315
0.13015560060739517
0.5909200902096927
0.4941707772668451
0.782206354662776
0.284341313643381
0.9211403124500066
0.3162678563967347
0.10124900448136032
0.9963233435992151
0.10848222835920751
0.764386935858056
0.19544428121298552
0.4518192389514297
0.17559766862541437
0.37857364979572594
0.473960037343204
0.7911480003967881
0.8368204922880977
0.37353789689950645
0.6932415394112468
0.5006301621906459
0.01924261008389294
0.6152562256902456
0.1745618323329836
0.6759263144340366
0.132421697024256
0.6599458067212254
0.49366768845357
0.7698813492897898
0.4895121732261032
0.8319890783168375
0.9471120855305344
0.727089123101905
0.0027944487519562244
0.6408603442832828
0.7287303626071662
0.7530799540691078
0.5456107566133142
0.02620026678778231
0.8712299091275781
0.9924457862507552
0.696765145752579
0.1573589607141912
0.4146594905760139
0.5653210745658726
0.09121360047720373
0.9575815708376467
0.8473977975081652
0.9543456262908876
0.1202088228892535
0.5352670270949602
0.20794569957070053
0.322256421437487
0.3910923928488046
0.1204746812582016
0.8072664018254727
0.8934094023425132
0.6375932795926929
0.5132707853335887
0.0644598042126745
0.057126144180074334
0.47080131038092077
0.840653738938272
0.34658401529304683
0.9268767216708511
0.45379046769812703
0.35737550468184054
0.5288832245860249
0.9829044979996979
0.9397929559927434
0.6072716386988759
0.6684142535086721
0.8382418116088957
0.32992294942960143
0.9259362178854644
0.03415479976683855
0.9829865149222314
0.045343260280787945
0.5020667596254498
0.6793686633463949
0.8042555660940707
0.5164518698584288
0.055822262074798346
0.7770884002093226
0.06284615793265402
0.41111468570306897
0.0761968840379268
0.7940602551680058
0.3559500665869564
0.25931840017437935
0.5531285768374801
0.28594049252569675
0.022636411478742957
0.7248245396185666
0.9941746841650456
0.9218325468245894
0.6653857049532235
0.7593541138339788
0.9199736763257533
0.7124501576181501
0.013505517970770597
0.6323387487791479
0.4016618125606328
0.21819095802493393
0.32355247321538627
0.34555737604387105
0.8403318235650659
0.8656831982079893
0.6825976243708283
0.03493498056195676
0.6149344791192561
0.33726543583907187
0.6972120488062501
0.14673475082963705
0.7997900247573853
0.4981674652080983
0.6948017524555326
0.10935944505035877
0.7481152827385813
0.8630101119633764
0.9126994712278247
0.6941910467576236
0.7791111031547189
0.8844306927639991
0.9296372265089303
0.8596882810816169
0.04082660819403827
0.4582685746718198
0.7035846987273544
0.009694365551695228
0.6017767870798707
0.06696010776795447
0.6198039455339313
0.30393233383074403
0.1367179041262716
0.9628170009236783
0.3601156079676002
0.3544039400294423
0.04021199024282396
0.6091588337440044
0.5455245955381542
0.5604061977937818
0.5241340999491513
0.661652414361015
0.8940863856114447
0.3759523581247777
0.8536917795427144
0.03633282566443086
0.6088528798427433
0.26130077918060124
0.029063780792057514
0.19794751494191587
0.5497775978874415
0.7129412156064063
0.8559464025311172
0.7135586410295218
0.5927513379137963
0.5155196168925613
0.5262868981808424
0.1747498898766935
0.3949721804820001
0.3192246563266963
0.24025983503088355
0.9687894503585994
0.9824759266339242
0.3930835050996393
0.39029992860741913
0.8271218352019787
0.9425490722060204
0.05779431387782097
0.7866219067946076
0.6278201669920236
0.8635391131974757
0.02431563613936305
0.10189533955417573
0.5239350777119398
0.06967323995195329
0.9860705798491836
0.014016457600519061
0.4020423849578947
0.9719646060839295
0.40698668151162565
0.28143722331151366
0.5300652540754527
0.9400365739129484
0.3774584736675024
0.7257380636874586
0.4763660482130945
0.11512038437649608
0.8555264323949814
0.5814527000766248
0.1600026108790189
0.9392873193137348
0.5277012558653951
0.8752955794334412
0.8906115088611841
0.44528097775764763
0.5679154566023499
0.005852063652127981
0.371500036213547
0.6348093317355961
0.9881547456607223
0.0506945732049644
0.5048420245293528
0.3489973470568657
0.865578604163602
0.4567140112631023
0.6304060695692897
0.5748134998138994
0.08446310297586024
0.6297889871057123
0.23662574193440378
0.8876529070548713
0.6491844549309462
0.6635737249162048
0.47739990474656224
0.8748990974854678
0.195579772349447
0.5910836444236338
0.7361981007270515
0.5709669708739966
0.9903983171097934
0.9377040485851467
0.3295045930426568
0.7512821820564568
0.3204582736361772
0.13353989273309708
0.6388940289616585
0.03329914668574929
0.2313522477634251
0.3718322685454041
0.1722450831439346
0.7950779860839248
0.20497487322427332
0.03298953641206026
0.7045338589232415
0.7441401490941644
0.9680813036393374
0.31800963962450624
0.9994839876890182
0.9999234939459711
0.17918460653163493
0.8158808713778853
0.08016128139570355
0.6889528322499245
0.822431666078046
0.3675503593403846
0.9929744943510741
0.15623327484354377
0.838182496605441
0.7845913432538509
0.47834763396531343
0.9175018609967083
0.16937763872556388
0.051693263463675976
0.7096112554427236
0.6006957814097404
0.41052894690074027
0.9437141641974449
0.25865380256436765
0.628295558039099
0.0528777667786926
0.968453474342823
0.4665370872244239
0.4061291483230889
0.406610653270036
0.8597030167002231
0.3098766482435167
0.2718847501091659
0.34733521076850593
0.24703920097090304
0.4460142229218036
0.2817545193247497
0.3982087499462068
0.5333531524520367
0.28788416273891926
0.652450870256871
0.6072072896640748
0.6858158363029361
0.914688098244369
0.9275158061645925
0.4665451403707266
0.9471446177922189
0.21324538835324347
0.8621534281410277
0.02125608129426837
0.2806752522010356
0.10737484437413514
0.18121442920528352
0.3379673813469708
0.4012567652389407
0.8213807393331081
0.8463108208961785
0.2621572478674352
0.752741573844105
0.8721726154908538
0.3766028170939535
0.09772799746133387
0.7227694457396865
0.8827445339411497
0.28250256669707596
0.28558399761095643
0.8956392086111009
0.7022250327281654
0.05133008537814021
0.47175530111417174
0.8117301440797746
0.8093952182680368
0.6935565727762878
0.0285375805106014
0.2623023211490363
0.932456485927105
0.8676393839996308
0.9396513642277569
0.9012366174720228
0.09668782004155219
0.6597619911190122
0.7042943299748003
0.07206233753822744
0.08776010409928858
0.19224971206858754
0.172777148662135
0.4373562603723258
0.3939388613216579
0.6725070481188595
0.8972859028726816
0.8435252022463828
0.6383819072507322
0.25433793663978577
0.8151246095076203
0.48153972113505006
0.3961800409015268
0.6204528871458024
0.7460410099010915
0.43343593599274755
0.7430674952920526
0.3280052796471864
0.35947199002839625
0.3040224665310234
0.37447152426466346
0.8029272328130901
0.26757687190547585
0.9845359530299902
0.15133421774953604
0.7566311650443822
0.655703203054145
0.025380167178809643
0.47180776786990464
0.05350292706862092
0.00836849375627935
0.15818011201918125
0.4878413761034608
0.9997992960270494
0.37774882768280804
0.4773787250742316
0.14957684208638966
0.5987868302036077
0.5818396531976759
0.11772644380107522
0.3764880527742207
0.15932935406453907
0.0031698972452431917
0.8590369008015841
0.26179687678813934
0.7855550572276115
0.2557429939042777
0.7955489931628108
0.7392542606685311
0.5067378184758127
0.6860782413277775
0.4477422167547047
0.8370757950469851
0.7695640693418682
0.4011782791931182
0.24435295374132693
0.19439988676458597
0.7995149919297546
0.37120383814908564
0.36457660095766187
0.7385219607967883
0.18672019289806485
0.7707907611038536
0.16248062648810446
0.9947419597301632
0.47639588569290936
0.39507947862148285
0.4381005472969264
0.1603434041608125
0.8327723334077746
0.5306335466448218
0.12281832215376198
0.7577231663744897
0.2549816307146102
0.574748822953552
0.6162771810777485
0.28276818222366273
0.7250063335523009
0.9101503929123282
0.411284047877416
0.7592847293708473
0.956128319259733
0.07045079069212079
0.999096262967214
0.19360929308459163
0.8919670183677226
0.7017346161883324
0.4338832020293921
0.07703299052082002
0.8325343697797507
0.458005431573838
0.9963381716515869
0.8738369096536189
0.0011684161145240068
0.3647074110340327
0.6066907679196447
0.9081214587204158
0.3189459601417184
0.3758996136020869
0.2728544899728149
0.9230015666689724
0.13023548107594252
0.13271669088862836
0.07008136762306094
0.43203872186131775
0.028455894207581878
0.7301704708952457
0.4332166782114655
0.8366825832054019
0.09471926046535373
0.8541680555790663
0.36485935375094414
0.7288897198159248
0.2384090011473745
0.9435145147144794
0.8282320133876055
0.4340787797700614
0.48172345850616693
0.9504547228571028
0.6319758370518684
0.9558443531859666
0.8448094769846648
0.055990849854424596
0.16744735394604504
0.924741149879992
0.3784245694987476
0.25553725147619843
0.6684651547111571
0.3321290919557214
0.6249807486310601
0.6841559370514005
0.43756575929000974
0.5798426994588226
0.12940585240721703
0.9135237159207463
0.7418683266732842
0.5988553049974144
0.17237150389701128
0.4359604681376368
0.060412572696805
0.5264395053964108
0.5590451105963439
0.308262197766453
0.30745426728390157
0.2685807733796537
0.9357903564814478
0.8454566574655473
0.7369644346181303
0.9195561034139246
0.4690603045746684
0.019530332181602716
0.7512965404894203
0.14559155981987715
0.5226437323726714
0.14564796700142324
0.6500671477988362
0.9629269640427083
0.5984139405190945
0.9380996923428029
0.7750449846498668
0.9708430697210133
0.43794867279939353
0.8441218638326973
0.3792522738222033
0.6715734680183232
0.4787716988939792
0.6486148908734322
0.561138388235122
0.6591878735926002
0.5304013250861317
0.5633783498778939
0.5155277834273875
0.5097120373975486
0.5597978804726154
0.9398457806091756
0.06090986868366599
0.8619448302779347
0.03788824682123959
0.15192800154909492
0.2226240811869502
0.7723051654174924
0.028839929727837443
0.5887647473718971
0.8986195798497647
0.8731820799876004
0.6896446237806231
0.6543664713390172
0.34661112097091973
0.9499823192600161
0.06859374581836164
0.1751599705312401
0.3675461239181459
0.6278430949896574
0.7553284231107682
0.9758197327610105
0.3241283646784723
0.20881824614480138
0.9210843462496996
0.5813456813339144
0.24826982943341136
0.27030520676635206
0.6459478207398206
0.7256526662968099
0.8073057814035565
0.3629921961110085
0.8820001983549446
0.43856582045555115
0.35807991633191705
0.033090382581576705
0.1755150598473847
0.3218688042834401
0.7061422802507877
0.13780275033786893
0.8050574131775647
0.10837691533379257
0.7077701902016997
0.37631404027342796
0.28703346429392695
0.5382686869706959
0.8660688067320734
0.614747436484322
0.03688306035473943
0.7817434133030474
0.10333072301000357
0.9768018939066678
0.05888159340247512
0.8572080512531102
0.6009810601826757
0.6476169896777719
0.9634379514027387
0.21241692849434912
0.8457191069610417
0.4827467864379287
0.977512180339545
0.7857152929063886
0.3005055673420429
0.30731739453040063
0.18727704999037087
0.39933309401385486
0.6595025924034417
0.2852709118742496
0.262148269219324
0.43625336792320013
0.828996307682246
0.35303192329593003
0.5355104797054082
0.36490000993944705
0.2414512629620731
0.9945253999903798
0.6235106280073524
0.9039997127838433
0.02085371082648635
0.07353204162791371
0.8560471194796264
0.7374645329546183
0.5409007319249213
0.7098259993363172
0.7740993238985538
0.8677397218998522
0.7990348348394036
0.69977135094814
0.17638428625650704
0.8517714445479214
0.8468850501812994
0.7151654157787561
0.38246991601772606
0.6243931667413563
0.2766641257330775
0.0887188168708235
0.8461069448385388
0.5155214711558074
0.6691935283597559
0.555699369404465
0.8504254319705069
0.419866997981444
0.31512063927948475
0.5108293793164194
0.6262029616627842
0.9131179868709296
0.35546288429759443
0.27521695964969695
0.3473065907601267
0.6848065392114222
0.5373352183960378
0.680213667685166
0.8497729401569813
0.23371647368185222
0.2682348033413291
0.48393821087665856
0.65173121355474
0.6408938812091947
0.22299288120120764
0.15068474947474897
0.6347601772285998
0.17128229327499866
0.4049616411793977
0.8041944480501115
0.10524073941633105
0.06633835611864924
0.21152378642000258
0.6217376543208957
0.026456690160557628
0.9397889927495271
0.0677349918987602
0.5796918291598558
0.2797632080037147
0.5762375262565911
0.9122637677937746
0.7375568673014641
0.9572336266282946
0.23765744548290968
0.43132982053793967
0.6101908318232745
0.12510481826029718
0.8538226168602705
0.9717417671345174
0.7644170683342963
0.8106131569948047
0.7950367566663772
0.8727784641087055
0.9645622111856937
0.08298205048777163
0.13173111388459802
0.9408826439175755
0.178377689095214
0.8851489296648651
0.10356835112906992
0.06077036587521434
0.3132818527519703
0.615991203347221
0.41733973869122565
0.5419065419118851
0.7599831640254706
0.9785102282185107
0.6087373881600797
0.8440693039447069
0.2191786328330636
0.2397603306453675
0.2969858923461288
0.2558319978415966
0.9045692549552768
0.6852228695061058
0.08244195184670389
0.666486008791253
0.9012045990675688
0.8143797072116286
0.20543528953567147
0.9669590848498046
0.2705808721948415
0.20518545038066804
0.6345609126146883
0.8687115027569234
0.25874939281493425
0.9705846640281379
0.5569677574094385
0.840926997596398
0.9849353183526546
0.1414114381186664
0.09045070153661072
0.5133588537573814
0.1404261498246342
0.157779389526695
0.8956813963595778
0.3224420577753335
0.5482680059503764
0.9370661408174783
0.38781200465746224
0.18532723700627685
0.23965522972866893
0.8932789592072368
0.24048672709614038
0.7541476271580905
0.7573515279218554
0.5085454655345529
0.8244365523569286
0.7272781080100685
0.7028322119731456
0.9563304667826742
0.9360468019731343
0.8231541737914085
0.5838369042612612
0.1416787002235651
0.018029039725661278
0.2845937036909163
0.07980079227127135
0.8508024211041629
0.2539651459082961
0.8324007980991155
0.044992401264607906
0.4427648391574621
0.5781268323771656
0.9528862594161183
0.37861320632509887
0.0406459525693208
0.4176780313719064
0.6275974279269576
0.7579705559182912
0.5653570697177202
0.9771797137800604
0.4220709621440619
0.6173324538394809
0.1196923591196537
0.16568674030713737
0.08892349386587739
0.116824523312971
0.8163960960227996
0.22444567969068885
0.8393939600791782
0.38714532973244786
0.30972521705552936
0.3642969357315451
0.5499977224972099
0.7042107861489058
0.18963312613777816
0.49495675112120807
0.8891502204351127
0.07691354863345623
0.5765295694582164
0.5157829311210662
0.10687029710970819
0.6984845206607133
0.837245604256168
0.11612758901901543
0.2898272559978068
0.6221852663438767
0.4295926229096949
0.5194412507116795
0.40850114170461893
0.87229541875422
0.6952475036960095
0.6793606509454548
0.34913039091043174
0.04095271090045571
0.6830758878495544
0.6209709602408111
0.5232460235711187
0.9779008743353188
0.9111027219332755
0.09237001626752317
0.024417360778898
0.6156002078205347
0.5877265979070216
0.8706417421344668
0.8733196144457906
0.7507830474060029
0.011845522094517946
0.1668191144708544
0.771641950821504
0.7409733079839498
0.23679199488833547
0.15551076247356832
0.8988205099012703
0.526208100374788
0.5704641588963568
0.256571241421625
0.1357314761262387
0.833570719929412
0.8500651218928397
0.03814813424833119
0.734959322726354
0.5667795757763088
0.42569551547057927
0.6421456795651466
0.3518782174214721
0.5583375939168036
0.2610963270999491
0.6672387360595167
0.20710227242670953
0.37108143838122487
0.5175710269249976
0.9909336834680289
0.6511618343647569
0.055111325113102794
0.34027698123827577
0.5095468484796584
0.2558078339789063
0.8962674695067108
0.8136186951305717
0.9975377463269979
0.0744091619271785
0.12492291280068457
0.7823666478507221
0.28117341757752
0.587975885020569
0.7076339917257428
0.5699323278386146
0.1794284835923463
0.5989637596067041
0.803805278846994
0.11213173484429717
0.47620306187309325
0.563871651655063
0.5362232208717614
0.43253829376772046
0.3426805231720209
0.28649397916160524
0.21160179399885237
0.5664424991700798
0.7202294310554862
0.9420925404410809
0.07441803230904043
0.6577403990086168
0.666144470218569
0.8154816376045346
0.6881930094677955
0.03210762282833457
0.25918856519274414
0.8576239533722401
0.5088325315155089
0.034849906573072076
0.13230796856805682
0.7854923326522112
0.926276461686939
0.7013927903026342
0.042997584445402026
0.4714891908224672
0.217300184071064
0.0809104994405061
0.9923004566226155
0.17402879986912012
0.14503723452799022
0.8893343177624047
0.6487473326269537
0.8696574594359845
0.24109875853173435
0.3049090064596385
0.02563289739191532
0.2995584327727556
0.9042133192997426
0.7355194557458162
0.9271074051503092
0.13473431952297688
0.9810747383162379
0.025193869369104505
0.8861174483317882
0.5555974382441491
0.024078350514173508
0.9025554012041539
0.09300108742900193
0.14778115507215261
0.8179075999651104
0.08802647655829787
0.20272359088994563
0.14701928570866585
0.23879705648869276
0.7178431919310242
0.7573226713575423
0.3598647459875792
0.21284990548156202
0.8642242739442736
0.17482533119618893
0.4061105602886528
0.11385437264107168
0.9953940231353045
0.7053637215867639
0.7485379695426673
0.9940830762498081
0.5506005825009197
0.6235752603970468
0.9099935584235936
0.7130373243708163
0.4437615987844765
0.6216273771133274
0.644646531669423
0.9751526471227407
0.4412061700131744
0.00031304010190069675
0.5309307973366231
0.935278331162408
0.3780703078955412
0.2871332657523453
0.9238613226916641
0.29212492518126965
0.6931555571500212
0.07008825405500829
0.3122992080170661
0.9546171324327588
0.9721909372601658
0.1802355048712343
0.15918771526776254
0.8155490488279611
0.6586155877448618
0.8021329899784178
0.09455557353794575
0.6295495165977627
0.7807811067905277
0.8992154668085277
0.981489937286824
0.6871980561409146
0.45911577879451215
0.09383042645640671
0.9232485215179622
0.6189897328149527
0.8895519764628261
0.8135398153681308
0.1732480823993683
0.7108949942048639
0.053862208034843206
0.1175914672203362
0.0017377978656440973
0.8098819043952972
0.28789972816593945
0.37254511192440987
0.716952602379024
0.11484822537750006
0.8373977344017476
0.4279223249759525
0.15371219627559185
0.4425860869232565
0.8702286761254072
0.5606705211102962
0.8611322829965502
0.42240184918046
0.9621224915608764
0.5725730070844293
0.9126635550055653
0.4021513636689633
0.42761064576916397
0.06204970204271376
0.8806569722946733
0.6278066511731595
0.3524683357682079
0.5502352647017688
0.7231786283664405
0.36876981775276363
0.06516729318536818
0.9243115785066038
0.5258760300930589
0.174589226488024
0.18960862373933196
0.6320816199295223
0.47536353673785925
0.8315485981293023
0.580162376863882
0.1977847795933485
0.2196378824301064
0.7982503538951278
0.5649632541462779
0.33324817987158895
0.7460556188598275
0.8355204756371677
0.39941504620946944
0.4097933587618172
0.7532728342339396
0.6990321322809905
0.5095531977713108
0.02228170703165233
0.8766248661559075
0.682391284732148
0.7077741553075612
0.7001247743610293
0.0992583620827645
0.3154805318918079
0.868414863711223
0.3608155297115445
0.24984900560230017
0.8125211151782423
0.01753670466132462
0.6117496103979647
0.430105893407017
0.6930348668247461
0.6351137531455606
0.45157394208945334
0.39797026570886374
0.6035104144830257
0.029530437663197517
0.8781533560249954
0.09670929936692119
0.21083921450190246
0.2542802875395864
0.3175479064229876
0.10965894465334713
0.8173388347495347
0.19473394704982638
0.5329913590103388
0.19875980308279395
0.7314613510388881
0.4779668927658349
0.34908421779982746
0.23504043696448207
0.06268459931015968
0.46431127842515707
0.10037804231978953
0.9260158473625779
0.7251842131372541
0.4781247104983777
0.9865676567424089
0.2956968394573778
0.7284333817660809
0.2763322852551937
0.7371575823053718
0.9318533749319613
0.5714189258869737
0.02383081102743745
0.8858423749916255
0.4009808008559048
0.976607599761337
0.8934620185755193
0.42542396392673254
0.6725789541378617
0.7355640912428498
0.9246454671956599
0.3142956933006644
0.3340531340800226
0.5020735594443977
0.8422260244842619
0.4667455127928406
0.23237261548638344
0.41119341901503503
0.9923385689035058
0.4885440699290484
0.41904376656748354
0.6494702196214348
0.11716442205943167
0.542853519320488
0.5650003880728036
0.31737026083283126
0.07980539300478995
0.4334069702308625
0.2390429072547704
0.9050251573789865
0.5988013627938926
0.5720948618836701
0.6564554637297988
0.5622882451862097
0.5353761645965278
0.4060274090152234
0.49672937975265086
0.4470785795710981
0.9097736487165093
0.1519336379133165
0.2785477517172694
0.20677858986891806
0.3056764048524201
0.21137352846562862
0.11572969425469637
0.27011791826225817
0.8019477103371173
0.10615925793536007
0.9112019806634635
0.9852396631613374
0.46309341094456613
0.49261977593414485
0.7357866284437478
0.284662930527702
0.7410991445649415
0.4749107426032424
0.96998206875287
0.11482232040725648
0.8519230282399803
0.45317113981582224
0.7509982150513679
0.6722837593406439
0.6371689289808273
0.5936623231973499
0.3185687393415719
0.09594884840771556
0.25417549978010356
0.304019617382437
0.3150707851164043
0.7531638299115002
0.6968823191709816
0.9710890382993966
0.41948850243352354
0.28063032776117325
0.6396986450999975
0.013697571819648147
0.3605046554002911
0.4856713816989213
0.4473125881049782
0.9291600456926972
0.12594215339049697
0.05938505218364298
0.9926100608427078
0.4439310769084841
0.9844469071831554
0.8662080385256559
0.9433679636567831
0.5413586443755776
0.7490440285764635
0.5169488179963082
0.0759462146088481
0.8281252761371434
0.9959677727892995
0.9800619627349079
0.28028044663369656
0.981579716084525
0.7226822869852185
0.9967123281676322
0.561597902327776
0.7786210651975125
0.7583683573175222
0.31720270519144833
0.9837728007696569
0.9742247490212321
0.2222658204846084
0.2618182625155896
0.9904673178680241
0.5838224957697093
0.6719563223887235
0.6967295499052852
0.2842572508379817
0.052404626505449414
0.2872197360266
0.12476773466914892
0.2613860568962991
0.14059663633815944
0.7848732648417354
0.8027676863130182
0.8580586863681674
0.6103318624664098
0.44274352537468076
0.7688301270827651
0.10183580336160958
0.6875082133337855
0.24493475770577788
0.3559005265124142
0.25725352275185287
0.3993048807606101
0.5707805703859776
0.031126876594498754
0.52630719053559
0.029701769119128585
0.03972855070605874
0.3747110618278384
0.6794640624430031
0.11703118938021362
0.4828641493804753
0.5151699092239141
0.48993183043785393
0.48317012330517173
0.5716830540914088
0.360465026460588
0.10812048218213022
0.8672439113724977
0.8079689892474562
0.2633609401527792
0.2951859668828547
0.7051023789681494
0.7638117440510541
0.6602150539401919
0.4395763766951859
0.027831882936879992
0.6062379574868828
0.7950209509581327
0.19338181847706437
0.31530889752320945
0.7163907417561859
0.21077715326100588
0.3474362320266664
0.16128480690531433
0.19185546808876097
0.5476012590806931
0.0429067094810307
0.00010993657633662224
0.9729253265541047
0.7187013684306294
0.7611688219476491
0.5141106625087559
0.1597834168933332
0.003874250454828143
0.8079901731107384
0.3404264736454934
0.5752656040713191
0.8439632244408131
0.25158420857042074
0.8286031854804605
0.5822013597935438
0.7858163786586374
0.026215692283585668
0.5708250952884555
0.5129705388098955
0.30884545389562845
0.7173511413857341
0.7455739334691316
0.0009208889678120613
0.2667086166329682
0.94240772142075
0.664740244159475
0.07866610144264996
0.3216915004886687
0.44638743926770985
0.4264244479127228
0.6511370982043445
0.6084604193456471
0.5055535056162626
0.612326065544039
0.14127067010849714
0.8033364815637469
0.36678127222694457
0.7770903594791889
0.2382658573333174
0.3296933909878135
0.12594857718795538
0.2853196319192648
0.6534777842462063
0.40060129342600703
0.742978127207607
0.9248718218877912
0.7800033073872328
0.29659542441368103
0.8939410853199661
0.09310569195076823
0.09164217743091285
0.4860808264929801
0.5264061333145946
0.6709497948177159
0.4335870628710836
0.3417206131853163
0.31275381962768734
0.030914107570424676
0.4833340828772634
0.9537518846336752
0.4789462450426072
0.5770181233529001
0.7938498763833195
0.7410373708698899
0.5057272685226053
0.45633654994890094
0.3248666850849986
0.9926891771610826
0.4142037881538272
0.11345467483624816
0.33331503602676094
0.3118645891081542
0.3082352445926517
0.03982200822792947
0.9164446056820452
0.998954068403691
0.593914958415553
0.5482836400624365
0.6542983979452401
0.010465623578056693
0.7790962918661535
0.9346321513876319
0.8257711520418525
0.04451771033927798
0.9518604984041303
0.28275682940147817
0.3502121733035892
0.8684827415272593
0.6368226462509483
0.7299818920437247
0.007181942230090499
0.5398147271480411
0.2466244779061526
0.3238315300550312
0.5154282422736287
0.9899606069084257
0.1115260764490813
0.017130455933511257
0.9855645480565727
0.8048975332640111
0.3814599763136357
0.44427347951568663
0.04994519171305001
0.5570308486931026
0.5779919009655714
0.9404271196108311
0.5070637362077832
0.6456931049469858
0.8335762249771506
0.7018331279978156
0.34966340265236795
0.7972005028277636
0.7152647154871374
0.7390566891990602
0.12811434012837708
0.6187440934590995
0.4153886910062283
0.33839248633012176
0.7641133826691657
0.1712806026916951
0.4779221718199551
0.34078201721422374
0.3634326043538749
0.4136951891705394
0.5790114195551723
0.654411882860586
0.9765085119288415
0.6517991838045418
0.7392683869693428
0.9897526504937559
0.340349605306983
0.8572959015145898
0.14437620900571346
0.4542620754800737
0.4031347699929029
0.2715560232754797
0.9896829521749169
0.25600699661299586
0.5004413994029164
0.439275091746822
0.6556463050656021
0.5899607334285975
0.2521572585683316
0.12120303511619568
0.8058064274955541
0.7400165756698698
0.717633492546156
0.1426333086565137
0.06783798150718212
0.5146325512323529
0.9481476000510156
0.9069988594856113
0.33210614835843444
0.6313438622746617
0.914746378082782
0.15318464930169284
0.5377229754813015
0.046993079828098416
0.17392421490512788
0.6630805407185107
0.1580234500579536
0.21614640578627586
0.5964294066652656
0.18356263358145952
0.9214787546079606
0.23376201442442834
0.001002114498987794
0.7985192013438791
0.03137146797962487
0.6804182894993573
0.8976811794564128
0.5146431499160826
0.9803624153137207
0.2908052590209991
0.2122417539358139
0.26117616798728704
0.29252370772883296
0.9859848129563034
0.7551049552857876
0.7163217470515519
0.6383629085030407
0.6184800597839057
0.5493680506478995
0.719412159640342
0.035039031179621816
0.5844263127073646
0.13299367879517376
0.48010255536064506
0.9857904249802232
0.5275891104247421
0.9528193729929626
0.5295968879945576
0.831598365213722
0.30306439846754074
0.10235988348722458
0.16833893838338554
0.2329135073814541
0.5505246641114354
0.3736781107727438
0.6086687394417822
0.6823624954558909
0.42841277876868844
0.1175274548586458
0.9566107359714806
0.7597197073046118
0.05860713077709079
0.5809064183849841
0.40277325664646924
0.3686398270074278
0.37160873133689165
0.7881691621150821
0.7791589153930545
0.6297465765383095
0.5002951857168227
0.573189162183553
0.21623526676557958
0.2152282518800348
0.7831295356154442
0.5372295116540045
0.7869631547946483
0.3085143589414656
0.46165773714892566
0.08527425467036664
0.4633741732686758
0.1387820050586015
0.7706492417491972
0.05851972475647926
0.7665700460784137
0.8338758409954607
0.4879535171203315
0.3296697214245796
0.7027099945116788
0.21923327445983887
0.8523162161000073
0.1787393072154373
0.8095544469542801
0.9775028168223798
0.40595464035868645
0.9256193202454597
0.23091018572449684
0.5162315212655813
0.2708637707401067
0.6688720777165145
0.571541718672961
0.3883019939530641
0.03039635019376874
0.9105834420770407
0.8143055457621813
0.39020288921892643
0.6801274172030389
0.38216011854819953
0.3225827964488417
0.3355156274046749
0.6605406934395432
0.6082189397420734
0.4852207936346531
0.2280915342271328
0.47300324589014053
0.1678204764612019
0.2625246050301939
0.9084498619195074
0.5350401508621871
0.19105169619433582
0.8610379474703223
0.26517042703926563
0.4532665426377207
0.80464070988819
0.49145626719109714
0.056674403604120016
0.3527103974483907
0.2536987082567066
0.9616953115910292
0.6825453885830939
0.3967767092399299
0.7338383693713695
0.025524318916723132
0.5928032682277262
0.8197125552687794
0.9031197510194033
0.4136036599520594
0.49884393298998475
0.8615501229651272
0.6182763637043536
0.34193819924257696
0.31436826777644455
0.825854652794078
0.07922447263263166
0.2843593801371753
0.08868431556038558
0.722242382587865
0.13407137524336576
0.6091134252492338
0.9061597993131727
0.1152247495483607
0.046679196413606405
0.6535584665834904
0.08650097483769059
0.6997901594731957
0.33854027185589075
0.5655637225136161
0.07390381651930511
0.2658689848612994
0.39385326160117984
0.1911545479670167
0.7300884209107608
0.7044845384079963
0.44506427529267967
0.5654781847260892
0.3134847981855273
0.23403331032022834
0.8118640286847949
0.7522202730178833
0.0027823990676552057
0.0909340102225542
0.48642869712784886
0.5003540683537722
0.7487479133997113
0.21176316868513823
0.03233315050601959
0.8878686530515552
0.431356847519055
0.10516977775841951
0.03550865035504103
0.7250884661916643
0.5911799648310989
0.41950869420543313
0.6304307235404849
0.11790887801907957
0.17312318948097527
0.8056651195511222
0.6923688312526792
0.5905750396195799
0.8369614095427096
0.9014160742517561
0.8079961631447077
0.846745234914124
0.6135687180794775
0.026022539706900716
0.14033428230322897
0.4982641595415771
0.2715003676712513
0.35104247578419745
0.3236475137528032
0.8051053592935205
0.9055037638172507
0.969405067153275
0.9218399797100574
0.6513990012463182
0.041769545525312424
0.31511692702770233
0.29753338918089867
0.6060192487202585
0.04974226141348481
0.750844236696139
0.8036788813769817
0.12088963924907148
0.27077635494060814
0.06125347409397364
0.45886796922422945
0.7150969130452722
0.34307566238567233
0.11253893049433827
0.44705845532007515
0.12894071475602686
0.915542887756601
0.7672062888741493
0.009607252897694707
0.2530571755487472
0.07585335313342512
0.29465693584643304
0.8557583468500525
0.144268719246611
0.5046748500317335
0.1966550766956061
0.869392353342846
0.39632973866537213
0.9161536619067192
0.48212991189211607
0.889064161805436
0.6850604063365608
0.43267580191604793
0.5035568468738347
0.1798744152765721
0.9204776459373534
0.000940314494073391
0.9294846386183053
0.7202864286955446
0.40328955417498946
0.06265089265070856
0.8669152518268675
0.936177880037576
0.8496306259185076
0.30119185242801905
0.7279764588456601
0.3563626001123339
0.4528022510930896
0.36890643974766135
0.9895505800377578
0.7981082510668784
0.3582566217519343
0.441029260866344
0.44720280542969704
0.3911617409903556
0.011469896184280515
0.861401638481766
0.7023235815577209
0.4166126281488687
0.07781803980469704
0.5919972059782594
0.515891590854153
0.06430157879367471
0.4175810138694942
0.2563439004588872
0.5879586294759065
0.12952033337205648
0.43090997403487563
0.3184326540213078
0.9272238507401198
0.4122519625816494
0.8714506211690605
0.6717431040015072
0.9615396538283676
0.2773588600102812
0.6635125819593668
0.011242603417485952
0.5534821986220777
0.6844546445645392
0.679277052404359
0.522536912932992
0.4979949507396668
0.33328138990327716
0.8364847740158439
0.7050081822089851
0.6845550315920264
0.1493778652511537
0.38233412709087133
0.22831425326876342
0.3123872885480523
0.4284794225823134
0.16523669520393014
0.34002939076162875
0.5460262815468013
0.02396118501201272
0.9484329661354423
0.34815991460345685
0.6542863612994552
0.3334721738938242
0.2579668916296214
0.8994471579790115
0.7121913246810436
0.41219197190366685
0.4937452406156808
0.4506342357490212
0.34390071453526616
0.4248778785113245
0.05489134369418025
0.3151865031104535
0.12544600968249142
0.6617607562802732
0.6178960676770657
0.1266891856212169
0.5248006507754326
0.23750090692192316
0.9822626982349902
0.08314214204438031
0.7827311817090958
0.7960597621276975
0.6518952324986458
0.022091865073889494
0.6235873992554843
0.17595337238162756
0.013922720216214657
0.5604414334520698
0.9165607003960758
0.24135205917991698
0.9211114968638867
0.16380366124212742
0.1564281671307981
0.7037835132796317
0.17275602649897337
0.597716142423451
0.5436666649766266
0.7334883124567568
0.13401796319521964
0.9231541885528713
0.6929565479513258
0.0927276466973126
0.875715336529538
0.8760056369937956
0.035615466302260756
0.10864005237817764
0.8634696255903691
0.4750276270788163
0.5518250991590321
0.45894676074385643
0.8123407470993698
0.36626491602510214
0.6027002518530935
0.11423857812769711
0.20885070622898638
0.9308867792133242
0.7349562086164951
0.07036349782720208
0.4897297490388155
0.334833693690598
0.3702360987663269
0.9998947486747056
0.2601260335650295
0.8137887462507933
0.8438185413833708
0.3092060887720436
0.4424423025920987
0.31693666405044496
0.6517171647865325
0.9825863153673708
0.16293438780121505
0.03728473116643727
0.19354133121669292
0.5288980510085821
0.45458745025098324
0.4661854754667729
0.14191053644753993
0.41318837250582874
0.8386843481566757
0.5449050066526979
0.5616988458205014
0.472467218991369
0.6124278430361301
0.07133130682632327
0.9590341488365084
0.4258932648226619
0.19673505402170122
0.20957156782969832
0.4902278196532279
0.028729994082823396
0.9168390871491283
0.09525368316099048
0.6429594664368778
0.06288940599188209
0.02774454210884869
0.5732339129317552
0.6419823204632849
0.22997685382142663
0.9459876506589353
0.20803343458101153
0.9385607673320919
0.47790202940814197
0.6453901948407292
0.5350867751985788
0.7349590202793479
0.8470974345691502
0.546716628363356
0.6946081835776567
0.8034142763353884
0.4994327244348824
0.5173241659067571
0.037692682119086385
0.6241960879415274
0.74885188578628
0.23033392033539712
0.5447293880861253
0.013403262011706829
0.5889967330731452
0.35142561444081366
0.16939233453013003
0.29647017922252417
0.0366711535025388
0.7047676600050181
0.2077337158843875
0.08454445353709161
0.24322639754973352
0.8363322482910007
0.013193159131333232
0.8560510706156492
0.2675325551535934
0.8862970306072384
0.4615241326391697
0.33428585017099977
0.04665371566079557
0.6489183399826288
0.5994251784868538
0.9917079813312739
0.4665495997760445
0.9833580716513097
0.8277058445382863
0.71298139821738
0.1409400263801217
0.44987097359262407
0.9397671937476844
0.17838874086737633
0.8845218440983444
0.9753727642819285
0.03805075469426811
0.8569368694443256
0.9994959465693682
0.3039131660480052
0.786802809452638
0.9717830051667988
0.8548007612116635
0.551900791702792
0.49368714168667793
0.2730255271308124
0.7586725661531091
0.31404179823584855
0.21478462405502796
0.47934520966373384
0.8268172547686845
0.7107354279141873
0.21741962525993586
0.7286855904385448
0.8219074038788676
0.21048214775510132
0.689024728955701
0.15235798712819815
0.3847775075118989
0.48632866609841585
0.28149724984541535
0.8312289980240166
0.6246607147622854
0.11954807327128947
0.5288016078993678
0.028234329307451844
0.887327522970736
0.12137872376479208
0.36922517023049295
0.648749191313982
0.5762597268912941
0.6845125413965434
0.9485327573493123
0.6695080830249935
0.08201367547735572
0.8627481658477336
0.947219833964482
0.6931526469998062
0.43962658871896565
0.7387199620716274
0.5623788768425584
0.9663919822778553
0.6001443315763026
0.2477061238605529
0.4091205729637295
0.847186345839873
0.7475177452433854
0.27924139122478664
0.49144114926457405
0.19620885141193867
0.5029616057872772
0.04650286165997386
0.1030537101905793
0.4082034307066351
0.919453410198912
0.33489963528700173
0.8690532273612916
0.06405890523456037
0.591162154218182
0.48252788255922496
0.3723805781919509
0.62162219802849
0.6043760669417679
0.3095129553694278
0.5894117602147162
0.7492265324108303
0.3132680538110435
0.44025773904286325
0.6526039678137749
0.3341715959832072
0.20572670549154282
0.41401246935129166
0.3362040934152901
0.09671478997915983
0.4692341729532927
0.7604711439926177
0.9887839364819229
0.2497848174534738
0.34624787978827953
0.1833119720686227
0.7547155895736068
0.1609667637385428
0.13955824566073716
0.36928952438756824
0.9154189664404839
0.8258532867766917
0.4182788599282503
0.6346415530424565
0.8094183576758951
0.7218530930113047
0.43809404061175883
0.7805800868663937
0.4578847619704902
0.45422635646536946
0.45178134669549763
0.6292629153467715
0.26434390922077
0.8610155263449997
0.7424290250055492
0.8769201051909477
0.8065751811955124
0.3714249182958156
0.26597986882552505
0.07450212072581053
0.09685760689899325
0.39852350926958025
0.711085005896166
0.9501539503689855
0.47931529814377427
0.11343566700816154
0.8059471705928445
0.8125474345870316
0.4594411908183247
0.010695470962673426
0.13069718587212265
0.5411438359878957
0.3931854807306081
0.5259473524056375
0.6954832046758384
0.5096236909739673
0.27669485565274954
0.15218649478629231
0.9470646549016237
0.6513000025879592
0.1072793088387698
0.005685142939910293
0.9065313562750816
0.3132837940938771
0.09308433323167264
0.19999645743519068
0.17558813211508095
0.2365113482810557
0.6827267569024116
0.7569377240724862
0.23751028440892696
0.6773158439900726
0.5012327237054706
0.010242875665426254
0.7953134279232472
0.5751205724664032
0.023621439235284925
0.5546035249717534
0.870904790237546
0.44435717025771737
0.7106511574238539
0.18116169655695558
0.42188140051439404
0.39906369941309094
0.20211092079989612
0.7583967121317983
0.12019584118388593
0.8606408652849495
0.5585556912701577
0.44551760610193014
0.40623114770278335
0.7793694434221834
0.31173328682780266
0.4829259298276156
0.4455213837791234
0.36356429872103035
0.5496851713396609
0.4217659146524966
0.09413227718323469
0.1842223876155913
0.45863773324526846
0.32293581077829003
0.3530106402467936
0.12182853487320244
0.9908757889643312
0.735618453938514
0.3605957622639835
0.2775262170471251
0.5296396799385548
0.1429697098210454
0.3720299284905195
0.4557303658220917
0.6853505601175129
0.9061647849157453
0.15824314439669251
0.2507158999796957
0.28797232382930815
0.8776308728847653
0.06301728822290897
0.6729447490070015
0.06957638845779002
0.12142193992622197
0.600243455497548
0.155662149656564
0.7448615955654532
0.7353780944831669
0.19618473597802222
0.07646321062929928
0.8266741812694818
0.8424459581729025
0.5472852014936507
0.563759935554117
0.6276035001501441
0.8403927534818649
0.28119559376500547
0.748911544913426
0.29326397995464504
0.9021250528749079
0.44999220059253275
0.8819685198832303
0.35943313874304295
0.9242038475349545
0.7431600634008646
0.9894576310180128
0.6246145558543503
0.5165024322923273
0.6468030381947756
0.454267097171396
0.6865467161405832
0.9053089015651494
0.5691949354950339
0.6499426895752549
0.6890399805270135
0.9643466954585165
0.08190759411081672
