# browser_rnd sample v1
ua: Mozilla/5.0 (Windows NT 5.1) AppleWebKit/537.36 (KHTML, like Gecko) Chrome/45.0.2454.85 Safari/537.36
appName: Netscape
appVersion: 5.0 (Windows NT 5.1) AppleWebKit/537.36 (KHTML, like Gecko) Chrome/45.0.2454.85 Safari/537.36
platform: Win32
vendor: Google Inc.
oscpu: 
cpuClass: 
language: en-US
hardwareConcurrency: 2
deviceMemory: 
screen: 1024x768x24
date: Fri Jun 12 2026 15:20:54 GMT+0100 (GMT Daylight Time)
epoch: 1781274054833
count: 4096
---
0.7447732572909445
0.15959368995390832
0.6428003525361419
0.5791173460893333
0.653134222375229
0.9480559332296252
0.40981347602792084
0.050346931675449014
0.7203323186840862
0.4132937325630337
0.7141319690272212
0.816057349788025
0.6734868076164275
0.017931943759322166
0.44655734463594854
0.27369946241378784
0.877959672594443
0.4226836101152003
0.9538183901458979
0.34024767973460257
0.798238608520478
0.23517628875561059
0.3068986653815955
0.19703102321363986
0.3817934535909444
0.7308093486353755
0.5091495711822063
0.9955254367087036
0.2559767593629658
0.3442276851274073
0.4115158230997622
0.6972107018809766
0.711964463815093
0.8277061693370342
0.5863659654278308
0.38408682541921735
0.10531860496848822
0.9560829170513898
0.9701028175186366
0.03572514560073614
0.31338273989968
0.06644787034019828
0.9411355040501803
0.6208651622291654
0.4524933728389442
0.4596936418674886
0.26810273085720837
0.9140097729396075
0.5201579667627811
0.6796557719353586
0.08337819972075522
0.4206362918484956
0.8696833688300103
0.35024142963811755
0.9760519571136683
0.1642873715609312
0.16702589998021722
0.464569486444816
0.22667345125228167
0.9755058474838734
0.22610521246679127
0.9367677720729262
0.9816423754673451
0.018085328862071037
0.28248943760991096
0.22686847974546254
0.5019221999682486
0.45191728067584336
0.9725602217949927
0.19069378706626594
0.3918141054455191
0.20514379534870386
0.7668559299781919
0.2844664794392884
0.9228362839203328
0.5416946392506361
0.8707054222468287
0.8163246533367783
0.3935376522131264
0.4653666454833001
0.5950298486277461
0.2751601899508387
0.054815195268020034
0.29226152156479657
0.3112012261990458
0.7954361508600414
0.6058387695811689
0.42318695434369147
0.9577885204926133
0.8705412787385285
0.9045222485437989
0.5637749622110277
0.9584712046198547
0.28944274177774787
0.6633473695255816
0.19604691583663225
0.872437227750197
0.08444950543344021
0.7317843441851437
0.03476515645161271
0.9155048248358071
0.4173335931263864
0.6735683961305767
0.28381357714533806
0.34228888037614524
0.47945889248512685
0.5129694037605077
0.7053660983219743
0.6518008147832006
0.047696540830656886
0.9167278425302356
0.43016631877981126
0.04642799170687795
0.021123505430296063
0.773276757216081
0.057655622251331806
0.6008757462259382
0.5324094416573644
0.23649982875213027
0.1688457082491368
0.22325020376592875
0.9930523468647152
0.6085332934744656
0.8979566881898791
0.1918248669244349
0.7298663544934243
0.3996914739254862
0.5884369250852615
0.4069848346989602
0.054950613528490067
0.8045753031037748
0.32981039490550756
0.577862384961918
0.7323980866931379
0.1751423068344593
0.9825668632984161
0.5906337932683527
0.18404261907562613
0.3361756391823292
0.13050747173838317
0.8842465949710459
0.7310543132480234
0.04923122748732567
0.7252360975835472
0.00033495668321847916
0.9769626134075224
0.5749733620323241
0.9135200015734881
0.8008859278634191
0.9879580647684634
0.8787106650415808
0.3749717720784247
0.9415204394608736
0.58365408773534
0.4447503830306232
0.9656675811856985
0.8363129261415452
0.821566142141819
0.023956348886713386
0.1581019819714129
0.48313344339840114
0.7652343511581421
0.19864186411723495
0.6701948009431362
0.4230222902260721
0.22433014446869493
0.5962107549421489
0.6678835118655115
0.9898859593085945
0.7818536760751158
0.9393573054112494
0.6291287366766483
0.28973712120205164
0.07507072552107275
0.3751638669054955
0.02180896932259202
0.2439371703658253
0.009844787186011672
0.516915139509365
0.8312012441456318
0.5342683088965714
0.8640181696973741
0.313488487387076
0.22013530367985368
0.9091908012051135
0.5703236863482744
0.9845077476929873
0.6390773786697537
0.6777777331881225
0.2768334844149649
0.34034453332424164
0.2626853291876614
0.21500990632921457
0.4562502021435648
0.02655723737552762
0.8273066736292094
0.24479387421160936
0.6379493642598391
0.11567930551245809
0.8296536689158529
0.6371723329648376
0.2456677935551852
0.5423732220660895
0.7895163071807474
0.9244500698987395
0.8429375812411308
0.21057048998773098
0.557135445298627
0.0921073011122644
0.7532615012023598
0.12503905617631972
0.507472834084183
0.5661102964077145
0.9419851715210825
0.8897190019488335
0.7209335952065885
0.6488595171831548
0.9545967425219715
0.4333910853601992
0.10631237644702196
0.8521863543428481
0.7057602510321885
0.8981431869324297
0.5199674055911601
0.09877525828778744
0.9687048145569861
0.7643261791672558
0.8252778551541269
0.857343609444797
0.8927522858139127
0.445730255683884
0.6581247674766928
0.8742763623595238
0.22549338662065566
0.6291659350972623
0.9186962977983057
0.08009484363719821
0.33646094566211104
0.32910774438641965
0.7937415859196335
0.07289720745757222
0.4473508696537465
0.5948486421257257
0.24392539961263537
0.8923927182331681
0.6741930996067822
0.6942611157428473
0.6868490057531744
0.9860220830887556
0.9076191664207727
0.44408358889631927
0.9496783099602908
0.7897080830298364
0.6130200042389333
0.7261176151223481
0.8370398471597582
0.9612365430220962
0.1606092236470431
0.8600015772972256
0.855180409969762
0.11095733288675547
0.6034818105399609
0.5918992303777486
0.9143690601922572
0.21202927990816534
0.9879277332220227
0.16648445604369044
0.7869949641171843
0.42690549208782613
0.13591682817786932
0.5753766486886889
0.835153789492324
0.8053799399640411
0.1255977035034448
0.7011030865833163
0.7878798546735197
0.5307117665652186
0.7500779156107455
0.02158174687065184
0.2203470696695149
0.6804996291175485
0.40738087915815413
0.23330054967664182
0.360098386881873
0.5258841717150062
0.6957458606921136
0.332300505368039
0.39181877323426306
0.519220195710659
0.47880067396909
0.7316451803781092
0.6672112422529608
0.9220580318942666
0.616088020382449
0.06083559826947749
0.7817440940998495
0.7579482241999358
0.7753732088021934
0.9512563175521791
0.2178029203787446
0.9919041623361409
0.9733417518436909
0.3701686607673764
0.3060298734344542
0.552552537061274
0.5835803458467126
0.9621591053437442
0.8729429645463824
0.37405008589848876
0.15786525467410684
0.17758279014378786
0.8430577970575541
0.20601627067662776
0.5726022983435541
0.05844998359680176
0.8516958518885076
0.8888753172941506
0.5647199319209903
0.011354039888828993
0.8416515572462231
0.8496116001624614
0.6885741155128926
0.11686034174636006
0.027512806234881282
0.06625101203098893
0.2859868435189128
0.2416803389787674
0.3653614455834031
0.4431928787380457
0.8437801736872643
0.20954698184505105
0.12459765025414526
0.3795222865883261
0.7185980079229921
0.4157523747999221
0.007329348474740982
0.17005494399927557
0.8943605374079198
0.14382740715518594
0.21404637838713825
0.09123600157909095
0.9772503636777401
0.8271868808660656
0.3054145369678736
0.6736562796868384
0.9037242783233523
0.20358227868564427
0.5707434497307986
0.49363280390389264
0.15855392860248685
0.5907060033641756
0.33292145445011556
0.6426844864618033
0.42588474322110415
0.6634515882469714
0.8842805724125355
0.7030326572712511
0.6612109479028732
0.7935946499928832
0.6882295408286154
0.7737855592276901
0.32001477177254856
0.9449370324146003
0.19450783147476614
0.1631929010618478
0.41878522257320583
0.6026011581998318
0.9949763817712665
0.37751564872451127
0.6427479754202068
0.8137230158317834
0.5611007837578654
0.7881994133349508
0.26962991734035313
0.5159838327672333
0.12059675995260477
0.3834474741015583
0.42231352580711246
0.21499389689415693
0.2250422639772296
0.46942221256904304
0.729508652118966
0.14839959237724543
0.7034826905000955
0.7122493267524987
0.781518688891083
0.8104110218118876
0.8991117416881025
0.15617485670372844
0.05929410527460277
0.8685008357279003
0.06690693227574229
0.3473396277986467
0.4831553257536143
0.3675370551645756
0.5761020658537745
0.10444467421621084
0.052170372335240245
0.6502323476597667
0.5310458445455879
0.7647619692143053
0.6832280124071985
0.8029185205232352
0.7901437669061124
0.2758928493130952
0.31406776141375303
0.5127330126706511
0.5331177990883589
0.14270956488326192
0.031201627105474472
0.3763043051585555
0.6434403550811112
0.19361330848187208
0.8484103919472545
0.776134665356949
0.7319412443321198
0.9762155581265688
0.2955685220658779
0.26486065331846476
0.2691616830416024
0.8434073387179524
0.558876866241917
0.6294318563304842
0.6873860475607216
0.5972326358314604
0.22805373999290168
0.7724450943060219
0.983207935700193
0.3098252681083977
0.2250951628666371
0.32086837221868336
0.20048365485854447
0.5618472192436457
0.1001592823304236
0.015790024772286415
0.4974686203058809
0.33509467798285186
0.6834953550714999
0.36168153188191354
0.2618048151489347
0.26415659533813596
0.6045376982074231
0.6170469950884581
0.3057739355135709
0.2186252772808075
0.670591144124046
0.5815423091407865
0.129095220239833
0.6410783287137747
0.48262327001430094
0.8192797566298395
0.6592571754008532
0.6107466949615628
0.6979388997424394
0.9723481691908091
0.40676524327136576
0.03382953512482345
0.044008234050124884
0.4437619838863611
0.9346471284516156
0.800398780265823
0.19005127646960318
0.7895681362133473
0.92798957740888
0.6698543047532439
0.5711241019889712
0.49981587287038565
0.5806247917935252
0.5751502013299614
0.10586709692142904
0.9128127868752927
0.01648897398263216
0.37638172321021557
0.014982220716774464
0.992315940791741
0.345670975279063
0.4750042613595724
0.18002818850800395
0.9488638918846846
0.8608063752762973
0.3780821037944406
0.7851365921087563
0.9209657486062497
0.11529198521748185
0.7545057532843202
0.6909214011393487
0.4585442701354623
0.7000105604529381
0.07113278424367309
0.5081097988877445
0.10614451696164906
0.8464619000442326
0.537225806619972
0.24072240781970322
0.10217984952032566
0.24274001806043088
0.5729099684394896
0.5708717496600002
0.7961642369627953
0.8828492392785847
0.8786342600360513
0.9704870744608343
0.8923304653726518
0.7736150224227458
0.34989666752517223
0.6219604187645018
0.8230725480243564
0.9263589999172837
0.2416567881591618
0.2664281507022679
0.5912773674353957
0.5418889059219509
0.3560011435765773
0.6045912515837699
0.7427673763595521
0.2613669477868825
0.39063208806328475
0.04065696895122528
0.016407002927735448
0.7608531631994992
0.11195538355968893
0.7351750675588846
0.11807326995767653
0.049606902757659554
0.43449521507136524
0.9408102796878666
0.6695853138808161
0.6225604682695121
0.9156512240879238
0.330206292681396
0.7614406526554376
0.6527080109808594
0.29495363240130246
0.17120874160900712
0.8823083541356027
0.8025267901830375
0.6918940346222371
0.8040770459920168
0.4262136959005147
0.7604012168012559
0.971225774846971
0.34047880466096103
0.9297762878704816
0.7348729833029211
0.8407531650736928
0.8168266057036817
0.4641158818267286
0.15196258039213717
0.007603394333273172
0.0495715553406626
0.5787579624447972
0.8871316723525524
0.12641458329744637
0.3047483949922025
0.37576002208516
0.8145196333061904
0.7936829533427954
0.10597740951925516
0.8987569161690772
0.3596009269822389
0.6301346705295146
0.28789040353149176
0.7863084613345563
0.0800806952174753
0.024923894088715315
0.2864114979747683
0.9335557231679559
0.9487567993346602
0.14228877425193787
0.7174118927214295
0.891436654375866
0.7472641910426319
0.22436700691469014
0.5107713029719889
0.018479038029909134
0.3059684308245778
0.35534236882813275
0.7096890641842037
0.7413731510750949
0.9796022793743759
0.3739164941944182
0.7111639317590743
0.15761584555730224
0.8684786108788103
0.5437198153231293
0.4461776700336486
0.5404573802370578
0.45518140750937164
0.8579732878133655
0.3458039795514196
0.9140857453458011
0.9171169525943696
0.8215364655479789
0.4959609874058515
0.3202950519043952
0.8206011364236474
0.27458070684224367
0.6624678517691791
0.23523214226588607
0.37000868399627507
0.07668712572194636
0.5595268025062978
0.24848027783446014
0.14234371250495315
0.350105965975672
0.29989877599291503
0.225539306178689
0.29650437249802053
0.8403942622244358
0.3685551390517503
0.10715429624542594
0.9657203035894781
0.8438970169518143
0.5542294126935303
0.7191964129451662
0.19332896592095494
0.9171602798160166
0.4485951508395374
0.3866382392589003
0.011789243901148438
0.4958962856326252
0.9970490201376379
0.7639295891858637
0.6800593491643667
0.5785797121934593
0.7592023522593081
0.5540930000133812
0.4949684492312372
0.3641797979362309
0.05383952707052231
0.7093255817890167
0.055636298609897494
0.2679724155459553
0.32680340483784676
0.23237926652655005
0.830969131551683
0.32924091606400907
0.40582412853837013
0.07483725086785853
0.28035264532081783
0.7262426752131432
0.221565114101395
0.8836448425427079
0.026582477381452918
0.49512812518514693
0.9702131559606642
0.8347202711738646
0.21075491840019822
0.13138364162296057
0.8064635435584933
0.4652132820338011
0.9574672866147012
0.1046722459141165
0.28384277084842324
0.4609017735347152
0.9558628092054278
0.2163019678555429
0.03179962374269962
0.40119833406060934
0.357755028642714
0.20421295729465783
0.9754153669346124
0.569240388693288
0.4694942901842296
0.9246820148546249
0.8816239384468645
0.9047112197149545
0.14333487767726183
0.4131891510915011
0.6295816726051271
0.39846158074215055
0.2764584431424737
0.3855977135244757
0.2565452535636723
0.3557151397690177
0.5740015066694468
0.13519071135669947
0.41027555079199374
0.08019239665009081
0.8472878942266107
0.3863489772193134
0.8942695581354201
0.5526318729389459
0.12099375110119581
0.5465513442177325
0.1369918561540544
0.8663961780257523
0.12227361532859504
0.7426033038645983
0.10240090009756386
0.2324404816608876
0.8697015142533928
0.5735904276371002
0.8484613909386098
0.7060125591233373
0.5740933958441019
0.8822485017590225
0.08801708812825382
0.11163233988918364
0.49751453730277717
0.1868065083399415
0.1065399672370404
0.9110846596304327
0.6534473234787583
0.8168140312191099
0.13747675926424563
0.7444693769793957
0.6707275963854045
0.20224593253806233
0.5715556191280484
0.0744128490332514
0.6227031995076686
0.227955499663949
0.1287443502806127
0.21613254095427692
0.7779760553967208
0.8470156663097441
0.9013494381215423
0.3331880127079785
0.40511482395231724
0.14546955050900578
0.7919643381610513
0.10893079685047269
0.9956594449467957
0.6219032537192106
0.17537269438616931
0.07890824973583221
0.6729261414147913
0.6358338948339224
0.26745703956112266
0.4075951830018312
0.971297146519646
0.3438820643350482
0.28064035275019705
0.02747770003043115
0.2859529296401888
0.6807735802140087
0.3775280562695116
0.8314331143628806
0.6226521537173539
0.610879157204181
0.16392099135555327
0.4637775735463947
0.9197950498200953
0.8429561934899539
0.4844004965852946
0.788279538275674
0.624106019968167
0.7350192808080465
0.5078128299210221
0.06159147503785789
0.507757340092212
0.7758607955183834
0.6861347912345082
0.07800502609461546
0.5815959894098341
0.06653675087727606
0.665631765499711
0.12700450071133673
0.9733210587874055
0.857104376424104
0.806742085609585
0.6169725402723998
0.985837641870603
0.5870025700423867
0.7073454342316836
0.4372425642795861
0.6426387140527368
0.6292305423412472
0.13391352095641196
0.5908376863226295
0.8021910465322435
0.5591531046666205
0.5701892462093383
0.4121557578910142
0.31423960137180984
0.8516219186130911
0.5836706890258938
0.6951294832397252
0.3435542667284608
0.4272362950723618
0.06648036674596369
0.5226941287983209
0.11572953383438289
0.6232936615124345
0.9688524070661515
0.384673721389845
0.6649520765058696
0.10943376389332116
0.0395408954937011
0.855579619994387
0.03823949606157839
0.6760084838606417
0.19807923422195017
0.46634275116957724
0.14867843897081912
0.5831629268359393
0.42292050807736814
0.2745737414807081
0.5530637849587947
0.6537603272590786
0.22063078405335546
0.0816314504481852
0.6560156017076224
0.8080929226707667
0.046962197637185454
0.7541590749751776
0.34446487482637167
0.6753131849691272
0.9021048427093774
0.0417405366897583
0.69036123319529
0.0831630052998662
0.5719522847793996
0.19466078956611454
0.8117519041988999
0.6727503833826631
0.8111838442273438
0.6249923221766949
0.6980527751147747
0.9020825286861509
0.4977604893501848
0.8061254029162228
0.513471498619765
0.8740564153995365
0.3340661220718175
0.35433850018307567
0.559776475885883
0.7267189626581967
0.827027537394315
0.4853259394876659
0.5659728872124106
0.45984882744960487
0.05047706328332424
0.21013907250016928
0.6358731593936682
0.6903707063756883
0.5217413094360381
0.9550769992638379
0.9270025475416332
0.10796623746864498
0.7005099493544549
0.053507579723373055
0.7492988656740636
0.8593882047571242
0.737388902110979
0.21552551235072315
0.9407864066306502
0.3342228743713349
0.12384920730255544
0.9331415751948953
0.4758916727732867
0.5734976828098297
0.0894188757520169
0.33735547796823084
0.2884010865818709
0.7845892393961549
0.9921243281569332
0.9808915469329804
0.5526284284424037
0.14482176513411105
0.2776826547924429
0.6002148953266442
0.7629546909593046
0.963464603992179
0.3071454770397395
0.07435704651288688
0.7246230016462505
0.7274883959908038
0.6281839876901358
0.17427034955471754
0.9971648645587265
0.8763628834858537
0.00965490355156362
0.11439836956560612
0.5470601208508015
0.48912029643543065
0.7176986762788147
0.21405093069188297
0.5242329791653901
0.943042769562453
0.13631132640875876
0.8703782386146486
0.9273667836096138
0.41233061626553535
0.43879602290689945
0.34817624115385115
0.7168471575714648
0.7687939077150077
0.36497490480542183
0.43520958139561117
0.6828992804512382
0.659704826772213
0.5515885197091848
0.07346490165218711
0.5600195934530348
0.051306177163496614
0.09396337578073144
0.9031242376659065
0.3145656071137637
0.7641264810226858
0.06881494075059891
0.7081195502541959
0.3256035861559212
0.619319953257218
0.22132869344204664
0.45237558078952134
0.1488405093550682
0.6056018073577434
0.8434394779615104
0.2016676648054272
0.16465907939709723
0.8318797296378762
0.8175729892682284
0.9423581932205707
0.8368020898196846
0.6188776425551623
0.38359687733463943
0.31054899911396205
0.2656941614113748
0.40465351194143295
0.8734194803982973
0.7492631871718913
0.2596104966942221
0.7540814660023898
0.027387513080611825
0.7655102682765573
0.025351349730044603
0.17822467302903533
0.36147298221476376
0.2711668412666768
0.1852939953096211
0.807786503341049
0.41514168912544847
0.027235135668888688
0.9211054421029985
0.3828175214584917
0.3627824552822858
0.9874290775042027
0.4042408047243953
0.6438446119427681
0.6294286318589002
0.7107691743876785
0.07490195124410093
0.464718367671594
0.6773694360163063
0.07583819329738617
0.5127241485752165
0.19246106664650142
0.17875180253759027
0.7613968083169311
0.7856895318254828
0.9306018056813627
0.7136183367110789
0.6044423214625567
0.09001060947775841
0.8002719068899751
0.7567572791595012
0.3214247436262667
0.2509271469898522
0.0953916353173554
0.8189408392645419
0.5001705032773316
0.25157876685261726
0.9745488734915853
0.17576881544664502
0.3289425519760698
0.7232566217426211
0.31219810829497874
0.07166833966039121
0.030486621661111712
0.4263023443054408
0.19825792242772877
0.6990459260996431
0.6672089453786612
0.9130775718949735
0.8478992434684187
0.620131277712062
0.9461562023498118
0.2863601380959153
0.0865433698054403
0.26143041742034256
0.5856645768508315
0.5729636836331338
0.49056684179231524
0.8608412782195956
0.07734494493342936
0.5245565520599484
0.6828652345575392
0.13405909785069525
0.0816481898073107
0.9073030280414969
0.6929511812049896
0.09101750259287655
0.9822749781887978
0.3402842727955431
0.3562928556930274
0.05143860401585698
0.513955183327198
0.47014723578467965
0.739451834699139
0.24909026618115604
0.1964867850765586
0.46172406896948814
0.788088099565357
0.3164758642669767
0.12197193433530629
0.08899935847148299
0.5098753697238863
0.024519845377653837
0.9765305332839489
0.6032646810635924
0.9784003454260528
0.601759591139853
0.7424429375678301
0.20803458336740732
0.8602430033497512
0.9949687907937914
0.44839329086244106
0.556418449152261
0.2270932006649673
0.428894390584901
0.022074043983593583
0.9356880604755133
0.39226666069589555
0.663578902836889
0.35108854877762496
0.0507350096013397
0.5820659503806382
0.5876257703639567
0.8760107532143593
0.5693151596933603
0.8177285443525761
0.6212863959372044
0.8466647604946047
0.5305663803592324
0.2902081925421953
0.5765448461752385
0.0615349430590868
0.426207319367677
0.28099751216359437
0.3777907348703593
0.3984187478199601
0.38183158985339105
0.3364556133747101
0.1370038844179362
0.08371453895233572
0.3238907989580184
0.6345408298075199
0.7865815362893045
0.12753784353844821
0.6356587125919759
0.8160269372165203
0.10165620665065944
0.04708235082216561
0.7607380857225507
0.9194724156986922
0.14720527129247785
0.2966937446035445
0.39536276063881814
0.3363245150540024
0.9397964484523982
0.48491512006148696
0.16885947342962027
0.5667006140574813
0.5783472096081823
0.6012830876279622
0.10378898866474628
0.2291256752796471
0.8947993167676032
0.13844025344587862
0.09822891466319561
0.9595738023053855
0.9696960584260523
0.8836680997628719
0.7826451803557575
0.21616428554989398
0.5081067273858935
0.14604995143599808
0.2747128549963236
0.9529399655293673
0.34281527111306787
0.017486367607489228
0.10210529365576804
0.80574392946437
0.5267034135758877
0.6746184977237135
0.2969109832774848
0.3920860073994845
0.18645462882705033
0.7498740085866302
0.0752446292899549
0.8031334958504885
0.4744915880728513
0.22706414968706667
0.8561281249858439
0.994010362541303
0.11494728224352002
0.7220584198366851
0.5191796135623008
0.7443018585909158
0.749455944634974
0.800594670465216
0.7156101374421269
0.6088596305344254
0.8741880550514907
0.5612425801809877
0.2808719538152218
0.21401814697310328
0.5787169793620706
0.10703017632476985
0.8226127356756479
0.5312052031513304
0.838464354397729
0.4934057821519673
0.10546575952321291
0.4621909528505057
0.29164888127706945
0.41863454855047166
0.8867838501464576
0.7546847129706293
0.20456748129799962
0.41228107432834804
0.41458893031813204
0.014247426530346274
0.7972679268568754
0.538066795328632
0.35856267414055765
0.8230135550256819
0.028542847838252783
0.6932939481921494
0.9017980084754527
0.5443668595980853
0.01021733507514
0.2023574358318001
0.315652142977342
0.10456251609139144
0.1814493522979319
0.4327357108704746
0.06362502533011138
0.07751823076978326
0.6066236516926438
0.25658259354531765
0.2418755677063018
0.9337851395830512
0.06323348428122699
0.33746802480891347
0.48211874440312386
0.6569251287728548
0.4252369038295001
0.11248821136541665
0.271909719100222
0.3223703736439347
0.17472150456160307
0.1665166129823774
0.1134977035690099
0.35837188526056707
0.4048206901643425
0.9251972641795874
0.21777519979514182
0.7096115106251091
0.32794950087554753
0.9875901835039258
0.1458146534860134
0.2798898224718869
0.2171848164871335
0.802555370843038
0.05914152576588094
0.2951734547968954
0.8595296579878777
0.3636124792974442
0.9748465814627707
0.4337968162726611
0.5400139028206468
0.47340840194374323
0.6214327423367649
0.5031117093749344
0.019512793514877558
0.7366202513221651
0.22865617997013032
0.8154253736138344
0.9850530119147152
0.6106862174347043
0.6871086002793163
0.639986147172749
0.1029101840686053
0.5581596903502941
0.49525902629829943
0.592489733826369
0.6141326492652297
0.755320685217157
0.40931147802621126
0.9184956415556371
0.4431064249947667
0.345259542344138
0.8957673562690616
0.7778055970557034
0.007724445313215256
0.4226718444842845
0.7144050877541304
0.7707224653568119
0.304018645780161
0.6225704560056329
0.8150935533922166
0.040872087236493826
0.9848052866291255
0.9957419564016163
0.23845591954886913
0.5111691751517355
0.1753707705065608
0.048441775841638446
0.26632944494485855
0.8874186191242188
0.9925426761619747
0.7124241711571813
0.1624390664510429
0.8054781649261713
0.5912266380619258
0.8648405203130096
0.1854105822276324
0.17205696133896708
0.9835363803431392
0.19719688617624342
0.5942317824810743
0.8953408729285002
0.14305215328931808
0.45852592354640365
0.9990490623749793
0.7938308045268059
0.9079043853562325
0.6184197377879173
0.1496799266897142
0.7826581932604313
0.28934343135915697
0.9642908773384988
0.03311363700777292
0.266950846882537
0.8878389352466911
0.6959647869225591
0.2834966906812042
0.571021534036845
0.4676982364617288
0.7365899533033371
0.8017388042062521
0.3457761900499463
0.3483803793787956
0.26776705542579293
0.8308405410498381
0.8629320319741964
0.8618465841282159
0.06231749011203647
0.8107227310538292
0.20356959174387157
0.5451560039073229
0.12415594048798084
0.49349188432097435
0.5596346957609057
0.28895663982257247
0.025025104638189077
0.2696863131131977
0.4064940754324198
0.8884299146011472
0.463879614835605
0.7698064281139523
0.728135674726218
0.47060165414586663
0.05185595410875976
0.9735370608977973
0.6880527494940907
0.7969985262025148
0.04646999831311405
0.9474000749178231
0.412926800083369
0.17381688742898405
0.9595936676487327
0.2656190791167319
0.2076325484085828
0.5760400455910712
0.9599897284060717
0.5292941527441144
0.2116396736819297
0.004076075507327914
0.5141954701393843
0.8589718309231102
0.24458287050947547
0.7950426661409438
0.43449977366253734
0.14588919561356306
0.22818552772514522
0.12430964084342122
0.15745204500854015
0.6807485211174935
0.7919435016810894
0.7059521649498492
0.45808079023845494
0.17554704751819372
0.06011319952085614
0.7300910949707031
0.49019739404320717
0.30129493260756135
0.2996329346206039
0.2600163696333766
0.0585115619469434
0.8661651250440627
0.698835912393406
0.9993356703780591
0.08714981679804623
0.4622324330266565
0.8368452193681151
0.31212343485094607
0.7273267779964954
0.7635376695543528
0.7279517247807235
0.16748729976825416
0.8731265044771135
0.45681122224777937
0.386914073722437
0.9661364294588566
0.3489950713701546
0.4430745574645698
0.6383420377969742
0.32324960897676647
0.23226887895725667
0.6290649909060448
0.9947368947323412
0.2580530389677733
0.759795333724469
0.9203298948705196
0.5534398371819407
0.709311870392412
0.9179701847024262
0.1716958407778293
0.8574069330934435
0.08852979959920049
0.18361627333797514
0.4947823081165552
0.9608515894506127
0.18855160591192544
0.5972353485412896
0.09080966305918992
0.3794367259833962
0.058617960661649704
0.8248143314849585
0.40970430616289377
0.09062676969915628
0.0264532919973135
0.8009061797056347
0.2941299662925303
0.3557187677361071
0.5843372235540301
0.6638157572597265
0.5306650423444808
0.8906072308309376
0.5645023353863508
0.16020834725350142
0.5978450430557132
0.08764833910390735
0.43060071067884564
0.5215797720011324
0.132436667336151
0.8749789402354509
0.7361999931745231
0.7607652842998505
0.6592907037120312
0.14487321325577796
0.13238316122442484
0.6708691627718508
0.78501379606314
0.8005919344723225
0.7253973614424467
0.958193815080449
0.3818128234706819
0.21533856191672385
0.5415767752565444
0.47513272799551487
0.7099651487078518
0.7264111994300038
0.36602900084108114
0.6816687087994069
0.35628483863547444
0.870244347024709
0.511831937590614
0.4542865927796811
0.893381780711934
0.6146001988090575
0.3666848463471979
0.4808927064295858
0.3805821710266173
0.7996299639344215
0.2818168366793543
0.33678335999138653
0.16204827185720205
0.5491108265705407
0.36775261303409934
0.7209834805689752
0.3306060798931867
0.8608936853706837
0.8586858788039535
0.11275024036876857
0.06811728095635772
0.14870560890994966
0.02384102833457291
0.7720630788244307
0.04911955911666155
0.8107026990037411
0.924827761715278
0.7266591989900917
0.8270056038163602
0.9350843303836882
0.6090711452998221
0.786180161871016
0.9675159167964011
0.49439695104956627
0.023512584855780005
0.8146067487541586
0.3474610897246748
0.8897956588771194
0.9329548256937414
0.3852281365543604
0.8343695588409901
0.7221639005001634
0.6429074101615697
0.6597080931533128
0.5405845176428556
0.7148480943869799
0.7815247161779553
0.08625216758809984
0.17046745936386287
0.3441979547496885
0.8377588759176433
0.7866130699403584
0.7336748840752989
0.34231775300577283
0.15344998962245882
0.6603524619713426
0.9607959093991667
0.13363223965279758
0.45486377156339586
0.9686251680832356
0.21158937411382794
0.024479908868670464
0.34422323829494417
0.34782563149929047
0.3631678696256131
0.8556982746813446
0.32821361324749887
0.7047459995374084
0.59634028817527
0.0009814088698476553
0.7714876376558095
0.8635550371836871
0.85015585902147
0.3236576684284955
0.7186708450317383
0.5008459724485874
0.3290989932138473
0.5638485969975591
0.17574756871908903
0.665713424095884
0.8077542206738144
0.7219564225524664
0.059072029776871204
0.17253881599754095
0.7525001235771924
0.39136729552410543
0.3813378792256117
0.5308011868037283
0.28893155488185585
0.4668647516518831
0.5276155739556998
0.8132238336838782
0.4506070949137211
0.3982366437558085
0.10047868289984763
0.4730985341593623
0.7230801216792315
0.05046116863377392
0.007433812832459807
0.9953704548534006
0.36678076069802046
0.23633118253201246
0.09701513289473951
0.977223880123347
0.2785426597110927
0.23570407996885478
0.7929806737229228
0.2914101919159293
0.10777765233069658
0.22425747103989124
0.13389783771708608
0.20430246950127184
0.5645238102879375
0.2465124016162008
0.6537575263064355
0.13629187759943306
0.5156822584103793
0.581599616445601
0.18694279668852687
0.6057129653636366
0.05484541831538081
0.9334344163071364
0.6841196410823613
0.8060521087609231
0.1891615625936538
0.5592915811575949
0.8775650002062321
0.6233504966367036
0.003794468939304352
0.4002580239903182
0.5679718507453799
0.47662753122858703
0.678589261835441
0.088398756692186
0.933497215854004
0.7938110923860222
0.6147588540334255
0.09046530933119357
0.05658963043242693
0.154903510119766
0.7177455490455031
0.9474528266582638
0.6980643726419657
0.265903398161754
0.36289014876820147
0.8810870922170579
0.8459864647593349
0.22182004945352674
0.5935564553365111
0.7970127426087856
0.2955783635843545
0.49067397392354906
0.7103493362665176
0.6085836384445429
0.9206417193636298
0.2892803663853556
0.901792315999046
0.15810619504190981
0.7246329670306295
0.025636996142566204
0.3941865065135062
0.07782640075311065
0.19988799281418324
0.7654722642619163
0.24745605397038162
0.7662222473882139
0.01634764764457941
0.8600016850978136
0.8154922239482403
0.534322670660913
0.9601701761130244
0.8192077788989991
0.4150649153161794
0.6547935788985342
0.8905607261694968
0.7733100913465023
0.8470872459001839
0.0005190309602767229
0.5870027197524905
0.43627676321193576
0.002104144310578704
0.8109148268122226
0.7635085764341056
0.20071771554648876
0.08548690448515117
0.2548697942402214
0.28551666578277946
0.7649777182377875
0.4673133515752852
0.6369472038932145
0.019251380115747452
0.09647652041167021
0.28843798534944654
0.5436561794485897
0.18613239331170917
0.014129935065284371
0.8085985139477998
0.9491898424457759
0.086287576938048
0.7668243322987109
0.7015271850395948
0.6675359881483018
0.6912014866247773
0.38671228126622736
0.4541149423457682
0.5575564638711512
0.8623544822912663
0.332257857080549
0.6123179674614221
0.9449184513650835
0.9998063195962459
0.6834433362819254
0.7192193488590419
0.5040081220213324
0.27824402903206646
0.8783228469546884
0.026716280728578568
0.6945898497942835
0.28615264082327485
0.4408177260775119
0.9038876881822944
0.16579076810739934
0.38366299122571945
0.2863711097743362
0.20689611742272973
0.3761762692593038
0.4908553212881088
0.03391959983855486
0.44273232482373714
0.22398576070554554
0.5490807923488319
0.8345737238414586
0.3437486970797181
0.76699273660779
0.79863425437361
0.5055928146466613
0.9121649123262614
0.29646537406370044
0.4790723433252424
0.6224587932229042
0.9374316141474992
0.920669395243749
0.6548710013739765
0.4052300644107163
0.4348909871187061
0.19166073901578784
0.5761885687243193
0.7067557412665337
0.7047483490314335
0.7004728603642434
0.667454388923943
0.31533652101643384
0.45508379954844713
0.14535221247933805
0.6047885126899928
0.2613256354816258
0.8024327214807272
0.8703593639656901
0.5603845866862684
0.8733261513989419
0.14140582410618663
0.7399309545289725
0.9623697411734611
0.49247024417854846
0.3574705715291202
0.27724103373475373
0.6803451701998711
0.6718866606242955
0.09342074627056718
0.4447993312496692
0.6561400254722685
0.10894592455588281
0.23340296000242233
0.20380580262281
0.5130618768744171
0.5553383666556329
0.7116546060424298
0.011232979595661163
0.6811498997267336
0.904734990093857
0.36329485126771033
0.20984738832339644
0.4947283042129129
0.8676107442006469
0.9548569011967629
0.17053681518882513
0.9587495229206979
0.13333834405057132
0.2270890965592116
0.31250925175845623
0.4374763825908303
0.6607372134458274
0.1919512136373669
0.8655266056302935
0.4557935558259487
0.9520441491622478
0.4359081315342337
0.4997491934336722
0.4429494587238878
0.4788819351233542
0.36136450339108706
0.4280789727345109
0.20275482418946922
0.5836217235773802
0.6912752005737275
0.7392048842739314
0.9080765640828758
0.6296609663404524
0.9101934439968318
0.8406507859472185
0.9392433110624552
0.7194856803398579
0.5264701955020428
0.2490378930233419
0.03741868562065065
0.6528690322302282
0.12204196117818356
0.5571235092356801
0.7926359819248319
0.3272818645928055
0.9053240939974785
0.9954529020469636
0.2645036883186549
0.13404279528185725
0.6914241195190698
0.3666783489752561
0.2269103736616671
0.07531429640948772
0.7597307111136615
0.7695781367365271
0.6827942633535713
0.8258893901947886
0.8395392859820276
0.10770775005221367
0.9994691861793399
0.4005658896639943
0.3442140982951969
0.17619021679274738
0.5836507673375309
0.23420226597227156
0.6404267637990415
0.9566747988574207
0.8468328798189759
0.6491206367500126
0.6661987700499594
0.7416890221647918
0.7450822587125003
0.8415940455161035
0.9510047843214124
0.8341528135351837
0.026198969688266516
0.32850407413206995
0.7037430284544826
0.43875202001072466
0.8781257106456906
0.49436923512257636
0.4486720322165638
0.6458968874067068
0.5072010718286037
0.75732227624394
0.4200778177473694
0.15091919712722301
0.012495068833231926
0.08639417355880141
0.4349268835503608
0.6541595694143325
0.6162594917695969
0.288517820648849
0.062252221163362265
0.27741258032619953
0.6254054312594235
0.9793289061635733
0.3899114553350955
0.30773743661120534
0.3709827661514282
0.7040525181218982
0.9527690391987562
0.4346538900863379
0.940432544099167
0.06683714035898447
0.26666920189745724
0.9450362068600953
0.8305224408395588
0.5469374139793217
0.4852093509398401
0.28799176635220647
0.39713272941298783
0.24738751305267215
0.28932033595629036
0.2667922736145556
0.20716045959852636
0.04776529083028436
0.16997115197591484
0.5298991608433425
0.998939543729648
0.8876557447947562
0.595956904347986
0.17341508902609348
0.5818121358752251
0.9444082593545318
0.6374783024657518
0.7795627280138433
0.5750003496650606
0.40944224898703396
0.3449279381893575
0.10907309572212398
0.6238298180978745
0.5960839709732682
0.3017569836229086
0.5822347609791905
0.6829530638642609
0.8006221707910299
0.24755612458102405
0.42659027967602015
0.4851971825119108
0.9797533748205751
0.054584326688200235
0.3593708290718496
0.2711610132828355
0.9095995693933219
0.01248883455991745
0.2951119893696159
0.7462376686744392
0.6275402649771422
0.6245453748852015
0.6691645414102823
0.10742193670012057
0.000514134531840682
0.10838841926306486
0.14885259047150612
0.786080131540075
0.9150949825998396
0.19590069889090955
0.19054983160458505
0.42697894223965704
0.3474077002611011
0.6826915689744055
0.783933499827981
0.2706132063176483
0.12223312817513943
0.7533476552926004
0.784025673288852
0.9407429683487862
0.6652751481160522
0.03985017188824713
0.5108187808655202
0.0681882572825998
0.3586874334141612
0.8946816248353571
0.9731558058410883
0.04203134006820619
0.937107453821227
0.9835401391610503
0.4076842258218676
0.5438695312477648
0.0705675259232521
0.2858722493983805
0.04193145362660289
0.09732771757990122
0.7011800776235759
0.15567908133380115
0.9260000539943576
0.7303883535787463
0.9556230353191495
0.8885855546686798
0.36611128761433065
0.10185870621353388
0.4998137305956334
0.45151745714247227
0.8189696443732828
0.8732641220558435
0.1120881864335388
0.9670298311393708
0.5052289066370577
0.35570005467161536
0.3673008990008384
0.4142949271481484
0.7746708269696683
0.20137308910489082
0.9185345044825226
0.21124699199572206
0.9581507823895663
0.4150186600163579
0.8676614887081087
0.03339230292476714
0.1924497145228088
0.7717662206850946
0.8683021692559123
0.6864069667644799
0.05553720099851489
0.33584766369313
0.3177177153993398
0.28195093641988933
0.4051294270902872
0.4064796809107065
0.9256945154629648
0.29706664895638824
0.212316028540954
0.045300204772502184
0.602610957575962
0.8922251230105758
0.746582732303068
0.11949157668277621
0.36343227699398994
0.4698611923959106
0.4708384689874947
0.1075428647454828
0.8717573932372034
0.6798799757380038
0.3068476833868772
0.49402596498839557
0.23895265604369342
0.4519515142310411
0.7255589151754975
0.8885552228894085
0.7525840892922133
0.2390553248114884
0.1737968206871301
0.36151596694253385
0.09529213747009635
0.19867599243298173
0.03611442819237709
0.9790456374175847
0.0005910857580602169
0.723758181091398
0.30069713364355266
0.6343686101026833
0.4788120915181935
0.03844829765148461
0.1488579756114632
0.7668440956622362
0.9938621886540204
0.33923063217662275
0.3764850846491754
0.029573366278782487
0.27832581475377083
0.12338150502182543
0.38917463342659175
0.5915654569398612
0.8028681981377304
0.664447323884815
0.14565872796811163
0.16470608650706708
0.6418173024430871
0.9731127535924315
0.14711238536983728
0.6607556566596031
0.38718832074664533
0.9743247185833752
0.0863458402454853
0.874192780116573
0.6926084249280393
0.7542409147135913
0.8976629611570388
0.004707640502601862
0.9826866565272212
0.7446606310550123
0.47975263581611216
0.12598152039572597
0.4894108648877591
0.10418040654622018
0.3513489169999957
0.8489127424545586
0.8983520946931094
0.4109677819069475
0.9454810034949332
0.12370966095477343
0.6252607728820294
0.4610120370052755
0.9756063197273761
0.21639354643411934
0.6879361742176116
0.387777435593307
0.7113219003658742
0.18770705489441752
0.3972135321237147
0.5953747651074082
0.5840754630044103
0.777653856901452
0.17081705993041396
0.8620845864061266
0.27376344916410744
0.09272895171307027
0.9550479464232922
0.533865058561787
0.7450851472094655
0.7844236206728965
0.0914900628849864
0.5360267083160579
0.5739631045144051
0.6345526960212737
0.1305042626336217
0.9663337406236678
0.8549540019594133
0.013467638520523906
0.8875111213419586
0.5736837550066411
0.5040504243224859
0.06355489091947675
0.9966793495696038
0.04220485407859087
0.9698620820418
0.3824512732680887
0.7734105288982391
0.6331113977357745
0.04935730155557394
0.8992232368327677
0.8726178559008986
0.3041784765664488
0.40175366634503007
0.6119759450666606
0.911497367080301
0.22063040314242244
0.1525414795614779
0.1199095081537962
0.9032431168016046
0.24751971452496946
0.9046009739395231
0.7679486453998834
0.2852400422561914
0.9540415923111141
0.4291760337073356
0.174153276020661
0.016605969052761793
0.3740901502314955
0.7476164915133268
0.4097127243876457
0.06938818632625043
0.06501774094067514
0.28823787183500826
0.6833887740503997
0.4229847798123956
0.4026073501445353
0.05116185755468905
0.2994886008091271
0.7151577179320157
0.2175260465592146
0.9748605147469789
0.6687304589431733
0.22544828429818153
0.7472730770241469
0.31626158277504146
0.25911490619182587
0.8312456435523927
0.28869014023803174
0.1476732778828591
0.37664333963766694
0.7280337808188051
0.4366169199347496
0.36856867652386427
0.27118047676049173
0.4623645041137934
0.36351260519586504
0.21488572377711535
0.2830532034859061
0.46030458994209766
0.22612559888511896
0.07014626055024564
0.7703125681728125
0.6986393514089286
0.671584875555709
0.5961364905815572
0.41535726678557694
0.8206282274331897
0.8509525759145617
0.892991358647123
0.8458351858425885
0.47393960878252983
0.3346331857610494
0.42353852721862495
0.48595699574798346
0.7347246932331473
0.9674878206569701
0.9300067229196429
0.034112110268324614
0.14005091018043458
0.023731795605272055
0.8438677645754069
0.7448306332807988
0.4678456513211131
0.26046444452367723
0.08315465645864606
0.17855910421349108
0.4299256424419582
0.44149212213233113
0.048543968703597784
0.2653559884056449
0.2800265329424292
0.7261162085924298
0.7454295086208731
0.16496514435857534
0.48380070086568594
0.8722370099276304
0.3119933514390141
0.2610197982285172
0.21957136294804513
0.715462876483798
0.6978508031461388
0.35045107384212315
0.7804027630481869
0.6274120933376253
0.4330281503498554
0.4135283655487001
0.7618312453851104
0.8286350022535771
0.38216958520933986
0.5073553039692342
0.7110407955478877
0.9934007884003222
0.0703893480822444
0.3832680231425911
0.10711159161292017
0.14442095789127052
0.7269838240463287
0.3897323098499328
0.9369095885194838
0.5026873543392867
0.6781661717686802
0.39232549723237753
0.6931993991602212
0.3511920820455998
0.9846882447600365
0.8801869731396437
0.7852144290227443
0.4346875795163214
0.4445652875583619
0.623287902912125
0.7842031151521951
0.20635946281254292
0.6089637184049934
0.659886825364083
0.8326403005048633
0.4345091327559203
0.15622266451828182
0.7568076043389738
0.24469794053584337
0.9678554534912109
0.39797471184283495
0.5658094275277108
0.40954076079651713
0.9930880982428789
0.4851248604245484
0.03514307760633528
0.7255401634611189
0.49877499626018107
0.9152140631340444
0.31777967023663223
0.8169149961322546
0.9709370324853808
0.12881985260173678
0.7961202408187091
0.9358880054205656
0.18172022025100887
0.6135346330702305
0.9127917769365013
0.6059114909730852
0.8310456364415586
0.8075882089324296
0.016295545268803835
0.7709257756359875
0.6884731957688928
0.16939244838431478
0.2517613503150642
0.18494248809292912
0.47478352463804185
0.28418015176430345
0.8903816642705351
0.645067113917321
0.7724507814273238
0.3730610655620694
0.24766674591228366
0.5098972308915108
0.34329000930301845
0.4241899906191975
0.04320744192227721
0.9700055604334921
0.13389073288999498
0.1343570000026375
0.4329311144538224
0.6271738978102803
0.9355739294551313
0.357815682888031
0.45169583754613996
0.08128531067632139
0.6670243996195495
0.4417358397040516
0.515626894775778
0.8402710256632417
0.22791612287983298
0.36325125326402485
0.47340847249142826
0.5728143362794071
0.7085123648867011
0.6172677304130048
0.4611253794282675
0.17433924064971507
0.32678785524331033
0.9315101637039334
0.09432266047224402
0.7480661917943507
0.5862127025611699
0.6110080094076693
0.6299414078239352
0.7805600755382329
0.45546299731358886
0.15123339905403554
0.7996586232911795
0.7689622447360307
0.41401777835562825
0.9330869014374912
0.45526347518898547
0.6166984685696661
0.9370505642145872
0.041173444828018546
0.5206794403493404
0.7934602769091725
0.1735187389422208
0.5619577085599303
0.01856230478733778
0.6956241820007563
0.9917992053087801
0.17898122454062104
0.10804531234316528
0.8702947527635843
0.26888538454659283
0.057881023501977324
0.5888419540133327
0.7410806706175208
0.7191550056450069
0.4193892413750291
0.7601982862688601
0.39285188261419535
0.06970600853674114
0.8378262440674007
0.8115691295824945
0.5482976594939828
0.9653095903340727
0.5371288005262613
0.6227183695882559
0.6303728686179966
0.7621370940469205
0.39061253564432263
0.9033140453975648
0.697573320241645
0.450050079729408
0.46223572967574
0.21180158713832498
0.7367965104058385
0.3078414280898869
0.392220763489604
0.6655088486149907
0.01567545998841524
0.7272022059187293
0.20594663522206247
0.16515229200012982
0.6367797031998634
0.9098460890818387
0.5149317847099155
0.31372236320748925
0.5259455828927457
0.7834511874243617
0.6988974846899509
0.07704816316254437
0.2528050246182829
0.8674310909118503
0.5869083101861179
0.024075858993455768
0.019359831465408206
0.8536770609207451
0.6431952335406095
0.9230825235135853
0.3173627045471221
0.11583741614595056
0.49262550054118037
0.8757350647356361
0.5910876670386642
0.4081386816687882
0.6893915783148259
0.5765396975912154
0.17134491633623838
0.4358086467254907
0.6342740471009165
0.8652948765084147
0.17562133842147887
0.5477250751573592
0.335948349442333
0.10381216206587851
0.7063525111880153
0.42177719762548804
0.6747690089978278
0.01920233597047627
0.28152978932484984
0.8948811998125166
0.5284382603131235
0.787239592988044
0.9283386708702892
0.9968806121032685
0.8566153896972537
0.00951262074522674
0.6329235357698053
0.5378073446918279
0.636373802786693
0.8593471951317042
0.15609094873070717
0.3976535638794303
0.5650419800076634
0.6536482339724898
0.2981201624497771
0.12047330080531538
0.12258595274761319
0.03971223020926118
0.8854682589881122
0.990466671762988
0.2961229484062642
0.1729467185214162
0.24584118253551424
0.44092686870135367
0.8186044024769217
0.5426940033212304
0.7245738822966814
0.030987939331680536
0.6847639821935445
0.11264760745689273
0.09446706832386553
0.998835412086919
0.8420489132404327
0.2743030993733555
0.7162900713738054
0.569174048723653
0.29773336718790233
0.2193385730497539
0.5988182709552348
0.7113363591488451
0.5208768611773849
0.5543419807218015
0.8312662506941706
0.6450285173486918
0.9308320817071944
0.0767720325384289
0.36453126440756023
0.2664577311370522
0.17530575743876398
0.6055414392612875
0.7502447958104312
0.06844809511676431
0.10151912202127278
0.3653606546577066
0.40464007342234254
0.6257236488163471
0.7917771541979164
0.6645427383482456
0.793291725218296
0.18682479369454086
0.463043178897351
0.4454050287604332
0.7624554315116256
0.11716133635491133
0.5501688858494163
0.3384103663265705
0.6732784316409379
0.03490834683179855
0.37545256107114255
0.23796939011663198
0.5367908719927073
0.37005780986510217
0.2601152767892927
0.7285850620828569
0.30874186754226685
0.6218040296807885
0.060581698548048735
0.38146690698340535
0.6407300089485943
0.22438325244002044
0.756571538047865
0.8615876440890133
0.6312000697944313
0.6841199218761176
0.7229096740484238
0.08224722906015813
0.07395161571912467
0.23460462666116655
0.9283423004671931
0.8448346387594938
0.6011303316336125
0.4259393725078553
0.7524819164536893
0.18596407561562955
0.0453061091247946
0.8704800084233284
0.5530208519194275
0.9923527399078012
0.043926223646849394
0.05677775549702346
0.443485158495605
0.9860818209126592
0.9411239605396986
0.5987620742525905
0.8094590117689222
0.5165376565419137
0.17327908845618367
0.3590318113565445
0.25125783076509833
0.15828167251311243
0.8470487869344652
0.28108726302161813
0.14427021890878677
0.023696302203461528
0.019677455071359873
0.6310004433616996
0.8759889074135572
0.031011955812573433
0.27665569563396275
0.8610205554869026
0.04476894484832883
0.15201180125586689
0.7175751754548401
0.9203915297985077
0.6423008718993515
0.7096026744693518
0.16962676914408803
0.38431873777881265
0.1174139583017677
0.8479867945425212
0.051924424013122916
0.17782305483706295
0.9406442523468286
0.8477974119596183
0.9770093504339457
0.6334769385866821
0.7081485535018146
0.031183784129098058
0.2567487896885723
0.10984224826097488
0.3553684838116169
0.20596909965388477
0.6130977713037282
0.9411005359143019
0.9459128733724356
0.9727994001004845
0.7284593756776303
0.3038839013315737
0.13488791626878083
0.10875735688023269
0.7886050478555262
0.573304187739268
0.8740572361275554
0.3505304488353431
0.20445500570349395
0.3752828093711287
0.25834266748279333
0.81656314432621
0.6269081737846136
0.3641408891417086
0.5399028493557125
0.5284413450863212
0.689587980043143
0.1861477056518197
0.32939463178627193
0.9795927649829537
0.9854474007152021
0.8088561741169542
0.8933930932544172
0.9872667170129716
0.5239459318108857
0.9285594974644482
0.051181099843233824
0.9944213281851262
0.3216384903062135
0.16792368376627564
0.7397006130777299
0.8429174197372049
0.8846165544819087
0.8049489972181618
0.4359694002196193
0.5597433759830892
0.19895420619286597
0.11597221903502941
0.9360837603453547
0.5711093344725668
0.29794266750104725
0.79637689772062
0.6593803984578699
0.8053708928637207
0.8021328642498702
0.5177149574737996
0.3551955702714622
0.29190970677882433
0.06617327453568578
0.9831434779334813
0.015049394220113754
0.5348245177883655
0.8187748196069151
0.5947952209971845
0.24565065233036876
0.9804699353408068
0.9191343132406473
0.155107282102108
0.8066842060070485
0.3233664417639375
0.47950380435213447
0.33310538553632796
0.9134738058783114
0.9089947277680039
0.1845661443658173
0.7777090216986835
0.8862582677975297
0.22441211552359164
0.3743458315730095
0.4817584950942546
0.06430026330053806
0.19611987052485347
0.8080928286071867
0.9204402391333133
0.49255246040411294
0.7215233650058508
0.9939929048996419
0.8027970911934972
0.6747130989097059
0.023562475573271513
0.9646824598312378
0.11301001883111894
0.7742502177134156
0.6903673529159278
0.2846968644298613
0.028533635195344687
0.2700777028221637
0.28534943191334605
0.7428844005335122
0.0993385729379952
0.20932066813111305
0.06816512695513666
0.0006223218515515327
0.02340351976454258
0.7529467011336237
0.6038066737819463
0.8210627066437155
0.8811796007212251
0.6227278704755008
0.0001414783764630556
0.6473833876661956
0.07004373567178845
0.9603912364691496
0.818217858672142
0.532582082785666
0.5976882008835673
0.4389462564140558
0.15033948235213757
0.5632631555199623
0.6721626669168472
0.013298409758135676
0.8109397813677788
0.04171744757331908
0.11504246410913765
0.11076020821928978
0.8233374662231654
0.7378046819940209
0.6337431313004345
0.31931007490493357
0.2510780810844153
0.8459691985044628
0.7733819154091179
0.2104015899822116
0.5117218720261008
0.3469473519362509
0.4525240226648748
0.9345579105429351
0.15211304044350982
0.613081414019689
0.651165873510763
0.4674362069927156
0.8065529251471162
0.20836288505233824
0.9304208159446716
0.5285080668982118
0.17259919946081936
0.9821152286604047
0.3364470030646771
0.30215042852796614
0.6638257410377264
0.7281449486035854
0.44144221977330744
0.30525176390074193
0.5412597190588713
0.7224385398440063
0.5143480352126062
0.8077642174903303
0.9554366073571146
0.6084831405896693
0.06227045529522002
0.6405534665100276
0.11029316135682166
0.714444944402203
0.23502718936651945
0.532671126537025
0.08794156066142023
0.6398623073473573
0.7371389623731375
0.7532670306973159
0.5776108768768609
0.447042248910293
0.23139185993932188
0.9815112152136862
0.623098760144785
0.630531748291105
0.5133988908492029
0.7252837042324245
0.9533719657920301
0.44514350197277963
0.9452761716675013
0.2814822937361896
0.32430576370097697
0.11709524947218597
0.054043305572122335
0.21785020548850298
0.8455345642287284
0.7858873924706131
0.5302550697233528
0.49604889657348394
0.8908470182213932
0.9568461023736745
0.9420100431889296
0.5474526763428003
0.5947080506011844
0.5203071406576782
0.06785014644265175
0.3087361832149327
0.44002688047476113
0.6040675851982087
0.4119525079149753
0.47194616543129086
0.17506775143556297
0.535334255779162
0.9416291133966297
0.5535873183980584
0.19122213660739362
0.6304856648202986
0.5692346184514463
0.3745949878357351
0.9784786368254572
0.9144179439172149
0.14373754896223545
0.5688779749907553
0.6379060640465468
0.37949347915127873
0.30959276063367724
0.9322604413609952
0.5702756226528436
0.16551054455339909
0.06467024236917496
0.9870079432148486
0.6189874445553869
0.35073351534083486
0.7107878362294286
0.548460969235748
0.6887509380467236
0.060283037135377526
0.8975536182988435
0.8879772194195539
0.3454930824227631
0.42001390364021063
0.9371514467056841
0.9128869976848364
0.3456516738515347
0.1780346764717251
0.8730907489079982
0.6343552405014634
0.6362880421802402
0.23522931127808988
0.08767896611243486
0.8810626731719822
0.4951623803935945
0.7555166983511299
0.9530857247300446
0.22624461073428392
0.40664680930785835
0.9027685173787177
0.797814502613619
0.6866877060383558
0.9882232672534883
0.7993898210115731
0.04714089003391564
0.05316061293706298
0.24189266259782016
0.15292901010252535
0.27877477020956576
0.13567373412661254
0.13276035385206342
0.546243020799011
0.6379070705734193
0.37327377684414387
0.062276768032461405
0.8509673192165792
0.6843716162256896
0.1852134878281504
0.545898191165179
0.3246653007809073
0.7926171638537198
0.7130905052181333
0.21253066882491112
0.011369275161996484
0.019873955054208636
0.20413195108994842
0.23176188045181334
0.5174639059696347
0.7964250263758004
0.5451205559074879
0.7370218955911696
0.5262858031783253
0.9524581541772932
0.883423776132986
0.37604091805405915
0.2009383433032781
0.8305120582226664
0.06712296605110168
0.18850968987680972
0.8011256230529398
0.1903421231545508
0.016973741119727492
0.9813331640325487
0.2627238556742668
0.9415860041044652
0.6532410343643278
0.9735770057886839
0.678862490458414
0.9020959339104593
0.7676026753615588
0.9568794805090874
0.7334466956090182
0.2624327898956835
0.646182635333389
0.6831583939492702
0.3947192404884845
0.8877821650821716
0.6306556705385447
0.7871420730371028
0.30575841572135687
0.9902969596441835
0.11035466752946377
0.9111316506750882
0.47984687704592943
0.8224714542739093
0.15773593191988766
0.10003207507543266
0.42856018943712115
0.9345692659262568
0.1455143545754254
0.7629801675211638
0.3885970537085086
0.5882312501780689
0.8274363200180233
0.6002358631230891
0.4644188550300896
0.5947011748794466
0.4974662794265896
0.2192384556401521
0.0030677563045173883
0.35862974636256695
0.05141034536063671
0.9643641822040081
0.3432325522881001
0.7238740087486804
0.3207765787374228
0.6870055920444429
0.6344215222634375
0.6855483294930309
0.5846893233247101
0.08221627166494727
0.4856975313741714
0.9638457035180181
0.10877960314974189
0.2917879717424512
0.7974477699026465
0.9158094460144639
0.1294826907105744
0.6109321613330394
0.12870047450996935
0.49614093033596873
0.4310733980964869
0.16255939099937677
0.9289917321875691
0.6550102927722037
0.8835613906849176
0.770249399356544
0.8219693228602409
0.158799720229581
0.35800902359187603
0.8145124725997448
0.5136819130275398
0.7279913129750639
0.6489867514465004
0.15747033338993788
0.10021617799066007
0.7298747133463621
0.6496002255007625
0.43774152803234756
0.43045536102727056
0.14185271062888205
0.5964655310381204
0.047056594397872686
0.3466266063041985
0.547246805857867
0.8543955881614238
0.7188765294849873
0.49847507243975997
0.6861738027073443
0.827052692649886
0.7492887736298144
0.7970868884585798
0.43889859435148537
0.37984362500719726
0.5825179859530181
0.6565291970036924
0.29983695573173463
0.20937579404562712
0.9486736871767789
0.5674888673238456
0.8238040951546282
0.11693752324208617
0.4403027407824993
0.5033995427656919
0.19688265933655202
0.6846937644295394
0.05782914883457124
0.6027687662281096
0.9219479879830033
0.6725363712757826
0.9898685121443123
0.5080188994761556
0.708217513281852
0.09712878172285855
0.3079692793544382
0.6922839926555753
0.8210187547374517
0.08016272797249258
0.41005363571457565
0.2134304358623922
0.1598376443143934
0.8984716073609889
0.4223235307727009
0.6318002478219569
0.2927895674947649
0.0989979614969343
0.7578319550957531
0.6617178085725754
0.8875101380981505
0.7520229937508702
0.05947149731218815
0.3338295225985348
0.7283758220728487
0.4774001280311495
0.478530703112483
0.7680627664085478
0.09384076157584786
0.8993928581476212
0.9111270410940051
0.6969204656779766
0.6222108886577189
0.5955075540114194
0.12201925367116928
0.9911156182643026
0.6409589836839586
0.5188480010256171
0.9445590728428215
0.371315305121243
0.9317960278131068
0.3337751543149352
0.14300762861967087
0.47867885464802384
0.4272298791911453
0.8285332333762199
0.36429610336199403
0.3465353464707732
0.9838376820553094
0.4723996298853308
0.5858784669544548
0.4826327108312398
0.8040955641772598
0.9188708865549415
0.4296250678598881
0.1428444825578481
0.47877053660340607
0.07786846696399152
0.04849334782920778
0.3399787601083517
0.5970852083992213
0.38131208368577063
0.03715671948157251
0.01229256228543818
0.47858708910644054
0.7405640564393252
0.3348801168613136
0.898743704194203
0.42256219568662345
0.033722098683938384
0.12255342211574316
0.46560926805250347
0.9223297801800072
0.5127058422658592
0.15023764898069203
0.6577458335086703
0.19019392342306674
0.22637514234520495
0.3976915234234184
0.4097148240543902
0.24823169666342437
0.6992650909814984
0.8076936525758356
0.9058477168437093
0.48157075163908303
0.9091240400448442
0.5417854129336774
0.5176345899235457
0.9079970035236329
0.1931183326523751
0.11748939426615834
0.17096952069550753
0.43162286607548594
0.9772650501690805
0.19594255229458213
0.03300422872416675
0.8546324269846082
0.9792605834081769
0.07740211463533342
0.6576007744297385
0.41899352450855076
0.5902461032383144
0.15110275777988136
0.3606991651467979
0.2327912028413266
0.2684185190591961
0.6290155726019293
0.17935004946775734
0.6110201068222523
0.5180044525768608
0.5298168326262385
0.7191019693855196
0.5359284246806055
0.8208183331880718
0.4606351274996996
0.4266338339075446
0.09405093709938228
0.657074180431664
0.06962697952985764
0.5349388017784804
0.75960398837924
0.6951012548524886
0.8417267620097846
0.4133042646571994
0.022649365244433284
0.38581825979053974
0.03833269467577338
0.19746301462873816
0.011165848234668374
0.1641070358455181
0.6001876094378531
0.18145959940738976
0.8442021131049842
0.8407879830338061
0.397133057937026
0.39947152766399086
0.37016159435734153
0.8730222035665065
0.5867546834051609
0.2744519645348191
0.3972072990145534
0.6192451943643391
0.8654466101434082
0.9226511863525957
0.4001328416634351
0.6198413530364633
0.5957674493547529
0.79833361832425
0.9561639053281397
0.8114521775860339
0.655052826507017
0.6765867245849222
0.8221807770896703
0.9846633078996092
0.4595296897459775
0.38823365117423236
0.9019708682317287
0.4867106156889349
0.622145164757967
0.16209590272046626
0.7280863460619003
0.2029554743785411
0.24267193861305714
0.22506042127497494
0.7521592751145363
0.35326984291896224
0.4166773606557399
0.6889023475814611
0.7751841151621193
0.6308654109016061
0.6077888137660921
0.5927521749399602
0.32205334887839854
0.7606761660426855
0.8946569466497749
0.8086284042801708
0.7416769007686526
0.509142137831077
0.9985099921468645
0.17870299913920462
0.15779318730346859
0.02337741176597774
0.5210766496602446
0.941588215297088
0.7243156312033534
0.4637594395317137
0.5237366284709424
0.9329086875077337
0.4591777224559337
0.04633100889623165
0.37841069838032126
0.6136099612340331
0.34248351072892547
0.871576136443764
0.44312476995401084
0.6074546915479004
0.48854518705047667
0.5550365026574582
0.20259003061801195
0.5922770372126251
0.6819873584900051
0.19595789606682956
0.22687143995426595
0.47810374735854566
0.2710087781306356
0.19111215695738792
0.6269337821286172
0.46718587493523955
0.39803475327789783
0.5285242525860667
0.3012460395693779
0.48482594755478203
0.3424860935192555
0.11125496262684464
0.9647410484030843
0.23760448186658323
0.09613126236945391
0.29597089043818414
0.17573607480153441
0.5920247484464198
0.9976332962978631
0.2447797921486199
0.4096972409170121
0.6559313759207726
0.5227810144424438
0.6534821470268071
0.26021277718245983
0.7323733705561608
0.5375303137116134
0.7116536770481616
0.006337863393127918
0.3689176980406046
0.48047911445610225
0.9530521905981004
0.6003530316520482
0.4248008874710649
0.1185715296305716
0.7679434819146991
0.793873141752556
0.6696658006403595
0.2328353205230087
0.1787734196987003
0.32273786794394255
0.7518835358787328
0.42805458907969296
0.7599493882153183
0.9933646330609918
0.5336220781318843
0.35377335152588785
0.4353818267118186
0.981207981472835
0.176901240600273
0.6893601708579808
0.9627059095073491
0.5311087914742529
0.951193758752197
0.05013098008930683
0.01764000835828483
0.04785523656755686
0.7685327704530209
0.5039444882422686
0.1913596496451646
0.09287914773449302
0.4084217888303101
0.7795156163629144
0.6866431338712573
0.15784612204879522
0.9884733438957483
0.05574805894866586
0.27058350178413093
0.3716630768030882
0.0740469191223383
0.9649240002036095
0.528757338412106
0.583949187071994
0.5583959359209985
0.029455030569806695
0.12744744261726737
0.7766589166130871
0.16265305131673813
0.6747628166340292
0.9479157323949039
0.9397215330973268
0.2775967833586037
0.16820757184177637
0.6796871752012521
0.5367804707493633
0.2164643455762416
0.942792288493365
0.3746751544531435
0.4568261045496911
0.5249012031126767
0.8398250862956047
0.9769758873153478
0.0810452972073108
0.4096869968343526
0.6108927463646978
0.38044150616042316
0.3593517830595374
0.08568320306949317
0.875023941276595
0.5486774102319032
0.8606647180859
0.7919394380878657
0.7554626315832138
0.9342682459391654
0.008248656755313277
0.8196696350350976
0.4066596310585737
0.06602136720903218
0.26355443173088133
0.8211492982227355
0.16313516884110868
0.49071023892611265
0.49925889051519334
0.6543237406294793
0.38512115995399654
0.8319038720801473
0.15334924752824008
0.8692194428294897
0.023229570826515555
0.9656404410488904
0.445229945005849
0.5993476565927267
0.12743949866853654
0.658337238477543
0.6383312754333019
0.10735602164641023
0.616452825255692
0.4394704184960574
0.7845484879799187
0.48344451282173395
0.7150177448056638
0.7920943149365485
0.4665469324681908
0.8886036511976272
0.5066786960233003
0.4701475251931697
0.7374567675869912
0.20889320317655802
0.5404726637061685
0.6650113356299698
0.25275518163107336
0.20383021421730518
0.06862784433178604
0.2525897598825395
0.013482256792485714
0.9968924191780388
0.8800402004271746
0.31252629216760397
0.8922401613090187
0.9419074645265937
0.6038547921925783
0.6984082420822233
0.22392629995010793
0.518951487261802
0.7556418955791742
0.16056485497392714
0.9780992013402283
0.9776311684399843
0.9490769479889423
0.9318550659809262
0.5931867931503803
0.38957609119825065
0.14894718816503882
0.5141422715969384
0.7983594203833491
0.4839438144117594
0.5225303780753165
0.20430101011879742
0.6714336876757443
0.9840907498728484
0.2387653635814786
0.010281075956299901
0.218737562187016
0.7902084696106613
0.4907488564494997
0.22201402415521443
0.7972165087703615
0.7698683764319867
0.9203073710668832
0.28109850850887597
0.43953713960945606
0.7927653286606073
0.4958646579179913
0.3865660533774644
0.6492022797465324
0.19026525365188718
0.5996044569183141
0.7342620233539492
0.7452777228318155
0.41605224227532744
0.5169928364921361
0.31852728105150163
0.18803723924793303
0.3416970579419285
0.7235765226650983
0.09314308105967939
0.506938686594367
0.9282786892727017
0.8192938663996756
0.05698396544903517
0.5084306143689901
0.8796846503391862
0.8504780223593116
0.10553227481432259
0.9360117772594094
0.19266456086188555
0.8717087290715426
0.8779570434708148
0.5871921945363283
0.25417864439077675
0.7682092741597444
0.7832779998425394
0.46414187643676996
0.692977495258674
0.24421107792295516
0.14658993110060692
0.8311723212245852
0.8821495175361633
0.23292895685881376
0.8879308006726205
0.3373102720361203
0.6827371288090944
0.6064971105661243
0.22216583089902997
0.58022516570054
0.34576035756617785
0.012320592300966382
0.1137112642172724
0.16758514801040292
0.3548287143930793
0.592803513398394
0.07781874062493443
0.9794039344415069
0.6148526007309556
0.7922100271098316
0.6399145994801074
0.7562485274393111
0.1984852508176118
0.6414365121163428
0.10449815937317908
0.1706201173365116
0.10037264693528414
0.7597803745884448
0.601826794911176
0.05786678404547274
0.4053312256000936
0.9213444944471121
0.8886930360458791
0.2824878143146634
0.46638816967606544
0.9972481187433004
0.3323082865681499
0.749888181919232
0.39049070584587753
0.6990120061673224
0.16986198420636356
0.7832613601349294
0.024416344705969095
0.40104354987852275
0.6045643733814359
0.20493205171078444
0.973770004697144
0.8569114494603127
0.2303522564470768
0.38639350584708154
0.5498893368057907
0.4603997324593365
0.9502396371681243
0.6983680708799511
0.7689943194855005
0.9363965492229909
0.2530897769611329
0.3310423872899264
0.7105304510332644
0.8660692819394171
0.22750909393653274
0.21733943303115666
0.5393192523624748
0.7585149633232504
0.163084038766101
0.37302806763909757
0.5297853497322649
0.1289856235962361
0.7010251861065626
0.41322641749866307
0.6083559079561383
0.7121661573182791
0.3797690209466964
0.2821056367829442
0.4484776663593948
0.010991108370944858
0.20689125964418054
0.025306531926617026
0.19919945113360882
0.3708034495357424
0.3727926400024444
0.46020355564542115
0.32500498672015965
0.8215810444671661
0.15840636217035353
0.2048823656514287
0.02567070396617055
0.8014301008079201
0.6478605191223323
0.09420475922524929
0.4691151585429907
0.9160875121597201
0.9912378443405032
0.06033790111541748
0.081244244473055
0.7340222012717277
0.2008109155576676
0.7280703787691891
0.9384835076052696
0.9327097544446588
0.9967725498136133
0.9320142604410648
0.35747320763766766
0.39816297497600317
0.9743937966413796
0.18982963357120752
0.7107025559525937
0.8534981142729521
0.5320029261056334
0.1529867355711758
0.45905887871049345
0.6308394870720804
0.9705813371110708
0.7499641252215952
0.9416745535563678
0.43797798827290535
0.9126663256902248
0.3566975360736251
0.3619331857189536
0.573755508987233
0.7350443250034004
0.7690771005582064
0.5971686693374068
0.15006282133981586
0.6547117938753217
0.4420761433430016
0.564803421497345
0.2640227838419378
0.21184718096628785
0.5076134786941111
0.06603167159482837
0.5664495227392763
0.8730844741221517
0.7412206898443401
0.2733954682480544
0.45670800446532667
0.29610798484645784
0.7509895574767143
0.18888317863456905
0.5920441800262779
0.5514690882991999
0.12902850983664393
0.5323367808014154
0.006240081740543246
0.3937769029289484
0.6443506237119436
0.7053814330138266
0.9630716554820538
0.13829370844177902
0.6409668719861656
0.5593521343544126
0.10232747648842633
0.08156929956749082
0.5230009465012699
0.6221988671459258
0.27254433487541974
0.017462660325691104
0.8076538902241737
0.8929232547525316
0.4583393190987408
0.9039560481905937
0.27107367874123156
0.6838427868206054
0.6717460986692458
0.6183469749521464
0.7091319405008107
0.634434646461159
0.9667579259257764
0.6968436022289097
0.26193726412020624
0.8324018470011652
0.19828395918011665
0.08588569285348058
0.4072119379416108
0.04344109306111932
0.0920863845385611
0.061696779914200306
0.3191927601583302
0.8927625243086368
0.572785395430401
0.548767794854939
0.4282094924710691
0.7303591524250805
0.2684330877382308
0.04102343134582043
0.5855748755857348
0.8616290048230439
0.1343976347707212
0.18337305402383208
0.10554813407361507
0.027588907862082124
0.4387157689779997
0.8667539115995169
0.5329473647288978
0.2138251739088446
0.3466734276153147
0.4184827893041074
0.15077142417430878
0.2608913250733167
0.6991593812126666
0.885371640091762
0.24608854111284018
0.038777312729507685
0.13738316460512578
0.8797170300967991
0.29862420982681215
0.2614946961402893
0.7444851920008659
0.9799536208156496
0.7024252684786916
0.9580129568930715
0.07411068468354642
0.22670745803043246
0.4183180166874081
0.09148782957345247
0.4353046214673668
0.5334696832578629
0.4490740855690092
0.8096653090324253
0.3269794946536422
0.4076894267927855
0.6383561687543988
0.5886379317380488
0.049152018735185266
0.3104769326746464
0.7981084466446191
0.7509344334248453
0.501634699292481
0.6440003721509129
0.40737941954284906
0.22325469460338354
0.33379859663546085
0.22319383174180984
0.21308465232141316
0.7807708603795618
0.19240947533398867
0.15202426724135876
0.03331712773069739
0.6199935134500265
0.24601333728060126
0.5901876429561526
0.0030425728764384985
0.9104467241559178
0.3452166907954961
0.4741064931731671
0.22318702889606357
0.9765676502138376
0.4832669517491013
0.46645298204384744
0.15294234920293093
0.6156713820528239
0.42111183190718293
0.5447145462967455
0.20563497603870928
0.6126273057889193
0.6875304081477225
0.06866382900625467
0.9358954362105578
0.9815944244619459
0.1925047968979925
0.8579754927195609
0.2735410227905959
0.9648623019456863
0.48317113728262484
0.8125315522775054
0.058165413327515125
0.6905026803724468
0.5637311274185777
0.07424048683606088
0.5942749043460935
0.6868696711026132
0.233614060562104
0.21441692090593278
0.9938412618357688
0.9121372399386019
0.8805602847132832
0.6431488727685064
0.10513515747152269
0.7259540115483105
0.9461520882323384
0.31547181075438857
0.007801056141033769
0.6710547355469316
0.0521256891079247
0.9807697159703821
0.0931019620038569
0.7523453149478883
0.6183510653208941
0.006422463804483414
0.7188402679748833
0.439846700290218
0.4155102672521025
0.5287857339717448
0.9830294398125261
0.9413992948830128
0.5500122217927128
0.8140178078319877
0.7627981137484312
0.27112075639888644
0.4703541479539126
0.5242671901360154
0.5637917045969516
0.12897651363164186
0.4352588220499456
0.7184378535021096
0.4048067315015942
0.749142978573218
0.9297545105218887
0.5721830560360104
0.5543076056055725
0.2951362216845155
0.44553051446564496
0.9171990635804832
0.06821608846075833
0.020715825958177447
0.3511418183334172
0.9743294278159738
0.07641750667244196
0.04882627702318132
0.11701623792760074
0.6026715240441263
0.012410244904458523
0.8350907014682889
0.5500392375979573
0.3349968234542757
0.04726735455915332
0.12632713373750448
0.4229817388113588
0.24935557809658349
0.786387094296515
0.4450602263677865
0.5237536912318319
0.20288850902579725
0.08599829277954996
0.3342903507873416
0.26426407182589173
0.5502887992188334
0.5798113299533725
0.007892891531810164
0.39448432670906186
0.3001462428364903
0.6396014725323766
0.843436815077439
0.21102858753874898
0.8107481668703258
0.7947169132530689
0.8128312539774925
0.37107214448042214
0.4937063422985375
0.4791875244118273
0.877646743087098
0.9768857837188989
0.440752808470279
0.9934649078641087
0.09650212083943188
0.10670212702825665
0.6373984136153013
0.17351893126033247
0.5190215269103646
0.8422259255312383
0.4436817530076951
0.778680840274319
0.564970426959917
0.38290010252967477
0.640395374968648
0.17223821906372905
0.4101077835075557
0.06411463906988502
0.8750095090363175
0.2676385147497058
0.4996743821538985
0.02107998146675527
0.07262519607320428
0.2826876062899828
0.8183805854059756
0.3724167023319751
0.7054388113319874
0.9887142803054303
0.6082511923741549
0.9446817992720753
0.5968358109239489
0.14581706863828003
0.1723788648378104
0.02519338042475283
0.26389739010483027
0.862459166906774
0.17726449109613895
0.2594630008097738
0.12066820892505348
0.6884462668094784
0.7153877625241876
0.4512750350404531
0.4764183599036187
0.7948722571600229
0.47200302965939045
0.3808888248167932
0.2995015704073012
0.08098321594297886
0.12284485343843699
0.7058145345654339
0.7979554261546582
0.10853652656078339
0.11941047082655132
0.8123107952997088
0.8313318735454232
0.09158013784326613
0.199634199263528
0.36738714878447354
0.022053217748180032
0.6436535066459328
0.947772559709847
0.45512204454280436
0.8695741372648627
0.43391688889823854
0.7119793456513435
0.03038244810886681
0.9517685251776129
0.3667810170445591
0.22434993041679263
0.8558619332034141
0.041183145716786385
0.4983473203610629
0.023692141752690077
0.11708870576694608
0.9713391484692693
0.0892975153401494
0.24587770574726164
0.9681398838292807
0.6255002119578421
0.8200642736628652
0.7294857196975499
0.6946291930507869
0.3048551338724792
0.4578938907943666
0.7637940074782819
0.3308092732913792
0.44917851872742176
0.67972067813389
0.4394256672821939
0.9766163500025868
0.3681170663330704
0.166274523595348
0.7648488651029766
0.23357573011890054
0.4105331639293581
0.7842340390197933
0.6980480758938938
0.9458868897054344
0.35570916905999184
0.48853689106181264
0.21065809996798635
0.1103350876364857
0.14639409095980227
0.4929399397224188
0.6615798235870898
0.3385896207764745
0.7302002294454724
0.4926262504886836
0.044755239272490144
0.05066407332196832
0.39732886105775833
0.758595671504736
0.49959436943754554
0.7805679531302303
0.6947298739105463
0.969596202718094
0.885005664313212
0.7177062663249671
0.32296850299462676
0.30200824816711247
0.18407694157212973
0.8070062135811895
0.10877274814993143
0.24863475770689547
0.7694968788418919
0.8914923474658281
0.5869322952348739
0.5809288376476616
0.10144103039056063
0.13078015111386776
0.7717492745723575
0.5762213349808007
0.4165781221818179
0.8244251140858978
0.3551708043087274
0.8260553057771176
0.7756852619349957
0.747431680560112
0.21880873548798263
0.09348675375804305
0.42061436432413757
0.5973483631387353
0.08047195943072438
0.850840360391885
0.4884389841463417
0.6961781380232424
0.02524300175718963
0.23334903991781175
0.0803177251946181
0.9995403098873794
0.4934847238473594
0.80047498177737
0.4442633206490427
0.22159407543949783
0.356295820325613
0.018791536102071404
0.7657928236294538
0.9750739806331694
0.6711772109847516
0.5191766181960702
0.7303021452389657
0.4681144570931792
0.20854869415052235
0.13870952581055462
0.8615211569704115
0.08563531097024679
0.1878306525759399
0.425999425817281
0.7392399846576154
0.3853281391784549
0.43176325503736734
0.7874082876369357
0.9280192907899618
0.2194887981750071
0.5233899126760662
0.5380500643514097
0.008087447611615062
0.959496232913807
0.5693292361684144
0.11580381402745843
0.011709758779034019
0.045810641488060355
0.9013522379100323
0.38786722673103213
0.42074396344833076
0.8792626748327166
0.12310357578098774
0.6024151041638106
0.3371139424853027
0.30279235006310046
0.2188730037305504
0.346739755012095
0.5203342570457608
0.5498551505152136
0.9470087538938969
0.6735192681662738
0.604196748463437
0.6771181758958846
0.43725485051982105
0.6343092834576964
0.69102573976852
0.3512987920548767
0.9099018059205264
0.5368528955150396
0.6553892295341939
0.6535811286885291
0.22251729923300445
0.9208386342506856
0.7595698356162757
0.25104448664933443
0.41686630668118596
0.9621606217697263
0.8270769745577127
0.3754523529205471
0.45590222463943064
0.01814707857556641
0.23832620214670897
0.766162722138688
0.9133749043103307
0.1023107070941478
0.9038538206368685
0.24732571910135448
0.32825860008597374
0.3627282117959112
0.8719521027524024
0.3265961401630193
0.5469351592473686
0.0714462511241436
0.24342637113295496
0.9446811941452324
0.4964605742134154
0.4329864298924804
0.8272649073041975
0.5312530272640288
0.6650972520001233
0.6258034538477659
0.23900985391810536
0.3135562459938228
0.4237613279838115
0.3317762578371912
0.963046892080456
0.7603928446769714
0.11891495110467076
0.18793120165355504
0.36097183846868575
0.19500734470784664
0.08135998365469277
0.9719946531113237
0.9094666824676096
0.7292614690959454
0.5924960041884333
0.6785119995474815
0.4695818137843162
0.605427535250783
0.9053982479963452
0.4475568712223321
0.6755151459947228
0.5069757532328367
0.9138477698434144
0.5596128248143941
0.8543758362066001
0.44716621562838554
0.5084556229412556
0.5372739057056606
0.9730703760869801
0.5681195689830929
0.38539076573215425
0.4851587852463126
0.41819370235316455
0.9616676967125386
0.7486159417312592
0.7290127084124833
0.1463783064391464
0.3880367346573621
0.23931520734913647
0.7504650009796023
0.8193203958217055
0.28318608715198934
0.8275184468366206
0.16701143165118992
0.3719311114400625
0.7225306069012731
0.11845927499234676
0.9240321631077677
0.23019106476567686
0.37857539975084364
0.69046541582793
0.10165078239515424
0.7374239121563733
0.5572965459432453
0.9882197885308415
0.48867317754775286
0.860714134760201
0.600778165506199
0.10263850120827556
0.5952831702306867
0.8523363522253931
0.591441930970177
0.7293681590817869
0.4308062323834747
0.5497549436986446
0.9965801686048508
0.25014648493379354
0.250217423774302
0.4204520012717694
0.614185719517991
0.8084490092005581
0.36311478936113417
0.1570799306500703
0.14366682316176593
0.26004859269596636
0.5658331187441945
0.921824349090457
0.4614441634621471
0.03556540748104453
0.1471560311038047
0.22816659091040492
0.8495343576651067
0.14421147340908647
0.3547241201158613
0.660559922689572
0.867789613083005
0.3018656224012375
0.8579121346119791
0.20315876882523298
0.13000787165947258
0.04393767984583974
0.09464589017443359
0.2813162317033857
0.06400449573993683
0.9137580650858581
0.062153790378943086
0.7987247398123145
0.9623794998042285
0.7837647411506623
0.3212754693813622
0.7823034920729697
0.008881538640707731
0.3327217516489327
0.9061080066021532
0.02786992979235947
0.6110533850733191
0.02655445854179561
0.8699022377841175
0.09345855424180627
0.04950897488743067
0.5019207198638469
0.40310933720320463
0.15169470570981503
0.03873203112743795
0.28605881542898715
0.6096811078023165
0.6122617479413748
0.1958931782282889
0.10723174060694873
0.29379807598888874
0.11232953774742782
0.2094633001834154
0.5477824839763343
0.4457205894868821
0.28809558507055044
0.31208126270212233
0.7510142603423446
0.7435098490677774
0.5072035924531519
0.05929465964436531
0.9650758192874491
0.27584970206953585
0.8119540130719543
0.5467179813422263
0.3533517261967063
0.010853832121938467
0.7046780220698565
0.13344796560704708
0.08300409116782248
0.3924609269015491
0.005505807464942336
0.14972870494239032
0.43938137288205326
0.0054518289398401976
0.337286634137854
0.16483873664401472
0.8954723256174475
0.22585844271816313
0.23777965689077973
0.19425211916677654
0.29168673790991306
0.8951553613878787
0.48332007112912834
0.2694005621597171
0.30537319742143154
0.6948428568430245
0.03979351790621877
0.41849653352983296
0.3414558554068208
0.38513078074902296
0.7458321554586291
0.22416946105659008
0.933865538565442
0.43395288847386837
0.2798963990062475
0.5715682250447571
0.370884467381984
0.12593321572057903
0.6341181432362646
0.028869995148852468
0.6938728692475706
0.35629384964704514
0.14871383202262223
0.3782405413221568
0.6155063104815781
0.45681150956079364
0.31602848740294576
0.052474559750407934
0.9356483544688672
0.5752722909674048
0.40447734645567834
0.6572011935058981
0.3559640208259225
0.08608303172513843
0.027108428068459034
0.629642290296033
0.3927007734309882
0.5577514567412436
0.14685959788039327
0.869515833677724
0.24864290817640722
0.25390230282209814
0.7229890536982566
0.33946756133809686
0.7038180963136256
0.8173554998356849
0.05549781629815698
0.8216515628155321
0.18473759200423956
0.7799419253133237
0.3283491509500891
0.15994510683231056
0.8559057838283479
0.8488131533376873
0.11134662828408182
0.7547336681745946
0.816577012417838
0.03859525779262185
0.9929429371841252
0.6319231181405485
0.6507045920006931
0.2191432542167604
0.1194273738656193
0.11785426922142506
0.7534663800615817
0.9837392836343497
0.9336584869306535
0.06641923426650465
0.5615604051854461
0.8360870743636042
0.5836496585980058
0.41574745811522007
0.9702027083840221
0.8128917026333511
0.5198121026623994
0.3241625458467752
0.7066159818787128
0.1593691234011203
0.5055666624102741
0.18605131888762116
0.6280716764740646
0.09950217138975859
0.9288974639493972
0.9869675114750862
0.03140142560005188
0.18508165329694748
0.8902008107397705
0.3164121371228248
0.04959772410802543
0.21394702279940248
0.41461548232473433
0.5099169865716249
0.6643220423720777
0.8641338730230927
0.27507618768140674
0.7532751276157796
0.45049540512263775
0.4559308118186891
0.31390881235711277
0.8111056084744632
0.15069368691183627
0.9933298416435719
0.5406533607747406
0.18221410526894033
0.3085077165160328
0.3447474855929613
0.7799176285043359
0.8221288768108934
0.18774138600565493
0.9779224954545498
0.9588466153945774
0.006150019122287631
0.13553221547044814
0.5817216958384961
0.2832823731005192
0.6879689118359238
0.9564191489480436
0.1829490417148918
0.6284487715456635
0.976538808317855
0.0445372611284256
0.05706202075816691
0.6708565149456263
0.4891718595754355
0.8522241795435548
0.6364388919901103
0.04631212470121682
0.15206728875637054
0.5433602235279977
0.6462968657724559
0.6862631428521127
0.2432926702313125
0.6377775850705802
0.08899318356998265
0.6517875329591334
0.603001173818484
0.21209394629113376
0.0027264244854450226
0.02900291862897575
0.7210964111145586
