# browser_rnd sample v1
ua: Mozilla/5.0 (Windows NT 5.1) AppleWebKit/537.36 (KHTML, like Gecko) Chrome/46.0.2490.80 Safari/537.36
appName: Netscape
appVersion: 5.0 (Windows NT 5.1) AppleWebKit/537.36 (KHTML, like Gecko) Chrome/46.0.2490.80 Safari/537.36
platform: Win32
vendor: Google Inc.
oscpu: 
cpuClass: 
language: en-US
hardwareConcurrency: 2
deviceMemory: 
screen: 1024x768x24
date: Fri Jun 12 2026 14:56:58 GMT+0100 (GMT Daylight Time)
epoch: 1781272618687
count: 4096
---
0.3544086217880249
0.09637544676661491
0.7299610839691013
0.024132994934916496
0.1591767417266965
0.7412919076159596
0.45257390197366476
0.8684030615258962
0.24928939738310874
0.8084576560650021
0.5378540735691786
0.5100101474672556
0.6240475680679083
0.5580072526354343
0.8874708234798163
0.1732518533244729
0.9108570197131485
0.5450631987769157
0.6680423452053219
0.7269842436071485
0.5337835338432342
0.306749404175207
0.8031348986551166
0.5381918053608388
0.5611089200247079
0.7123936598654836
0.49350207252427936
0.996582942083478
0.5097939048428088
0.6235114696901292
0.9288890841417015
0.8560028756037354
0.9861617831047624
0.7053191354498267
0.9566385804209858
0.31445986265316606
0.8530294606462121
0.16951089538633823
0.4979631418827921
0.1810975451953709
0.21329238708131015
0.6208123082760721
0.1517802318558097
0.749318499583751
0.16153822164051235
0.5837800828740001
0.43109557474963367
0.7368986369110644
0.29398551816120744
0.5869523754809052
0.6916513519827276
0.6180185861885548
0.9371791428420693
0.24246852798387408
0.8505440631415695
0.3058017548173666
0.8330862983129919
0.5905681042931974
0.04246430564671755
0.5350996856577694
0.7784030241891742
0.6380169307813048
0.6380635483656079
0.42479004454798996
0.12893867655657232
0.8467879712115973
0.5960523774847388
0.8128526085056365
0.8666461810935289
0.710073955822736
0.7599354763515294
0.7958396784961224
0.15743617177940905
0.5903858456294984
0.555189743405208
0.9817628806922585
0.11404196638613939
0.21172196324914694
0.2654166135471314
0.42537618381902575
0.480830303626135
0.29625732568092644
0.5087862317450345
0.27319243107922375
0.5411282971035689
0.5126883785706013
0.7702436805702746
0.444814559770748
0.11745621496811509
0.6899861900601536
0.2260982790030539
0.5831103171221912
0.343758596573025
0.972918476909399
0.763729470781982
0.09691142616793513
0.4716334627009928
0.31096870149485767
0.7180471990723163
0.21759042772464454
0.3512325584888458
0.679192865267396
0.7834318929817528
0.19081853097304702
0.5407055008690804
0.7867799242958426
0.6782240085303783
0.5709462922532111
0.20071662054397166
0.03251085802912712
0.052237089490517974
0.7309087058529258
0.06917481427080929
0.3017585496418178
0.7123900763690472
0.4221589961089194
0.5543364307377487
0.5289856232702732
0.5977287210989743
0.9881797165144235
0.9495552815496922
0.7384790489450097
0.7735655349679291
0.48221912630833685
0.42760639172047377
0.70740452921018
0.49385619000531733
0.32287669321522117
0.5897294487804174
0.7707212492823601
0.9945984720252454
0.8209763457998633
0.33799532940611243
0.04452759772539139
0.8813835736364126
0.26072308677248657
0.8739005990792066
0.23825758346356452
0.9011267416644841
0.3140867715701461
0.959867951227352
0.25629244605079293
0.1118502696044743
0.6705530330073088
0.001937655033543706
0.8490991883445531
0.10360918520018458
0.27101146429777145
0.3632025644183159
0.38480448303744197
0.9743765825405717
0.9110358923207968
0.06685138144530356
0.5336914411745965
0.4744523991830647
0.3275899006985128
0.32010816573165357
0.4728756984695792
0.9318722498137504
0.7373032083269209
0.5847680708393455
0.47203201171942055
0.8733132530469447
0.8419934867415577
0.13930146675556898
0.7653144297655672
0.4796365958172828
0.9307386968284845
0.10545870079658926
0.5825086801778525
0.5810426457319409
0.30115299485623837
0.8485824489034712
0.8319894953165203
0.9315358176827431
0.7835531644523144
0.461178490659222
0.045437500812113285
0.14712315727956593
0.40553892543539405
0.797527447110042
0.32268270617350936
0.0967690332327038
0.5991220674477518
0.1799401519820094
0.3323113254737109
0.5250286851078272
0.2816023335326463
0.4096218275371939
0.29048313829116523
0.4953544307500124
0.16954185953363776
0.9497938733547926
0.6399862456601113
0.1751728819217533
0.5073801360558718
0.9292075112462044
0.6014928875956684
0.05193094816058874
0.3851225581020117
0.6661812155507505
0.11882127448916435
0.5113211122807115
0.8936190961394459
0.03214732161723077
0.6400800095871091
0.573417259613052
0.7590170693583786
0.9761714346241206
0.47766401525586843
0.4987914164084941
0.12213618401437998
0.16543546109460294
0.5658088074997067
0.3455601923633367
0.4318425024393946
0.15204001823440194
0.3743086480535567
0.636494324542582
0.015293971169739962
0.8413145092781633
0.7981463065370917
0.7223233785480261
0.6592116819228977
0.7587158875539899
0.7725794571451843
0.6052483697421849
0.6873635798692703
0.3154688901267946
0.9366023689508438
0.9799418714828789
0.4801730941981077
0.6188396459911019
0.7352492311038077
0.6331117120571434
0.03885273076593876
0.619436077773571
0.3433568684849888
0.8298953112680465
0.10166859440505505
0.05089685181155801
0.539728561649099
0.1408652369864285
0.743982394458726
0.8679413395002484
0.07598855858668685
0.041185777401551604
0.5589120502118021
0.9589685152750462
0.09180507622659206
0.36148798861540854
0.5225209349300712
0.8954935544170439
0.8744817639235407
0.14241747977212071
0.8979141388554126
0.23824591282755136
0.6326214668806642
0.09840806643478572
0.39691799809224904
0.3436027115676552
0.17054390418343246
0.7905844175256789
0.08027339680120349
0.327484322944656
0.5609715892933309
0.17838989361189306
0.2599825302604586
0.47492507798597217
0.7808751980774105
0.19024882814846933
0.3607046534307301
0.518690881319344
0.84117915132083
0.4605919651221484
0.6068764773663133
0.03894964512437582
0.26291364850476384
0.25883326516486704
0.5893616888206452
0.15030663250945508
0.05441576545126736
0.10489975707605481
0.16213735123164952
0.136005028616637
0.15321393543854356
0.4768484786618501
0.4161106536630541
0.5436080908402801
0.12079409533180296
0.9675455081742257
0.8615714432671666
0.13901712535880506
0.5434911435004324
0.11875193426385522
0.10197552642785013
0.6326886771712452
0.1613775840960443
0.8005251495633274
0.4533658907748759
0.19072546111419797
0.7992076112423092
0.526346284430474
0.07003060751594603
0.6519796268548816
0.17429505684413016
0.5539509344380349
0.5828859338071197
0.5823313447181135
0.4110047204885632
0.4087677269708365
0.19470540224574506
0.592198621481657
0.3042396593373269
0.42507409676909447
0.9891852943692356
0.059713973896577954
0.8009189816657454
0.5784083062317222
0.7661813641898334
0.2820540233515203
0.4543204552028328
0.38039726414717734
0.49093388579785824
0.4106511389836669
0.05596458865329623
0.9632282087113708
0.9859060326125473
0.05783800478093326
0.9607602471951395
0.4176346173044294
0.1883299748878926
0.5961690489202738
0.8326396907214075
0.4169725819956511
0.04797775251790881
0.07932475674897432
0.06599829741753638
0.8983868467621505
0.7458109289873391
0.09026375925168395
0.5161413359455764
0.8224063685629517
0.06724596279673278
0.6623323457315564
0.7021574669051915
0.9185454091057181
0.3490178920328617
0.9802137271035463
0.2706079406198114
0.17623304622247815
0.38875394174829125
0.17797382757999003
0.7844698510598391
0.03593101492151618
0.8388177256565541
0.6848032206762582
0.16023936052806675
0.18117322027683258
0.4959702945780009
0.14410955575294793
0.3316425965167582
0.4100707520265132
0.5577358326409012
0.8765215571038425
0.6399165792390704
0.7794389757327735
0.3747411060612649
0.7874731784686446
0.012789950706064701
0.7638390669599175
0.7585885429289192
0.32531198230572045
0.40599265322089195
0.10002882708795369
0.49686821969226
0.3536337853875011
0.9492257456295192
0.5113438940607011
0.6723044577520341
0.7501777808647603
0.7112370172981173
0.6367186300922185
0.9596228376030922
0.9432067810557783
0.007260261103510857
0.9395897430367768
0.5427656252868474
0.1334366574883461
0.7633421409409493
0.9880631333217025
0.7941901911981404
0.5076690958812833
0.3267131559550762
0.6476294756866992
0.8368629531469196
0.6382486768998206
0.7808967181481421
0.5103110244963318
0.9181150377262384
0.5929928375408053
0.8092931259889156
0.48867230326868594
0.811484987847507
0.07666811323724687
0.4058755892328918
0.8306998265907168
0.4248827160336077
0.8326413084287196
0.3698556439485401
0.4898793997708708
0.4247491972055286
0.2628251437563449
0.7142703661229461
0.25071120308712125
0.35184251447208226
0.6929399757646024
0.663079367717728
0.35496550099924207
0.20516126928851008
0.0318302137311548
0.9483536360785365
0.7412059465423226
0.018983112182468176
0.4481943480204791
0.7114034150727093
0.5799057753756642
0.7029200030956417
0.6516696019098163
0.5709696521516889
0.7436515423469245
0.9337218960281461
0.10082673141732812
0.9480868526734412
0.8080926961265504
0.12731850519776344
0.5148372703697532
0.4477521169465035
0.8694471211638302
0.230964986840263
0.3944832757115364
0.36151381814852357
0.1560198119841516
0.8851086802314967
0.4196908937301487
0.033062177477404475
0.01665915851481259
0.16061519063077867
0.8752589942887425
0.6960373797919601
0.6556180943734944
0.8241133228875697
0.9186169875320047
0.7581511328462511
0.6646432850975543
0.7098612373229116
0.8527436496224254
0.05108675640076399
0.32286461093463004
0.19280036399140954
0.17906276928260922
0.538915767101571
0.594978482928127
0.47003366774879396
0.8359222766011953
0.807324445573613
0.06554793752729893
0.845194567926228
0.6914237861055881
0.5623300473671407
0.7638363651931286
0.9097654619254172
0.17431553429923952
0.899988662218675
0.6627952714916319
0.18473287811502814
0.736245283856988
0.396222164388746
0.8637443911284208
0.3234247430227697
0.32055342802777886
0.450089446734637
0.18386578932404518
0.9961092181038111
0.8960051748435944
0.0836133542470634
0.60688954195939
0.21035295235924423
0.6405764047522098
0.4261597415897995
0.6149449003860354
0.5658149435184896
0.7443457930348814
0.5876363168936223
0.19577749236486852
0.8995341244153678
0.4152118207421154
0.42804298689588904
0.6673309546895325
0.03945013298653066
0.35837497329339385
0.38444731244817376
0.6453779290895909
0.135581998154521
0.5829233934637159
0.017468407517299056
0.8930466384626925
0.44186483742669225
0.053851179545745254
0.005821422440931201
0.8340092925354838
0.014991817763075233
0.39332870952785015
0.668407691642642
0.2880109816323966
0.9977619561832398
0.6371861391235143
0.5670430404134095
0.7597414241172373
0.1799851267132908
0.201848583528772
0.28353833593428135
0.9853115391451865
0.14132609334774315
0.12004768080078065
0.37620050902478397
0.742080339929089
0.5431964215822518
0.7823386858217418
0.6201774037908763
0.7534675449132919
0.121943379053846
0.6589925901498646
0.4668098839465529
0.5289535098709166
0.02341177873313427
0.17342811962589622
0.6994019062258303
0.26315944269299507
0.8423890944104642
0.12446060846559703
0.07758241565898061
0.723828386515379
0.42233350267633796
0.8588702583219856
0.293498168932274
0.8168016369454563
0.7633214704692364
0.9009442569222301
0.1571449893526733
0.39210062962956727
0.4231170972343534
0.7985085311811417
0.21005553845316172
0.466083629289642
0.4749928549863398
0.21315922518260777
0.22562713432125747
0.923324806150049
0.6043287944048643
0.22188040986657143
0.6275389320217073
0.48029425530694425
0.7228151164017618
0.3754867175593972
0.9774585252162069
0.48189917276613414
0.7062566268723458
0.875094736693427
0.09498946205712855
0.8376505381893367
0.7922471973579377
0.25143633410334587
0.5788607629947364
0.8684988466557115
0.9347275469917804
0.2928210075479001
0.732569917337969
0.12300433963537216
0.9113570908084512
0.610072199255228
0.6621859313454479
0.3754445391241461
0.4105464231688529
0.09838529233820736
0.7855892747174948
0.09750199876725674
0.9320414382964373
0.6602952748071402
0.3496476309373975
0.18892765045166016
0.30698163714259863
0.8350016379263252
0.9803803276736289
0.4305836511775851
0.49207356106489897
0.05815301765687764
0.602337806019932
0.9436765797436237
0.43754931376315653
0.20997389242984354
0.7160848963540047
0.9749655458144844
0.7317043726798147
0.6290633552707732
0.13214510981924832
0.6773526123724878
0.43412028811872005
0.23560042562894523
0.9099726942367852
0.6054870754014701
0.12701930501498282
0.23188902414403856
0.9723042566329241
0.45319182868115604
0.2117016597185284
0.08361318474635482
0.4186272588558495
0.829557630000636
0.7947022046428174
0.5428783516399562
0.294497056864202
0.887519838521257
0.9261118571739644
0.8575358605012298
0.4970015292055905
0.038071794202551246
0.5510847652330995
0.8236215901561081
0.8110260560642928
0.9153374368324876
0.6046245575416833
0.4468917918857187
0.4876612538937479
0.5541302186902612
0.970502263167873
0.07815773971378803
0.41098423628136516
0.994957925286144
0.04967644368298352
0.7762016027700156
0.8877805860247463
0.7356080950703472
0.034767790231853724
0.9165646771434695
0.400330348405987
0.19466246361844242
0.7645360289607197
0.46395527734421194
0.11130471131764352
0.8235131450928748
0.7642276410479099
0.13463778048753738
0.5584336020983756
0.45608448912389576
0.09476730995811522
0.5956343810539693
0.1778338523581624
0.36534211225807667
0.15051518566906452
0.8444163675885648
0.6838949816301465
0.6548231160268188
0.5147457907442003
0.94218067266047
0.45209859614260495
0.39507697569206357
0.15188339399173856
0.33791683590970933
0.4848674067761749
0.17792863911017776
0.9855699653271586
0.7892435612156987
0.09428954496979713
0.15869519859552383
0.23199919215403497
0.9068295087199658
0.9306048271246254
0.022049894323572516
0.7986068855971098
0.7504138888325542
0.1478318020235747
0.5299496524967253
0.8182028466835618
0.13904686062596738
0.08179835532791913
0.6598361730575562
0.8622570296283811
0.4345779961440712
0.539954076288268
0.37316372129134834
0.10951968841254711
0.6099626533687115
0.5157788000069559
0.637710647424683
0.06349954567849636
0.9329934157431126
0.7081332006491721
0.8384678084403276
0.5420743334107101
0.725396882975474
0.8870825457852334
0.06629810063168406
0.3478110309224576
0.011593521339818835
0.9087072005495429
0.9843579458538443
0.9810062856413424
0.7514199216384441
0.3556796181946993
0.8848049112129956
0.9722917813342065
0.6328201405704021
0.8768713579047471
0.9882497051730752
0.12682408094406128
0.7606893591582775
0.11607024655677378
0.7413212908431888
0.9909448558464646
0.7850555202458054
0.7139927661046386
0.44229303556494415
0.7078481593634933
0.47626320202834904
0.11428928002715111
0.7496300379280001
0.6535459137521684
0.4230838897638023
0.3202060970943421
0.42495920858345926
0.06777580943889916
0.9069245290011168
0.8112418986856937
0.7898829460609704
0.6012014967855066
0.7864029991906136
0.8169801374897361
0.2003208815585822
0.9471757144201547
0.6036337581463158
0.5731062768027186
0.24667250039055943
0.40728333918377757
0.18812706437893212
0.016803356120362878
0.9544481607154012
0.5083376485854387
0.47590023186057806
0.45663043577224016
0.9762340113520622
0.49494919879361987
0.9300714724231511
0.2796797654591501
0.8564337766729295
0.5108039285987616
0.017723013646900654
0.5501754065044224
0.5861728780437261
0.7312191983219236
0.9935107831843197
0.001756430370733142
0.9116757865995169
0.35415525105781853
0.41729107848368585
0.6937821684405208
0.8124609650112689
0.7405153473373502
0.6013814704492688
0.07421521609649062
0.05439962702803314
0.8088483647443354
0.3621334214694798
0.2746579390950501
0.911922391038388
0.8310812429990619
0.44200277770869434
0.5128628436941653
0.7692519316915423
0.5623176184017211
0.7852353742346168
0.8974647945724428
0.4367221256252378
0.34100049920380116
0.13666423223912716
0.03242193930782378
0.38391488580964506
0.926639046985656
0.348037795862183
0.3750241636298597
0.6208748552016914
0.29675182793289423
0.3510137591511011
0.8493497306481004
0.6015104032121599
0.3050756447482854
0.5590145208407193
0.9573669622186571
0.47976710507646203
0.45961624942719936
0.9000337896868587
0.5666274698451161
0.40392871550284326
0.7506455956026912
0.16599679831415415
0.9180125889834017
0.5724569398444146
0.5031611784361303
0.10650073923170567
0.17276006028987467
0.8922846517525613
0.7288040965795517
0.33428171277046204
0.16599388304166496
0.8034644979052246
0.2768917779903859
0.47538025910034776
0.039009223226457834
0.3271988877095282
0.32240408076904714
0.015287219313904643
0.47979531344026327
0.475542166037485
0.12110858364030719
0.45114171667955816
0.11199887143447995
0.20020648650825024
0.5523060897830874
0.8774997724685818
0.24583774525672197
0.6347515124361962
0.6167327957227826
0.8117728412616998
0.33910587639547884
0.12546908855438232
0.09677569940686226
0.8199783856980503
0.20844887988641858
0.3096968315076083
0.8110170161817223
0.49883117782883346
0.039194525917991996
0.6350505140144378
0.7870877322275192
0.20650117099285126
0.36092691076919436
0.37477347743697464
0.22255623759701848
0.6694946116767824
0.7742692227475345
0.11857232009060681
0.8640889546368271
0.2995839000213891
0.5895010186359286
0.6375674249138683
0.3326143054291606
0.15324808820150793
0.08116242941468954
0.3839920461177826
0.31564058689400554
0.8794144217390567
0.8453391713555902
0.666490811156109
0.022877272684127092
0.5822009881958365
0.05601389752700925
0.8357774000614882
0.94225052325055
0.9159979557152838
0.47070368216373026
0.029348319862037897
0.1775154434144497
0.43212402355857193
0.05790071375668049
0.9088730949442834
0.7482569292187691
0.11170888692140579
0.05474184500053525
0.8717136550694704
0.8400048390030861
0.37379229301586747
0.4718226525001228
0.9636404060292989
0.5284572457894683
0.08126989658921957
0.4130281596444547
0.8613563238177449
0.13483012188225985
0.16165999579243362
0.6156465350650251
0.1483897976577282
0.39704518439248204
0.5582840628921986
0.7771054257173091
0.2595403091982007
0.6612702012062073
0.7720572203397751
0.22450121119618416
0.7185058640316129
0.7224089989904314
0.012880847789347172
0.3966281034518033
0.09287167433649302
0.46489687729626894
0.9837048477493227
0.30403353087604046
0.9562744291033596
0.6012744263280183
0.20775181730277836
0.8693207704927772
0.6888991533778608
0.8997161227744073
0.8522665530908853
0.5747306500561535
0.47736712731420994
0.8860271438024938
0.01505511556752026
0.5081048409920186
0.09071709518320858
0.7042104317806661
0.9019419536925852
0.023419619305059314
0.27603183244355023
0.8542802068404853
0.7184477117843926
0.7951973855961114
0.5911450928542763
0.4864501734264195
0.5845357519574463
0.2762888721190393
0.41051545878872275
0.5208691500592977
0.19645817042328417
0.2613697114866227
0.5154480345081538
0.48925795196555555
0.4601611967664212
0.8068120230454952
0.8833361892029643
0.685280354693532
0.7010906971991062
0.666743372566998
0.38504742924124
0.45974449440836906
0.07490323879756033
0.3956479097250849
0.5025038926396519
0.22786180395632982
0.4449795223772526
0.9945186313707381
0.08065918833017349
0.5366194997914135
0.025393706746399403
0.9406122060026973
0.9805147147271782
0.935682694427669
0.38083447981625795
0.601721917046234
0.027815073961392045
0.42683604592457414
0.826591070741415
0.42446403461508453
0.12825509789399803
0.46648877393454313
0.6055115393828601
0.28012983966618776
0.7455073054879904
0.417851920472458
0.9807387623004615
0.6434799039270729
0.18525273352861404
0.08488443004898727
0.2459736056625843
0.892743063159287
0.0024155708961188793
0.7139366343617439
0.12651148065924644
0.18289539497345686
0.5747864583972842
0.3936653770506382
0.8749664553906769
0.5329475556500256
0.21609394741244614
0.06384143885225058
0.8695387665648013
0.7760322701651603
0.08705451642163098
0.7501044303644449
0.17463749065063894
0.9086133611854166
0.10339983482845128
0.4357609141152352
0.7902264825534075
0.825567516265437
0.09166847728192806
0.848742384230718
0.8006402808241546
0.5682819925714284
0.08909991243854165
0.5584807484410703
0.2689044449944049
0.24722178652882576
0.22776573384180665
0.44894312880933285
0.24951714766211808
0.819804365048185
0.9490759936161339
0.8884303676895797
0.6131493994034827
0.229315513279289
0.6114476432558149
0.23498708847910166
0.9541118158958852
0.515823298599571
0.28262790269218385
0.8398549410048872
0.46056734351441264
0.056276524206623435
0.7544079015497118
0.7488806957844645
0.3489656229503453
0.8330787795130163
0.327321836957708
0.7418005354702473
0.5776579894591123
0.2692267328966409
0.30503947916440666
0.9173626562114805
0.05584372556768358
0.9017167170532048
0.7183040245436132
0.05708319880068302
0.4064546211156994
0.2797106970101595
0.2626091984566301
0.8227528454735875
0.05005114059895277
0.6067228342872113
0.1748501299880445
0.445666249608621
0.360141591867432
0.4096553681883961
0.1374433827586472
0.0822238796390593
0.3626470889430493
0.42869109800085425
0.20773470820859075
0.5467103982809931
0.18713301746174693
0.8975171714555472
0.097521738614887
0.5130638291593641
0.526098754722625
0.5894477711990476
0.8745367301162332
0.8835689609404653
0.8306460201274604
0.7309701154008508
0.3837952946778387
0.9179047632496804
0.7065598624758422
0.4973690863698721
0.599327195668593
0.8666555013041943
0.9264471675269306
0.9043474742211401
0.5528743639588356
0.5256268542725593
0.07181504205800593
0.8403586843051016
0.4813888182397932
0.5897080369759351
0.5392090005334467
0.93515943037346
0.905477128457278
0.9138621937017888
0.9443515120074153
0.9034792305901647
0.87620272138156
0.9575967269483954
0.6937748894561082
0.9611147637479007
0.9202698802109808
0.5083695515058935
0.01672451081685722
0.6669695321470499
0.3235112705733627
0.9171121844556183
0.3839420797303319
0.720271177124232
0.40461023850366473
0.17313548712991178
0.5770722208544612
0.6583805007394403
0.5873720166273415
0.4951597268227488
0.6747176288627088
0.21404639538377523
0.23729088995605707
0.38729439163580537
0.7836430403403938
0.9621347768697888
0.3777515906840563
0.03557171788997948
0.3992606895044446
0.4190670186653733
0.6196331675164402
0.024471261771395802
0.18137472891248763
0.035114736296236515
0.09174967207945883
0.0068649835884571075
0.5523130130022764
0.09941863734275103
0.5324851730838418
0.4741226772312075
0.5498198519926518
0.1089568657334894
0.4792739737313241
0.14738364121876657
0.20187278022058308
0.5496820772532374
0.5580043673980981
0.8670066823251545
0.24273802270181477
0.7833358449861407
0.42004513507708907
0.607848446816206
0.36009832890704274
0.6289229264948517
0.5538642285391688
0.33239198266528547
0.003483062144368887
0.8178964606486261
0.4918835717253387
0.8633244801312685
0.646484752651304
0.35079107200726867
0.8188320456538349
0.3695204451214522
0.43353099352680147
0.42138817976228893
0.7218054444529116
0.2016151095740497
0.305847663898021
0.479912790004164
0.75642283516936
0.18073781090788543
0.6816130648367107
0.4799605682492256
0.6851374574471265
0.11406537145376205
0.6803566631861031
0.6269843019545078
0.7022402840666473
0.5595233356580138
0.14546966622583568
0.8344530032481998
0.031783779384568334
0.02101592323742807
0.8434363338164985
0.0408419668674469
0.4423715206794441
0.8982318432535976
0.09820407861843705
0.6183728273026645
0.10157704399898648
0.3420042544603348
0.2021114167291671
0.005071952706202865
0.39410839695483446
0.6965897048357874
0.4274220122024417
0.4649916172493249
0.7264423652086407
0.8488734581042081
0.17619833117350936
0.9976175266783684
0.8552690092474222
0.5243913929443806
0.8706162285525352
0.16086034919135273
0.5120420679450035
0.11076236655935645
0.9325613302644342
0.01789228175766766
0.692479012068361
0.3177289303857833
0.6551775874104351
0.7416801692452282
0.4669228782877326
0.7526281413156539
0.9484090297482908
0.7648559173103422
0.44875627337023616
0.09589814464561641
0.9521951621863991
0.08804364944808185
0.6811023962218314
0.10051156161352992
0.3762585998047143
0.8371606608852744
0.0659169820137322
0.4561832556501031
0.8850782937370241
0.9520290580112487
0.2788941317703575
0.5564521490596235
0.7306939852423966
0.3562682697083801
0.608613369287923
0.37345951003953815
0.6307278538588434
0.021233408246189356
0.8598459961358458
0.7905720600392669
0.9947835081256926
0.12782300892286003
0.920138195855543
0.07818995346315205
0.9473629028070718
0.8714272030629218
0.8583743367344141
0.6133291192818433
0.5224449411034584
0.5892029064707458
0.4716734020039439
0.2717513837851584
0.6700182943604887
0.4168570698238909
0.07742343680001795
0.05310808471404016
0.4248665052000433
0.34358558082021773
0.903109390521422
0.10812799097038805
0.7202017831150442
0.2282691088039428
0.6578910336829722
0.6877062001731247
0.38249461469240487
0.521143255289644
0.14084059139713645
0.4637494394555688
0.3632059555966407
0.7129493777174503
0.3432333883829415
0.654703606152907
0.22010001074522734
0.45283388858661056
0.4019839996472001
0.7796055150683969
0.3355638897046447
0.28971803304739296
0.44406142411753535
0.504568689968437
0.3818483774084598
0.6407722218427807
0.04984431620687246
0.7050447380170226
0.7469534552656114
0.6707718761172146
0.028277983190491796
0.974440471502021
0.9134165598079562
0.9849606277421117
0.9869460312183946
0.7717077238485217
0.9864342536311597
0.35909802047535777
0.5754309110343456
0.9970199244562536
0.23556635389104486
0.51458829222247
0.0756689712870866
0.4416614400688559
0.9773654225282371
0.8494021333754063
0.8742868390399963
0.5532316309399903
0.8450169418938458
0.7993261520750821
0.9072754797525704
0.3401656891219318
0.409856328740716
0.7084612038452178
0.471983635565266
0.8068831129930913
0.987053245306015
0.6485177439171821
0.975254631601274
0.9403089503757656
0.014636402018368244
0.09491698862984776
0.22535125236026943
0.9387058101128787
0.9211510326713324
0.45893389312550426
0.641247675055638
0.5996513983700424
0.6836806130595505
0.7358593656681478
0.6555801623035222
0.2848377893678844
0.7701189497020096
0.1812002055812627
0.21398855512961745
0.001062266994267702
0.04187652189284563
0.9185130381956697
0.6171399878803641
0.0428618851583451
0.6954242023639381
0.4219679622910917
0.2482643947005272
0.25288186757825315
0.29010039172135293
0.574340051272884
0.16968965739943087
0.44756536604836583
0.47310131625272334
0.09367448720149696
0.0670876691583544
0.4355717070866376
0.20372863649390638
0.19310124428011477
0.6486070037353784
0.4075281077530235
0.7005617686081678
0.23638045461848378
0.014178906567394733
0.6477740241680294
0.22692304383963346
0.42775032902136445
0.38833257579244673
0.543926625745371
0.8905815810430795
0.29304461483843625
0.5720435613766313
0.9031023599673063
0.895870546810329
0.5819737303536385
0.1694460187572986
0.0478125368244946
0.9849401509854943
0.4736827735323459
0.6959324590861797
0.6193278008140624
0.5983274744357914
0.7425685310736299
0.40801680902950466
0.530123031930998
0.19117393624037504
0.7986788123380393
0.17252597794868052
0.6808585375547409
0.7219026337843388
0.9237024479079992
0.34365597390569746
0.14082295796833932
0.8646868036594242
0.31034080311656
0.5464176358655095
0.9881481702905148
0.3852148975711316
0.5744463340379298
0.12167273974046111
0.657639795448631
0.25652281986549497
0.15544923301786184
0.676936625270173
0.012404511915519834
0.5804082893300802
0.5894439260009676
0.6143588456325233
0.8812189016025513
0.3912130920216441
0.6656020027585328
0.666094662854448
0.820410885149613
0.06832397007383406
0.919894163031131
0.6599703156389296
0.29375095083378255
0.43905548052862287
0.9925379946362227
0.3139506448060274
0.7840780683327466
0.920319850789383
0.5601209609303623
0.21010245732031763
0.22585028456524014
0.04922982933931053
0.58625199040398
0.9689888835418969
0.8505169888958335
0.9554544845595956
0.8953606728464365
0.517553192563355
0.6296979421749711
0.3529863280709833
0.43090356420725584
0.09689337620511651
0.10494185518473387
0.9991614024620503
0.8974888280499727
0.7706948651466519
0.8041639879811555
0.09858742728829384
0.7454999010078609
0.36791150318458676
0.5261724793817848
0.9250999342184514
0.6004790954757482
0.6180313054937869
0.18720760103315115
0.29272216581739485
0.601092834956944
0.7238132797647268
0.2912488158326596
0.33759011048823595
0.7457807129248977
0.3857547997031361
0.13681219588033855
0.7958859410136938
0.8113491542171687
0.6851424796041101
0.20523079973645508
0.49825577973388135
0.41812855028547347
0.8648007609881461
0.31244006659835577
0.5124612452927977
0.5805957219563425
0.028403884498402476
0.15055525954812765
0.3019548871088773
0.03617680980823934
0.1079133867751807
0.6300722653977573
0.1181895884219557
0.9465095240157098
0.4759311596862972
0.12740628561004996
0.07414325419813395
0.8235341825056821
0.304239523364231
0.4887101997155696
0.4978927217889577
0.8933350229635835
0.8012418067082763
0.5851792972534895
0.9177581460680813
0.28593273903243244
0.37547359545715153
0.8572655695024878
0.3934173856396228
0.5508182772900909
0.24441121914424002
0.6839879946783185
0.14045062055811286
0.35554341902025044
0.24066854128614068
0.22684858413413167
0.9401703774929047
0.3326879523228854
0.6120856227353215
0.8183109320234507
0.08745881239883602
0.9147450195159763
0.67603974416852
0.9894436998292804
0.8057315582409501
0.49572463892400265
0.9140896936878562
0.9583638650365174
0.4600015780888498
0.9095950748305768
0.0644524882081896
0.06497659673914313
0.461518419906497
0.17540199728682637
0.5850131383631378
0.7193047059699893
0.12761039123870432
0.9927230037283152
0.8047894390765578
0.4394239392131567
0.01101758424192667
0.754629231756553
0.8631668807938695
0.9676125880796462
0.1662635391112417
0.929789163172245
0.962062259670347
0.04238182050175965
0.2617246713489294
0.8007285804487765
0.05747085530310869
0.3070313483476639
0.6241898806765676
0.9782094450201839
0.030998833244666457
0.029657222097739577
0.5588591175619513
0.13044705684296787
0.8450413732789457
0.9581181027460843
0.039148052455857396
0.9360603562090546
0.9997530020773411
0.5805466559249908
0.3371179725509137
0.2967795976437628
0.823186335619539
0.037818364799022675
0.9638511496596038
0.9855617685243487
0.7303431977052242
0.14665664336644113
0.34048919286578894
0.9780332420486957
0.9266749485395849
0.06172764487564564
0.09902998874895275
0.519622566178441
0.5512678334489465
0.2574786727782339
0.45849274075590074
0.48029226064682007
0.6763148114550859
0.8220084053464234
0.9583079575095326
0.334206007886678
0.853555619250983
0.5288907280191779
0.029347064904868603
0.19351710053160787
0.028772609075531363
0.6468430603854358
0.44885942921973765
0.9892389143351465
0.8916133674792945
0.8483205859083682
0.31747025018557906
0.021077905781567097
0.02250112104229629
0.5267472183331847
0.009356779512017965
0.7910080815199763
0.7391780067700893
0.38528338843025267
0.6064128403086215
0.4896375744137913
0.08797916257753968
0.1782589389476925
0.9289274069014937
0.5588586761150509
0.3778411636594683
0.5753266827668995
0.07635566801764071
0.8385793690104038
0.5691875962074846
0.6065023362170905
0.19092164072208107
0.41784471389837563
0.5530459762085229
0.4180453352164477
0.5043019007425755
0.42260409239679575
0.47544652060605586
0.17955225869081914
0.4203917100094259
0.4942858647555113
0.9471646375022829
0.4093894073739648
0.34685678826645017
0.7736698114313185
0.3002863635774702
0.21995715703815222
0.8792855148203671
0.3429720418062061
0.023484373930841684
0.497836098074913
0.9399967275094241
0.10585744911804795
0.7380786945577711
0.38844091864302754
0.5551034361124039
0.550623478135094
0.7123780990950763
0.215506182750687
0.6587914221454412
0.9160428307950497
0.21807134337723255
0.9343096225056797
0.4106365507468581
0.9028221177868545
0.8993824273347855
0.8585740230046213
0.19752732547931373
0.612400938058272
0.558562844991684
0.7884446356911212
0.6707865137141198
0.31480857776477933
0.10205795452930033
0.062203830340877175
0.4007614338770509
0.6628604531288147
0.422966749407351
0.12184156733565032
0.9173650757875293
0.0054457285441458225
0.19367148983292282
0.7733526583760977
0.48071193788200617
0.19106967165134847
0.8592739335726947
0.6580009842291474
0.7871166251134127
0.7630462958477437
0.9407021747902036
0.8341569898184389
0.023357120342552662
0.1569261373952031
0.29903188766911626
0.4907752778381109
0.6371124794241041
0.05197224370203912
0.22026751516386867
0.31328356359153986
0.46651344862766564
0.20664481539279222
0.7487690004054457
0.27244705450721085
0.40158787835389376
0.5769796206150204
0.7954200366511941
0.4038508306257427
0.43801702931523323
0.314930064836517
0.23894527810625732
0.12757409131154418
0.035228120628744364
0.0027554219122976065
0.5305735438596457
0.058031161315739155
0.41199182788841426
0.14707773365080357
0.6810414767824113
0.016295903595164418
0.7361130090430379
0.8738330551423132
0.2685708557255566
0.5565441616345197
0.3785485029220581
0.23002051911316812
0.20223004394210875
0.17519335472024977
0.6620527170598507
0.7797605427913368
0.1582743029575795
0.7173340029548854
0.5202513171825558
0.276232298463583
0.5674880696460605
0.638796143932268
0.6109515908174217
0.5439440787304193
0.2269440465606749
0.949427371378988
0.05300842225551605
0.7389553082175553
0.3306129432749003
0.14094574842602015
0.33714962541125715
0.7260730506386608
0.9357932491693646
0.5117638101801276
0.09675452089868486
0.3760364484041929
0.7093826564960182
0.24473698600195348
0.7801623833365738
0.19648707704618573
0.6078205227386206
0.023474813671782613
0.2955879101064056
0.277852825820446
0.6679605029057711
0.27787996805272996
0.320641529513523
0.08827074547298253
0.35896828677505255
0.127404123544693
0.04197146976366639
0.6039638435468078
0.3766239869873971
0.5784531845711172
0.47480693459510803
0.6675681974738836
0.1790576211642474
0.3944204344879836
0.2467733952216804
0.28392212139442563
0.1506812411826104
0.848282876657322
0.5633900731336325
0.06510265381075442
0.7997259413823485
0.8457213751971722
0.5224618250504136
0.20337628293782473
0.8893498391844332
0.9149498050101101
0.7482629758305848
0.38849273952655494
0.658380092587322
0.5354962963610888
0.10087267169728875
0.663877627812326
0.49810850736685097
0.06825898541137576
0.7307600129861385
0.597538941539824
0.7422953399363905
0.7308321432210505
0.88344228384085
0.5901945705991238
0.17841242300346494
0.8182605346664786
0.14280469133518636
0.7603347559925169
0.7927896990440786
0.13434514869004488
0.33909583534114063
0.663975945673883
0.4894668716005981
0.0775398863479495
0.9988985366653651
0.9378597838804126
0.7274777691345662
0.4117391537874937
0.6542733570095152
0.5356906047090888
0.6762398246210068
0.736797773046419
0.4356154964771122
0.2133267279714346
0.2410694444552064
0.34074286138638854
0.4058658196590841
0.6282233248930424
0.9111214068252593
0.6223215393256396
0.5802550059743226
0.006081458646804094
0.655802593100816
0.9356949711218476
0.5666156578809023
0.1386244553141296
0.30934105115011334
0.18901087646372616
0.9465885402169079
0.870998184196651
0.15491467877291143
0.21692861919291317
0.09120417293161154
0.4278191947378218
0.45145235816016793
0.6986850486136973
0.40919939684681594
0.9771091644652188
0.16349854692816734
0.1364097148180008
0.3066172085236758
0.21777303447015584
0.26432497636415064
0.6186948402319103
0.9247122940141708
0.4729075606446713
0.648438406875357
0.4582281957846135
0.9108847063034773
0.17369784088805318
0.8956454626750201
0.5296807456761599
0.3469548565335572
0.732585585443303
0.41302099265158176
0.765411491272971
0.48074941616505384
0.014222666854038835
0.5403585445601493
0.41052723000757396
0.8686223402619362
0.36446707020513713
0.38384502194821835
0.6424251608550549
0.7629209493752569
0.42484524846076965
0.9886406778823584
0.15547764115035534
0.4285888036247343
0.22493310505524278
0.6023843979928643
0.8149092795792967
0.7339321472682059
0.7519643548876047
0.9167530401609838
0.17415085388347507
0.15075450763106346
0.9185495465062559
0.47243463760241866
0.11815542029216886
0.3529193769209087
0.9145838869735599
0.997895525302738
0.2856138770002872
0.6201006742194295
0.24122888990677893
0.47892174939624965
0.8561011163983494
0.5130752578843385
0.7347880986053497
0.3505396640393883
0.16614811611361802
0.5590830484870821
0.2947379706893116
0.018716477090492845
0.37326685385778546
0.8919250685721636
0.45629685721360147
0.03814679943025112
0.6403472779784352
0.252037615980953
0.26658984273672104
0.6204018564894795
0.7383158546872437
0.93184844404459
0.2600892963819206
0.6080245657358319
0.6174845255445689
0.28510870854370296
0.4366120027843863
0.9715958230663091
0.8541819993406534
0.9839979957323521
0.6383406734094024
0.47207373357377946
0.4382804094348103
0.2857932017650455
0.7675180463120341
0.41175462352111936
0.940399415558204
0.5103080968838185
0.9619918442331254
0.8265216667205095
0.19611465092748404
0.017793217906728387
0.839179968694225
0.2825996675528586
0.3785758437588811
0.7048932954203337
0.08622770477086306
0.8742634681984782
0.7930370953399688
0.5675434581935406
0.8814501685556024
0.5050682260189205
0.5809989930130541
0.4545053248293698
0.7640338756609708
0.4566131657920778
0.7803928977809846
0.38151173922233284
0.6641045529395342
0.7020615083165467
0.2683314117603004
0.10743138194084167
0.8902378412894905
0.8452770838048309
0.5690091329161078
0.30695759877562523
0.3893358444329351
0.668347675120458
0.1864504583645612
0.8258757425937802
0.4278780370950699
0.7540422580204904
0.24832944315858185
0.44469846156425774
0.7729451677296311
0.12163717788644135
0.1620285992976278
0.21481237304396927
0.8520400587003678
0.25956626841798425
0.9570154454559088
0.7946055894717574
0.9272589820902795
0.465668169548735
0.2441784015391022
0.5338139326777309
0.7241568681783974
0.6004076495300978
0.4622807677369565
0.07851817342452705
0.5988425016403198
0.9477136589121073
0.34231800795532763
0.21233106520958245
0.3328614989295602
0.43811967107467353
0.2212150515988469
0.4767044798936695
0.9587745810858905
0.7677977946586907
0.548994064098224
0.33348898962140083
0.8104951183777303
0.15143336728215218
0.4738425388932228
0.21777917817234993
0.5854480471462011
0.43421402107924223
0.8610157738439739
0.088117461418733
0.7564798162784427
0.17341394256800413
0.6259615740273148
0.13001107145100832
0.1602607078384608
0.3036608872935176
0.8518343749456108
0.43237501103430986
0.9203831045888364
0.5638320550788194
0.06330390321090817
0.33615380758419633
0.8221662023570389
0.6158886977937073
0.45684492494910955
0.8663649370428175
0.6600432824343443
0.6546049611642957
0.6565645397640765
0.8699061397928745
0.5418988084420562
0.43265194329433143
0.7872138738166541
0.35175979300402105
0.1898352736607194
0.814520972315222
0.742531226715073
0.9172587448265404
0.2503889477811754
0.6302505219355226
0.45878353947773576
0.8100536335259676
0.20754760806448758
0.07513271551579237
0.4530102002900094
0.6634937273338437
0.7170964784454554
0.2573967226780951
0.8534225909970701
0.03171700984239578
0.9257680485025048
0.5695457248948514
0.9581460091285408
0.5135843963362277
0.11681658774614334
0.15403441665694118
0.05270715244114399
0.2929325099103153
0.41571988840587437
0.339990520151332
0.9732227777130902
0.2650132728740573
0.20674677332863212
0.6191455782391131
0.16235215379856527
0.12911605066619813
0.8008674373850226
0.49702838622033596
0.572713612113148
0.06432330468669534
0.771369899623096
0.6800428843125701
0.30550429900176823
0.2838607633020729
0.06638533971272409
0.8325592619366944
0.8956432822160423
0.4358279516454786
0.10864410339854658
0.9455973911099136
0.9663444042671472
0.35431080614216626
0.4586085856426507
0.7078623115085065
0.7558647450059652
0.33927481854334474
0.1363654611632228
0.5296184332109988
0.0376103944145143
0.0314494539052248
0.024360185023397207
0.09374495362862945
0.04409658978693187
0.8358161377254874
0.7643272455316037
0.7887115753255785
0.6794754052534699
0.13099315925501287
0.7824035782832652
0.6072287096176296
0.45514185167849064
0.3261140948161483
0.9036597881931812
0.0075067158322781324
0.3305532964877784
0.8392517801839858
0.7442227462306619
0.46193641098216176
0.7904072050005198
0.1341560932341963
0.03703727968968451
0.743369824020192
0.8347357993479818
0.423469120869413
0.24796742177568376
0.7509760137181729
0.9005257945973426
0.45049280021339655
0.49644211609847844
0.7468078162055463
0.8622184065170586
0.9082771455869079
0.2400100901722908
0.5489214074332267
0.08782783499918878
0.44341164943762124
0.6190342218615115
0.301646048668772
0.6627435588743538
0.1947679950390011
0.7625349175650626
0.4237864366732538
0.005535605363547802
0.7085869079455733
0.5616624252870679
0.9385559186339378
0.2625142380129546
0.35331384977325797
0.10732999024912715
0.9877934004180133
0.9367431222926825
0.6409517826978117
0.5038981602992862
0.33090980048291385
0.3034964660182595
0.8725081842858344
0.214469354134053
0.9949637609533966
0.9956110455095768
0.04032758087851107
0.1303046327084303
0.22634392324835062
0.830986414803192
0.6026956927962601
0.759067359380424
0.0847005951218307
0.10245545511133969
0.1519091168884188
0.8076328139286488
0.6547852836083621
0.9985592267476022
0.04411339620128274
0.6349881251808256
0.6879811447579414
0.3282780833542347
0.034190516686066985
0.35009726672433317
0.9950356658082455
0.4085046937689185
0.4032943721394986
0.42738518328405917
0.834065944654867
0.23143091145902872
0.913335379678756
0.4049779996275902
0.8290284005925059
0.43700656783767045
0.2742535921279341
0.7795058381743729
0.37460833438672125
0.31144399382174015
0.2199403834529221
0.6072377702221274
0.30041321995668113
0.3750945567153394
0.9833456892520189
0.6765538877807558
0.3622652932535857
0.7143091307953
0.8283023298718035
0.3165348027832806
0.23349126102402806
0.9116075029596686
0.3174327842425555
0.4882601732388139
0.24803726188838482
0.14437406160868704
0.9404009075369686
0.4367414633743465
0.6279180347919464
0.4173122744541615
0.04421888361684978
0.12577450857497752
0.5179625973105431
0.8460859577171504
0.04773506359197199
0.7955238537397236
0.18405956611968577
0.6676594270393252
0.7497636380139738
0.28182220878079534
0.32307344675064087
0.83278091205284
0.09298767917789519
0.7858259999193251
0.22275367099791765
0.3590718803461641
0.09022221737541258
0.58439603401348
0.4161082310602069
0.5731895477510989
0.5706548322923481
0.9446124224923551
0.4860258649569005
0.25365171884186566
0.38644287292845547
0.38163917674683034
0.031761027639731765
0.6213229531422257
0.4557912873569876
0.884857852710411
0.10030744015239179
0.5806967807002366
0.840830845059827
0.14998774696141481
0.34616581397131085
0.3220879230648279
0.24307045456953347
0.4108561687171459
0.5642826047260314
0.9014878149610013
0.7314411024563015
0.9318758433219045
0.8084327559918165
0.1754133515059948
0.6804602169431746
0.5696778618730605
0.3667123995255679
0.7436465218197554
0.8775194159243256
0.8487124296370894
0.46660604467615485
0.004643874475732446
0.7636282588355243
0.1798390548210591
0.4517541276291013
0.13278838014230132
0.18343336367979646
0.2055694325827062
0.41277276375330985
0.21857663174159825
0.8746732389554381
0.2575771443080157
0.19815779570490122
0.7268196288496256
0.3782370046246797
0.7745441871229559
0.9905252933967859
0.3660659973975271
0.3045517134014517
0.14029631996527314
0.4999991252552718
0.7634876617230475
0.5649495485704392
0.10360321402549744
0.9177250002976507
0.603203508304432
0.8617639858275652
0.615281492471695
0.7382133025676012
0.004638431826606393
0.563243396114558
0.08184733637608588
0.6018891457933933
0.97181835770607
0.026389437029138207
0.9428744097240269
0.9730713132303208
0.679710027994588
0.3084556220564991
0.38116202037781477
0.20660205301828682
0.8999459601473063
0.8463183001149446
0.27957136486656964
0.6324666205327958
0.35862200800329447
0.9494611932896078
0.6394510329701006
0.5460316545795649
0.9256809540092945
0.060337025206536055
0.06320313550531864
0.5469377408735454
0.2741036687511951
0.05859328084625304
0.2456162308808416
0.2827154768165201
0.4162016552872956
0.14088859409093857
0.2602382334880531
0.8664578460156918
0.25664665875956416
0.41382594779133797
0.21563039999455214
0.7775755219627172
0.6938707386143506
0.5622721565887332
0.9391507708933204
0.9922087497543544
0.6741030474659055
0.34615291515365243
0.1911738091148436
0.7480682907626033
0.6128624021075666
0.9634917143266648
0.8160974415950477
0.292314141523093
0.6211053556762636
0.40073079033754766
0.26639006775803864
0.08480260148644447
0.8927234532311559
0.6829627356491983
0.8860394940711558
0.346738267224282
0.7038765207398683
0.9198182749096304
0.4592407720629126
0.14318879996426404
0.814590317197144
0.8301592997740954
0.9082768689841032
0.23118794918991625
0.5318991597741842
0.05597878177650273
0.27170242997817695
0.7303014781791717
0.4000386369880289
0.6411030681338161
0.10739416489377618
0.44255265104584396
0.21794125181622803
0.3279977939091623
0.6776671931147575
0.26542780874297023
0.8286786440294236
0.0709382698405534
0.24211990321055055
0.2845684578642249
0.7042741279583424
0.05573926749639213
0.9172800991218537
0.3365617648232728
0.2101218185853213
0.43945723958313465
0.39764587697573006
0.6429990376345813
0.22112061292864382
0.8823737150523812
0.19184667617082596
0.0006993608549237251
0.4330022446811199
0.9659752862062305
0.610511590493843
0.655593462055549
0.2503645494580269
0.008027890464290977
0.7798858990427107
0.17927157902158797
0.27694448130205274
0.1289987787604332
0.9065732804592699
0.5004128562286496
0.6775411150883883
0.11195135582238436
0.4371347730048001
0.5530147082172334
0.873130229767412
0.5628688398282975
0.7179952799342573
0.4615483412053436
0.9052980153355747
0.4821656427811831
0.6385013789404184
0.08516232995316386
0.5978726046159863
0.6172356971073896
0.880448475247249
0.6362001150846481
0.9273402120452374
0.07279736176133156
0.5582904720213264
0.9630199449602515
0.272484123473987
0.010761332465335727
0.03173404582776129
0.9690637364983559
0.07353692944161594
0.0504486970603466
0.5536314160563052
0.7713856776244938
0.0897736435290426
0.7194567141123116
0.7425300816539675
0.8911001677624881
0.7016279918607324
0.3524198094382882
0.2713949510361999
0.30955032841302454
0.07717323442921042
0.34660948207601905
0.28042029472999275
0.9014889267273247
0.6533386069349945
0.8883562621194869
0.1562058124691248
0.6065614544786513
0.17777846078388393
0.26788938976824284
0.9848312626127154
0.3333047239575535
0.6290085141081363
0.9220852514263242
0.15580188622698188
0.1877016923390329
0.24437916884198785
0.03384757996536791
0.2744460259564221
0.24508982943370938
0.9881732168141752
0.5774272566195577
0.2102750986814499
0.25689674192108214
0.635151777882129
0.7727952068671584
0.42286871699616313
0.501395131694153
0.1518962769769132
0.6422795280814171
0.22306291852146387
0.8219130428042263
0.9077924827579409
0.7003222976345569
0.9721631240099669
0.10602331045083702
0.7732034032233059
0.7054356902372092
0.09897713200189173
0.5962473431136459
0.1836269167251885
0.9095875571947545
0.7133018646854907
0.8212139860261232
0.662448527989909
0.11050474853254855
0.5720871945377439
0.6782322637736797
0.511875684838742
0.22680881875567138
0.4645589680876583
0.9680077200755477
0.20961156976409256
0.5343614951707423
0.3437157142907381
0.1341565940529108
0.9141389820724726
0.959363454952836
0.34254550538025796
0.34227674128487706
0.22049338347278535
0.5198883106932044
0.5367725845426321
0.8973873348440975
0.99279755493626
0.11702626524493098
0.1374958287924528
0.8270575131755322
0.8734441297128797
0.415708834072575
0.22459171549417078
0.2711646556854248
0.14763484545983374
0.8215835313312709
0.10961031424812973
0.3840273895766586
0.873690347885713
0.6956741909962147
0.05240143998526037
0.9396257849875838
0.3805356780067086
0.10049405344761908
0.7433429884258658
0.3019615744706243
0.47438034461811185
0.888249242445454
0.18115605413913727
0.4211380430497229
0.9754113012459129
0.6289156032726169
0.44803505833260715
0.12804747745394707
0.6213498797733337
0.7573962255846709
0.8270664964802563
0.04400133527815342
0.38687688834033906
0.30232254788279533
0.9790848921984434
0.8991820206865668
0.3030422783922404
0.05048987176269293
0.1670043272897601
0.8830382898449898
0.006930113770067692
0.1455955975688994
0.8833586978726089
0.778485722374171
0.10941399331204593
0.7956617036834359
0.6770711007993668
0.6645704014226794
0.31196688557974994
0.9287771475501359
0.8444941674824804
0.27358175069093704
0.7864999941084534
0.6526641517411917
0.4765090555883944
0.5009677417110652
0.4633982819505036
0.13462360575795174
0.20055966218933463
0.8861993092577904
0.9651682372204959
0.15404209587723017
0.5612212119158357
0.8076463232282549
0.7673975015059114
0.3543982265982777
0.7794583584181964
0.5713129071518779
0.8313470548018813
0.30039869202300906
0.1616436312906444
0.3860852965153754
0.028670094208791852
0.7740102007519454
0.26529117673635483
0.37913771136663854
0.8794213426299393
0.8628191675525159
0.6742842998355627
0.3368373292032629
0.09535285271704197
0.2923542207572609
0.973042905330658
0.9505019111093134
0.7914950575213879
0.801808922085911
0.7364587606862187
0.4176084578502923
0.5763909604866058
0.34542266675271094
0.9587227280717343
0.6312114165630192
0.9859606183599681
0.7918519848026335
0.13922679401002824
0.3759376290254295
0.0703761288896203
0.9382682980503887
0.9001603301148862
0.8992410583887249
0.3817914524115622
0.9240094618871808
0.752397577278316
0.9474128615111113
0.8822593330405653
0.19072333560325205
0.9171929790172726
0.9981216902378947
0.13794672884978354
0.32293912093155086
0.5922770777251571
0.7150943737942725
0.1976118537131697
0.9485061476007104
0.5379642157349735
0.749475548742339
0.01894080243073404
0.6251183713320643
0.6810192947741598
0.872685510199517
0.6197262704372406
0.7999598600436002
0.40016652015037835
0.13631866197101772
0.7210349477827549
0.0922821864951402
0.8246200224384665
0.8424602099694312
0.654501138953492
0.7809303496032953
0.3401201511733234
0.5497573525644839
0.9716333691030741
0.43553583696484566
0.9023527260869741
0.3776309662498534
0.8181972086895257
0.09714720654301345
0.6133503254968673
0.5881271511316299
0.963453670963645
0.9839364551007748
0.5679436847567558
0.08698525140061975
0.3172748254146427
0.2351108321454376
0.07411079667508602
0.027828506659716368
0.556795397773385
0.9892878509126604
0.7466454848181456
0.24665642785839736
0.17990449210628867
0.6851051696576178
0.481281302170828
0.6211966103874147
0.10341381747275591
0.6318069752305746
0.48016948718577623
0.523071232251823
0.8323299812618643
0.894543120637536
0.6274186864029616
0.4644284776877612
0.6021785081829876
0.3042801658157259
0.2531706397421658
0.5327202889602631
0.9182755087967962
0.6254353635013103
0.7058855693321675
0.03669339162297547
0.5729954757262021
0.8897557994350791
0.44476328417658806
0.3249925612471998
0.5422239771578461
0.33528860402293503
0.27231880323961377
0.8117878220509738
0.519460725132376
0.996193053200841
0.36390756838954985
0.5147662542294711
0.13725957600399852
0.8097512361127883
0.6167609978001565
0.4101530439220369
0.011754464358091354
0.95213632308878
0.9644377436488867
0.9666255624033511
0.3115996727719903
0.13397647417150438
0.6039219913072884
0.5765930868219584
0.9731829876545817
0.5047536133788526
0.8288057427853346
0.33771030069328845
0.09459756989963353
0.5368008592631668
0.3306161882355809
0.08533103042282164
0.5394504335708916
0.19825360155664384
0.45505096088163555
0.5628995599690825
0.1532008438371122
0.3191739250905812
0.642827887320891
0.17325535044074059
0.843548365868628
0.008529816521331668
0.021899208892136812
0.7937731756828725
0.5386193632148206
0.26177112106233835
0.7625911054201424
0.5426832688972354
0.7091578808613122
0.163852407829836
0.3903628336265683
0.06174225313588977
0.22659406228922307
0.48909482453018427
0.35442692204378545
0.2531129033304751
0.7211729758419096
0.6004608806688339
0.2868150065187365
0.2449094275943935
0.6901797554455698
0.8376730240415782
0.2311044977977872
0.8617771246936172
0.788024976849556
0.3260765504091978
0.16989971231669188
0.23089091526344419
0.8264384651556611
0.6193864101078361
0.7346881025005132
0.4539782602805644
0.17725568288005888
0.8719645163509995
0.5506806042976677
0.9000181774608791
0.31656169332563877
0.8034589018207043
0.3183283230755478
0.4152322041336447
0.5432612381409854
0.06800462841056287
0.06622195336967707
0.7468944869469851
0.3945511276833713
0.879042481072247
0.9891641982831061
0.6343835885636508
0.9433359252288938
0.3938206285238266
0.7275127554312348
0.08740944718010724
0.06441267160698771
0.288555396720767
0.46065028570592403
0.5553059447556734
0.1469923621043563
0.344889079220593
0.2115285866893828
0.7524173746351153
0.026513827964663506
0.08344747731462121
0.3414066454861313
0.46759404079057276
0.7476169399451464
0.43542970437556505
0.9149083071388304
0.7980353070888668
0.8167679365724325
0.3519041473045945
0.9491366210859269
0.8601723564788699
0.09840288665145636
0.18441329966299236
0.8035394852049649
0.6575426370836794
0.5182961046230048
0.044947955990210176
0.35911656613461673
0.866649349918589
0.5852479827590287
0.036220956360921264
0.011206634808331728
0.945092087611556
0.860702937701717
0.7263379937503487
0.031924251932650805
0.7424316878896207
0.051263712579384446
0.3187946218531579
0.7368864738382399
0.987961967010051
0.1362210582010448
0.23204286117106676
0.7259882495272905
0.5313083648215979
0.4625781034119427
0.28669802588410676
0.2811660247389227
0.36568800057284534
0.23149859928525984
0.8849434647709131
0.4141775956377387
0.7161426504608244
0.13161989627406
0.07223976426757872
0.43519717804156244
0.6023597256280482
0.5976349513512105
0.35767768626101315
0.8826898531988263
0.7317308725323528
0.1539077579509467
0.020957445725798607
0.7765782701317221
0.4826560167130083
0.4067856196779758
0.44935235497541726
0.7269019086379558
0.09804999991320074
0.8200771827250719
0.8594920337200165
0.6826731564942747
0.6496899218764156
0.07544830208644271
0.3520860532298684
0.04657430271618068
0.7508038491941988
0.8188370047137141
0.7546819760464132
0.9107594825327396
0.05432868446223438
0.6634197728708386
0.2318380440119654
0.01940236520022154
0.7361797171179205
0.25026914197951555
0.3795081458520144
0.47807100764475763
0.48764270753599703
0.2875909274443984
0.24478963040746748
0.4894693873357028
0.9622176203411072
0.6724020747933537
0.5249102176167071
0.17424184014089406
0.6936415606178343
0.2695539416745305
0.11439019837416708
0.34345736005343497
0.341647437075153
0.9409820821601897
0.9454210095573217
0.1690538169350475
0.26990737416781485
0.2977423216216266
0.13700140989385545
0.07307393895462155
0.2929482338950038
0.6964282558765262
0.648424314102158
0.24460251722484827
0.28734949277713895
0.7760710949078202
0.47711440036073327
0.5395620989147574
0.23185025085695088
0.2604404466692358
0.7431107005104423
0.21923337085172534
0.7955378545448184
0.5063607832416892
0.6671034020837396
0.9342532574664801
0.7088181430008262
0.219027305720374
0.20960182952694595
0.05317936488427222
0.8368213665671647
0.6493583708070219
0.06530253146775067
0.39987966581247747
0.7069894461892545
0.05809022672474384
0.5610010104719549
0.6545043403748423
0.7035006682854146
0.12659610924310982
0.5556096914224327
0.5574046680703759
0.1391157633624971
0.38563439808785915
0.7689944764133543
0.8503460097126663
0.8741505190264434
0.07744334125891328
0.4540271849837154
0.0968980307225138
0.1112993499264121
0.7225328851491213
0.046762944431975484
0.1541022185701877
0.4090224814135581
0.5258815074339509
0.7092062812298536
0.9845824441872537
0.05285892868414521
0.2725837624166161
0.6861777794547379
0.7649014755152166
0.20196222141385078
0.37026861403137445
0.7445023721083999
0.2849968613591045
0.5457388109061867
0.6009664901066571
0.3173722140491009
0.302331532118842
0.9599652881734073
0.17886583344079554
0.17346352664753795
0.5675210109911859
0.43587367446161807
0.8437331120949239
0.382174871629104
0.786624786676839
0.8834586238954216
0.8806512216106057
0.28595096594654024
0.9155014443676919
0.4864351369906217
0.6737802536226809
0.1544527595397085
0.9091889848932624
0.5522590612526983
0.24719259981065989
0.03059726906940341
0.6755257984623313
0.6673742984421551
0.9328870137687773
0.9484590347856283
0.9149028374813497
0.9391798661090434
0.6394545726943761
0.5432026095222682
0.029222209006547928
0.9965268922969699
0.28159154672175646
0.26421732478775084
0.710436578374356
0.19698050222359598
0.6674732153769583
0.45193027099594474
0.29321908787824214
0.752748163882643
0.10154326283372939
0.8287390845362097
0.12632243591360748
0.6379757279064506
0.6333302424754947
0.8637219432275742
0.8384131779894233
0.7595227137207985
0.4030242655426264
0.5718744420446455
0.9070758519228548
0.7010888799559325
0.7277625238057226
0.5737984264269471
0.6610298082232475
0.4566567176952958
0.5773945478722453
0.5138177620247006
0.1387971844524145
0.5961930206976831
0.3692413973622024
0.42018703487701714
0.9699675398878753
0.41225159959867597
0.07492461311630905
0.9328248631209135
0.6850085516925901
0.7626102953217924
0.9342461302876472
0.4599831090308726
0.6278475809376687
0.048117749160155654
0.6133803047705442
0.12486552470363677
0.4427105358336121
0.9738971560727805
0.3983761458657682
0.720479778945446
0.2602027216926217
0.47568114288151264
0.5367431496270001
0.3349939070176333
0.043596245581284165
0.09848977578803897
0.610453323693946
0.31645832606591284
0.7979780561290681
0.5516517024952918
0.4870880641974509
0.12854012032039464
0.7109119391534477
0.6882503381930292
0.30126717290841043
0.8038834736216813
0.017350140027701855
0.028016585391014814
0.11770442011766136
0.9771623704582453
0.1837748906109482
0.4904284421354532
0.2777316551655531
0.5206327713094652
0.03319533495232463
0.520467777736485
0.9396367750596255
0.78441844554618
0.14500589133240283
0.6428461840841919
0.40046252380125225
0.32029363117180765
0.7943267428781837
0.5248733118642122
0.6575485018547624
0.7167640270199627
0.2032158961519599
0.916529995854944
0.8964453842490911
0.04007864580489695
0.7011672540102154
0.8648162737954408
0.6654302109964192
0.7701120818965137
0.2859054524451494
0.05973829189315438
0.1576781386975199
0.7897337288595736
0.6702403880190104
0.4109805759508163
0.15784795000217855
0.9126417827792466
0.7293881222140044
0.06939831911586225
0.42808997188694775
0.3975421756040305
0.7140637412667274
0.4361530193127692
0.8361232131719589
0.3745018448680639
0.40120928129181266
0.7271572453901172
0.4866596532519907
0.4735767743550241
0.6330287316814065
0.5912839581724256
0.9178620853926986
0.2134119556285441
0.024430121760815382
0.5193859385326505
0.4039970503654331
0.11322066094726324
0.47161892079748213
0.3154514511115849
0.6021407535299659
0.43794425833038986
0.2690240347292274
0.4149888919200748
0.12784008658491075
0.035740206483751535
0.3567667424213141
0.4962568541523069
0.4196295109577477
0.8256175983697176
0.8150610495358706
0.5464962718542665
0.502590598538518
0.6449468270875514
0.4648401774466038
0.035134108969941735
0.4448415511287749
0.46544194989837706
0.9847110009286553
0.46184225217439234
0.2058857255615294
0.9916857350617647
0.11842709104530513
0.4478565398603678
0.6862165033817291
0.36334701580926776
0.2501972510945052
0.9013550169765949
0.4441036097705364
0.2230743714608252
0.042499886360019445
0.2593417325988412
0.8826672583818436
0.4295604818034917
0.0324178512673825
0.4645062293857336
0.8140598856844008
0.564607722684741
0.06496366811916232
0.32400725479237735
0.8303159889765084
0.5244600262958556
0.23932547471486032
0.06311106984503567
0.9454879791010171
0.028012998634949327
0.09791766200214624
0.42687353887595236
0.39611789700575173
0.852818364975974
0.3403579753357917
0.6962663682643324
0.635204958030954
0.7190174150746316
0.914227178087458
0.4958409096579999
0.1448634227272123
0.8122932971455157
0.5632275196257979
0.028916695853695273
0.49971315334551036
0.7807596293278039
0.9961526580154896
0.6104560759849846
0.56342768878676
0.5498997182585299
0.7842103249859065
0.4612829773686826
0.9714310597628355
0.8347013033926487
0.6608701052609831
0.5021569191012532
0.9731730436906219
0.2091545534785837
0.28230244806036353
0.7029365689959377
0.8449072265066206
0.6395750707015395
0.7181910150684416
0.059161398094147444
0.8221927969716489
0.08990995096974075
0.20948582515120506
0.8167390420567244
0.6397431893274188
0.7367129623889923
0.049992250045761466
0.4826008970849216
0.1064444100484252
0.06664967513643205
0.46070930105634034
0.5947120564524084
0.7715571224689484
0.12735936767421663
0.3301290904637426
0.16898341150954366
0.7250440488569438
0.4567606779746711
0.5208170735277236
0.38384838541969657
0.6854361516889185
0.31481964397244155
0.38120615645311773
0.033695208141580224
0.5609380232635885
0.5473221400752664
0.2889328591991216
0.4714109681081027
0.5121740470640361
0.3971118335612118
0.03394036809913814
0.967177307466045
0.9597641455475241
0.7852769123855978
0.557051579002291
0.5995182280894369
0.45959100336767733
0.38274318166077137
0.8602436454966664
0.043043529614806175
0.06369938189163804
0.345892574172467
0.34626568271778524
0.026676775887608528
0.9979759810958058
0.41690650675445795
0.9930092839058489
0.8364651447627693
0.580252334009856
0.06500218203291297
0.8785526333376765
0.0947871282696724
0.9869725892785937
0.0770393128041178
0.056942410534247756
0.4788755315821618
0.9800452305935323
0.280049902619794
0.472972780931741
0.5715554906055331
0.14888818631879985
0.46373361349105835
0.09030368505045772
0.26388482190668583
0.6052692802622914
0.8225278011523187
0.29269417957402766
0.500774676213041
0.8363316294271499
0.9687860310077667
0.34281017258763313
0.021850406657904387
0.7852763545233756
0.2990088320802897
0.11341361911036074
0.7441315741743892
0.6115423121955246
0.3024299480021
0.9667079688515514
0.7801540691871196
0.3951035088393837
0.7923589430283755
0.3306231542956084
0.15564280422404408
0.2738227304071188
0.9988478845916688
0.1665113114286214
0.3402335939463228
0.306523690931499
0.6231445849407464
0.27018542238511145
0.3747456888668239
0.647359934868291
0.8979945864994079
0.7527346103452146
0.992806144291535
0.3523521211463958
0.9759326670318842
0.9639414257835597
0.8943473801482469
0.08712067664600909
0.8831080342642963
0.36054739402607083
0.6830277133267373
0.8400970629882067
0.9725695063825697
0.5726145855151117
0.26934582204557955
0.2294703871011734
0.2680124449543655
0.1999797741882503
0.46848994493484497
0.6654355097562075
0.6610733708366752
0.30720930453389883
0.09162982203997672
0.15590173401869833
0.8850414445623755
0.31919618137180805
0.11929080006666481
0.6693372123409063
0.9946984853595495
0.44378172187134624
0.4713207692839205
0.9040709112305194
0.47557315276935697
0.7880593501031399
0.7700521261431277
0.21917823608964682
0.9776098516304046
0.19006300228647888
0.838322211522609
0.923500660341233
0.7991738808341324
0.17771410988643765
0.22041392629034817
0.09903921862132847
0.5632771814707667
0.6580493708606809
0.5310354419052601
0.4917920937296003
0.1336985134985298
0.7014143883716315
0.2924274750985205
0.5153574338182807
0.8471198955085129
0.4797881201375276
0.7043943332973868
0.3103702198714018
0.05256640771403909
0.5847783435601741
0.5587752093560994
0.6324740073177963
0.4354294252116233
0.8832255285233259
0.6573003500234336
0.1383740019518882
0.932427003281191
0.5494517763145268
0.6322623705491424
0.5812476635910571
0.8913434075657278
0.05910478252917528
0.7693764332216233
0.6384144115727395
0.7886046031489968
0.443914873059839
0.8906627176329494
0.6411060199607164
0.24237993941642344
0.11840191134251654
0.6914766242261976
0.18771413806825876
0.6668569834437221
0.4447415096219629
0.7134303494822234
0.16937270690687
0.9835135282482952
0.6462389319203794
0.7068896256387234
0.20007261750288308
0.23992796591483057
0.7033919035457075
0.08672380889765918
0.6775631196796894
0.27325201453641057
0.688021631911397
0.05411485838703811
0.750515517545864
0.5937099298462272
0.6936257758643478
0.10983775928616524
0.47556511010043323
0.2944420319981873
0.7685325497295707
0.5717912788968533
0.3569395283702761
0.6700121376197785
0.16518446733243763
0.31467285566031933
0.48692057421430945
0.03706985036842525
0.39064291096292436
0.2540728603489697
0.7883257369976491
0.3860905971378088
0.201071287272498
0.30931831803172827
0.9310903258156031
0.386264014756307
0.5417450673412532
0.5484359199181199
0.3671238855458796
0.16592473373748362
0.7120221408549696
0.7820023251697421
0.6140709987375885
0.7069964047987014
0.11702667106874287
0.058853266993537545
0.1544819800183177
0.29024526686407626
0.023301488952711225
0.18194079957902431
0.2140828559640795
0.9270632446277887
0.004564699018374085
0.5147330327890813
0.4881681010592729
0.6516114783007652
0.6865413775667548
0.47195749171078205
0.5257300976663828
0.9753665584139526
0.8323426176793873
0.2940839307848364
0.5390268347691745
0.552433970849961
0.44674810371361673
0.9972595982253551
0.6020290420856327
0.6997157698497176
0.8833954967558384
0.7562726894393563
0.8156967058312148
0.0822931588627398
0.9248226147610694
0.526264461921528
0.7290119579993188
0.08521930524148047
0.44813172798603773
0.6291530320886523
0.7048212951049209
0.05471083428710699
0.48465598677285016
0.24838500516489148
0.471040760865435
0.8982298967894167
0.10609334544278681
0.8533218561206013
0.3393892084714025
0.364101865561679
0.6354647378902882
0.3046023400966078
0.039749363204464316
0.7609050273895264
0.9437340532895178
0.5816357836592942
0.1300554033368826
0.9734068685211241
0.5086367279291153
0.983441952150315
0.3639880500268191
0.8868386363610625
0.5650162140373141
0.2380038327537477
0.13918912364169955
0.3982188389636576
0.7396768794860691
0.35603382298722863
0.4843492459040135
0.828979259589687
0.3583776552695781
0.6016595405526459
0.921161622973159
0.6413126878906041
0.1023960174061358
0.20457962318323553
0.5079492141958326
0.11658313614316285
0.025734816677868366
0.8776085001882166
0.026787900365889072
0.06997420196421444
0.414088616380468
0.8412360295187682
0.5322838455904275
0.10170946293510497
0.7943615873809904
0.2900893809273839
0.44819127954542637
0.7859856570139527
0.3467408185824752
0.9514711140654981
0.9515003408305347
0.6680982203688473
0.9392571451608092
0.947132017929107
0.981579978717491
0.920478836633265
0.36562079773284495
0.3069218164309859
0.7831556713208556
0.13631362095475197
0.8263961134944111
0.768026182660833
0.6393076349049807
0.7449576903600246
0.6124976079445332
0.3598485682159662
0.22835721354931593
0.20945276832208037
0.30459395446814597
0.6474341196008027
0.2542583306785673
0.43547576921992004
0.6045369023922831
0.6641761776991189
0.1390060109551996
0.21408041985705495
0.640151108847931
0.7239362250547856
0.502923373831436
0.7463186690583825
0.06029223185032606
0.18852076400071383
0.7992490956094116
0.35107818618416786
0.08805287373252213
0.5157232380006462
0.3936679509934038
0.8587048714980483
0.5344489542767406
0.1729842619970441
0.8616448543034494
0.295994124840945
0.9365807115100324
0.42435678630135953
0.2327000272925943
0.6352515551261604
0.41683693579398096
0.5176328157540411
0.8736151964403689
0.35685323365032673
0.10235074069350958
0.3009684553835541
0.41549143102020025
0.2154659426305443
0.7517686286009848
0.19760881597176194
0.9585987983737141
0.38961912458762527
0.07481501647271216
0.0007886290550231934
0.05151093634776771
0.5166129940189421
0.340343497460708
0.3286554308142513
0.5413269705604762
0.10445516207255423
0.3177186318207532
0.49340061633847654
0.962199941277504
0.39836876722984016
0.7172642955556512
0.21073884959332645
0.5488292758818716
0.42907578381709754
0.13686889200471342
0.6331576586235315
0.6995837297290564
0.41591457556933165
0.028380114119499922
0.5550170852802694
0.8008706984110177
0.614211774431169
0.1882238076068461
0.7244400365743786
0.45741337607614696
0.35064259311184287
0.015644262544810772
0.09034276055172086
0.6908280081115663
0.6251331681851298
0.1409910419024527
0.9684123548213392
0.2736158650368452
0.3708247635513544
0.943510708399117
0.34759257757104933
0.1261891541071236
0.029563811840489507
0.9343445680569857
0.18412102409638464
0.8063201778568327
0.7285743986722082
0.18389036902226508
0.6229577872436494
0.935049399966374
0.0027067356277257204
0.952779273269698
0.5168207441456616
0.4399195625446737
0.7355082372669131
0.26084909215569496
0.3098112787120044
0.7512364869471639
0.8696212333161384
0.3407292526680976
0.5787885244935751
0.5174776618368924
0.16700871707871556
0.28662268607877195
0.8242788962088525
0.5682573968078941
0.8204914587549865
0.41698484774678946
0.31975790252909064
0.1698047984391451
0.5784489787183702
0.4179069197271019
0.7601275953929871
0.016853970708325505
0.9371507475152612
0.8019600145053118
0.5276818687561899
0.2809966157656163
0.4057108962442726
0.8606328731402755
0.20237586717121303
0.8247366435825825
0.798557756934315
0.14589961664751172
0.6034606574103236
0.32639899710193276
0.8965567029081285
0.8035367222037166
0.8534626883920282
0.007316506002098322
0.015363324200734496
0.7686775515321642
0.24616247951053083
0.38226186903193593
0.9978082820307463
0.48845486412756145
0.011727600358426571
0.4234598542097956
0.7464250985067338
0.9642452590633184
0.33351642242632806
0.474971974035725
0.6264537111856043
0.016684711910784245
0.8741085345391184
0.022741584572941065
0.16327150771394372
0.7471131440252066
0.2728779118042439
0.10438476060517132
0.868290135404095
0.22767672431655228
0.24422073340974748
0.29369656671769917
0.2242090473882854
0.3597031014505774
0.37037279503419995
0.7137041541282088
0.10099957487545907
0.188949127914384
0.5136982486583292
0.8310036731418222
0.9568756762892008
0.47577398968860507
0.3790949780959636
0.11197946546599269
0.9052602993324399
0.8357578995637596
0.9007732011377811
0.15079869236797094
0.9438143419101834
0.7893741435837001
0.5588478846475482
0.0643426631577313
0.04266930534504354
0.24195562954992056
0.2505095882806927
0.6453878136817366
0.37384095205925405
0.5187420756556094
0.9452532697468996
0.026612523943185806
0.06230614450760186
0.30583012057468295
0.8913533596787602
0.9833314111456275
0.5434713258873671
0.800802543759346
0.510559948394075
0.6005591934081167
0.1546849966980517
0.015785805881023407
0.5124785797670484
0.774080737028271
0.7739771765191108
0.9201441234908998
0.25596522237174213
0.04837603401392698
0.18803884577937424
0.26737931673415005
0.6337041344959289
0.6396628846414387
0.03567176405340433
0.12199677480384707
0.5619702788535506
0.2795029429253191
0.45377516024746
0.4755215758923441
0.5637056843843311
0.7399754405487329
0.9038928363006562
0.24810640350915492
0.3591917217709124
0.02300940826535225
0.6985891512595117
0.3655160921625793
0.3200663197785616
0.6579700610600412
0.0885327982250601
0.40386880142614245
0.5186497357208282
0.3028167637530714
0.8190556610934436
0.48305419739335775
0.5714919103775173
0.051195734879001975
0.171299587469548
0.46593311452306807
0.7131797524634749
0.4982353360392153
0.28274556109681726
0.03593746433034539
0.9758970174007118
0.3266542723868042
0.6759917030576617
0.002305534202605486
0.7284942369442433
0.5871134058106691
0.8374692862853408
0.6262426227331161
0.2647865805774927
0.2596641150303185
0.721262154635042
0.2529512089677155
0.7958157246466726
0.4677200121805072
0.07355411094613373
0.18764536129310727
0.12128671584650874
0.673324950505048
0.07562263403087854
0.659985086414963
0.33660588413476944
0.9646878028288484
0.1991361533291638
0.5287657789885998
0.6483873098623008
0.3731296476908028
0.5891129758674651
0.7798979277722538
0.6142570241354406
0.0077998407650738955
0.7532613482326269
0.10185007425025105
0.33119840919971466
0.42008158494718373
0.033684657188132405
0.2965184571221471
0.06273030419833958
0.08331997063942254
0.15045032720081508
0.3912471493240446
0.01477258326485753
0.4199042194522917
0.6452363426797092
0.6692854408174753
0.31404321384616196
0.3458444676361978
0.5897837830707431
0.8774909842759371
0.25615996960550547
0.6131571377627552
0.055362223414704204
0.2894231698010117
0.13977135834284127
0.14187659439630806
0.06671776482835412
0.8460427790414542
0.09823877573944628
0.42936297063715756
0.24010062543675303
0.06786986580118537
0.5067605203948915
0.8950489424169064
0.6166750928387046
0.782917114906013
0.09480088436976075
0.23578184540383518
0.11799737298861146
0.5366470348089933
0.5858924936037511
0.7754193237051368
0.7292673077899963
0.8307319504674524
0.06409822939895093
0.715610969113186
0.4062374932691455
0.6092658371198922
0.9420812055468559
0.8273931164294481
0.14735925546847284
0.0225334910210222
0.11172314779832959
0.13020039815455675
0.3201621528714895
0.5190334792714566
0.15769913606345654
0.1912021527532488
0.24645476834848523
0.4505881576333195
0.967189208837226
0.34951770049519837
0.7973079863004386
0.455656960606575
0.4572348340880126
0.9752980621997267
0.7130402363836765
0.16233205096796155
0.8798351248260587
0.23130218405276537
0.4498876421712339
0.3076867526397109
0.5621325543615967
0.08175478386692703
0.950886002741754
0.4241803011391312
0.2103673501405865
0.8654288775287569
0.5350366113707423
0.9043564519379288
0.44519222993403673
0.032244082540273666
0.4425297067500651
0.6470265053212643
0.8640885031782091
0.444970834068954
0.8944268964696676
0.5950404349714518
0.6683110843878239
0.6928132290486246
0.5492191284429282
0.43959669303148985
0.9669805034063756
0.7699768696911633
0.89283108827658
0.7972814755048603
0.0548909823410213
0.811484593199566
0.957324267597869
0.72388313151896
0.7648335248231888
0.11187539831735194
0.085572459269315
0.8811289381701499
0.5950438752770424
0.6646559722721577
0.6649825677741319
0.7366800028830767
0.5066991897765547
0.9785857750102878
0.8765791831538081
0.856168951606378
0.7229461532551795
0.6798129137605429
0.16543687134981155
0.9943474989850074
0.9774842872284353
0.20238900161348283
0.13198940944857895
0.8087971166241914
0.5581324442755431
0.13922879891470075
0.3116440970916301
0.7316953456029296
0.4465760763268918
0.7451847509946674
0.6862078490667045
0.4451517330016941
0.14689382817596197
0.3887721812352538
0.4450142777059227
0.5890081024263054
0.8738707676529884
0.778344247257337
0.6307632497046143
0.6828600794542581
0.8881548324134201
0.5878225804772228
0.5367396394722164
0.36585886031389236
0.3280897841323167
0.36905677430331707
0.04504227126017213
0.9687559525482357
0.5748800409492105
0.2605619162786752
0.038406473118811846
0.5385883350390941
0.5037377069238573
0.2764631996396929
0.6896787609439343
0.7675173410680145
0.5228593498468399
0.3348784821573645
0.8388553839176893
0.592401314759627
0.057953025214374065
0.05342237697914243
0.19695227965712547
0.9364903732202947
0.7464006424415857
0.8302703136578202
0.8153353489469737
0.49987569102086127
0.7482699388638139
0.2743026160169393
0.690487168263644
0.3480805812869221
0.8602819456718862
0.8588528207037598
0.1388557036407292
0.7915884472895414
0.2292036407161504
0.7347113979049027
0.8968509496189654
0.41818471741862595
0.07493527559563518
0.934457014547661
0.12240933370776474
0.2373662821482867
0.7376657188870013
0.9964752767700702
0.6511471199337393
0.29779385472647846
0.34236007696017623
0.5837562314700335
0.20572328683920205
0.27406889433041215
0.41448341170325875
0.05040359660051763
0.8220753271598369
0.8865731942933053
0.014066713396459818
0.6257305683102459
0.6843212405219674
0.2979097221978009
0.2772937004920095
0.4893110750708729
0.2200009657535702
0.48151527205482125
0.6199736169073731
0.09419926418922842
0.4614377371035516
0.5327590401284397
0.5258093969896436
0.3676672822330147
0.06388594373129308
0.7365914043039083
0.6906382197048515
0.2264106662478298
0.36072544613853097
0.8037483349908143
0.5576772880740464
0.8843681062571704
0.04951426340267062
0.7195117240771651
0.5568074341863394
0.17957885563373566
0.7178941869642586
0.4302878526505083
0.19264446198940277
0.4574688393622637
0.029689912451431155
0.2264201450161636
0.17888974212110043
0.24676945433020592
0.2246264007408172
0.05003556841984391
0.16706003691069782
0.983377871569246
0.16954203764908016
0.08404980832710862
0.3854057372082025
0.6270945193246007
0.546917115105316
0.8790076235309243
0.48083890369161963
0.6961802560836077
0.023161595687270164
0.5424562913831323
0.37899145972914994
0.2045043776743114
0.2084516694303602
0.4154963125474751
0.19001221586950123
0.8583239505533129
0.6005151111166924
0.42501645092852414
0.9702410593163222
0.3656704635359347
0.1459637051448226
0.5848266880493611
0.4098186397459358
0.9504220681264997
0.9858415555208921
0.9538538311608136
0.0454174738842994
0.007546974811702967
0.9197958733420819
0.7174296942539513
0.3804496801458299
0.6637789383530617
0.9243441415019333
0.8825258479919285
0.13647256488911808
0.6049002001527697
0.18470306880772114
0.1700813367497176
0.49338353727944195
0.6464665837120265
0.6987835234031081
0.11354529415257275
0.3301627093460411
0.7154107326641679
0.9029254601337016
0.9090366258751601
0.0070085106417536736
0.5283298688009381
0.6171597947832197
0.48573522083461285
0.9363657287321985
0.6249270280823112
0.6320340665988624
0.4752712952904403
0.21089613740332425
0.5085433812346309
0.8478469708934426
0.6834741365164518
0.22764110821299255
0.3680341101717204
0.5846380165312439
0.8943973632995039
0.08323246473446488
0.7285560178570449
0.7098424879368395
0.5952105403412133
0.6438115446362644
0.8566280116792768
0.9123704805970192
0.24466384598053992
0.4604195503052324
0.41649542399682105
0.41698036389425397
0.2086031185463071
0.22511054365895689
0.5681400641333312
0.45471228705719113
0.6121070177759975
0.4021107570733875
0.0243633056525141
0.19571994827128947
0.6440919206943363
0.9739103063475341
0.7288866846356541
0.007439156761392951
0.18200740637257695
0.5853019829373807
0.9483190572354943
0.34323459677398205
0.7194654445629567
0.812263296218589
0.1710737315006554
0.548578598536551
0.7411874977406114
0.6338883505668491
0.07140240701846778
0.44200788624584675
0.3038600003346801
0.5058553314302117
0.45301317353732884
0.781985746929422
0.26768984738737345
0.5745417168363929
0.015142162796109915
0.0731190585065633
0.0847660624422133
0.2893090839497745
0.22205836791545153
0.5671409040223807
0.5713425981812179
0.323171257507056
0.8382426865864545
0.5845359063241631
0.37306739785708487
0.4710978379007429
0.7578851636499166
0.589431892381981
0.6631871766876429
0.25230937940068543
0.22497035027481616
0.1041142342146486
0.1781311898957938
0.7324434190522879
0.8905325522646308
0.24444310902617872
0.3276816678699106
0.9075196771882474
0.6122728388290852
0.27783426037058234
0.4799687056802213
0.8491746892686933
0.6107081985101104
0.19995348062366247
0.28765636100433767
0.26611307822167873
0.8264859137125313
0.45443221903406084
0.4559800010174513
0.41546538239344954
0.7078714137896895
0.019114412600174546
0.6399417424108833
0.09379021474160254
0.03879419923759997
0.37059277831576765
0.7521643997170031
0.3933038394898176
0.32098116888664663
0.1725700602401048
0.37478149798698723
0.17073898389935493
0.37565824668854475
0.12696289154700935
0.06819873303174973
0.5281973066739738
0.15795446489937603
0.8706930882763118
0.4356234590522945
0.5252729798667133
0.7118886813987046
0.4048282108269632
0.022458427120000124
0.8069658484309912
0.5140827146824449
0.8789324557874352
0.09623586316592991
0.12310238159261644
0.3869920230936259
0.2499010602477938
0.6806525154970586
0.16667492454871535
0.2789663241710514
0.7159643850754946
0.7930188192985952
0.2488733697682619
0.3595886325929314
0.451343099353835
0.7541111842729151
0.6303704830352217
0.5231720409356058
0.7994570673909038
0.29477243474684656
0.9101901315152645
0.7485086754895747
0.7890400364995003
0.4525691466405988
0.881539385067299
0.12414512038230896
0.3109230464324355
0.797101451549679
0.593403163831681
0.20412708236835897
0.3895522921811789
0.4916757808532566
0.8938453535083681
0.15348782995715737
0.36231059581041336
0.39573987829498947
0.23227410344406962
0.9241201058030128
0.9121914629358798
0.9618493479210883
0.18592388229444623
0.277570279315114
0.41059434157796204
0.8968035955913365
0.22854877030476928
0.9336849418468773
0.13376981765031815
0.9234332512132823
0.5048683877103031
0.016047402285039425
0.28578871488571167
0.6513603667262942
0.9539013709872961
0.7787359326612204
0.805788921425119
0.5382138981949538
0.11206549010239542
0.599741683807224
0.18878191662952304
0.8997418330982327
0.264919095672667
0.5358428324107081
