# browser_rnd sample v1
ua: Mozilla/5.0 (Windows NT 6.1; WOW64) AppleWebKit/537.36 (KHTML, like Gecko) Chrome/48.0.2564.109 Safari/537.36
appName: Netscape
appVersion: 5.0 (Windows NT 6.1; WOW64) AppleWebKit/537.36 (KHTML, like Gecko) Chrome/48.0.2564.109 Safari/537.36
platform: Win32
vendor: Google Inc.
oscpu: 
cpuClass: 
language: en-US
hardwareConcurrency: 4
deviceMemory: 
screen: 1024x768x24
date: Fri Jun 12 2026 13:53:09 GMT+0000 (Coordinated Universal Time)
epoch: 1781272389784
count: 4096
---
0.9952757488936186
0.6932557853870094
0.7861986658535898
0.6626304490491748
0.480322040617466
0.08892360259778798
0.4266619896516204
0.4639590731821954
0.06529914098791778
0.4738648231141269
0.6537031480111182
0.5203328630886972
0.5999226474668831
0.7275022093672305
0.24399670935235918
0.6450662852730602
0.8102345056831837
0.02579926885664463
0.16889243014156818
0.37817616714164615
0.2705861600115895
0.16670227563008666
0.8976006838493049
0.49260915187187493
0.6219206491950899
0.3683198853395879
0.4421379512641579
0.6334166703745723
0.7449267094489187
0.4012556867673993
0.4044040914159268
0.15569127770140767
0.3694669376127422
0.11951547488570213
0.003676638938486576
0.3014396282378584
0.4513248426374048
0.26921800593845546
0.4951686938293278
0.7716932853218168
0.14479651232250035
0.9345459998585284
0.6111167385242879
0.5702413211110979
0.5831447094678879
0.216838285792619
0.9677096458617598
0.6861012119334191
0.6586151923984289
0.09728463646024466
0.17048406740650535
0.0786821274086833
0.7729964759200811
0.621408689301461
0.12590549397282302
0.33402263815514743
0.05132044106721878
0.3068907093256712
0.7496109907515347
0.8751936219632626
0.5076222841162235
0.4204789048526436
0.9852357117924839
0.6784239576663822
0.24571616668254137
0.6508896169252694
0.8018381765577942
0.6448404684197158
0.7337972668465227
0.7416910075116903
0.06989812362007797
0.39456848916597664
0.8210682682693005
0.4829992759041488
0.34658552124165
0.5700029288418591
0.28045987873338163
0.1851179334335029
0.9308988736011088
0.8694936814717948
0.6079038130119443
0.6404337449930608
0.27509719389490783
0.501232452923432
0.2225189998280257
0.39148264774121344
0.18646282539702952
0.17164818081073463
0.0808090534992516
0.11760464985854924
0.5347667101304978
0.8496955113951117
0.6391230514273047
0.6472551967017353
0.26052329945378006
0.7329711981583387
0.8484759621787816
0.6499854973517358
0.4950985878240317
0.5008688613306731
0.6802617120556533
0.36710196477361023
0.48330040951259434
0.7927904641255736
0.5237446671817452
0.1266063591465354
0.9624884743243456
0.5372271270025522
0.20385966612957418
0.9689474490005523
0.0013133985921740532
0.6858199737034738
0.5782147981226444
0.35178867168724537
0.3763534289319068
0.4101562618743628
0.8675596360117197
0.7312481654807925
0.7898188852705061
0.9443456886801869
0.4348554965108633
0.1958469811361283
0.5049013828393072
0.36610610876232386
0.5181285231374204
0.8697114030364901
0.5179151629563421
0.019079579738900065
0.0030560041777789593
0.09722179360687733
0.027222714386880398
0.8336317222565413
0.008714066119864583
0.1142254676669836
0.611134845064953
0.8947901467327029
0.8215942946262658
0.9745611282996833
0.20760091859847307
0.4238978864159435
0.6318400423042476
0.3341848992276937
0.9760603467002511
0.24120816634967923
0.367226884001866
0.7353851913940161
0.38054420705884695
0.9662441895343363
0.25122759328223765
0.13754885806702077
0.2488313193898648
0.7976908308919519
0.8746319452766329
0.25094745168462396
0.09147838572971523
0.4798709540627897
0.9534278286155313
0.18114205333404243
0.24199695326387882
0.5921201820019633
0.06666854722425342
0.1663923456799239
0.30479053081944585
0.8840447124093771
0.09006323665380478
0.9650931195355952
0.5032247856725007
0.1430342304520309
0.15357066364958882
0.12521972134709358
0.9626526653300971
0.49434218858368695
0.865479898871854
0.23546904418617487
0.8932008773554116
0.1749610947445035
0.803461586823687
0.91692373319529
0.8958267886191607
0.5104391777422279
0.21944092749617994
0.8893691725097597
0.08205419057048857
0.5650645613204688
0.2420572037808597
0.6606494057923555
0.7718813298270106
0.5261042066849768
0.6606598841026425
0.9531956044957042
0.0009718188084661961
0.5257668318226933
0.5679665459319949
0.5673840644303709
0.0558081625495106
0.22079658531583846
0.35278263431973755
0.2981176692992449
0.5720883198082447
0.8892341013997793
0.6342510303948075
0.792971046641469
0.7634966224431992
0.35189481312409043
0.28436040552333
0.5204109223559499
0.011448260163888335
0.41136977984569967
0.7420563567429781
0.6527552220504731
0.43375779781490564
0.4104447963181883
0.07616616180166602
0.41048921924084425
0.871914311312139
0.24255855986848474
0.7207273016683757
0.09736002516001463
0.5287620292510837
0.5859932645689696
0.5833333593327552
0.6257318933494389
0.19410343770869076
0.05663616023957729
0.14631121302954853
0.2494183366652578
0.3920662705786526
0.717049109749496
0.7667647113557905
0.27460315031930804
0.5947192145977169
0.91413250612095
0.5609555274713784
0.030273478478193283
0.8468479416333139
0.2943697515875101
0.9950965316966176
0.47181242192164063
0.6656810366548598
0.485801984090358
0.8907844931818545
0.6035618472378701
0.3414087372366339
0.23569061630405486
0.8757605941500515
0.7174724137876183
0.39674669690430164
0.10008253110572696
0.616609106073156
0.5887519798707217
0.33471247740089893
0.4900962000247091
0.3136534357909113
0.8029205149505287
0.15407423675060272
0.2136442638002336
0.3848181306384504
0.027122891508042812
0.021331931231543422
0.6195834449026734
0.21469992864876986
0.42711015325039625
0.5457039526663721
0.05543547961860895
0.5088807404972613
0.1327442352194339
0.6237965647596866
0.17735807574354112
0.025719094555824995
0.7223668391816318
0.6470599323511124
0.7413063845597208
0.13374660164117813
0.7078366670757532
0.6632112222723663
0.9475598593708128
0.3807138700503856
0.016502391314134
0.5394897961523384
0.004661620128899813
0.058792540803551674
0.023102201987057924
0.5417484843637794
0.7236409434117377
0.6236526092980057
0.5887632537633181
0.5429871201049536
0.060488122748211026
0.6059077784884721
0.652787660015747
0.015312415547668934
0.08651780360378325
0.03674427140504122
0.503049863036722
0.9989128562156111
0.2738259823527187
0.5932828818913549
0.018628153949975967
0.8734801933169365
0.47169635142199695
0.5688525829464197
0.5436239677947015
0.5411019299644977
0.07124725123867393
0.7215357394888997
0.6657650161068887
0.9988633571192622
0.39007525728084147
0.8142626332119107
0.7800418341066688
0.6522390069440007
0.12465516151860356
0.6579942821990699
0.9037937624379992
0.1529066755902022
0.16063517378643155
0.5066283289343119
0.5133023429661989
0.834167743101716
0.6683321923483163
0.2837220970541239
0.018208025256171823
0.2914050028193742
0.5321847512386739
0.2997439573518932
0.8869061195291579
0.6729186594020575
0.9705795852933079
0.43020931258797646
0.43025213899090886
0.21010408690199256
0.5651162792928517
0.17141280393116176
0.8175167229492217
0.45714302314445376
0.16160338534973562
0.9570236776489764
0.020949773723259568
0.7223988759797066
0.23036878718994558
0.9307150971144438
0.5461620124988258
0.3099064244888723
0.11798500595614314
0.4069151342846453
0.4375042531173676
0.07755979523062706
0.5222657560370862
0.44992261193692684
0.9849123195745051
0.8403101975563914
0.42908797273412347
0.2077794203069061
0.644000091124326
0.5765420517418534
0.1806958271190524
0.19433626346290112
0.26727628451772034
0.48473950289189816
0.7293959495145828
0.39546717680059373
0.02801170409657061
0.049766602693125606
0.2984317345544696
0.23176969843916595
0.19352295761927962
0.5970129841007292
0.26238949690014124
0.38646509195677936
0.7186684778425843
0.9619055741932243
0.03936880896799266
0.8231034411583096
0.18203847855329514
0.40359520143829286
0.5830140253528953
0.8668949499260634
0.7424803145695478
0.30937681649811566
0.5773260595742613
0.32588703860528767
0.36675594304688275
0.23008644953370094
0.8463947109412402
0.13025215617381036
0.7008022568188608
0.833789276657626
0.8420173656195402
0.20049970294348896
0.38972983811981976
0.5764582015108317
0.6663830573670566
0.13553640991449356
0.9789602931123227
0.5273696973454207
0.4834767091087997
0.9663271820172668
0.7582943951711059
0.5506534799933434
0.2841229331679642
0.24201619788073003
0.9299576573539525
0.8967363408301026
0.917814290151
0.9469932594802231
0.1682999194599688
0.6957515806425363
0.7808716434519738
0.6134548531845212
0.7238743575289845
0.8388991539832205
0.9778242653701454
0.0527887640055269
0.7919751200824976
0.8241579220630229
0.20014698756858706
0.022759822197258472
0.3561382992193103
0.803536671679467
0.27356940181925893
0.9657291728071868
0.9710227753967047
0.420350358588621
0.6710703112185001
0.6563589009456336
0.41037588962353766
0.8306065557990223
0.46921673114411533
0.8507130129728466
0.9850800863932818
0.8736812628339976
0.1077528519090265
0.9248153688386083
0.18010761006735265
0.5950188958086073
0.3216755932662636
0.4396162759512663
0.15767025318928063
0.041061560390517116
0.34605454886332154
0.9913075983058661
0.15410348121076822
0.7469258024357259
0.4471388612873852
0.8036664761602879
0.6027013580314815
0.842167888302356
0.9224730217829347
0.9455187593121082
0.5865014563314617
0.7424273306969553
0.338109441800043
0.7456771454308182
0.9382525610271841
0.5826618075370789
0.51437325659208
0.14759288262575865
0.3475325205363333
0.6380853978917003
0.9387746204156429
0.975783629110083
0.24911640444770455
0.9460004528518766
0.2737401621416211
0.031198830110952258
0.515514437109232
0.7327424932736903
0.7231093728914857
0.04713925416581333
0.9289914011023939
0.47642712481319904
0.8700746491085738
0.07483578007668257
0.42990443110466003
0.9222263973206282
0.4990216742735356
0.2461806300561875
0.026959539391100407
0.09447336359880865
0.47853580419905484
0.8816041985992342
0.08491907524876297
0.21595129650086164
0.9770827414467931
0.6758396532386541
0.645706377690658
0.34635358583182096
0.3848584226798266
0.7514233745168895
0.6572766362223774
0.9394402045290917
0.982996981125325
0.3103727188427001
0.5260337872896343
0.39883808814920485
0.8070812872610986
0.18099986226297915
0.6913013658486307
0.5536718824878335
0.7042638626880944
0.2640449069440365
0.2316649321001023
0.2926398073323071
0.8065245400648564
0.1444398567546159
0.5132927880622447
0.6657451074570417
0.6320670829154551
0.42429203377105296
0.7296849784906954
0.6060400977730751
0.0378218786790967
0.9384865097235888
0.7897754283621907
0.141622940544039
0.715399272274226
0.01972880307585001
0.7154258848167956
0.502036509802565
0.7184696653857827
0.3828042878303677
0.7131428113207221
0.33452903875149786
0.18853666889481246
0.6967517281882465
0.806534998351708
0.32439663051627576
0.5028390956576914
0.19203806947916746
0.8133919667452574
0.07833803328685462
0.5534240445122123
0.236940709175542
0.4248192554805428
0.2500383099541068
0.7014964751433581
0.3501315452158451
0.4914087951183319
0.9778683704789728
0.8513156049884856
0.8545409720391035
0.006751585751771927
0.7331867360044271
0.7334511855151504
0.5071079281624407
0.16509821428917348
0.9723267320077866
0.9288362569641322
0.6702961816918105
0.6965583849232644
0.32817766396328807
0.6669533958192915
0.4184688350651413
0.7481519165448844
0.5635370640084147
0.7073779557831585
0.39041628618724644
0.9585689327213913
0.8706121456343681
0.7677607140503824
0.2337780031375587
0.39722382952459157
0.7019424778409302
0.40337686240673065
0.6336979216430336
0.8239078633487225
0.6859677876345813
0.2461778640281409
0.9752228998113424
0.15439704130403697
0.038483062060549855
0.8505558131728321
0.14980843290686607
0.29744766163639724
0.479923699516803
0.9042200392577797
0.8415532680228353
0.8288394929841161
0.6056090292986482
0.25868554855696857
0.6044293392915279
0.9866762806195766
0.6587119400501251
0.8306737099774182
0.6723912798333913
0.46360822254791856
0.7364573976956308
0.6995670173782855
0.5786143618170172
0.5429757563397288
0.8513584490865469
0.6290221749804914
0.5209429012611508
0.5977712052408606
0.9363186424598098
0.5804101082030684
0.9342359704896808
0.02230485947802663
0.1670611093286425
0.36329882708378136
0.9070140277035534
0.22446844563819468
0.5460161271039397
0.673952586017549
0.6190701075829566
0.9715245927218348
0.4725847872905433
0.586941986111924
0.6938467449508607
0.4377722777426243
0.9022495960816741
0.30560710630379617
0.5988581574056298
0.5478681100066751
0.06598510849289596
0.8427782885264605
0.9170107003301382
0.45417038770392537
0.5757518254686147
0.9256086982786655
0.4773333058692515
0.20415416825562716
0.2828419362194836
0.14011592837050557
0.5457900087349117
0.592784954002127
0.049012497533112764
0.6980116104241461
0.5339960616547614
0.94407106237486
0.4811658894177526
0.2977308745030314
0.5919515267014503
0.02133659995160997
0.7061979775317013
0.1260979464277625
0.7962990119121969
0.7709237644448876
0.2655067443847656
0.5923576923087239
0.3374340203590691
0.564898848766461
0.2516508202534169
0.76476876065135
0.27832067268900573
0.6192970534320921
0.05819845339283347
0.32511749980039895
0.5025267086457461
0.5523587665520608
0.026744885835796595
0.22391528775915504
0.5716128742787987
0.30583487660624087
0.7034131875261664
0.9269249401986599
0.20681794197298586
0.3110991904977709
0.6212294010911137
0.9037752733565867
0.8332867166027427
0.7846426274627447
0.6049370532855392
0.14142347150482237
0.1224291711114347
0.5224774058442563
0.2795012213755399
0.9085159848909825
0.30033713462762535
0.5824052791576833
0.9026271537877619
0.12012914777733386
0.05182752292603254
0.4644302267115563
0.5595504520460963
0.6990532090421766
0.31355990562587976
0.10654357681050897
0.10533479508012533
0.31421999214217067
0.0139152139890939
0.88904041913338
0.14490715530700982
0.9270308131817728
0.11653359630145133
0.23434179555624723
0.5692989323288202
0.5942454780451953
0.36344461399130523
0.5349724774714559
0.5626163778360933
0.1073810278903693
0.20206393161788583
0.5933431931771338
0.09934908268041909
0.3963500827085227
0.948959490749985
0.617964840028435
0.032496818574145436
0.9262947160750628
0.8456519334577024
0.7379393270239234
0.42214314406737685
0.001850651577115059
0.3707812293432653
0.80594372167252
0.6771413853857666
0.12103843898512423
0.46236163936555386
0.26598842605017126
0.2767888808157295
0.004867757670581341
0.7693636866752058
0.12350097321905196
0.8501825649291277
0.4328569327481091
0.16413898160681129
0.6883721810299903
0.7267678116913885
0.9939855330158025
0.43852755473926663
0.534283938119188
0.13427570881322026
0.24555017985403538
0.6468575939070433
0.10239843418821692
0.36548763141036034
0.3683655511122197
0.26571561698801816
0.36762082297354937
0.8263638678472489
0.9752153574954718
0.004510238999500871
0.32433928176760674
0.4568416222464293
0.7299398442264646
0.18879833072423935
0.41372795309871435
0.2618751688860357
0.11965606221929193
0.5188992512412369
0.7640438354574144
0.21505743777379394
0.863299700897187
0.9202185093890876
0.3029483768623322
0.6648447751067579
0.4111351612955332
0.5199608434922993
0.8960153220687062
0.908956675324589
0.24197581270709634
0.20773244858719409
0.8015645297709852
0.7083915972616524
0.6823344433214515
0.736797591438517
0.8466828223317862
0.3249122928828001
0.7990488207433373
0.34649503766559064
0.9374784594401717
0.48887291573919356
0.26386941503733397
0.0773525598924607
0.7948200693354011
0.10565409436821938
0.07467413670383394
0.5028298778925091
0.020166910020634532
0.6009180422406644
0.6787733202800155
0.5364305314142257
0.8541646171361208
0.2141700282227248
0.8625882074702531
0.09269245783798397
0.3823043603915721
0.7028813292272389
0.31890393723733723
0.4669640187639743
0.2334989057853818
0.36238227505236864
0.38394471793435514
0.28326425002887845
0.7552682384848595
0.9929394423961639
0.5665350507479161
0.7662309994921088
0.6385254154447466
0.8603805487509817
0.28323481581173837
0.23294278769753873
0.3388816525693983
0.6708137970417738
0.025753036374226213
0.3395772404037416
0.20036829519085586
0.016183100175112486
0.7812180807814002
0.857330615632236
0.29929857794195414
0.8604374406859279
0.32476141583174467
0.08606252633035183
0.8340101498179138
0.8340216903015971
0.0397941863629967
0.4911672556772828
0.6281924799550325
0.5655863890424371
0.6430827041622251
0.030464283423498273
0.2740021066274494
0.7657967507839203
0.8204083105083555
0.5831958358176053
0.1454005278646946
0.8185466153081506
0.020314327673986554
0.266988807823509
0.3128282492980361
0.9196672830730677
0.350498330546543
0.11982452473603189
0.5695565554779023
0.23971131979487836
0.3628055197186768
0.020121845416724682
0.8058265009894967
0.5516894857864827
0.9706959950271994
0.5290065270382911
0.9873907449655235
0.5340226201806217
0.4363577151671052
0.2850515169557184
0.9926453817170113
0.2787469329778105
0.3164578340947628
0.3661131951957941
0.638232473982498
0.5918771689757705
0.6706556172575802
0.17224885267205536
0.9091514078900218
0.7569223046302795
0.8088764033745974
0.5368616438936442
0.6275941119529307
0.7798561963718385
0.299492102349177
0.346851414302364
0.3684362303465605
0.5330003232229501
0.005251283058896661
0.683361355215311
0.2512382809072733
0.33483893028460443
0.7701162209268659
0.694963660556823
0.5716318963095546
0.6417651034425944
0.2689858330413699
0.3176538732368499
0.9256415434647352
0.05972701823338866
0.8866047947667539
0.24212459195405245
0.8839638854842633
0.6284639360383153
0.45379092590883374
0.7216368454974145
0.4904834155458957
0.298001644667238
0.47782355709932745
0.04153761547058821
0.928339164936915
0.7136787630151957
0.010505147511139512
0.40735078416764736
0.2831290545873344
0.32005323003977537
0.191517963539809
0.4435512572526932
0.10178097547031939
0.23613651585765183
0.9257555324584246
0.13505940069444478
0.3841649510432035
0.24429527926258743
0.018538895063102245
0.2643301133066416
0.37338308966718614
0.7166492256801575
0.5742200484964997
0.3142771408893168
0.03703985712490976
0.8273030021227896
0.9070678364951164
0.17747150361537933
0.06385252182371914
0.39658876159228384
0.2378809666261077
0.3700822787359357
0.2155448927078396
0.6617939579300582
0.3982852071058005
0.8370880952570587
0.3213971753139049
0.41656812420114875
0.46992536284960806
0.6328654396347702
0.8140073146205395
0.1698659115936607
0.9273304208181798
0.522550881607458
0.6014062208123505
0.4831404881551862
0.8997545673046261
0.3366279632318765
0.03393309633247554
0.8129638216923922
0.36598328733816743
0.2987855849787593
0.612043596804142
0.28057597228325903
0.29444363294169307
0.3180543379858136
0.1544391419738531
0.7862019785679877
0.7207301727030426
0.1437562971841544
0.1782494056969881
0.09110502642579377
0.75391895044595
0.661088980268687
0.6847289577126503
0.916990747442469
0.10118344565853477
0.46491765417158604
0.3424503889400512
0.008601199835538864
0.08767155674286187
0.8405431371647865
0.6184877674095333
0.45978084905073047
0.7362986637745053
0.8441863283514977
0.30892483051866293
0.4206068217754364
0.30344602256082
0.6406101293396205
0.4583379179239273
0.7095370714087039
0.32477307645604014
0.2852740038651973
0.9855177367571741
0.7652620782610029
0.18076169327832758
0.3811094837728888
0.16489608166739345
0.32676519732922316
0.21001551230438054
0.9547285430599004
0.6293154042214155
0.8109744519460946
0.3645899191033095
0.1939060939475894
0.5114529069978744
0.4934907478746027
0.5068011137191206
0.6311515546403825
0.907995254965499
0.9055806098040193
0.3758640852756798
0.5868553421460092
0.119710334809497
0.5024330159649253
0.8795414883643389
0.8820593140553683
0.276773746823892
0.7272949400357902
0.5098069638479501
0.8245414660777897
0.10358535125851631
0.7702475297264755
0.07299629529006779
0.25096609396860003
0.42116754362359643
0.39801251399330795
0.9219685192219913
0.8476660256274045
0.052056684624403715
0.5849895901046693
0.5008673884440213
0.6362133549991995
0.17608470167033374
0.056951837381348014
0.8500102064572275
0.3194937671069056
0.09940636530518532
0.42147397389635444
0.9274140940979123
0.036131152883172035
0.45463992888107896
0.033950075507164
0.12054687598720193
0.5848666913807392
0.2843924749176949
0.10034762416034937
0.4002279140986502
0.8630792174953967
0.9475909899920225
0.951543084345758
0.19543970003724098
0.15014023263938725
0.27293397346511483
0.5062143392860889
0.04728738986887038
0.5860905200242996
0.3422939828597009
0.1876100478693843
0.9855932318605483
0.11397303105331957
0.06536052795127034
0.5812103040516376
0.344546448206529
0.8002616302110255
0.22361570270732045
0.1789313096087426
0.39012578735128045
0.7235394632443786
0.7936852732673287
0.6497330027632415
0.9406110106501728
0.09607245423831046
0.3075668169185519
0.93580442504026
0.31857527792453766
0.5472728156019002
0.3281309977173805
0.8349239639937878
0.30440812674351037
0.983732539229095
0.5819580596871674
0.8371614429634064
0.6443399367853999
0.6990776723250747
0.7495605524163693
0.9514059021603316
0.7336932239122689
0.8658305210992694
0.5602068952284753
0.5363026380073279
0.5518384394235909
0.6477052154950798
0.38682010071352124
0.11795276240445673
0.8090639929287136
0.9375786955934018
0.42621947498992085
0.47834804467856884
0.499533825321123
0.4780056516174227
0.3295947443693876
0.2270007145125419
0.19396712095476687
0.6084528255742043
0.5307078612968326
0.6663305475376546
0.19443331053480506
0.01718847779557109
0.9028494907543063
0.12575742485933006
0.6602920112200081
0.30904993531294167
0.6741107611451298
0.47698413161560893
0.9104643289465457
0.4319536138791591
0.8801022178959101
0.007570396410301328
0.4933132112491876
0.3075098996050656
0.9102383689023554
0.3617575450334698
0.11842486681416631
0.33076398307457566
0.31200317898765206
0.9215604353230447
0.4990410655736923
0.5898925417568535
0.9016754534095526
0.9618306478951126
0.6797476424835622
0.10558704263530672
0.8737727925181389
0.7572129725012928
0.06073574908077717
0.0667004722636193
0.7423792160116136
0.4729247153736651
0.7140097431838512
0.9721541863400489
0.8128481982275844
0.285617332207039
0.17234615003690124
0.6602537543512881
0.6340771685354412
0.6693096326198429
0.9048749660141766
0.6548635833896697
0.4445557971484959
0.21496158000081778
0.12470734678208828
0.603766749612987
0.05105142295360565
0.46340403403155506
0.05778790847398341
0.9228766690939665
0.22663334710523486
0.5824578900355846
0.8452563842292875
0.5934973207768053
0.8899035470094532
0.7108540998306125
0.06908713327720761
0.7705490300431848
0.49704570858739316
0.6113238008692861
0.3015014810953289
0.5814038396347314
0.8484625774435699
0.4019499171990901
0.916275538271293
0.19610424898564816
0.14237143495120108
0.20470063108950853
0.12925268500111997
0.6761136543937027
0.5708793313242495
0.08711768966168165
0.8503335635177791
0.13961748452857137
0.5543100978247821
0.2105257019866258
0.16493556695058942
0.03640397172421217
0.3689045829232782
0.9761859646532685
0.5204672303516418
0.027128729969263077
0.12743006506934762
0.8196816872805357
0.47712043044157326
0.3577777498867363
0.3659469347912818
0.657714317785576
0.8461423388216645
0.5709280408918858
0.9592433397192508
0.025376392295584083
0.5410293086897582
0.7594263560604304
0.9641762350220233
0.9740824850741774
0.5806745358277112
0.6903755133971572
0.8471656257752329
0.012683019740507007
0.6824894638266414
0.5372834426816553
0.227291353745386
0.44391941535286605
0.7487958492711186
0.15979899349622428
0.4360203556716442
0.1983245115261525
0.1771768087055534
0.744831291725859
0.6938200306612998
0.9653677640017122
0.44946785806678236
0.7845586119219661
0.08937276666983962
0.5231143378186971
0.7564987386576831
0.17137164901942015
0.07921039289794862
0.29913092963397503
0.8264257956761867
0.0912258115131408
0.9268333679065108
0.5596466236747801
0.44257405446842313
0.49246914801187813
0.08947127917781472
0.29978848970495164
0.6936249374412
0.4383693046402186
0.6661009034141898
0.04229003726504743
0.49520879331976175
0.5002206340432167
0.9878638514783233
0.054698392283171415
0.21862268983386457
0.14845211594365537
0.8446087779011577
0.9192252196371555
0.38087883964180946
0.0005934601649641991
0.6967510061804205
0.7892182462383062
0.10216374765150249
0.1403552528936416
0.8635483260732144
0.4046910011675209
0.3381313434801996
0.13421345921233296
0.1255113766528666
0.21891994820907712
0.49830577755346894
0.3285761857405305
0.8685943556483835
0.3823005515150726
0.6412279054056853
0.5878395789768547
0.8689167136326432
0.19667349150404334
0.4118018220178783
0.5306515630800277
0.6493229775223881
0.5432836606632918
0.40752040105871856
0.3528120741248131
0.830941584892571
0.5059314377140254
0.9392110398039222
0.8490097993053496
0.26700507034547627
0.6095948482397944
0.11572030978277326
0.565864100586623
0.6605178322643042
0.3849222871940583
0.9039290493819863
0.588213202310726
0.6127520508598536
0.04992589331232011
0.17607348156161606
0.8612655946053565
0.2502912553027272
0.25781461619772017
0.8938451057765633
0.770368846366182
0.2506103927735239
0.010242586024105549
0.6717608550097793
0.09569758921861649
0.5620393855497241
0.5790696700569242
0.7586184297688305
0.39349573384970427
0.47731234645470977
0.817035102751106
0.7719793438445777
0.2886030850932002
0.015052974689751863
0.41252179187722504
0.5143034630455077
0.8971522792708129
0.40353993116877973
0.5761204189620912
0.5832418780773878
0.9723197678104043
0.8031475320458412
0.2556861834600568
0.5297089193481952
0.6523515079170465
0.15354379080235958
0.6463302888441831
0.5855850854422897
0.22193669341504574
0.89150350401178
0.5645869125146419
0.6266489778645337
0.7302936881314963
0.5631821157876402
0.30601832387037575
0.0024858121760189533
0.8249248182401061
0.013860028935596347
0.8946895841509104
0.0065787131898105145
0.6147883106023073
0.7554486927110702
0.24798061116598547
0.4580225651152432
0.030419492395594716
0.46652039256878197
0.24454833613708615
0.5806093420833349
0.5267631153110415
0.5411931814160198
0.7173046839889139
0.3815951163414866
0.9098818085622042
0.9169142253231257
0.7187675994355232
0.758536834968254
0.918790855910629
0.5507832292933017
0.6323739676736295
0.9637624302413315
0.5109972071368247
0.27986344415694475
0.439361885888502
0.5723643219098449
0.8457903224043548
0.21977939223870635
0.9997913411352783
0.11823012912645936
0.8266211729496717
0.6179651934653521
0.033229246037080884
0.1318608110304922
0.7081585077103227
0.4745169812813401
0.4198237208183855
0.18053085799328983
0.22811348433606327
0.27081220131367445
0.2521575610153377
0.9002457791939378
0.17996048647910357
0.940267744474113
0.9142790986225009
0.20084407599642873
0.5997191742062569
0.06309823784977198
0.7913466417230666
0.4784608008340001
0.5257981037721038
0.14639476430602372
0.7540725832805037
0.42745982273481786
0.8498136531561613
0.776139672845602
0.30111174657940865
0.5425109991338104
0.4871445728931576
0.10149336908943951
0.055316471960395575
0.35769121116027236
0.8055429696105421
0.4517463359516114
0.8704254908952862
0.39571307017467916
0.4686661248560995
0.9300607012119144
0.7473452931735665
0.019969348795711994
0.05729106557555497
0.9627804229967296
0.8141398162115365
0.5647271261550486
0.15018783509731293
0.1310998594854027
0.9845375621225685
0.08103504194878042
0.19286643830128014
0.7599460403434932
0.3255025651305914
0.43592939036898315
0.5588268018327653
0.6575931611005217
0.6638891906477511
0.17639735620468855
0.7044431646354496
0.4960322438273579
0.33231494296342134
0.27138068503700197
0.49450528691522777
0.8047438631765544
0.04579749237746
0.7412453065626323
0.039813301526010036
0.8439275629352778
0.6466763156931847
0.828072102740407
0.7618078743107617
0.8924580309540033
0.7703042167704552
0.08098610443994403
0.3085796367377043
0.19247646536678076
0.7383108895737678
0.12034353567287326
0.9270242252387106
0.006607135059311986
0.1395265692844987
0.9122182989958674
0.04622875200584531
0.5084498131182045
0.35818530479446054
0.6995291032362729
0.8899241222534329
0.08391962992027402
0.19814431481063366
0.9164744061417878
0.7853205911815166
0.8360943857114762
0.4077809611335397
0.04156147385947406
0.3561325373593718
0.7055411003530025
0.28505060472525656
0.9635334115009755
0.39187190285883844
0.19944772240705788
0.42044386942870915
0.35022008628584445
0.09917195583693683
0.200019036186859
0.7255451183300465
0.9535231087356806
0.899426941992715
0.413486750330776
0.917966983281076
0.7027607343625277
0.16217713663354516
0.3070564747322351
0.7376062553375959
0.4277529164683074
0.14126625075004995
0.2881337250582874
0.5536651944275945
0.5933461412787437
0.16169082815758884
0.5420227628201246
0.6794664082117379
0.03800394991412759
0.2256892309524119
0.5569413166958839
0.6573205273598433
0.7456726906821132
0.8541250473354012
0.5151663096621633
0.4595279963687062
0.16846015490591526
0.5879176396410912
0.2863781296182424
0.900652460521087
0.5143377897329628
0.5128976316191256
0.5457154004834592
0.25098424148745835
0.7575572009664029
0.2514534341171384
0.20687533868476748
0.3288986296392977
0.669021048815921
0.6968805948272347
0.1396518051624298
0.16549305920489132
0.09302730276249349
0.4150210749357939
0.5859947816934437
0.6208201323170215
0.5168829148169607
0.4146673434879631
0.20299007976427674
0.28800915624015033
0.3009400099981576
0.45072214398533106
0.40199995157308877
0.804146014386788
0.256435603601858
0.045055566588416696
0.3504412167239934
0.08824635646305978
0.21704778354614973
0.7519583248067647
0.30894681601785123
0.8079075217247009
0.08131030900403857
0.16513963975012302
0.7149202188011259
0.39443522854708135
0.4193115867674351
0.9421140160411596
0.20038164220750332
0.2507297545671463
0.1575263540726155
0.4442734126932919
0.12604837818071246
0.8988916634116322
0.7631134144030511
0.4343566899187863
0.20471781608648598
0.4503089194186032
0.9473963216878474
0.43342319154180586
0.3701744698919356
0.885648283874616
0.9952280286233872
0.8354101520963013
0.08531109755858779
0.2874784755986184
0.7426740333903581
0.7952566682361066
0.9919416508637369
0.5918303614016622
0.8394499227870256
0.9144510913174599
0.302551391068846
0.5102425864897668
0.6860504942014813
0.7418007347732782
0.051352838054299355
0.9005298726260662
0.31752978544682264
0.6921243979595602
0.3787165835965425
0.009205306647345424
0.9647293486632407
0.9469750302378088
0.8373122427146882
0.3583635564427823
0.9194479072466493
0.40823402255773544
0.21480422862805426
0.29477632883936167
0.3181214132346213
0.3581629367545247
0.3032715772278607
0.49398660962469876
0.4595749299041927
0.02237081015482545
0.34327531210146844
0.880669895093888
0.23124323459342122
0.6902573499828577
0.7220508684404194
0.9492807935457677
0.41622648551128805
0.31499888957478106
0.061581908725202084
0.3171445759944618
0.7553648429457098
0.7217352164443582
0.25853655906394124
0.9196074991486967
0.26948760682716966
0.369751064106822
0.2404682468622923
0.029244631994515657
0.29151733592152596
0.5642018020153046
0.686852777376771
0.20023360685445368
0.6012911291327327
0.39987515937536955
0.5012818011455238
0.1165848218370229
0.14889661013148725
0.8636782139074057
0.7455267501063645
0.2285167002119124
0.5448775296099484
0.1445373180322349
0.2639526810962707
0.5645374255254865
0.7318201300222427
0.09208023198880255
0.34168950631283224
0.28778749238699675
0.315527088008821
0.586526344763115
0.18811730784364045
0.13161225127987564
0.21135738817974925
0.14563288120552897
0.014934606617316604
0.27542924764566123
0.4848675075918436
0.03573559504002333
0.317430509487167
0.906678695930168
0.1592979517299682
0.4006293232087046
0.10109178256243467
0.8097201318014413
0.7629265165887773
0.07404337055049837
0.128785599488765
0.2491302639245987
0.1944306413643062
0.9711885598953813
0.4063773467205465
0.7336696900893003
0.4407685180194676
0.9391036399174482
0.9052707741502672
0.7789347907528281
0.6969795571640134
0.9237547016236931
0.04970573144964874
0.20367446774616838
0.6365999954286963
0.14416907913982868
0.617624340346083
0.8960928439628333
0.31140518956817687
0.1412316132336855
0.6715032900683582
0.45476354635320604
0.2721210119780153
0.8369274756405503
0.4323590425774455
0.18483371916227043
0.8142644898034632
0.8267450679559261
0.8384353357832879
0.6150886989198625
0.17711939592845738
0.7246360832359642
0.5778230680152774
0.278231710428372
0.02033818932250142
0.7029611116740853
0.7668488824274391
0.7838651719503105
0.5901338001713157
0.2443324902560562
0.6942153328564018
0.08385589485988021
0.04383804998360574
0.3968527405522764
0.012514322530478239
0.6354942836333066
0.21444907248951495
0.8920739600434899
0.844986475771293
0.7265905218664557
0.8044596316758543
0.9168339855968952
0.2797951102256775
0.20982414134778082
0.5028564762324095
0.5044121439568698
0.5436901585198939
0.7270053422544152
0.2872572357300669
0.7580853709951043
0.7873232525307685
0.9358788011595607
0.6541959140449762
0.4167618218343705
0.9660436029080302
0.6502948151901364
0.06415211409330368
0.7882625500205904
0.870935550192371
0.6015104516409338
0.3672401555813849
0.9720678760204464
0.2730875874403864
0.2771630429197103
0.7471620803698897
0.7109023337252438
0.9583335474599153
0.6257069748826325
0.7470399218145758
0.502696052659303
0.6259330818429589
0.8172057450283319
0.8391432862263173
0.3709672426339239
0.16574044479057193
0.5585215291939676
0.14971966808661819
0.7039662478491664
0.8913183263503015
0.2238620442803949
0.6058378296438605
0.39093324774876237
0.28457675967365503
0.4171640279237181
0.2237073469441384
0.8273996959906071
0.6435081674717367
0.7025723888073117
0.7508879757951945
0.012457336066290736
0.5980416375678033
0.8172925016842782
0.4133866438642144
0.10711719887331128
0.4496470089070499
0.021779285511001945
0.6798005164600909
0.05059636547230184
0.26523216208443046
0.6484340040478855
0.5135368187911808
0.06869913614355028
0.7695860436651856
0.1302437917329371
0.5421124035492539
0.28712119068950415
0.29995372937992215
0.6711083934642375
0.34541560779325664
0.4722151004243642
0.9150746434461325
0.5500529308337718
0.46017477475106716
0.8360969342757016
0.4558860172983259
0.5040372996591032
0.7904265657998621
0.886474838713184
0.898329074960202
0.6210806721355766
0.21100358641706407
0.7806788960006088
0.14431214332580566
0.20208558556623757
0.981788020581007
0.5109114854130894
0.7372956464532763
0.8095696542877704
0.04923835280351341
0.7812235013116151
0.9695934711489826
0.6462472351267934
0.09061828092671931
0.975793229881674
0.42844888917170465
0.6901819626800716
0.36633599642664194
0.6614526133053005
0.24966080393642187
0.7636978931259364
0.9852658456657082
0.2199129811488092
0.4110387824475765
0.7812465545721352
0.3786359168589115
0.5549758565612137
0.209438671823591
0.5631059077568352
0.9247010766994208
0.1044541874434799
0.44502358650788665
0.660909014986828
0.43591358861885965
0.27281766664236784
0.418297330616042
0.6478333296254277
0.6885665012523532
0.2300103115849197
0.45618171198293567
0.8396121596451849
0.8346286059822887
0.97719492809847
0.7030803321395069
0.9215178068261594
0.7125055682845414
0.8590881144627929
0.987509906757623
0.6882033632136881
0.6862883956637233
0.020668411860242486
0.6614384348504245
0.9826146659906954
0.4247695943340659
0.354721479350701
0.25957233435474336
0.5953010495286435
0.39879365894012153
0.0007900632917881012
0.24379769037477672
0.04057647078298032
0.6004278890322894
0.8462878037244081
0.20315864821895957
0.3298618011176586
0.034693893510848284
0.5325109674595296
0.17850126419216394
0.6343021851498634
0.7322905084583908
0.5710900125559419
0.8854174995794892
0.8205949531402439
0.951886642491445
0.3849993704352528
0.2908897518645972
0.24476251541636884
0.4526932656299323
0.9452831891831011
0.33051785128191113
0.8625136138871312
0.7491221521049738
0.052396069280803204
0.7135986157227308
0.5658865042496473
0.06573010701686144
0.23954344727098942
0.33547724201343954
0.28737929509952664
0.9544663755223155
0.9048492908477783
0.1830826688092202
0.23713900451548398
0.0026087837759405375
0.04129228135570884
0.49891310976818204
0.2843466515187174
0.2857419173233211
0.4342119749635458
0.5973416215274483
0.2092105313204229
0.44802215322852135
0.7156271862331778
0.12759542977437377
0.7946474691852927
0.9900325303897262
0.16777738835662603
0.2848702450282872
0.7205319351051003
0.5668822866864502
0.018954732222482562
0.7468208279460669
0.5529245550278574
0.23885559267364442
0.951735605020076
0.6801310719456524
0.015098588773980737
0.24241672130301595
0.1465179061051458
0.9802056821063161
0.9867318046744913
0.6562205941881984
0.9180071861483157
0.42294127587229013
0.3918097075074911
0.08781653246842325
0.45640283985994756
0.8240635755937546
0.49151951214298606
0.9652872530277818
0.01823140447959304
0.7196412393823266
0.5024100530426949
0.4599706332664937
0.1433135117404163
0.19692653510719538
0.9579271429684013
0.2968992330133915
0.5917382759507746
0.1694843042641878
0.05706046661362052
0.8083955424372107
0.8845025198534131
0.34453393681906164
0.5741968764923513
0.9023962097708136
0.9567416843492538
0.9287714557722211
0.49676533741876483
0.565207639709115
0.8321945064235479
0.08948449254967272
0.5308107254095376
0.5181446720380336
0.1557505363598466
0.4324440483469516
0.7169056062120944
0.1986612994223833
0.23822513036429882
0.5745173338800669
0.684974211268127
0.32941853418014944
0.05132815474644303
0.4431820681784302
0.46042922232300043
0.4148878843989223
0.17663960391655564
0.07218363066203892
0.6096777683123946
0.6096488705370575
0.10412132181227207
0.44335483526811004
0.5700087223667651
0.37586160260252655
0.5289230535272509
0.4825520538724959
0.2878485810942948
0.4203553313855082
0.7582344864495099
0.4719317900016904
0.8014445679727942
0.5457593477331102
0.052547727478668094
0.44319919194094837
0.7702704865951091
0.475935053313151
0.9883074758108705
0.060769412433728576
0.6805096897296607
0.8542157227639109
0.1479350628796965
0.5279694546479732
0.2938770744949579
0.10365710081532598
0.06861260649748147
0.21246269601397216
0.07420853921212256
0.10678790975362062
0.5101195347961038
0.465654871892184
0.6261323564685881
0.41791174677200615
0.695188808022067
0.6358635709621012
0.8674893188290298
0.45215334463864565
0.21243051695637405
0.49193702451884747
0.5002645193599164
0.7779219839721918
0.427902425872162
0.8347379872575402
0.9616866027936339
0.0821201994549483
0.7542029898613691
0.7826523187104613
0.7149354577995837
0.6674910113215446
0.11954136472195387
0.46395225427113473
0.9464160208590329
0.7609759140759706
0.8968070168048143
0.17812573397532105
0.8566266293637455
0.6156018457841128
0.4328987046610564
0.9249499381985515
0.6080456324853003
0.20051329769194126
0.6348659188952297
0.883247603662312
0.7028943216428161
0.5598901398479939
0.8172095869667828
0.9241422910708934
0.02946107625029981
0.19367228145711124
0.2925140920560807
0.5263656482566148
0.37769705057144165
0.6340010946150869
0.28477318794466555
0.9573749639093876
0.3481132553424686
0.1089394276496023
0.3080477290786803
0.6054976871237159
0.25837456132285297
0.9989110932219774
0.2409014324657619
0.8368049268610775
0.22284272639080882
0.22685003885999322
0.4822169584222138
0.25536089995875955
0.6639805873855948
0.8196011271793395
0.04281737911514938
0.9945511780679226
0.635989491129294
0.150776251219213
0.7426705241668969
0.723258392419666
0.7322511991951615
0.8733836356550455
0.7422137332614511
0.4966331103350967
0.17539702681824565
0.6727223407942802
0.43905083322897553
0.971789529081434
0.23758831736631691
0.09478898136876523
0.17636020039208233
0.03203254332765937
0.5513233768288046
0.36136655998416245
0.07300311117433012
0.3792029423639178
0.7801442192867398
0.492748387157917
0.13442899798974395
0.019672395661473274
0.69585463963449
0.6314041193109006
0.4650307686533779
0.3797449413686991
0.5514451903291047
0.5547869647853076
0.8180313792545348
0.7446109992451966
0.7090009928215295
0.6713038862217218
0.862510699313134
0.705319895176217
0.2976240045391023
0.6590292190667242
0.5560974960681051
0.43882404221221805
0.8817435193341225
0.5844269602093846
0.3434996451251209
0.9213137468323112
0.037071324652060866
0.40698262420482934
0.6532654350157827
0.6267379596829414
0.33660713280551136
0.6493163669947535
0.42111973534338176
0.544698738725856
0.9305234125349671
0.09052123175933957
0.23135864548385143
0.77697105682455
0.2967322445474565
0.5844574575312436
0.9047327451407909
0.08669704385101795
0.2733242732938379
0.5386069561354816
0.08420229656621814
0.29430499766021967
0.8223744060378522
0.04660895257256925
0.361631634645164
0.8518461782950908
0.4172316016629338
0.4458470926620066
0.5000529584940523
0.9480080241337419
0.4517472288571298
0.8752299249172211
0.147854259936139
0.055002500768750906
0.6961784386076033
0.4873383801896125
0.582719269907102
0.559561854461208
0.9035439684521407
0.6551918929908425
0.35918250144459307
0.6912166620604694
0.020776077872142196
0.5886063550133258
0.6947455974295735
0.6356825667899102
0.6003647809848189
0.7032100101932883
0.25949961435981095
0.28120623202994466
0.6491550968494266
0.517160571878776
0.40893950569443405
0.9314101685304195
0.07867654482834041
0.6728338566608727
0.441421513678506
0.71796367270872
0.2529118759557605
0.5039465662557632
0.15266831824555993
0.8551125326193869
0.3033381914719939
0.696779381018132
0.31957187433727086
0.5016090914141387
0.009485410992056131
0.019405663246288896
0.8813403060194105
0.3160233236849308
0.5191433194559067
0.15114449709653854
0.3820859920233488
0.764170145848766
0.48151444597169757
0.5759043842554092
0.684291179291904
0.018360255984589458
0.049598759738728404
0.2695009629242122
0.6118507697246969
0.7991802841424942
0.7295325701124966
0.8548499774187803
0.5787344546988606
0.7178454529494047
0.12415028177201748
0.5628273864276707
0.9147601008880883
0.8663255223073065
0.4825109769590199
0.5553259511943907
0.5312941579613835
0.24367949599400163
0.9168195859529078
0.022346735931932926
0.9188389990013093
0.4143201143015176
0.9515172448009253
0.739222964271903
0.5610094608273357
0.013838308164849877
0.5125775020569563
0.7681428706273437
0.11634462978690863
0.8204585588537157
0.5049851452931762
0.8791375146247447
0.5921881704125553
0.27364093461073935
0.24877406121231616
0.7690574454609305
0.6195051157847047
0.8041049246676266
0.5253166719339788
0.46666343067772686
0.8223565081134439
0.7157434558030218
0.22517121164128184
0.21750762104056776
0.04310750914737582
0.2280564601533115
0.23570965300314128
0.22285962849855423
0.5429319355171174
0.06569481384940445
0.6142168662045151
0.4548637561965734
0.07900350145064294
0.5598901133053005
0.8175147953443229
0.4264612663537264
0.8471722286194563
0.14641337469220161
0.08321390580385923
0.4758157907053828
0.8390860345680267
0.34852939820848405
0.6076958365738392
0.8862104478757828
0.13669636519625783
0.8794729574583471
0.6465857841540128
0.18715480575338006
0.6564392275176942
0.859159741550684
0.27888619783334434
0.8245568673592061
0.3839506006333977
0.37602640804834664
0.50401142379269
0.3213921682909131
0.32493309094570577
0.17037498578429222
0.11233172658830881
0.4724512114189565
0.184025940252468
0.24414866440929472
0.3842654759064317
0.06256151478737593
0.10301342187449336
0.4501033427659422
0.23973984108306468
0.8801741681527346
0.2958794245496392
0.20635644462890923
0.9871778590604663
0.6968013811856508
0.7140440593939275
0.5839779085945338
0.2502205427736044
0.9778958621900529
0.3351928973570466
0.16014055791310966
0.581119742942974
0.7199259893968701
0.643746406538412
0.006080798339098692
0.6388707347214222
0.08208678476512432
0.14954879065044224
0.6153950279112905
0.6962521011009812
0.8107540619093925
0.39382412075065076
0.40664866170845926
0.63008350180462
0.6567136549856514
0.7955459884833544
0.19549604901112616
0.17329738312400877
0.795818415703252
0.11775592342019081
0.2762999937403947
0.19476511026732624
0.9968253024853766
0.635682363063097
0.6146929357200861
0.03710294817574322
0.9760270684491843
0.6436339139472693
0.9787790277041495
0.26259543281048536
0.10239268257282674
0.2597709116525948
0.17116770334541798
0.40043462603352964
0.5966285371687263
0.33824636973440647
0.2159988039638847
0.8377351996023208
0.9980651640798897
0.9937987613957375
0.07421627477742732
0.2529672801028937
0.4960844067391008
0.2741807014681399
0.9889509552158415
0.663302744505927
0.6068153469823301
0.016083954367786646
0.0016158816870301962
0.13232825440354645
0.12488762103021145
0.8480350482277572
0.7106662127189338
0.6873980506788939
0.041534557240083814
0.8828282495960593
0.14591831364668906
0.15175468660891056
0.38721303828060627
0.20330282533541322
0.9203330855816603
0.3566898633725941
0.7483113941270858
0.43525825813412666
0.4668772970326245
0.6835930251982063
0.43619922106154263
0.43748293444514275
0.5823308024555445
0.5647787407506257
0.08370900130830705
0.3946256972849369
0.8565522988792509
0.26519492105580866
0.9760383942630142
0.8439438357017934
0.9386361921206117
0.48759579425677657
0.22322572488337755
0.14623390906490386
0.8508913852274418
0.19761393428780138
0.36086404020898044
0.00003376835957169533
0.6151219347957522
0.7718099057674408
0.24116759561002254
0.623244815506041
0.23423328273929656
0.6109438489656895
0.4544669361785054
0.9250879290048033
0.09002340980805457
0.254204920027405
0.8192158818710595
0.08657173137180507
0.014480055309832096
0.0744800812099129
0.004407315980643034
0.4602265318389982
0.752055277582258
0.06093441345728934
0.6417885355185717
0.7131063633132726
0.6836009467951953
0.5727199399843812
0.27504069032147527
0.48530804994516075
0.9796019834466279
0.10968894301913679
0.8249044513795525
0.665068743750453
0.44074640632607043
0.5419454658403993
0.2774910300504416
0.6673432716634125
0.45437061856500804
0.18674042052589357
0.17542670341208577
0.20647626649588346
0.15496761025860906
0.31578485015779734
0.22695647249929607
0.39920909120701253
0.49953091866336763
0.421843605581671
0.6058887531980872
0.30513888341374695
0.1606770425569266
0.2706895060837269
0.0326770362444222
0.16653447388671339
0.8746512003708631
0.5931487085763365
0.6047125984914601
0.09955893084406853
0.18232282483950257
0.5349083982873708
0.4123232464771718
0.9432584755122662
0.8321562751661986
0.40253404970280826
0.4349747789092362
0.35088204545900226
0.03632496390491724
0.9413131254259497
0.7545960091520101
0.8625393086113036
0.20968723692931235
0.04957686550915241
0.8750745102297515
0.35483029996976256
0.20610184664838016
0.3952041163574904
0.2758524732198566
0.12078509060665965
0.8813258516602218
0.0687983175739646
0.5558558730408549
0.08092319197021425
0.18350719707086682
0.8856587624177337
0.18459941283799708
0.5715088553261012
0.4379854230210185
0.7546056560240686
0.033571732230484486
0.2907829964533448
0.32543589849956334
0.240781165426597
0.6569301078561693
0.7120133887510747
0.9825851377099752
0.8884520803112537
0.5443232241086662
0.14680532179772854
0.1529105433728546
0.22749150800518692
0.05223777936771512
0.8533193443436176
0.9839717426802963
0.8941016523167491
0.40639157220721245
0.9875776318367571
0.9048492889851332
0.19219240150414407
0.6063718944787979
0.011279205558821559
0.37435341463424265
0.22006337577477098
0.13168466091156006
0.5269474508240819
0.8566360587719828
0.7803472364321351
0.1662163210567087
0.13096462655812502
0.5472930779214948
0.689190276665613
0.48210438946262
0.2160199172794819
0.22120803338475525
0.7562113904859871
0.9986672289669514
0.8384505368303508
0.9031137768179178
0.8911134677473456
0.5301957393530756
0.42454167595133185
0.2410719245672226
0.9113991754129529
0.2866823992226273
0.38879794301465154
0.783705071080476
0.7005768083035946
0.7836561307776719
0.8234466607682407
0.3705759283620864
0.11157537181861699
0.8405108856968582
0.040442633209750056
0.18538122321479023
0.6793960104696453
0.770643484313041
0.21247904072515666
0.37051708716899157
0.049361337907612324
0.9989190364722162
0.38973529799841344
0.6929475730285048
0.22045472310855985
0.16601293813437223
0.46920049865730107
0.5647039751056582
0.7457839965354651
0.8576255044899881
0.6199219585396349
0.32538144174031913
0.2652579857967794
0.10231603193096817
0.8849232420325279
0.9223064305260777
0.9310057533439249
0.7917806732002646
0.31731444993056357
0.8105824184603989
0.2976858834736049
0.7884525628760457
0.30535537376999855
0.06252714968286455
0.4966824499424547
0.05447901412844658
0.26625679968856275
0.11666119890287519
0.5285964605864137
0.5994172319769859
0.6165591801982373
0.6944421420339495
0.1754428136628121
0.48371129715815187
0.20258285198360682
0.9476521983742714
0.04224139335565269
0.609762497479096
0.14893871103413403
0.6183701872359961
0.34369777562096715
0.5071594254113734
0.0895561259239912
0.8169684903696179
0.5648375493474305
0.1455566338263452
0.6334346472285688
0.07600644417107105
0.5143406135030091
0.561140576377511
0.3592340871691704
0.6282477667555213
0.5609743073582649
0.3642961708828807
0.8979235000442713
0.32440618867985904
0.6655399110168219
0.9348147273994982
0.46574264112859964
0.2217210573144257
0.006909439340233803
0.5853637419641018
0.22878789342939854
0.41851157834753394
0.5217328669968992
0.8458866949658841
0.9597139921970665
0.5264486896339804
0.8680555711034685
0.6701213524211198
0.5503922887146473
0.5828938994091004
0.7063536518253386
0.9285822564270347
0.09209841350093484
0.67093765293248
0.26195526169613004
0.5659986110404134
0.07362474920228124
0.5776972081512213
0.0013689349871128798
0.6786443444434553
0.20494676008820534
0.5754768569022417
0.9737349867355078
0.31801735586486757
0.4815857745707035
0.8631297233514488
0.864100786158815
0.3701546259690076
0.5226815678179264
0.9585517297964543
0.5631058309227228
0.9244567996356636
0.7025986234657466
0.240855454467237
0.9987156304996461
0.7283530610147864
0.5882582648191601
0.4241859754547477
0.82621014630422
0.20522826397791505
0.6369413328357041
0.3003163554240018
0.198185428744182
0.6637985601555556
0.5368691519834101
0.7596284770406783
0.608318685553968
0.1071180768776685
0.4688868278171867
0.9086241435725242
0.24386247852817178
0.2188522876240313
0.2928443276323378
0.48267607716843486
0.5269959876313806
0.7441582856699824
0.5474005092401057
0.6461434031371027
0.2206022369209677
0.8355170779395849
0.004347841953858733
0.3971884900238365
0.054201472317799926
0.2524074292741716
0.41445580683648586
0.3817732543684542
0.1279546704608947
0.27119295415468514
0.10250136954709888
0.22233723336830735
0.11795181664638221
0.7982018808834255
0.08939962345175445
0.008321050554513931
0.03157662879675627
0.3203929814044386
0.31242088112048805
0.4500066943001002
0.5090973486658186
0.024141506059095263
0.2703518627677113
0.9425621046684682
0.275321455206722
0.5391447534784675
0.7825890814419836
0.5896952317561954
0.3343975027091801
0.8160890776198357
0.7098610347602516
0.1662419349886477
0.5930253865662962
0.38083769544027746
0.25745019828900695
0.32697716588154435
0.01832297397777438
0.3666745179798454
0.7698909235186875
0.6457618847489357
0.3351346568670124
0.1058589112944901
0.7654413264244795
0.4120922186411917
0.776773504447192
0.7355580569710582
0.48510312498547137
0.2890637239906937
0.32716582133434713
0.43158069043420255
0.15123392990790308
0.008691988186910748
0.7201501061208546
0.6817811459768564
0.7670785095542669
0.939167192671448
0.061118155950680375
0.9602684192359447
0.5242264021653682
0.8044454997871071
0.6548233625944704
0.7291357258800417
0.6965094443876296
0.4502385111991316
0.672727084485814
0.5146637617144734
0.39957445114851
0.07829901506192982
0.8549549151211977
0.4629393711220473
0.6815808855462819
0.15419799368828535
0.4499684541951865
0.812167237745598
0.8774628646206111
0.4139426953624934
0.13101404765620828
0.44079406443051994
0.39231397258117795
0.17155471676960588
0.38357782061211765
0.6623711274005473
0.7957517998293042
0.9111175646539778
0.21208035084418952
0.1873695368412882
0.5260814703069627
0.25912519823759794
0.5265238236170262
0.2228394472040236
0.17587582068517804
0.29793952754698694
0.3595848358236253
0.9522831018548459
0.5487415993120521
0.8104385084006935
0.7133641154505312
0.3381913157645613
0.2164301050361246
0.6097461564932019
0.8529653660953045
0.6033470898400992
0.47938113124109805
0.11859235703013837
0.3550102978479117
0.47132043330930173
0.7890405836515129
0.9106998783536255
0.6789343825075775
0.44159557204693556
0.849086093949154
0.643241269281134
0.8940089270472527
0.730734221637249
0.511931877816096
0.13538600248284638
0.25408787350170314
0.6995472721755505
0.20518050668761134
0.7767459631431848
0.2315696699079126
0.5766593008302152
0.3025469472631812
0.4173108551185578
0.8766422406770289
0.6209970093332231
0.6918993762228638
0.3354656200390309
0.06793520762585104
0.9991866580676287
0.20937457447871566
0.41290424834005535
0.4112743167206645
0.029860042734071612
0.37753717112354934
0.7462447574362159
0.16277991351671517
0.18610033951699734
0.6435033364687115
0.6293088435195386
0.6909619723446667
0.41812048899009824
0.4614794396329671
0.35660506994463503
0.2121042492799461
0.619435454485938
0.5504143517464399
0.9816230600699782
0.5460769983474165
0.7763848567847162
0.7225724949967116
0.3613083220552653
0.019652883522212505
0.34559869254007936
0.7663280407432467
0.40038517815992236
0.6942921644076705
0.4679787405766547
0.5288176655303687
0.5820830222219229
0.08488213387317955
0.5489268023520708
0.1483100736513734
0.2874894018750638
0.9319535281974822
0.8806591697502881
0.04930325993336737
0.9356346589047462
0.2556364538613707
0.6376420920714736
0.9351295300293714
0.1323338644579053
0.24415402743034065
0.47321268846280873
0.9073117740917951
0.5850797120947391
0.11174115864560008
0.8226310207974166
0.6733543768059462
0.8280909194145352
0.11304241372272372
0.27434468269348145
0.9442350200843066
0.4360078505706042
0.9670716901309788
0.1915277810767293
0.6215564978774637
0.7858729360159487
0.796690427698195
0.83033796120435
0.6234105862677097
0.21626207325607538
0.593159998068586
0.8018640147056431
0.1104107943829149
0.8440145801287144
0.21362595609389246
0.058789774077013135
0.9774231831543148
0.8227114106994122
0.11514999996870756
0.2732574932742864
0.34280207636766136
0.35231880052015185
0.9406461867038161
0.7364286810625345
0.1774077727459371
0.9164433158002794
0.2293835231103003
0.17034093919210136
0.5014231507666409
0.6670384728349745
0.9448798496741802
0.06452516396529973
0.5064802863635123
0.8388696308247745
0.4365629635285586
0.9798164661042392
0.9822915296535939
0.5973676952999085
0.6695014266297221
0.3681149056646973
0.7411623164080083
0.5465709534473717
0.685888584703207
0.8286879109218717
0.8804030558094382
0.41270065354183316
0.7442612163722515
0.40737828239798546
0.7945024012587965
0.3846244844608009
0.5416398637462407
0.7597313360311091
0.4666636064648628
0.8180686326231807
0.4081564750522375
0.8113329659681767
0.8377497955225408
0.26501992973499
0.8070317127276212
0.2844469484407455
0.08998537505976856
0.5621120971627533
0.8842983967624605
0.6658805590122938
0.07262281351722777
0.5163016046863049
0.912611230975017
0.1309528483543545
0.3399640661664307
0.17598829744383693
0.32475305697880685
0.9321491902228445
0.3986401439178735
0.2391342711634934
0.9645454182755202
0.6400618271436542
0.5640946268104017
0.7537622891832143
0.833719396032393
0.5841761259362102
0.8252633917145431
0.1232750634662807
0.7732115560211241
0.5196899943985045
0.00915157375857234
0.006217977963387966
0.11227467563003302
0.4299939596094191
0.5488319958094507
0.4550021952018142
0.5714487344957888
0.3431350472383201
0.34934944100677967
0.39629319752566516
0.9172746983822435
0.21464355406351388
0.40854597673751414
0.8327256517950445
0.675442743813619
0.48736609634943306
0.09285654895938933
0.33974031009711325
0.14193671382963657
0.36902261921204627
0.10297882184386253
0.8466254936065525
0.2908012883272022
0.6522885379381478
0.02174235857091844
0.013370944419875741
0.07634752057492733
0.671418497338891
0.9237748621962965
0.4209576246794313
0.628320966148749
0.8847561974544078
0.9031854276545346
0.1762641742825508
0.29423336731269956
0.540901402477175
0.46051830309443176
0.023688690969720483
0.10667637013830245
0.5016300750430673
0.3979780706577003
0.2907050389330834
0.9125521737150848
0.07159270602278411
0.945058231940493
0.27087896643206477
0.4466954590752721
0.7975035114213824
0.4901182376779616
0.7160904263146222
0.495824207784608
0.5870638515334576
0.9011681191623211
0.8134460458531976
0.0643896593246609
0.06305631273426116
0.025058082304894924
0.792154595721513
0.04914123797789216
0.022567763226106763
0.9100342702586204
0.6724686599336565
0.86102141183801
0.8474436595570296
0.04610762279480696
0.32409124192781746
0.997651320649311
0.5275241627823561
0.2741682173218578
0.7568743396550417
0.9463921256829053
0.32572102593258023
0.3732371013611555
0.08554776362143457
0.5621825866401196
0.15548919746652246
0.7331984571646899
0.9463189276866615
0.012406685156747699
0.6889022141695023
0.2796929001342505
0.3588623416144401
0.9136440088041127
0.7611351674422622
0.7765084127895534
0.9482765411958098
0.3079445087350905
0.7386536586564034
0.30782999121584
0.6863920537289232
0.9106126176193357
0.10316681722179055
0.22823813976719975
0.5192349140997976
0.8120788196101785
0.2802126626484096
0.7466927480418235
0.251925888704136
0.732481015380472
0.008010009303689003
0.43106279941275716
0.8126548242289573
0.8009730835910887
0.04212426603771746
0.5060390389990062
0.8887329320423305
0.6060315449722111
0.8752416749484837
0.3622476940508932
0.9468967563007027
0.4335377854295075
0.4334068400785327
0.09124604216776788
0.3001606105826795
0.40006462833844125
0.926165082026273
0.505121364723891
0.3498726768884808
0.8291902998462319
0.9355650981888175
0.9914479544386268
0.6891623409464955
0.9852878528181463
0.6120809491258115
0.9508964966516942
0.5482646953314543
0.21268309908919036
0.05779176694341004
0.9914574576541781
0.8603471866808832
0.6925425806548446
0.9217963293194771
0.7304727402515709
0.8082152996212244
0.6308196776080877
0.9383680755272508
0.6488221089821309
0.5078472318127751
0.4849396252539009
0.3376992845442146
0.34987580054439604
0.8862983530852944
0.7164612230844796
0.1732130879536271
0.28844864456914365
0.23672118806280196
0.46590730967000127
0.1934980123769492
0.145585295278579
0.15028429706580937
0.8728203517384827
0.5747618449386209
0.08946937811560929
0.2536501914728433
0.8117199959233403
0.8106999930460006
0.428295289631933
0.9279920104891062
0.4580250617582351
0.07994417706504464
0.5147813628427684
0.5061974665150046
0.7355384964030236
0.13554686424322426
0.16993363946676254
0.15064456104300916
0.37913345359265804
0.5290929700713605
0.544117167359218
0.4370424991939217
0.6336575716268271
0.11099101440049708
0.2865344036836177
0.72693838365376
0.08165668486617506
0.4017515752930194
0.33514455682598054
0.2794547053053975
0.06601958419196308
0.4567232739645988
0.5955023050773889
0.029540347866714
0.616396323312074
0.7521106880158186
0.06680493918247521
0.6176730354782194
0.7689352445304394
0.4168988603632897
0.43926439993083477
0.8218109325971454
0.8728097658604383
0.38122479687444866
0.246712010120973
0.5892211000900716
0.7959321364760399
0.15799554763361812
0.9165251422673464
0.7027913348283619
0.7120123903732747
0.9608129651751369
0.3323565402533859
0.01826025126501918
0.23330124677158892
0.7999872535001487
0.2753124604932964
0.39675174676813185
0.18477453477680683
0.7383941528387368
0.6313619872089475
0.7201652948278934
0.9562563537620008
0.17809429508633912
0.2883607104886323
0.6561474103946239
0.5910209831781685
0.2347005878109485
0.027505329344421625
0.9267102940939367
0.34118850505910814
0.2666332076769322
0.9014913681894541
0.640283718938008
0.5703183605801314
0.9667482820805162
0.3478751736693084
0.8128312949556857
0.9763102463912219
0.7403578439261764
0.029580645728856325
0.3440382608678192
0.6384519650600851
0.5405963330995291
0.9497301578521729
0.516616292996332
0.587457946036011
0.9911241647787392
0.8503471005242318
0.38832384580746293
0.2382358566392213
0.764255091547966
0.02385539817623794
0.11334612709470093
0.7617427804507315
0.7329198138322681
0.9202951269689947
0.6770480365958065
0.4330236646346748
0.17717205430381
0.6718426304869354
0.5859816460870206
0.3819709261879325
0.6828731771092862
0.44800011347979307
0.3300962483044714
0.2631830193568021
0.6878416144754738
0.15934687200933695
0.26894021476618946
0.49714300502091646
0.3647456024773419
0.9962835707701743
0.8814402432180941
0.13230542745441198
0.7135413035284728
0.5217962407041341
0.9931282382458448
0.9756425740197301
0.719247268512845
0.40645733871497214
0.17749448772519827
0.47635856783017516
0.6316408845596015
0.7377207993995398
0.4772525008302182
0.7424938052427024
0.546075334539637
0.7449858470354229
0.47769121546298265
0.6540770856663585
0.26172687974758446
0.43461994361132383
0.9500869160983711
0.9526858669705689
0.7954340979922563
0.17916340264491737
0.5710127493366599
0.49522114964202046
0.7144595198333263
0.09420894202776253
0.7155909002758563
0.48002376197837293
0.7043430297635496
0.68814208637923
0.576699604280293
0.012778670061379671
0.3963341563940048
0.6500266939401627
0.2304439984727651
0.28638409986160696
0.008642568020150065
0.8288155233021826
0.17012518784031272
0.608375690644607
0.14856863766908646
0.946426555281505
0.9493246697820723
0.2001355562824756
0.816468610195443
0.5508223490323871
0.3264031058643013
0.6790174380876124
0.9315417651087046
0.45707552693784237
0.9549513747915626
0.6520780681166798
0.21527883084490895
0.8560671135783195
0.5153113463893533
0.07366391224786639
0.2859319585841149
0.8495887874159962
0.7136318292468786
0.1634914381429553
0.004409800982102752
0.5191040688659996
0.4464039218146354
0.5354226545896381
0.6669712685979903
0.7506013300735503
0.8442383580841124
0.2413762256037444
0.3916256055235863
0.7708630620036274
0.1568796916399151
0.7917732042260468
0.17311882879585028
0.5896935847122222
0.3042808019090444
0.6809486036654562
0.7620144670363516
0.6348268119618297
0.17798858904279768
0.3772873692214489
0.2475834870710969
0.3041374443564564
0.11078469059430063
0.5849810815416276
0.3450767584145069
0.361579250311479
0.9022744973190129
0.7660983942914754
0.2548487044405192
0.4225273379124701
0.9187910533510149
0.5615103284362704
0.038898801896721125
0.3563004545867443
0.7310840280260891
0.8292246805503964
0.5562850187998265
0.8214286661241204
0.9927149231079966
0.5267766579054296
0.7921277892310172
0.5681610759347677
0.07961399224586785
0.5613090000115335
0.4034674579743296
0.28009244869463146
0.5709077450446784
0.5971770796459168
0.22054220573045313
0.7559713979717344
0.6654072836972773
0.5431120484136045
0.31689098896458745
0.17648046696558595
0.19089527102187276
0.22746587451547384
0.5812349366024137
0.8018181561492383
0.2817824494559318
0.04642528179101646
0.04907238227315247
0.7857209879439324
0.05997856054455042
0.4219134021550417
0.8605406880378723
0.18113828520290554
0.18205310520716012
0.6740441406145692
0.27280237013474107
0.13991557387635112
0.9321312757674605
0.07267189770936966
0.4148990500252694
0.37946742400527
0.5511765193659812
0.7057919432409108
0.8093446427956223
0.9826109586283565
0.3622923844959587
0.7673943319823593
0.6287064801435918
0.8235762761905789
0.7008220138959587
0.1964810974895954
0.926606674445793
0.461864557582885
0.3056178584229201
0.7872068227734417
0.8511967053636909
0.7043279323261231
0.4119731013197452
0.6278119294438511
0.7002888447605073
0.582343504531309
0.774638578761369
0.23177193431183696
0.22136606113053858
0.6148732604924589
0.29328825580887496
0.5012116541620344
0.8492393507622182
0.4108023280277848
0.5181391646619886
0.05395519523881376
0.815048620570451
0.9592107962816954
0.4391376618295908
0.529355256119743
0.2719864754471928
0.4157948358915746
0.5285859066061676
0.40659764874726534
0.7042524414137006
0.05163526488468051
0.9798451603855938
0.49540275358594954
0.9907698256429285
0.4629645165987313
0.13161959289573133
0.3557511961553246
0.8180285796988755
0.6898531592451036
0.42096438561566174
0.7359124596696347
0.886828652350232
0.27977762557566166
0.892063433304429
0.6566220500972122
0.14814618253149092
0.32523161894641817
0.5562525980640203
0.23570853332057595
0.20998306921683252
0.3794455830939114
0.15090565220452845
0.07935558003373444
0.9071017017122358
0.7970469202846289
0.26013595960102975
0.7587244748137891
0.3003425756469369
0.6787530053406954
0.17862149141728878
0.8066848109010607
0.03617872064933181
0.3155520709697157
0.0331472831312567
0.6386930767912418
0.891309916973114
0.06834624009206891
0.40829233964905143
0.25306360027752817
0.23868952807970345
0.9461320110131055
0.6437467033974826
0.9995347429066896
0.48911960050463676
0.7171869887970388
0.2695093813817948
0.7611257075332105
0.599296672269702
0.4452145288232714
0.09843940567225218
0.9861975428648293
0.02530013071373105
0.17286500660702586
0.011358510935679078
0.8026164548937231
0.6717572214547545
0.038576358230784535
0.540416759904474
0.7240297673270106
0.6387437358498573
0.8035623109899461
0.7296029438730329
0.12846691999584436
0.514492389978841
0.2923436523415148
0.45079426909796894
0.7064354501198977
0.40537772653624415
0.7095147483050823
0.9319184145424515
0.24019669461995363
0.12864974164403975
0.8187984793912619
0.5551198518369347
0.8065779488533735
0.11077882652170956
0.4824838894419372
0.07234690361656249
0.5481484674382955
0.11394729069434106
0.6011175350286067
0.28108166344463825
0.4046539426781237
0.6620426899753511
0.8865567075554281
0.37614635517820716
0.671266932040453
0.18631578306667507
0.5318508690688759
0.2870599767193198
0.19666679832153022
0.2861128782387823
0.11604147497564554
0.35747275431640446
0.8674576559569687
0.8941110821906477
0.5806732471100986
0.6683741912711412
0.03932969365268946
0.12333731609396636
0.898179147625342
0.9350854519288987
0.34427498327568173
0.9111418023239821
0.6381039975676686
0.2657798493746668
0.5079041533172131
0.5144119441974908
0.8492054457310587
0.7954228702001274
0.9787467583082616
0.6853440774139017
0.009022179059684277
0.6789171092677861
0.12475030054338276
0.3848088849335909
0.865108931902796
0.5337728722952306
0.9320816406980157
0.18373342417180538
0.9714491367340088
0.11479504080489278
0.883342039771378
0.41684774216264486
0.5078338435851038
0.24917222862131894
0.9521135073155165
0.49208976910449564
0.24858604068867862
0.390206650365144
0.1870614243671298
0.9695990819018334
0.757899506483227
0.4329280899837613
0.4455509609542787
0.17399888928048313
0.4511682896409184
0.44860745687037706
0.27098962967284024
0.4422631475608796
0.8763458377216011
0.26309994608163834
0.18742787651717663
0.5718024098314345
0.734746145317331
0.8475661440752447
0.246684210607782
0.09850834892131388
0.23837979161180556
0.3669024140108377
0.8883926924318075
0.48081244667991996
0.9203559660818428
0.7769320795778185
0.5921597999986261
0.7640699567273259
0.6822761152870953
0.6860413707327098
0.582792752655223
0.8866395985241979
0.8674817176070064
0.31480891769751906
0.6436113645322621
0.5561409851070493
0.22554069384932518
0.87955008354038
0.04660797934047878
0.34297208045609295
0.41940835234709084
0.6818199357949197
0.47529814462177455
0.5122711951844394
0.2552207906264812
0.1274262061342597
0.7448749726172537
0.47109138569794595
0.6663907435722649
0.2784958176780492
0.79045495018363
0.40904639405198395
0.8636306684929878
0.8885814461391419
0.8844722376670688
0.7819733722135425
0.47372468491084874
0.13410137360915542
0.09944555279798806
0.12703828350640833
0.7553406045772135
0.2911493938881904
0.9204525134991854
0.5130063160322607
0.5144767896272242
0.019852199126034975
0.9298556582070887
0.047361614648252726
0.9406627053394914
0.030814532889053226
0.5803701626136899
0.2036640108563006
0.4386988151818514
0.6182451865170151
0.0849297943059355
0.4186127823777497
0.3391879787668586
0.189824306871742
0.9109434755519032
0.053493699291720986
0.4976884147617966
0.20964719145558774
0.33018988324329257
0.9514727401547134
0.9251189490314573
0.6394310244359076
0.20471431128680706
0.3691702315118164
0.768241120968014
0.8995345893781632
0.35710358479991555
0.20510989194735885
0.5132915540598333
0.648047013906762
0.5319352347869426
0.7896695106755942
0.2415201822295785
0.9902147189714015
0.4545527014415711
0.47379063884727657
0.31643428187817335
0.9383196549024433
0.7713713776320219
0.3173313338775188
0.11447266489267349
0.06350632361136377
0.1547577881719917
0.5279961393680423
0.7772069263737649
0.5394710197579116
0.6637116861529648
0.9800668365787715
0.48102875892072916
0.8315898173023015
0.19924472039565444
0.7585730946157128
0.5668205595575273
0.8945668716914952
0.7858316767960787
0.04645166941918433
0.5316394306719303
0.46573679614812136
0.11080076778307557
0.870166108943522
0.7281106098089367
0.2198155033402145
0.6552061080001295
0.6181411945726722
0.21868266933597624
0.23198068421334028
0.9888165630400181
0.24442800064571202
0.42020516796037555
0.06390788499265909
0.39188532275147736
0.43339967960491776
0.9422284597530961
0.2676271393429488
0.8118269008118659
0.7403566115535796
0.018717954168096185
0.49585952470079064
0.22055345331318676
0.9688239621464163
0.7705891544464976
0.22603079280816019
0.7078697588294744
0.27322121849283576
0.6805210800375789
0.05022248183377087
0.5250892867334187
0.373245672788471
0.24356587836518884
0.8787472089752555
0.5735897473059595
0.9415600716602057
0.20109303388744593
0.07785912998951972
0.9251549267210066
0.29321297258138657
0.1422160693909973
0.4114781490061432
0.7038443149067461
0.6936255728360265
0.44636301626451313
0.792477953247726
0.8737052090000361
0.5362177938222885
0.02178049716167152
0.7036174873355776
0.5972318791318685
0.21995884296484292
0.23280069860629737
0.7766504366882145
0.5196937439031899
0.07887684903107584
0.273629387607798
0.03877500188536942
0.1105617182329297
0.5571836694143713
0.027502231765538454
0.8778726903256029
0.798147692810744
0.09483370813541114
0.9839793832506984
0.02932468825019896
0.7340910555794835
0.04028267622925341
0.30177519167773426
0.5139469753485173
0.47023815801367164
0.2651435777079314
0.044408992398530245
0.6947979866527021
0.5864291398320347
0.435427725315094
0.5173953536432236
0.6488268035463989
0.5983679294586182
0.7010245369747281
0.8485882636159658
0.670176591258496
0.5423321374692023
0.25289933080784976
0.2836801658850163
0.25051519367843866
0.29443026101216674
0.06905799801461399
0.2433099844492972
0.2556470751296729
0.8254568774718791
0.6093992644455284
0.5896826172247529
0.11480274959467351
0.019038736121729016
0.2731422872748226
0.2529909862205386
0.9290963453240693
0.35570385796017945
0.9713527027051896
0.3738529970869422
0.1990311194676906
0.9185763574205339
0.6827889003325254
0.9449331676587462
0.03176449495367706
0.7075138303916901
0.8577187566552311
0.2944784900173545
0.958288588328287
0.823351891245693
0.6647563469596207
0.8004418013151735
0.4755444226320833
0.9467611808795482
0.988663689699024
0.48357887496240437
0.8127110421191901
0.8127165858168155
0.9032661358360201
0.6351932133547962
0.7852422578725964
0.41751872142776847
0.620336850406602
0.8043794869445264
0.4776327288709581
0.6043426205869764
0.430606055771932
0.585678324336186
0.9164519566111267
0.37609489005990326
0.7509748677257448
0.573334189131856
0.3326049027964473
0.48546175146475434
0.7465983163565397
0.5545285947155207
0.16036072676070035
0.561865100171417
0.43302539456635714
0.21426221611909568
0.5349802896380424
0.6935218805447221
0.5772624141536653
0.15915993158705533
0.9027367811650038
0.10144663276150823
0.20674611371941864
0.017922575818374753
0.1461926910560578
0.10661921044811606
0.46925880666822195
0.6144381607882679
0.45190378720872104
0.7065668578725308
0.7785579161718488
0.9019720056094229
0.30971759650856256
0.7081455681473017
0.2483324829954654
0.8070650871377438
0.8988671174738556
0.3314613844268024
0.8725447875913233
0.6037400655914098
0.569003185024485
0.2623323106672615
0.3470749584957957
0.381783559685573
0.31575417472049594
0.6703464614693075
0.5939637245610356
0.3015988392289728
0.3304922350216657
0.4103102118242532
0.6404915961902589
0.3211994443554431
0.8547529885545373
0.8157000639475882
0.7000041124410927
0.44122047652490437
0.08015166292898357
0.25861284928396344
0.2906250583473593
0.4642412490211427
0.1519082321319729
0.15716938977129757
0.02063991129398346
0.13758500409312546
0.9075720892287791
0.27288260543718934
0.5797427331563085
0.8873377027921379
0.45319789717905223
0.028945092810317874
0.8821125561371446
0.24639365822076797
0.8464197665452957
0.5818017977289855
0.013834966579452157
0.44951826776377857
0.6920195510610938
0.4892171004321426
0.45522794942371547
0.6473971642553806
0.82353230798617
0.9150060515385121
0.3055155463516712
0.9516719114035368
0.529227628139779
0.9713385622017086
0.11208637407980859
0.05022721644490957
0.6094307694584131
0.16736318403854966
0.8208084607031196
0.8122992105782032
0.24919358105398715
0.3453820003196597
0.8746863298583776
0.22697383165359497
0.7249194718897343
0.6811839239671826
0.004478730959817767
0.761993421241641
0.2423824672587216
0.5266524292528629
0.5567192663438618
0.6477701347321272
0.557405480183661
0.02692035213112831
0.3891373132355511
0.9023499449249357
0.1148703743238002
0.23991129687055945
0.9861692611593753
0.513989464379847
0.24314728705212474
0.3173895007930696
0.17278209514915943
0.5098001949954778
0.7063753665424883
0.3211471342947334
0.9099725175183266
0.5509796598926187
0.17206594557501376
0.6092245189938694
0.45242800540290773
0.16224386915564537
0.510597376851365
0.07828524196520448
0.6103832682128996
0.3354406710714102
0.6328347036615014
0.2611656456720084
0.31826413120143116
0.928128668339923
0.9037974842358381
0.22722449875436723
0.23795272060669959
0.6646779533475637
0.40136724757030606
0.4113063884433359
0.6113076743204147
0.002797434339299798
0.44562363368459046
0.46563285449519753
0.23010384966619313
0.14871324063278735
0.5591279228683561
0.08089481573551893
0.668564838822931
0.47834035637788475
0.3598700996953994
0.09155985456891358
0.9541960314381868
0.03644708264619112
0.1362748108804226
0.2863374233711511
0.15738706081174314
0.943636367097497
0.639918502420187
0.9791302066296339
0.5892400932498276
0.13499027583748102
0.12234137370251119
0.9387903567403555
0.28095730231143534
0.15906746149994433
0.23930181562900543
0.9936895691789687
0.111603825353086
0.3558340505696833
0.32566022826358676
0.2822487575467676
0.4440214179921895
0.5865585943683982
0.7737001110799611
0.3132996710482985
0.4157190795522183
0.16437172540463507
0.8791753721889108
0.2894383615348488
0.07275400822982192
0.8887801708187908
0.44973406777717173
0.5780175668187439
0.7791091669350863
0.8395597795024514
0.8917858197819442
0.6522027966566384
0.4676078117918223
0.8456759126856923
0.1619788457173854
0.7354778328444809
0.04355146363377571
0.24575281352736056
0.3015740273986012
0.8907987489365041
0.8623831905424595
0.39283106685616076
0.5039253362920135
0.7784884611610323
0.6425900238100439
0.14776849653571844
0.5122511719819158
0.8899957123212516
0.373587011359632
0.3965082988142967
0.8099557822570205
0.005329407984390855
0.10074650053866208
0.5796367896255106
0.9829478147439659
0.42042690608650446
0.049931014189496636
0.260719328885898
0.28270381363108754
0.6452449492644519
0.01910591498017311
0.485149581450969
0.12364128697663546
0.38559292373247445
0.998886153800413
0.7944479659199715
0.412504302803427
0.2128849516157061
0.700118247885257
0.5106940418481827
0.8081802632659674
0.9857333404943347
0.6575768934562802
0.3686642153188586
0.6420566553715616
0.5435183302033693
0.6354295243509114
0.05373623687773943
0.8581356215290725
0.8178608771413565
0.6642332873307168
0.37620957707986236
0.8137344773858786
0.25033706380054355
0.07008589128963649
0.7671178225427866
0.6306173673365265
0.28177476581186056
0.8961568458471447
0.4570293566212058
0.11986878677271307
0.35543351410888135
0.10613938560709357
0.826281639514491
0.49330833088606596
0.2232448363211006
0.49170064786449075
0.23894220194779336
0.5168088455684483
0.07158522075042129
0.8017935915850103
0.8320639552548528
0.7473081725183874
0.3396086299326271
0.7771639241836965
0.7654632355552167
0.8031161543913186
0.6829341819975525
0.5611595746595412
0.7151224366389215
0.04550490970723331
0.45499660703353584
0.4673647244926542
0.45834467466920614
0.8338213311508298
0.428713918896392
0.46565256477333605
0.6037362511269748
0.4914507295470685
0.7354290806688368
0.1712885545566678
0.594665554119274
0.957192953210324
0.06319926539435983
0.6091683472041041
0.4251815755851567
0.7832797595765442
0.0417290423065424
0.38254564767703414
0.05632607080042362
0.5582775704097003
0.7521516913548112
0.807384830666706
0.6429638320114464
0.8960592583753169
0.6993660554289818
0.9428477108012885
0.4142161950003356
0.06670018145814538
0.7364591632504016
0.7279293972533196
0.9504176042973995
0.9139838330447674
0.8732645967975259
0.5912833332549781
0.9714041405823082
0.29840210638940334
0.6943685575388372
0.8498911480419338
0.15637151873670518
0.6315198447555304
0.5519280005246401
0.255817465018481
0.9022488468326628
0.2899382661562413
0.08914985344745219
0.5010233928915113
0.45729667879641056
0.9288592608645558
0.07883457001298666
0.5264597977511585
0.07277520839124918
0.26349401590414345
0.29131512343883514
0.9145817051175982
0.6621841350570321
0.4341110542882234
0.7750953377690166
0.4788592404220253
0.7087316629476845
0.8180517512373626
0.09646921092644334
0.4612531987950206
0.2789319434668869
0.6436028778553009
0.40871247509494424
0.8394568415824324
0.03601972619071603
0.4358504172414541
0.13799479231238365
0.31237602420151234
0.6432571695186198
0.193415088346228
0.6468497344758362
0.9504967173561454
0.33603589539416134
0.3527595333289355
0.8827585335820913
0.8903508426155895
0.7687974192667753
0.9127047236543149
0.8167252724524587
0.18310647131875157
0.6599581914488226
0.3066654815338552
0.6871494532097131
0.5629218653775752
0.6171770363580436
0.8265983867458999
0.2050010384991765
0.5446982397697866
0.9054547832347453
0.10937721468508244
0.19901764136739075
0.6738674235530198
0.07924696803092957
0.9532178547233343
0.3912480475846678
0.9512444464489818
0.8151771158445626
0.26943897106684744
0.48128346097655594
0.4162245043553412
0.2894139226991683
0.6358834435231984
0.2373066779691726
0.015899110352620482
0.667345262831077
0.4855711448471993
0.7301134900189936
0.326146537438035
0.05137165798805654
0.23324020579457283
0.7086325418204069
0.031003054464235902
0.9898744083475322
0.3096955930814147
0.319654957158491
0.011422672541812062
0.9434647506568581
0.539095991756767
0.9003318429458886
0.7376502896659076
0.2099831816740334
0.3799796528182924
0.7799649806693196
0.2603494010400027
0.6056484489236027
0.9620223303791136
0.14042395050637424
0.09740495216101408
0.33201730786822736
0.9001188504043967
0.8978349680546671
0.717954671010375
0.10336238285526633
0.7517425406258553
0.426046687643975
0.3665566183626652
0.6467447706963867
0.07231932529248297
0.043107159435749054
0.22250226233154535
0.09349754173308611
0.8905215358827263
0.8530506312381476
0.1249516406096518
0.009223216213285923
0.3075891141779721
0.32458527106791735
0.907689485931769
0.38769926433451474
0.9742567327339202
0.7234678985551
0.51002989965491
0.8470592598896474
0.10603480786085129
0.9325555493123829
0.7322084032930434
0.10561687382869422
0.40404800209216774
0.7466891927178949
0.1828262743074447
0.619823757559061
0.5578168630599976
0.4473633780144155
0.843989672139287
0.756095084361732
0.9002976058982313
0.10956008709035814
0.49899051268585026
0.6787082308437675
0.3735356566030532
0.478642703499645
0.8154116780497134
0.5068849555682391
0.12968651833944023
0.49688581353984773
0.7182419633027166
0.2890370062086731
0.8410744676366448
0.1997771398164332
0.3558514991309494
0.6250338538084179
0.6137433173134923
0.9082044444512576
0.6836358399596065
0.21101584914140403
0.004226171877235174
0.19639801885932684
0.42816085484810174
0.4892812299076468
0.6206581234000623
0.6015577490907162
0.22690122318454087
0.4117557327263057
0.713619502261281
0.9398681041784585
0.7017454856541008
0.8386015330906957
0.6069750392343849
0.8842498443555087
0.7840962137561291
0.7491723152343184
0.9593387150671333
0.7594996229745448
0.2828924397472292
0.049469333374872804
0.9350129561498761
0.044706752989441156
0.0719037379603833
