# browser_rnd sample v1
ua: Mozilla/5.0 (Windows NT 5.1) AppleWebKit/537.36 (KHTML, like Gecko) Chrome/33.0.1750.146 Safari/537.36
appName: Netscape
appVersion: 5.0 (Windows NT 5.1) AppleWebKit/537.36 (KHTML, like Gecko) Chrome/33.0.1750.146 Safari/537.36
platform: Win32
vendor: Google Inc.
oscpu: 
cpuClass: 
language: en-US
hardwareConcurrency: 
deviceMemory: 
screen: 1024x768x24
date: Fri Jun 12 2026 15:19:04 GMT+0100 (GMT Daylight Time)
epoch: 1781273944640
count: 4096
---
0.5477268861141056
0.46169187081977725
0.5260220274794847
0.023398087825626135
0.583639265736565
0.74005705723539
0.11957806115970016
0.07006392907351255
0.11365723516792059
0.699591209879145
0.5476730279624462
0.7407788829877973
0.21426896518096328
0.4510880440939218
0.6504766116850078
0.10778593318536878
0.5142466679681093
0.6727006281726062
0.3717442532069981
0.8942639287561178
0.8543448459822685
0.5968351059127599
0.15438818465918303
0.027331267716363072
0.4165721668396145
0.8988019619137049
0.677531915018335
0.5873013017699122
0.8401773762889206
0.4838884612545371
0.2962681327480823
0.7788521337788552
0.8096912754699588
0.4472444378770888
0.5528771001845598
0.7493587783537805
0.9147208982612938
0.8624131982214749
0.10037081292830408
0.06494396808557212
0.7023059814237058
0.1647426385898143
0.3781314054504037
0.5798286627978086
0.1329956774134189
0.39037589938379824
0.18771261698566377
0.9210646855644882
0.4177154751960188
0.059771921718493104
0.26950253918766975
0.6035545780323446
0.6738050614949316
0.47195500042289495
0.209633344784379
0.6136820525862277
0.7961572157219052
0.0844288025982678
0.9543746472336352
0.06139936204999685
0.9744637757539749
0.2659848143812269
0.4502819727640599
0.8872352396138012
0.3384493694175035
0.5604349977802485
0.7368191157002002
0.0024541292805224657
0.8172678130213171
0.8062238958664238
0.1649437949527055
0.031816690461710095
0.3937270357273519
0.5007389772217721
0.9933237165678293
0.014757983153685927
0.8996355140116066
0.9008164738770574
0.6169603310991079
0.935998720349744
0.5059532194864005
0.5022858122829348
0.18583620549179614
0.65692870458588
0.9763072771020234
0.16971031669527292
0.3511140819173306
0.7841731787193567
0.13450423046015203
0.7720875847153366
0.24560883012600243
0.16400517500005662
0.8672499449457973
0.27821008022874594
0.7582895352970809
0.22892362345010042
0.12687606690451503
0.20533803245052695
0.1679596984758973
0.07141086901538074
0.66363680572249
0.6268965962808579
0.3841896809171885
0.401758142048493
0.26034506247378886
0.12577338609844446
0.1387891499325633
0.9380056434310973
0.17737557762302458
0.3100075537804514
0.6348513220436871
0.5528137185610831
0.6863702069967985
0.9298429982736707
0.1592989731580019
0.9014655395876616
0.399977674940601
0.7821760387159884
0.6221997863613069
0.539500572020188
0.26961261639371514
0.689085848396644
0.4815260600298643
0.036448227940127254
0.9656343704555184
0.8200213892851025
0.2630662138108164
0.1518609351478517
0.9283319734968245
0.4066935679875314
0.7509885125327855
0.7081235246732831
0.5879202215000987
0.0016592536121606827
0.27691373811103404
0.8169166289735585
0.4698003383819014
0.6565473605878651
0.08489711722359061
0.2801587674766779
0.22961249691434205
0.5406336798332632
0.7931152703240514
0.5781104110646993
0.02043551253154874
0.5063420629594475
0.21760133584029973
0.16931747598573565
0.8901404258795083
0.5154701974242926
0.19675288652069867
0.2984847668558359
0.12824982474558055
0.3188922463450581
0.8966286091599613
0.05729825422167778
0.23357522720471025
0.9726901238318533
0.9704263829626143
0.6317506351042539
0.13572402787394822
0.03549319598823786
0.5821277855429798
0.13986811693757772
0.8617494190111756
0.6160662223119289
0.47449235268868506
0.47829574975185096
0.8659568934235722
0.6658057714812458
0.4414216943550855
0.2808796507306397
0.4337410710286349
0.6463295875582844
0.2628524194005877
0.19989230134524405
0.6657657618634403
0.4192440309561789
0.8709799633361399
0.38239978766068816
0.5685988168697804
0.9198362936731428
0.21801633946597576
0.8128539610188454
0.28623063187114894
0.4044787783641368
0.8636745016556233
0.8216519455891103
0.06879765633493662
0.16703228233382106
0.025073039811104536
0.15417230920866132
0.9643716162536293
0.9892829870805144
0.2557070341426879
0.8059673917014152
0.2683580748271197
0.8998143994249403
0.31740600941702724
0.06585133168846369
0.2134398678317666
0.9275833237916231
0.761499568587169
0.9629859258420765
0.7856487333774567
0.35101401642896235
0.2829734622500837
0.6073918470647186
0.941174958832562
0.024577160831540823
0.16882591717876494
0.9139611576683819
0.7593667439650744
0.9238445677328855
0.6018820812460035
0.18563246610574424
0.05999292619526386
0.10833689686842263
0.38726390106603503
0.30076229153200984
0.7261173489969224
0.195700166746974
0.11837173020467162
0.8911990923807025
0.7401059623807669
0.04179700696840882
0.9049051322508603
0.10256986459717155
0.5062533498276025
0.5675563677214086
0.9943408106919378
0.7145871329121292
0.8770765427034348
0.9942865315824747
0.685601407662034
0.11174120497889817
0.018244250677525997
0.22567119891755283
0.5310480466578156
0.6906386797782034
0.994445851072669
0.7006719815544784
0.5897669997066259
0.7372664571739733
0.09651334607042372
0.7664367603138089
0.07019433076493442
0.8034308541100472
0.9318847577087581
0.27550024492666125
0.42449591401964426
0.6775756385177374
0.29152863938361406
0.118633764795959
0.6579170725308359
0.08112196694128215
0.4110534521751106
0.9795533022843301
0.4906368055380881
0.575284807709977
0.07486327947117388
0.07023221277631819
0.1682467490900308
0.3313860862981528
0.26451505930162966
0.503885728539899
0.39501563482917845
0.05356017570011318
0.7818706268444657
0.9491275725886226
0.619273568270728
0.051864948123693466
0.8949528837110847
0.3122303634881973
0.5432115520816296
0.937380405375734
0.8583620151039213
0.9395430956501514
0.2603953785728663
0.39101720857433975
0.9338262586388737
0.8499666831921786
0.5854272353462875
0.5929235231596977
0.4216752538923174
0.18366279895417392
0.04146340489387512
0.615624925121665
0.15988433454185724
0.6879800306633115
0.37561915279366076
0.7197858477011323
0.5046773289795965
0.020796924829483032
0.8988153655081987
0.8459965928923339
0.08145985566079617
0.5976212590467185
0.15889308089390397
0.5594147250521928
0.005566315958276391
0.6478713131509721
0.30468342127278447
0.4565057777799666
0.6581438726279885
0.3576911580748856
0.09343266510404646
0.3381844728719443
0.5991035702172667
0.27638433035463095
0.5034819818101823
0.14890955272130668
0.9035434650722891
0.3171183178201318
0.7692343192175031
0.1564691448584199
0.27426989655941725
0.6235642689280212
0.21320371748879552
0.900728061562404
0.0314594367519021
0.9071122340392321
0.5291499432642013
0.30647308798506856
0.3246225737966597
0.7840951699763536
0.7329890984110534
0.08002255554310977
0.3566649842541665
0.2510377869475633
0.3094762982800603
0.8965502749197185
0.6605655502062291
0.5345592752564698
0.9413883497472852
0.9078026637434959
0.3299374452326447
0.9824589802883565
0.44455180526711047
0.5280571379698813
0.10219925455749035
0.4305818318389356
0.879973370116204
0.6127986439969391
0.8112719387281686
0.3986341680865735
0.22053234465420246
0.673474334878847
0.23104269802570343
0.8597405434120446
0.8367319575045258
0.8244855722878128
0.9225185906980187
0.36235145130194724
0.4872506398241967
0.5042924012523144
0.9853616440668702
0.46970820846036077
0.03056638198904693
0.6151499974075705
0.5133064053952694
0.8059137966483831
0.503708160482347
0.4789100242778659
0.027065002592280507
0.4882225268520415
0.25553813949227333
0.3203670347575098
0.9780329272616655
0.582962921122089
0.7379815487656742
0.1993525254074484
0.7605790849775076
0.03051114804111421
0.5809534557629377
0.6690373986493796
0.4726190851069987
0.19773716246709228
0.13126334664411843
0.4979120437055826
0.3377373639959842
0.3471568748354912
0.6156341382302344
0.5239511367399246
0.14627689984627068
0.9515455800574273
0.4962308336980641
0.6170000205747783
0.3808339172974229
0.057746442034840584
0.1756458084564656
0.5574713426176459
0.5995946167968214
0.5387126000132412
0.04329217877238989
0.17348316707648337
0.9604632740374655
0.33693508082069457
0.9772905739955604
0.925219252705574
0.7567770786117762
0.8057671862188727
0.783359773689881
0.4836110498290509
0.9827786649111658
0.3427011186722666
0.37892352626658976
0.12828204780817032
0.17779181711375713
0.6124851580243558
0.7601850428618491
0.89627416129224
0.7674014712683856
0.8590911445207894
0.2756816784385592
0.7500855529215187
0.22098835930228233
0.13617125526070595
0.2856891844421625
0.17814389732666314
0.06931110937148333
0.4676189220044762
0.5762788152787834
0.47081667091697454
0.27064660657197237
0.6299526952207088
0.03939722781069577
0.8200225122272968
0.004807149292901158
0.05816214415244758
0.5990480061154813
0.3618416434619576
0.9170508629176766
0.13559255003929138
0.8844570862129331
0.5047640576958656
0.739643168868497
0.5693463156931102
0.6818150929175317
0.8449450875632465
0.7821174915879965
0.6309682270511985
0.8631938479375094
0.24126167106442153
0.7246162842493504
0.854384082602337
0.10718792490661144
0.6969625882338732
0.5881772369612008
0.7385505482088774
0.517276699654758
0.33453252795152366
0.7995501721743494
0.1843214777763933
0.1362505592405796
0.669580671004951
0.10745252063497901
0.6642702724784613
0.06872932938858867
0.00785801000893116
0.33463753503747284
0.6092825904488564
0.25090878875926137
0.8704877828713506
0.4131000214256346
0.5620529558509588
0.31296973722055554
0.8339372959453613
0.3684431607834995
0.7132712460588664
0.4448854327201843
0.5871240722481161
0.4294235990382731
0.8245556503534317
0.20307469717226923
0.817738865269348
0.5056943215895444
0.7293048452120274
0.527025390882045
0.5003938940353692
0.6175490855239332
0.41964730131439865
0.38577518006786704
0.34165053139440715
0.9736289621796459
0.008814593544229865
0.15283272578381002
0.7021651694085449
0.6798263569362462
0.6348830095957965
0.21358490362763405
0.8744951859116554
0.4545366682577878
0.8487535712774843
0.14588475064374506
0.7926848605275154
0.6609935550950468
0.3126576023641974
0.28504274459555745
0.5167426744010299
0.4492383520118892
0.9971298489253968
0.42753654276020825
0.6435467859264463
0.5151837803423405
0.10916314669884741
0.8494993306230754
0.7119523123838007
0.6001629293896258
0.8982707764953375
0.24870888609439135
0.8004421268124133
0.33217511558905244
0.9396216080058366
0.7866353285498917
0.18922580196522176
0.9139280745293945
0.20741235092282295
0.02863417798653245
0.1313930016476661
0.6813532733358443
0.35812112293206155
0.9069710257463157
0.11082337866537273
0.07170912832953036
0.22418476245366037
0.5000436147674918
0.12016254849731922
0.5984363693278283
0.2261803555302322
0.8940018145367503
0.07374718459323049
0.8049518170300871
0.8152535378467292
0.2252309296745807
0.6673761198762804
0.9816424995660782
0.4821623298339546
0.5497954194433987
0.4366746158339083
0.2554801469668746
0.4695234331302345
0.48117321473546326
0.5622836232651025
0.5143044777214527
0.9147274589631706
0.7968763704411685
0.5519200419075787
0.28093752497807145
0.5798454789910465
0.38472678256221116
0.14747546007856727
0.6609888498205692
0.1327621745876968
0.9518263337668031
0.5112815466709435
0.81620954698883
0.7092447662726045
0.2390615337062627
0.531062314286828
0.9731912100687623
0.2545601623132825
0.6108556683175266
0.22626114613376558
0.570415620226413
0.056348654674366117
0.5767152491025627
0.16321521811187267
0.4607309037819505
0.8529185506049544
0.2665128505323082
0.17521822289563715
0.8086215266957879
0.761267798487097
0.7474664938636124
0.3986757160164416
0.0392059322912246
0.4096398213878274
0.31608254625461996
0.6715016022790223
0.28940279339440167
0.36041664192453027
0.9000949829351157
0.36189943202771246
0.11627561296336353
0.7386777701321989
0.6162912463769317
0.6225423319265246
0.6273803140502423
0.01627078210003674
0.4011639701202512
0.2836156606208533
0.6108069657348096
0.1190666570328176
0.8328377921134233
0.23906903224997222
0.5655154644045979
0.5574595902580768
0.42948444094508886
0.9315921431407332
0.873588917311281
0.20412878412753344
0.07026466098614037
0.7619333053007722
0.8098320458084345
0.23076774063520133
0.8789323738310486
0.5970636494457722
0.343590565957129
0.4431645483709872
0.9769482333213091
0.8207240260671824
0.09212755132466555
0.48843800998292863
0.177208335371688
0.11758637637831271
0.6660177453886718
0.1362969649489969
0.640351789072156
0.15980012505315244
0.021932915085926652
0.7144388624001294
0.817709208233282
0.09063675533980131
0.16287021106109023
0.9122535455971956
0.5294199308846146
0.32673793681897223
0.6027805909980088
0.4697478129528463
0.7603618293069303
0.20236580329947174
0.9739529956132174
0.8252854614984244
0.4596188780851662
0.6833775420673192
0.2543894413392991
0.46299180504865944
0.1442632549442351
0.12980395345948637
0.715919993352145
0.8936962299048901
0.6338240571785718
0.03436701116152108
0.0880432827398181
0.8232175689190626
0.571382068330422
0.06751678069122136
0.6760442939121276
0.3096058832015842
0.5244727202225477
0.5409567186143249
0.009446142241358757
0.7427998105995357
0.14777207747101784
0.3372972668148577
0.4424710338935256
0.14930557599291205
0.13594497530721128
0.08334166510030627
0.6949672203045338
0.05559871345758438
0.9490741675253958
0.30148208048194647
0.9874825549777597
0.16967648034915328
0.517747743986547
0.8194498212542385
0.8217112582642585
0.17175783100537956
0.6703993566334248
0.17385659809224308
0.8270841012708843
0.1377509750891477
0.17353491857647896
0.8232685849070549
0.43168778135441244
0.4351630457676947
0.618994744727388
0.8897353571373969
0.11259733326733112
0.6892955061048269
0.3412930469494313
0.36647924361750484
0.6076311946380883
0.14680524915456772
0.733710173284635
0.007058639079332352
0.021205359371379018
0.2883020546287298
0.10377602372318506
0.3614077565725893
0.9718847898766398
0.22839722083881497
0.7064148241188377
0.21393240266479552
0.3073832069057971
0.6873455969616771
0.7061406716238707
0.3230722858570516
0.45549915242008865
0.26090825186111033
0.4572316294070333
0.02949222596362233
0.8151773707941175
0.6148901488631964
0.9920661225914955
0.18302942998707294
0.7687268310692161
0.9179003147874027
0.8631790082436055
0.04244878957979381
0.6498239622451365
0.004421708174049854
0.76128767314367
0.8020518119446933
0.030416717287153006
0.9195781594607979
0.3279431094415486
0.738643686985597
0.11766834696754813
0.21668460383079946
0.3315224824473262
0.7874319499824196
0.7973352374974638
0.8811441760044545
0.18449515383690596
0.5048971124924719
0.7750712465494871
0.9983565690927207
0.10311898519285023
0.5699629206210375
0.9361259413417429
0.7234375895932317
0.5786804540548474
0.3174959337338805
0.6492522549815476
0.7646318881306797
0.0442719254642725
0.08120012888684869
0.6340740404557437
0.26899720006622374
0.5624999525025487
0.35868718614801764
0.19032131391577423
0.591109610395506
0.1314629924017936
0.23230001935735345
0.8509890343993902
0.07101944833993912
0.8834983047563583
0.9208559191320091
0.9869997364003211
0.6988293312024325
0.850006042746827
0.07754576951265335
0.21982902055606246
0.7580480938777328
0.7514547819737345
0.44962421781383455
0.03316905489191413
0.009601625381037593
0.3894514918792993
0.42386195017024875
0.27756786975078285
0.9240652546286583
0.3710654207970947
0.6960952947847545
0.7687925109639764
0.1762535059824586
0.6298569671344012
0.3401241160463542
0.15928859706036747
0.7370351515710354
0.7941333826165646
0.31407989491708577
0.2527800800744444
0.0835170978680253
0.07343895570375025
0.723667785525322
0.5204950603656471
0.16220533312298357
0.04268600279465318
0.9155445124488324
0.7218718747608364
0.854086913401261
0.8087630262598395
0.738797539146617
0.03997185546904802
0.44566728081554174
0.6194066172465682
0.4209023844450712
0.24986120243556798
0.579122215276584
0.27133277663961053
0.20722402422688901
0.5035783005878329
0.8025573075283319
0.15974651998840272
0.2306853299960494
0.30354585335589945
0.7072171263862401
0.0125500806607306
0.39040140504948795
0.7117666623089463
0.12628106633201241
0.46583851473405957
0.24861021316610277
0.7280888971872628
0.42825637524947524
0.6732547613792121
0.3854296528734267
0.9994083545170724
0.2333280765451491
0.7741940156556666
0.7508642636239529
0.5799952179659158
0.3039881472941488
0.8905077413655818
0.24479415640234947
0.14053818420507014
0.03593638329766691
0.6693638348951936
0.17595354188233614
0.30447510187514126
0.7002243937458843
0.03265531873330474
0.8782848769333214
0.8312248424626887
0.17425026837736368
0.12134127970784903
0.2558661908842623
0.35219806362874806
0.6046761437319219
0.32982783974148333
0.9461793671362102
0.40140331140719354
0.004081324907019734
0.5579034304246306
0.35883689764887094
0.9772773028817028
0.6524980291724205
0.33806022698991
0.5243961915839463
0.1547760406974703
0.256550649413839
0.9085867677349597
0.6378316758200526
0.09036536421626806
0.37270586960949004
0.2977922516874969
0.6302201601210982
0.06578078749589622
0.1853525701444596
0.8916797919664532
0.6811451939865947
0.6665744327474385
0.3310993171762675
0.10580669669434428
0.4569229513872415
0.13093815185129642
0.7148757125250995
0.9340043622069061
0.007331328932195902
0.09587196982465684
0.8523188610561192
0.29066305700689554
0.2743904390372336
0.891564479097724
0.4753810667898506
0.7268903525546193
0.4644106870982796
0.20662398752756417
0.6832836067769676
0.510895611718297
0.7707463908009231
0.8140660095959902
0.46742262225598097
0.4380500407423824
0.6054981525521725
0.13143221219070256
0.6786756664514542
0.2851348186377436
0.2917400461155921
0.912736403523013
0.4877199502661824
0.3012976348400116
0.512962490087375
0.30545709445141256
0.6389010613784194
0.7186903636902571
0.7815877855755389
0.11575430049560964
0.3756831018254161
0.6755280543584377
0.9155263593420386
0.3406708580441773
0.2765993461944163
0.33496535988524556
0.8183391999918967
0.416597688337788
0.6769967752043158
0.6940157194621861
0.9340513260103762
0.8379873908124864
0.7087677735835314
0.32277218205854297
0.15857070847414434
0.6274794593919069
0.8386721429415047
0.17035289551131427
0.02334263687953353
0.3691823552362621
0.8707958091981709
0.02254219725728035
0.06563474447466433
0.2276809774339199
0.34901128872297704
0.322639585705474
0.5488524513784796
0.1051062869373709
0.6917371810413897
0.9510191758163273
0.8894767332822084
0.4651720456313342
0.1931488518603146
0.48203654401004314
0.09935064939782023
0.5565175330266356
0.012432015500962734
0.11778954998590052
0.24478694214485586
0.9250897818710655
0.04313588095828891
0.21414696844294667
0.025984400184825063
0.6179189328104258
0.9791444297879934
0.02006545034237206
0.9263902700040489
0.680510024074465
0.9656396228820086
0.2784215488936752
0.6892648739740252
0.8298751825932413
0.30621998361311853
0.6684613218531013
0.8007128755562007
0.46804092288948596
0.5872954884544015
0.5029334672726691
0.19792476133443415
0.7644333483185619
0.29373107641004026
0.29347578226588666
0.7010575856547803
0.3649117983877659
0.9890830635558814
0.46386224357411265
0.24206792283803225
0.39094219054095447
0.5345986417960376
0.7026683576405048
0.9874721318483353
0.002704969607293606
0.6271660230122507
0.9399191248230636
0.16652050102129579
0.0667743340600282
0.17961504170671105
0.05418530944734812
0.15359005727805197
0.37719424022361636
0.2896337709389627
0.460722389863804
0.6093342124950141
0.4013599606696516
0.07368495315313339
0.5522932643070817
0.04989400412887335
0.6291719705332071
0.7578169452026486
0.6832286433782429
0.828120436752215
0.23979495745152235
0.9477446016389877
0.09516752627678216
0.009802670683711767
0.03146063000895083
0.658702207962051
0.27683785324916244
0.6059960499405861
0.28767357650212944
0.5562428326811641
0.04609935684129596
0.4819638370536268
0.6642392287030816
0.6155078681185842
0.1029443524312228
0.1173266910482198
0.9053106931969523
0.6518735613208264
0.8862295020371675
0.9922935871873051
0.1622254408430308
0.4530625364277512
0.6042415662668645
0.272053396794945
0.31894756807014346
0.0520257658790797
0.5994546317961067
0.6095492921303958
0.3435749034397304
0.1678195926360786
0.6005367659963667
0.4383299092296511
0.661435529589653
0.29974823677912354
0.40018684370443225
0.5179408008698374
0.22960816253907979
0.6069305820856243
0.28275569388642907
0.7752102506347001
0.44583588372915983
0.8914703514892608
0.8502362410072237
0.5924442932009697
0.8519609426148236
0.016161534236744046
0.5120150479488075
0.9388866531662643
0.17439360939897597
0.9395952296908945
0.1849873852916062
0.4435470001772046
0.9033285428304225
0.49573692004196346
0.6811911759432405
0.39265441126190126
0.8853102417197078
0.190569480182603
0.47793816309422255
0.37384283472783864
0.31765170209109783
0.38038478209637105
0.6095654552336782
0.5613177388440818
0.9841993586160243
0.2949871888849884
0.4971432734746486
0.16336113843135536
0.22678166278637946
0.9256546488031745
0.3545955887529999
0.5667875986546278
0.732042005751282
0.7323486017994583
0.35491517279297113
0.36817996064201
0.8396977409720421
0.7792555943597108
0.48944842629134655
0.7711690226569772
0.6151504486333579
0.7198082664981484
0.12911621131934226
0.32932380866259336
0.6123888671863824
0.1294997448567301
0.26997159281745553
0.9877052649389952
0.34324122918769717
0.13912998768500984
0.41160522284917533
0.033401310443878174
0.1813554533291608
0.8308032818604261
0.1728591206483543
0.748247989686206
0.7334444944281131
0.4347510498482734
0.17488902527838945
0.7213909670244902
0.004031653515994549
0.810649581020698
0.7971086059696972
0.705246664583683
0.18189915036782622
0.7769681708887219
0.4824572259094566
0.06920493743382394
0.6006953131873161
0.4779005616437644
0.6517236193176359
0.978813698515296
0.8953831465914845
0.37775711831636727
0.8129544642288238
0.00371547881513834
0.9808798551093787
0.35592495067976415
0.8398546385578811
0.5640763631090522
0.5155265575740486
0.22114298469386995
0.8590170990210027
0.7292608178686351
0.7890758588910103
0.7423919432330877
0.8369085311423987
0.8588386445771903
0.5550573007203639
0.7359284432604909
0.5503396720159799
0.54507668572478
0.29911068291403353
0.6571427122689784
0.9114367694128305
0.6107514933682978
0.4576443531550467
0.6552837810013443
0.9391226309817284
0.6755271607544273
0.07262680772691965
0.11108163115568459
0.5790862662252039
0.3961739600636065
0.2651387881487608
0.9537217793986201
0.40117542492225766
0.8238314110785723
0.811650947201997
0.4280685742851347
0.07184383296407759
0.82206119177863
0.37625601794570684
0.467759718419984
0.4501126864925027
0.8764302707277238
0.9311187493149191
0.35467230156064034
0.962430811021477
0.3557429469656199
0.4888153364881873
0.22130578197538853
0.9186333077959716
0.09408817905932665
0.4840189581736922
0.31884488509967923
0.15935412398539484
0.8463935158215463
0.12470079306513071
0.7845224267803133
0.4843151948880404
0.08782062167301774
0.7663262630812824
0.8371840692125261
0.8843369625974447
0.4698022250086069
0.6753489172551781
0.5958801358938217
0.5385656368453056
0.25401453860104084
0.7308488620910794
0.6180690738838166
0.9639138509519398
0.753916417947039
0.39767362643033266
0.6386291193775833
0.7255735956132412
0.531069697579369
0.38766988972201943
0.9468809107784182
0.24342994019389153
0.34092747513204813
0.8292221920564771
0.21967084845528007
0.17938998248428106
0.914469076320529
0.9634940889663994
0.02948140841908753
0.9563438126351684
0.014351521153002977
0.3610762832686305
0.8128213786985725
0.7684740251861513
0.3534904469270259
0.4476464497856796
0.6751042841933668
0.12851751688867807
0.44272806495428085
0.8310863401275128
0.5433861005585641
0.4279348070267588
0.7664640757720917
0.44142424408346415
0.3089390655513853
0.1908073672093451
0.49960175389423966
0.024957367219030857
0.016302336007356644
0.7908368008211255
0.8871754561550915
0.3181000701151788
0.8882225111592561
0.425142175052315
0.8378338909242302
0.7786365626379848
0.05714591592550278
0.4124367942567915
0.34584908769465983
0.6576191845815629
0.5679969657212496
0.12243763078004122
0.4409639050718397
0.7646572743542492
0.5438528407830745
0.7741365875117481
0.7221377873793244
0.8334811937529594
0.3966414472088218
0.9796237351838499
0.601927867392078
0.037652712780982256
0.026283528422936797
0.14517363044433296
0.7374706882983446
0.5972725499887019
0.9288629323709756
0.010905661154538393
0.3392269159667194
0.5361125143244863
0.2918227694462985
0.3768349033780396
0.915223921649158
0.9597467018757015
0.43903979496099055
0.5874841951299459
0.11955366865731776
0.7486959383822978
0.8044746539089829
0.359904661308974
0.5637001264840364
0.4111069936770946
0.22940846951678395
0.9524263278581202
0.6911797486245632
0.14960479899309576
0.7817769884131849
0.30296343890950084
0.2655705362558365
0.7348057015333325
0.11547978641465306
0.3438109955750406
0.21241988521069288
0.6027072195429355
0.32257129810750484
0.504301967099309
0.9394463887438178
0.4887378332205117
0.7111101844348013
0.16426750808022916
0.7370580192655325
0.07434619776904583
0.6353298102039844
0.13065075152553618
0.4669725897256285
0.8827955559827387
0.2053576558828354
0.6575474864803255
0.41354252491146326
0.5885646652895957
0.9089445965364575
0.14335054554976523
0.5247061024419963
0.9557927569840103
0.11477239616215229
0.30070441868156195
0.5348428413271904
0.13870073552243412
0.37912818253971636
0.696117329178378
0.049861902138218284
0.11161907739005983
0.6103971134871244
0.542877004481852
0.886390367988497
0.02895345166325569
0.1759960656054318
0.9623963877093047
0.74827188719064
0.23242135299369693
0.974742186954245
0.3324950949754566
0.8435238916426897
0.7541017136536539
0.7099840950686485
0.605295151937753
0.5825476094614714
0.8269844513852149
0.5787636116147041
0.740487793693319
0.9252836322411895
0.8060584391932935
0.12799412361346185
0.9992266478948295
0.8156638848595321
0.8076420861762017
0.09511899971403182
0.13426802400499582
0.3976062573492527
0.3505585652310401
0.8100548044312745
0.019597677746787667
0.23569632624275982
0.7187031204812229
0.6691683840472251
0.7416130614001304
0.5834547264967114
0.594430577242747
0.024688233388587832
0.023920805426314473
0.9238604514393955
0.6756422414910048
0.020129362354055047
0.9570517439860851
0.11646955856122077
0.25049438420683146
0.20484590879641473
0.0012469238135963678
0.6418599735479802
0.44688097410835326
0.8143035823013633
0.8383077823091298
0.530670186271891
0.16968182404525578
0.669211660977453
0.42500831047073007
0.2673502895049751
0.39122420619241893
0.8392949183471501
0.5362642332911491
0.2194879329763353
0.7518256241455674
0.9912274880334735
0.8858948089182377
0.23160214954987168
0.23545632767491043
0.31662388728000224
0.6605861512944102
0.9304988035000861
0.14153335127048194
0.3506912626326084
0.969239357393235
0.9888883880339563
0.007649255217984319
0.9664905508980155
0.4261172211263329
0.7043837821111083
0.18549793143756688
0.5791595103219151
0.8110420561861247
0.20688808988779783
0.5199414102826267
0.7016424373723567
0.023348892107605934
0.7961309424135834
0.6410080380737782
0.3332050503231585
0.5763844551984221
0.10629133321344852
0.16884538205340505
0.21557599306106567
0.9916385484393686
0.26462563476525247
0.6397482145112008
0.042618808802217245
0.9334050854668021
0.9457631513942033
0.04145400249399245
0.549292937386781
0.11259522545151412
0.5943713544402272
0.7781036274973303
0.23043669247999787
0.7359539661556482
0.017476126085966825
0.4585153532680124
0.3828147209715098
0.2606524433940649
0.9757847257424146
0.5792129046749324
0.14669616473838687
0.4951999965123832
0.7113831073511392
0.18490451527759433
0.7069813930429518
0.5182808579411358
0.7280891858972609
0.5034516719169915
0.7171947595197707
0.41909614647738636
0.09708650293760002
0.9942031507380307
0.07400138885714114
0.29407340567559004
0.5139254899695516
0.869349186308682
0.5746424715034664
0.46986386529169977
0.7042952002957463
0.524738907115534
0.6698310642968863
0.9557946268469095
0.1552425727713853
0.7415537002962083
0.3248655020724982
0.3665837242733687
0.5548119377344847
0.13748220819979906
0.3576188227161765
0.5541385123506188
0.8667301025707275
0.9069724255241454
0.2526374945882708
0.46058800956234336
0.36843739938922226
0.3303493377752602
0.3603199964854866
0.9597363988868892
0.28430614131502807
0.3136217067949474
0.7459230893291533
0.11264877393841743
0.48566002189181745
0.4369940678589046
0.09290368133224547
0.6014599981717765
0.42570241377688944
0.7955433302558959
0.8790665089618415
0.26396003388799727
0.3401145641691983
0.7784450107719749
0.5724860110785812
0.1303493189625442
0.8729749543126673
0.8277718250174075
0.8797558322548866
0.8200179336126894
0.23913309164345264
0.6772408001124859
0.10571348736993968
0.8804803814273328
0.002231577644124627
0.953785166144371
0.44317517639137805
0.1470899898558855
0.706686845049262
0.21009738300926983
0.04384573805145919
0.11951475939713418
0.7606388640124351
0.12353679770603776
0.5699928172398359
0.49945902405306697
0.621266110567376
0.4524163384921849
0.021633813623338938
0.21954755089245737
0.7236184109933674
0.7247646416071802
0.777100024279207
0.14323927462100983
0.5361873016227037
0.6312935340683907
0.649918818846345
0.12036324036307633
0.5437624529004097
0.2003747953567654
0.38762120623141527
0.01819967944175005
0.4661166537553072
0.23729127971455455
0.11970290797762573
0.16046878858469427
0.14500552928075194
0.7078139607328922
0.8424821575172246
0.619902232196182
0.453914200887084
0.34598887828178704
0.17859752802178264
0.4508496520575136
0.17934343544766307
0.1424525217153132
0.8706751747522503
0.7287317276932299
0.3123017684556544
0.8909855638630688
0.8906443908344954
0.9178692107088864
0.33952819858677685
0.3654660601168871
0.20477250195108354
0.6391824851743877
0.7094432699959725
0.8144109167624265
0.8632950992323458
0.9653481650166214
0.03172924742102623
0.9439677130430937
0.8888378071133047
0.7526073835324496
0.3978777613956481
0.5418028172571212
0.3094769536983222
0.9776243886444718
0.051692396868020296
0.6489763737190515
0.6716896912548691
0.7281048458535224
0.8250520145520568
0.20872072386555374
0.9827007087878883
0.8719332166947424
0.10539832687936723
0.0794806657359004
0.14402286591939628
0.5616810745559633
0.5461655387189239
0.09875675104558468
0.7002661218866706
0.8117687725462019
0.6241944197099656
0.07368176453746855
0.3356099103111774
0.4723515622317791
0.36475613014772534
0.1370728500187397
0.7763676820322871
0.5958293059375137
0.7302588217426091
0.11807082127779722
0.46376445959322155
0.32626784802414477
0.9409275928046554
0.4850055957213044
0.678511223057285
0.31666497490368783
0.3417710904031992
0.18494580290280282
0.44039103807881474
0.18677536863833666
0.9267444179859012
0.4187477738596499
0.021383289014920592
0.7489908912684768
0.07475569797679782
0.16688924375921488
0.5173335594590753
0.011606697225943208
0.050369939766824245
0.40078398841433227
0.3225258837919682
0.611519482685253
0.2346421063411981
0.6448921370320022
0.9979022922925651
0.7021076688542962
0.8001557232346386
0.4397689485922456
0.9265369209460914
0.5857582397293299
0.7483893246389925
0.3579904022626579
0.6950732429977506
0.08394148526713252
0.003828724380582571
0.729370211949572
0.7812058739364147
0.1481378129683435
0.03978280071169138
0.9350897795520723
0.8944105412811041
0.799665744183585
0.2921925347764045
0.4209283848758787
0.4374479230027646
0.4395656450651586
0.2006986732594669
0.2138801934197545
0.05107581848278642
0.2830675358418375
0.4755356980022043
0.34547103522345424
0.7046081444714218
0.34535889280959964
0.8167149256914854
0.8641789595130831
0.13777286373078823
0.7415255925152451
0.7623495215084404
0.5252502944786102
0.8872123670298606
0.08053562371060252
0.600849136011675
0.26928725372999907
0.8508893402758986
0.12956798216328025
0.7305822425987571
0.8433550877962261
0.7980317389592528
0.44381197821348906
0.814265369437635
0.0009784656576812267
0.07176762935705483
0.3088536895811558
0.6936175844166428
0.30315999989397824
0.586878611240536
0.9287136706989259
0.4985866870265454
0.8283368872944266
0.09185533178970218
0.4717351144645363
0.8650198325049132
0.3769030347466469
0.1903510291595012
0.15383830340579152
0.8763281577266753
0.17556128604337573
0.1127664977684617
0.5572269507683814
0.12088693818077445
0.9979322045110166
0.11365580838173628
0.958304819650948
0.006093566305935383
0.5179145517759025
0.8408984090201557
0.8480881673749536
0.2641853108070791
0.5138342778664082
0.18806599313393235
0.6472586835734546
0.20260866568423808
0.40358645329251885
0.6685654514003545
0.7796269399113953
0.13350606593303382
0.6472650894429535
0.4662247928790748
0.36446091858670115
0.8377195957582444
0.531119731022045
0.2554125462193042
0.1017352226190269
0.9898503411095589
0.3316760715097189
0.7912580361589789
0.5033455949742347
0.7830396797508001
0.5439900574274361
0.288668671855703
0.9413230398204178
0.723944887984544
0.7813249542377889
0.0983949457295239
0.07406328921206295
0.15960350376553833
0.2393290523905307
0.11780504509806633
0.5868816832080483
0.8770401757210493
0.12219262169674039
0.06595102697610855
0.11077105323784053
0.0007387488149106503
0.4144316075835377
0.8560368199832737
0.41249512787908316
0.6838890498038381
0.7212621532380581
0.6365360843483359
0.6169425665866584
0.3046607719734311
0.1690652733668685
0.17441367194987833
0.003782060695812106
0.9181261798366904
0.8322533348109573
0.8665518839843571
0.6386350409593433
0.8563181511126459
0.49384571029804647
0.09393192664720118
0.2985127263236791
0.6572187258861959
0.30538383848033845
0.2850099478382617
0.9570682479534298
0.469145021867007
0.7061976720578969
0.37752598244696856
0.5778419733978808
0.8857322065159678
0.049275555182248354
0.5691865917760879
0.7010849737562239
0.9994316569063812
0.6001633680425584
0.9784390418790281
0.9104089047759771
0.019144312478601933
0.8989706318825483
0.6337813066784292
0.199367102002725
0.010354103753343225
0.0981743938755244
0.6767349268775433
0.8652228547725827
0.337586528621614
0.9401598493568599
0.5469678204972297
0.9819597552996129
0.30388274090364575
0.050823293859139085
0.5681613821070641
0.02031202823854983
0.2729771409649402
0.8855598212685436
0.8972090538591146
0.8106116557028145
0.48850997164845467
0.49282892094925046
0.5889965870883316
0.7381193954497576
0.7104340281803161
0.9655533365439624
0.6138237565755844
0.5163333686068654
0.012665482703596354
0.5677733886986971
0.760256799403578
0.2779368630144745
0.709633578080684
0.05958502320572734
0.7261873104143888
0.522568843793124
0.08295655203983188
0.8321712934412062
0.23957312759011984
0.7665194971486926
0.5042024257127196
0.39028902049176395
0.6182701080106199
0.49367763311602175
0.960489219520241
0.9838600512593985
0.2721610125154257
0.37656821496784687
0.8909152282867581
0.7932684558909386
0.4640283074695617
0.25454537966288626
0.19007733277976513
0.10088116908445954
0.3574937202502042
0.3133529091719538
0.7474833519663662
0.8314313248265535
0.7624831893481314
0.05972796096466482
0.5291719997767359
0.34903637995012105
0.9643529285676777
0.4859756182413548
0.2509454342070967
0.3937662753742188
0.11948737222701311
0.3005646304227412
0.0267397107090801
0.5832035420462489
0.6551033502910286
0.6282365643419325
0.9183168297167867
0.3522603511810303
0.9046870006714016
0.28559937654063106
0.9982982301153243
0.8513533463701606
0.9763759158086032
0.33923209621571004
0.8053041386883706
0.3022303304169327
0.6097690279129893
0.16423834743909538
0.1511490971315652
0.7960642606485635
0.2825284874998033
0.6455916557461023
0.837156567024067
0.2930196092929691
0.4878603843972087
0.637921811779961
0.6460079702083021
0.4644891929347068
0.578192827058956
0.3229348040185869
0.910407017217949
0.8363707645330578
0.1468463446944952
0.35514125530608
0.3872854174114764
0.9272205387242138
0.11819993681274354
0.028098787646740675
0.3476821668446064
0.009317215532064438
0.1795007768087089
0.8075763892848045
0.8024368120823056
0.013925671111792326
0.5111022726632655
0.20882917451672256
0.8469321769662201
0.897324268007651
0.030432283179834485
0.22496640752069652
0.7085534604266286
0.2483097983058542
0.4981096629053354
0.995081961620599
0.07877793349325657
0.5661912264768034
0.7810115269385278
0.4779340731911361
0.259647578233853
0.5999412573873997
0.589812078513205
0.5456502202432603
0.6265969313681126
0.7748160595074296
0.2922954452224076
0.08693116856738925
0.5409863255918026
0.4451057566329837
0.4426137700211257
0.9675937683787197
0.9015451157465577
0.01946641714312136
0.7517898888327181
0.3778194417245686
0.888208975084126
0.16296910401433706
0.08639770955778658
0.7460950764361769
0.39518402866087854
0.188162830658257
0.2871217899955809
0.4020737281534821
0.08856850489974022
0.40575947263278067
0.22975687216967344
0.36388550396077335
0.17648198828101158
0.699315109057352
0.5463605064433068
0.7618559412658215
0.2696412759833038
0.3087242676410824
0.23936935071833432
0.9958519057836384
0.22665274771861732
0.648350405972451
0.2886821359861642
0.2492383737117052
0.3893062917049974
0.7024396518245339
0.7645950755104423
0.5014587275218219
0.20146001712419093
0.17232036008499563
0.8139355992898345
0.0699862097389996
0.9131451020948589
0.6753135796170682
0.16184252314269543
0.39407982653938234
0.9499413277953863
0.28881827578879893
0.5639295575674623
0.5736417297739536
0.2611475002486259
0.9513700413517654
0.18237046035937965
0.48913491424173117
0.7494433769024909
0.5698986679781228
0.7222124093677849
0.8918341328389943
0.619064656784758
0.41118340007960796
0.6389712423551828
0.863472304539755
0.26231936109252274
0.5016033854335546
0.8496406269259751
0.6096072858199477
0.528628553962335
0.7435250724665821
0.3972503507975489
0.10749554843641818
0.14598300610668957
0.5377764890436083
0.6297339063603431
0.21033559879288077
0.48357636062428355
0.2653583714272827
0.8816309226676822
0.9585309200920165
0.40258168103173375
0.4769676870200783
0.5882355098146945
0.7925014370121062
0.4384346508886665
0.6667288672178984
0.05166110652498901
0.004640895873308182
0.7768658073619008
0.4812694564461708
0.32091167382895947
0.07864152360707521
0.8688010319601744
0.4156087141018361
0.5675131166353822
0.13260035566054285
0.1375262038782239
0.7975406018085778
0.32464347616769373
0.19983020657673478
0.5676986672915518
0.4183220078703016
0.11420743726193905
0.8343649157322943
0.12009622808545828
0.57635577628389
0.7680428251624107
0.48049562610685825
0.09844510559923947
0.8266460911836475
0.3096549352630973
0.4029252175241709
0.7089851188939065
0.3838251775596291
0.7328736546915025
0.7378267971798778
0.452909481478855
0.9764979034662247
0.45872478000819683
0.27492655348032713
0.6972641113679856
0.9325882366392761
0.3506218211259693
0.07452271576039493
0.5946435451041907
0.7863150164484978
0.2377336414065212
0.2948642000555992
0.05841347808018327
0.41992565407417715
0.2487037219107151
0.6670545535162091
0.13288016663864255
0.18410960817709565
0.046838908456265926
0.7617469690740108
0.17859712801873684
0.5667697787284851
0.40415723202750087
0.08658474031835794
0.1592341677751392
0.5510416727047414
0.21018296550028026
0.673394198063761
0.8340448450762779
0.42070375266484916
0.6849830604624003
0.7988595250062644
0.734969716751948
0.05241405637934804
0.9648662274703383
0.8832767952699214
0.26654091058298945
0.7413445075508207
0.452370980521664
0.2186392741277814
0.1142981571611017
0.45162170100957155
0.38143908721394837
0.885761187877506
0.5521649401634932
0.7668944972101599
0.5619615586474538
0.7386657081078738
0.7405647800769657
0.36399319185875356
0.2706661585252732
0.8789853197522461
0.7234869229141623
0.39922726480290294
0.07018608646467328
0.4222208505962044
0.07556702918373048
0.8534500058740377
0.9179559319745749
0.002103846985846758
0.4548244539182633
0.9031540050636977
0.4318159674294293
0.6880304298829287
0.2879028494935483
0.04029445885680616
0.17525317356921732
0.3031865970697254
0.9999851272441447
0.8057043554726988
0.7358832396566868
0.7837674065958709
0.7135336799547076
0.5795188057236373
0.6500415536575019
0.33651751186698675
0.3624884581658989
0.8332770764827728
0.3928360815625638
0.273599601816386
0.4212166403885931
0.7299107725266367
0.6564246348571032
0.9268286554142833
0.9438246288336813
0.6289906231686473
0.6611880843993276
0.891724816756323
0.6502961821388453
0.884763236856088
0.2247537423390895
0.043223883025348186
0.6918281856924295
0.606695007532835
0.2292722964193672
0.49754349887371063
0.6732858323957771
0.9623913010582328
0.8869174469728023
0.9047585735097528
0.8288015597499907
0.8486384206917137
0.29847290460020304
0.031175022711977363
0.7203583389054984
0.003939308458939195
0.13740959111601114
0.8098940290510654
0.17193205771036446
0.7341699814423919
0.3787746727466583
0.4492019375320524
0.12219175463542342
0.6678399504162371
0.3176248150411993
0.904696122277528
0.5547781733330339
0.45105711673386395
0.18776184576563537
0.05327288596890867
0.4264323837123811
0.02623249846510589
0.4171101991087198
0.6573283160105348
0.2902200079988688
0.13412782666273415
0.9425877046305686
0.82323983986862
0.08847654890269041
0.8502370261121541
0.3685543928295374
0.6695792805403471
0.172231127275154
0.27152416948229074
0.43965573562309146
0.8273687497712672
0.5095186219550669
0.43794517777860165
0.6654564091004431
0.909143106546253
0.7895027059130371
0.5996154034510255
0.8822359095793217
0.20469253906048834
0.38915035384707153
0.9017814078833908
0.31935891206376255
0.7558573067653924
0.6285761357285082
0.08052831888198853
0.5287340760696679
0.5477725178934634
0.3660852445755154
0.4157805892173201
0.4944098761770874
0.287570065818727
0.8521767689380795
0.8346882213372737
0.459981095045805
0.3777737657073885
0.9703796703834087
0.6294017266482115
0.1968302307650447
0.7243796747643501
0.38080511055886745
0.5300388340838253
0.33151250472292304
0.8748031018767506
0.34271474252454937
0.6276526662986726
0.9570772331207991
0.8434966960921884
0.3705933003220707
0.030098777497187257
0.9439818169921637
0.16719070193357766
0.3361555919982493
0.536092875059694
0.012141715968027711
0.8144428345840424
0.2265133992768824
0.08836262277327478
0.4532749562058598
0.4871746727731079
0.13552454486489296
0.37047745496965945
0.6021053974982351
0.21369341388344765
0.8171164228115231
0.07687844010069966
0.9424057460855693
0.46139026223681867
0.05959785380400717
0.9357980517670512
0.7258395650424063
0.3539301643613726
0.5216442053206265
0.9709023518953472
0.42834878992289305
0.4139059907756746
0.21643892535939813
0.9529402530752122
0.8887540448922664
0.36098861624486744
0.3836864458862692
0.1264320663176477
0.16261260048486292
0.18222623458132148
0.7597911220509559
0.5268932855688035
0.9994809206109494
0.3880695605184883
0.3269011937081814
0.35160741209983826
0.7503586136735976
0.2609844703692943
0.9335679931100458
0.07371051865629852
0.9795086870435625
0.5601118644699454
0.06026255199685693
0.2315734231378883
0.44759688526391983
0.8046374195255339
0.06418468384072185
0.9574746887665242
0.9358191476203501
0.25500860065221786
0.9651498321909457
0.2374143556226045
0.4894257059786469
0.34127029636874795
0.031922786263749
0.3946547645609826
0.5090206530876458
0.3949404612649232
0.6608781421091408
0.24999909522011876
0.15544240991584957
0.4483026834204793
0.6093075710814446
0.8402516844216734
0.8841400330420583
0.12477078777737916
0.9103475904557854
0.6658215580973774
0.7326345557812601
0.3552740076556802
0.06003879802301526
0.9920965416822582
0.5859763980843127
0.670201348606497
0.6646281578578055
0.9174080372322351
0.9118031458929181
0.37509375833906233
0.30217384407296777
0.6533437543548644
0.48513922840356827
0.1077296775765717
0.6316718806046993
0.5010679347906262
0.914977430831641
0.2543690132442862
0.24874127213843167
0.17855588486418128
0.5872604516334832
0.8645660185720772
0.323214495787397
0.28791229403577745
0.938578074099496
0.5354414677713066
0.19067526259459555
0.3321658915374428
0.49079317692667246
0.18301372160203755
0.07130928570404649
0.9948935462161899
0.6138915289193392
0.639803983271122
0.2553087680134922
0.18027177429758012
0.09618391306139529
0.4770151355769485
0.33927820925600827
0.5025336120743304
0.8793614960741252
0.47991008521057665
0.5341675519011915
0.9204114540480077
0.8037173610646278
0.4665842105168849
0.09986337460577488
0.7533932165242732
0.6767374034970999
0.04791676439344883
0.6955954923760146
0.47749620536342263
0.4287570365704596
0.8045799795072526
0.9436389282345772
0.24901156569831073
0.38955955929122865
0.4423975658137351
0.7697514807805419
0.6714136516675353
0.7429554325062782
0.1205841472838074
0.47324414225295186
0.47659173840656877
0.6373309411574155
0.047553834272548556
0.9928284334018826
0.9660486988723278
0.6149229879956692
0.5917967546265572
0.7969313606154174
0.2983410693705082
0.7861759206280112
0.6457128052134067
0.2081739839632064
0.8950428757816553
0.028757361229509115
0.5536976410076022
0.6891573411412537
0.9548618467524648
0.1523639834485948
0.32240406749770045
0.3116717606317252
0.06708346027880907
0.7965657040476799
0.46027928520925343
0.6647852172609419
0.6471121869981289
0.8261162640992552
0.7038111833389848
0.7017129166051745
0.4687401701230556
0.38558088010177016
0.7306301014032215
0.7512128208763897
0.9807923738844693
0.17021704511716962
0.5535490589682013
0.9403659850358963
0.23190103354863822
0.5482879199553281
0.763328535715118
0.3160978024825454
0.04894283600151539
0.27623446146026254
0.5618529052007943
0.6500952478963882
0.16806905949488282
0.14717475837096572
0.3029238893650472
0.2521608672104776
0.6486228064168245
0.3146332479082048
0.24987690011039376
0.8283232729882002
0.7436736752279103
0.26905019534751773
0.4295322836842388
0.6876391253899783
0.31667351070791483
0.6231447169557214
0.6967898332513869
0.3861511421855539
0.11068772757425904
0.6958972625434399
0.07148639275692403
0.2049561224412173
0.1819256532471627
0.19512251554988325
0.37133765663020313
0.23285502777434886
0.9555246501695365
0.2933894437737763
0.21263405261561275
0.4921974251046777
0.8014778431970626
0.3600865516345948
0.9087515454739332
0.45493608829565346
0.1077262747567147
0.3444250109605491
0.642034146701917
0.8884476395323873
0.6978213547263294
0.42014108458533883
0.3305252781137824
0.7206259507220238
0.8274124376475811
0.4243193129077554
0.7643954714294523
0.7992067656014115
0.8912327929865569
0.48758759652264416
0.7858819307293743
0.40083091449923813
0.36408817605115473
0.848880444187671
0.6300757739227265
0.4312002279330045
0.4589261068031192
0.026426210766658187
0.7720595612190664
0.6578351156786084
0.5903666242957115
0.8782736519351602
0.7079058266244829
0.7198774323333055
0.2702738717198372
0.7288007899187505
0.260193660389632
0.7075453917495906
0.8557717516086996
0.4753998692613095
0.9957318659871817
0.06187025993131101
0.6295422320254147
0.4529404726345092
0.5039430458564311
0.5628437290433794
0.837129064835608
0.9911199698690325
0.9579260216560215
0.2801534030586481
0.4730357404332608
0.6175482587423176
0.4120317129418254
0.9738570887129754
0.21078504086472094
0.9442343497648835
0.9575836351141334
0.13295074086636305
0.65922756283544
0.06397117301821709
0.013406845973804593
0.8251923758070916
0.5188497202470899
0.07754376949742436
0.8486740766093135
0.6466402031946927
0.2338410527445376
0.15584570658393204
0.6932183895260096
0.01107214204967022
0.3405828638933599
0.35148279718123376
0.5235783001407981
0.3808452342636883
0.31053080689162016
0.1715884730219841
0.46081332117319107
0.24936853093095124
0.6678921992424875
0.18954685679636896
0.7361295600421727
0.07314795651473105
0.6079817104618996
0.4779668755363673
0.047881739446893334
0.8037069621495903
0.9444743499625474
0.58407874382101
0.08277673088014126
0.5034403498284519
0.2584437292534858
0.579967362107709
0.6090519675053656
0.13695016433484852
0.6138947661966085
0.6794184930622578
0.0820160664152354
0.8676515796687454
0.5047668826300651
0.7349594130646437
0.9704196844249964
0.5654637957923114
0.9249088002834469
0.7866611396893859
0.7427792609669268
0.8068244957830757
0.29712897911667824
0.4830281022004783
0.25190517911687493
0.9588334285654128
0.803472964791581
0.01612383034080267
0.6620265084784478
0.05615768046118319
0.2563645481131971
0.5352143850177526
0.818109187297523
0.29007866280153394
0.6695551499724388
0.5927093226928264
0.54158272780478
0.46025609504431486
0.31487892381846905
0.6585347689688206
0.288797692861408
0.2038509724661708
0.8883778990712017
0.18152362806722522
0.1362487853039056
0.6688009856734425
0.8874362523201853
0.3029053080826998
0.17974473489448428
0.35062924842350185
0.8645957289263606
0.8148883134126663
0.5500905686058104
0.8270896384492517
0.5214699122589082
0.035778015153482556
0.7085248113144189
0.6379142461810261
0.7075211184564978
0.6822613654658198
0.9693648929242045
0.31192317116074264
0.9874730627052486
0.17258641100488603
0.7731151634361595
0.9374267698731273
0.7589342389255762
0.12333088531158864
0.6659939892124385
0.5802482806611806
0.02033278811722994
0.5551749202422798
0.4538917373865843
0.04910533013753593
0.38172689941711724
0.07119117840193212
0.819715139688924
0.43720304826274514
0.08957973052747548
0.8179294527508318
0.8199402301106602
0.8277715197764337
0.864964579930529
0.6397075306158513
0.37353521049953997
0.7862843035254627
0.6184466043487191
0.9499667834024876
0.9090256690979004
0.6382319531403482
0.6187387194950134
0.20634893304668367
0.707482852274552
0.7254535555839539
0.3196774183306843
0.5619822784792632
0.17162040271796286
0.088571886299178
0.34149650228209794
0.1025120357517153
0.23386781988665462
0.2829583080019802
0.2959093125537038
0.031045889016240835
0.21022388013079762
0.36488126404583454
0.2945827580988407
0.7962177419103682
0.11075264867395163
0.9255257963668555
0.09164429665543139
0.8741191721055657
0.7287725750356913
0.8709228474181145
0.3534032062161714
0.8032558974809945
0.9437747807241976
0.7580604369286448
0.2321443527471274
0.9586352463811636
0.17325601866468787
0.03331937454640865
0.7207905785180628
0.8116114204749465
0.5628600774798542
0.20174085372127593
0.4870941429398954
0.6712756610941142
0.1547330089379102
0.4610424707643688
0.4270254026632756
0.014054052531719208
0.9158351656515151
0.011536367237567902
0.046189437387511134
0.003031401429325342
0.2200101783964783
0.08314633998088539
0.372524491045624
0.949905380839482
0.4463332078885287
0.8625339940190315
0.20035440335050225
0.1976835539098829
0.21888067247346044
0.5044637836981565
0.9775875243358314
0.5484109229873866
0.20184178021736443
0.15602095308713615
0.7513513318262994
0.32999917096458375
0.05412977701053023
0.08023060159757733
0.7920930858235806
0.768540299963206
0.7418245824519545
0.5146981421858072
0.2142128541599959
0.27275790087878704
0.03609248134307563
0.49447506736032665
0.29700134764425457
0.16533872787840664
0.13926013186573982
0.5925799650140107
0.16313320980407298
0.07103786175139248
0.9705319993663579
0.3321083402261138
0.8717601366806775
0.5781240123324096
0.04236538428813219
0.17622145358473063
0.8696696835104376
0.3357794382609427
0.7613576843868941
0.2885659127496183
0.05016188509762287
0.5744740862865001
0.17437872104346752
0.5591693029273301
0.5487045387271792
0.3828206874895841
0.2857995752710849
0.47749353805556893
0.31450575799681246
0.9715614959131926
0.3600255062337965
0.8408797672018409
0.24641770496964455
0.9608570942655206
0.606690761866048
0.3042790284380317
0.1956175414379686
0.3278143769130111
0.02737159258686006
0.022573743481189013
0.38812011340633035
0.8909762662369758
0.9117805105634034
0.08889966341666877
0.6820055516436696
0.05687690433114767
0.3666560493875295
0.8742145616561174
0.4783901246264577
0.65035924105905
0.8848024460021406
0.061240695184096694
0.1668249738868326
0.39825529558584094
0.3490615664049983
0.48549131746403873
0.43584344908595085
0.18107450869865716
0.6453621492255479
0.6265025306493044
0.12967056431807578
0.6197858944069594
0.303390774410218
0.027479641837999225
0.9675416154786944
0.6704868883825839
0.068666011095047
0.8942881016992033
0.32748805917799473
0.36687574069947004
0.8532042263541371
0.5380029592197388
0.0092853510286659
0.6749169130343944
0.6604059424716979
0.6845125802792609
0.2221612345892936
0.5873351281043142
0.27084690798074007
0.2871550989802927
0.982775921234861
0.2879320669453591
0.4012981492560357
0.8687840681523085
0.22674866835586727
0.564683852950111
0.4975414942018688
0.4879802926443517
0.9255355715285987
0.19682710408233106
0.8069436573423445
0.09666477469727397
0.5741079817526042
0.4955850290134549
0.8011477091349661
0.5057328108232468
0.2823222829028964
0.9399387643206865
0.34920176258310676
0.14594949735328555
0.7686980266589671
0.349910021526739
0.9240988558158278
0.9488849060144275
0.19773990591056645
0.5428778170607984
0.05016611493192613
0.6453787805512547
0.8688313642051071
0.13127340865321457
0.963856614427641
0.5028935528825969
0.466449101222679
0.5065752442460507
0.524313380708918
0.8076421229634434
0.01388362143188715
0.6760817598551512
0.8523084591142833
0.17360565392300487
0.41661818977445364
0.7760529164224863
0.8184690696652979
0.04900367837399244
0.5316145096439868
0.9578611804172397
0.0367314878385514
0.39608856686390936
0.7198032888118178
0.06803240603767335
0.19744092551991343
0.7208021467085928
0.1361863580532372
0.7038705912418664
0.6246461283881217
0.12947402498684824
0.9945665334817022
0.49597704014740884
0.16781370504759252
0.3642002553679049
0.014496330637484789
0.9842157543171197
0.42134881811216474
0.43746395967900753
0.7185178773943335
0.37954134796746075
0.3860175129957497
0.7916422665584832
0.7679204284213483
0.3099349793046713
0.4053820609115064
0.5997062702663243
0.44808891974389553
0.8296359123196453
0.056617541471496224
0.6678196575958282
0.020509960129857063
0.925467035965994
0.9511901419609785
0.3005284124519676
0.7009918631520122
0.25157879875041544
0.16431172378361225
0.44540012697689235
0.635251787956804
0.8399843962397426
0.15137099381536245
0.16682533198036253
0.42339361063204706
0.5719521958380938
0.2725067378487438
0.6746576158329844
0.9938004999421537
0.7067883783020079
0.3979455125518143
0.6443278277292848
0.7269572673831135
0.6268149490933865
0.7289100950583816
0.31138216727413237
0.8827808094210923
0.8831553901545703
0.01307554473169148
0.9194650726858526
0.37134851422160864
0.713651878060773
0.4162994490470737
0.07132739247754216
0.33876378112472594
0.1882367415819317
0.6655107650440186
0.6759836496785283
0.3610463587101549
0.4396617729216814
0.8523340772371739
0.6653290814720094
0.7940886854194105
0.45762585406191647
0.14874531491659582
0.10251837410032749
0.1801183302886784
0.2653374057263136
0.5181978726759553
0.9320219901856035
0.7053842998575419
0.7289142252411693
0.6121193589642644
0.2220767461694777
0.1730251892004162
0.6455970557872206
0.8066235994920135
0.36648668558336794
0.016190506983548403
0.9343044615816325
0.38899730425328016
0.31697762152180076
0.11635325732640922
0.1202664386946708
0.4432225991040468
0.02997966785915196
0.7336398588959128
0.5803569394629449
0.9909553751349449
0.8192681497894228
0.6077583408914506
0.7824707867112011
0.25661531439982355
0.19890245446003973
0.5404716436751187
0.9963224823586643
0.6753088932018727
0.18503306107595563
0.2063362447079271
0.30772546026855707
0.09816833934746683
0.7596484634559602
0.994038118980825
0.19167417683638632
0.583578510209918
0.6716910703107715
0.7098740332294255
0.6305516588035971
0.03598408563993871
0.6424709551502019
0.6095274274703115
0.7979260932188481
0.42684345110319555
0.7621115054935217
0.9763260800391436
0.4778601878788322
0.198821664089337
0.9292164412327111
0.5915708711836487
0.981032402953133
0.3080703380983323
0.4483028205577284
0.6518583542201668
0.4799723429605365
0.586043408839032
0.6427038507536054
0.2240743231959641
0.4286562935449183
0.7821370237506926
0.07255127071402967
0.7466830457560718
0.9866239973343909
0.6796715571545064
0.6471387934871018
0.10909882583655417
0.4921666206791997
0.21495180670171976
0.9288356741890311
0.6254752215463668
0.5275122618768364
0.3938098328653723
0.0330705838277936
0.32109991321340203
0.2995485351420939
0.6805772334337234
0.18499183538369834
0.37133757187984884
0.23002771963365376
0.37310808384791017
0.8649883230682462
0.7917524974327534
0.8532303844112903
0.21411371883004904
0.6942043150775135
0.15086719719693065
0.9249956160783768
0.3440088536590338
0.06283620768226683
0.2925513554364443
0.6284227012656629
0.16310584964230657
0.5233813626691699
0.7036228231154382
0.27141138166189194
0.6360483574680984
0.5691503647249192
0.02821725490503013
0.7040022616274655
0.10395731613971293
0.5443838585633785
0.3487412226386368
0.6709372447803617
0.9820305306930095
0.73256178596057
0.3281483161263168
0.31120933894999325
0.7039674422703683
0.6252088986802846
0.4459979466628283
0.6378910422790796
0.07668615248985589
0.26771799637936056
0.9858830044977367
0.8837580897379667
0.9159492133185267
0.20579986413940787
0.7526890479493886
0.8803798453882337
0.23085940396413207
0.5715469031129032
0.6905925823375583
0.16926851589232683
0.1855573132634163
0.5452565150335431
0.2644559883046895
0.44821992283686996
0.24558081501163542
0.5160555774345994
0.891165018780157
0.29334764229133725
0.3582246294245124
0.7505523189902306
0.8875275473110378
0.9986503107938915
0.43213617196306586
0.5699566777329892
0.7490378334186971
0.06419100030325353
0.9419817544985563
0.6507871008943766
0.8211266049183905
0.5294229683931917
0.30133545957505703
0.36105834948830307
0.6140284356661141
0.9725021251942962
0.45179607160389423
0.6877789136487991
0.832299915375188
0.6388051069807261
0.9138311250135303
0.38098154542967677
0.9287420024629682
0.9988282457925379
0.78951227478683
0.9034522022120655
0.8227953154128045
0.9916763084474951
0.9915819235611707
0.3657295638695359
0.12658630055375397
0.9458442097529769
0.2106038681231439
0.5905309745576233
0.8206481677480042
0.590270540677011
0.9718960463069379
0.5710410736501217
0.696023871190846
0.4304323757532984
0.2573030258063227
0.6478147632442415
0.5383986472152174
0.201436223462224
0.9038060654420406
0.07177120144478977
0.5605909912846982
0.45070325513370335
0.7764299120754004
0.7985731221269816
0.4627991300076246
0.9501046733930707
0.375038743019104
0.19756523636169732
0.03699991223402321
0.9241169271990657
0.14046546746976674
0.831223257118836
0.9685340060386807
0.018154514953494072
0.7916149459779263
0.10770465456880629
0.15947882388718426
0.018113006139174104
0.008385776076465845
0.07935376954264939
0.8863775853533298
0.6208871649578214
0.5896918077487499
0.5997240527067333
0.7782930873800069
0.8566323795821518
0.38808166794478893
0.5658915168605745
0.5696034661959857
0.3733791757840663
0.6996729699894786
0.014218194643035531
0.7801036685705185
0.594592678360641
0.1465751463547349
0.2688903878442943
0.4747994733043015
0.9579657732974738
0.9726663588080555
0.6147577238734812
0.5265783895738423
0.10374291311018169
0.5913726077415049
0.12615399761125445
0.20169015205465257
0.25003359210677445
0.8638841859064996
0.6821206582244486
0.503554847324267
0.37733034463599324
0.8966282100882381
0.07359487912617624
0.017450681421905756
0.7161974236369133
0.8812007564119995
0.27716703875921667
0.8021568031981587
0.8471992965787649
0.08159117423929274
0.10736553836613894
0.8273875678423792
0.6956826634705067
0.3677761438302696
0.4064734517596662
0.41232810681685805
0.49148396658711135
0.7524286797270179
0.22002684185281396
0.5709232317749411
0.5346155080478638
0.031680370680987835
0.9873896506614983
0.42150719929486513
0.22658738470636308
0.37291231472045183
0.23931364296004176
0.8984552365727723
0.49398112506605685
0.6150907957926393
0.5272300695069134
0.09324937034398317
0.03957500192336738
0.016265324782580137
0.9584420840255916
0.4883539266884327
0.745809453772381
0.20960114942863584
0.13239334616810083
0.13418842409737408
0.013881387887522578
0.4882965344004333
0.6459726470056921
0.8651156590785831
0.37724733585491776
0.6033217816147953
0.5214894199743867
0.25219929520972073
0.5460428642109036
0.7818781381938607
0.36527587403543293
0.7033992374781519
0.0449687703512609
0.8900241637602448
0.25021009775809944
0.12286805361509323
0.15943777095526457
0.18588032363913953
0.3977967284154147
0.9896673574112356
0.06833758251741529
0.8491613559890538
0.5664473082870245
0.7358153352979571
0.6017502236645669
0.9026060295291245
0.4351213776972145
0.19264340051449835
0.2724732398055494
0.7324230123776942
0.6208815600257367
0.546769575914368
0.26822720072232187
0.3181451503187418
0.2732950341887772
0.823903193930164
0.17010508780367672
0.5580327066127211
0.914548794971779
0.46319236629642546
0.953039848478511
0.9093215663451701
0.21556636365130544
0.1981170664075762
0.030193645041435957
0.5688209848012775
0.003995339386165142
0.9316397276706994
0.5914218635298312
0.19346003723330796
0.09371545817703009
0.3112242859788239
0.9174346153158695
0.09207923710346222
0.6789333182387054
0.014166624983772635
0.9378475102130324
0.07556330435909331
0.9972115231212229
0.9962953669019043
0.5238441596738994
0.30064902221783996
0.8124366111587733
0.5022076372988522
0.8771663280203938
0.32918919529765844
0.31154364603571594
0.8383890881668776
0.784621202154085
0.35625076084397733
0.9192611782345921
0.5635034791193902
0.9423674161080271
0.7605903104413301
0.5165063927415758
0.12066191132180393
0.8042223360389471
0.4447932564653456
0.6607186181936413
0.1968295769765973
0.7330957637168467
0.8680432229302824
0.935729012824595
0.5571386239025742
0.6774057114962488
0.2614486108068377
0.556776717538014
0.7976260439027101
0.1144863017834723
0.95893933204934
0.7169261388480663
0.5272602515760809
0.6792946227360517
0.827272213762626
0.9033862152136862
0.7180203718598932
0.5870947558432817
0.9479218255728483
0.5378795594442636
0.8051020812708884
0.7329090903513134
0.41294305631890893
0.7354575237259269
0.8671761734876782
0.04342123819515109
0.4956622060853988
0.047311509028077126
0.4921515816822648
0.918906073551625
0.18843422317877412
0.45197323546744883
0.8150569964200258
0.5020935134962201
0.9261265120003372
0.07489044335670769
0.7256969651207328
0.604488731129095
0.8092507796827704
0.5915558477863669
0.6687501159030944
0.177928545512259
0.2725907708518207
0.9589188187383115
0.20336228935047984
0.15284921904094517
0.03524623601697385
0.8468967862427235
0.29128148523159325
0.7046569776721299
0.16672258242033422
0.6258992755319923
0.8432661595288664
0.09589612018316984
0.36422680760733783
0.2732803307007998
0.5579331608023494
0.9915410308167338
0.40831930097192526
0.3239371713716537
0.26541957561858
0.9524084178265184
0.4224050601478666
0.6674492075107992
0.15191152901388705
0.8775537945330143
0.480938040651381
0.2148708577733487
0.2527641267515719
0.7770354184322059
0.6175116524100304
0.9391331623774022
0.9438258751761168
0.6324283336289227
0.39655901491642
0.2506116114091128
0.5135324068833143
0.6078131089452654
0.5336950353812426
0.31253084633499384
0.018961279885843396
0.3863708602730185
0.10404969076626003
0.4075905883219093
0.6929458831436932
0.06242759805172682
0.8615881409496069
0.8062421637587249
0.4561305909883231
0.8274002179969102
0.07175345253199339
0.26046188781037927
0.2643440142273903
0.41704610851593316
0.608427214436233
0.659745380282402
0.6765470914542675
0.6759187439456582
0.24883257481269538
0.9690370787866414
0.05695910379290581
0.8408050676807761
0.0466207570862025
0.04130815644748509
0.7891768482513726
0.5023358762264252
0.38008265662938356
0.3634106565732509
0.5748497019521892
0.23232884611934423
0.2534452772233635
0.05014784657396376
0.2858487188350409
0.2212072059046477
0.18909644521772861
0.246858315076679
0.8650194355286658
0.3142032837495208
0.5031286289449781
0.7465021156240255
0.7607942509930581
0.08660707366652787
0.537499523954466
0.5943532374221832
0.6177395472768694
0.07056664256379008
0.4537475905381143
0.12576239882037044
0.9138886597938836
0.3532322079408914
0.7481747877318412
0.38962182798422873
0.6968638757243752
0.7151618227362633
0.11061288509517908
0.3935235708486289
0.6191808502189815
0.2240023489575833
0.3067997775506228
0.09484838414937258
0.9757962273433805
0.5329874907620251
0.3104206284042448
0.2622404338326305
0.9532806356437504
0.314471498131752
0.5465781148523092
0.558085102820769
0.8559833576437086
0.3372645885683596
0.8034530971199274
0.5639919510576874
0.8324379441328347
0.1136953616514802
0.7486303199548274
0.6875570546835661
0.7327002370730042
0.7554497423116118
0.4944137909915298
0.38228998123668134
0.5118385087698698
0.6950686676427722
0.12683639419265091
0.7776728291064501
0.29300205782055855
0.19245178252458572
0.6081345397979021
0.2994818016886711
0.3664936847053468
0.8747941767796874
0.07364993030205369
0.8478348653297871
0.3102523311972618
0.2829675250686705
0.5960355980787426
0.21739530307240784
0.5696137798950076
0.5550351657439023
0.09763817652128637
0.0697633579839021
0.8098903286736459
0.8742418645415455
0.15961713809520006
0.7412665958981961
0.028435756918042898
0.6555198011919856
0.2806299850344658
0.03225075686350465
0.2330523687414825
0.48569960496388376
0.02820733143016696
0.40191462938673794
0.9493217379786074
0.8592194963712245
0.5569941899739206
0.1466645949985832
0.9313534295652062
0.6123695026617497
0.018528738291934133
0.6629087596666068
0.22861703648231924
0.5238036718219519
0.25013115373440087
0.6266461291816086
0.528896318282932
0.4882740613538772
0.23193005356006324
0.979875561548397
0.2959934219252318
0.8983058521989733
0.7215543210040778
0.9939760675188154
0.06575795961543918
0.729140151059255
0.33729958976618946
0.6045552457217127
0.09508718550205231
0.5199985143262893
0.7857596843969077
0.17926696431823075
0.8417098557110876
0.5313397443387657
0.1600614320486784
0.7315449274610728
0.41776442457921803
0.8434080523438752
0.5472783073782921
0.5314575787633657
0.30855027469806373
0.24530582316219807
0.4582922344561666
0.26398970116861165
0.780437077395618
0.7983592164237052
0.560387113597244
0.028582216473296285
0.3933310848660767
0.2504203072749078
0.8879214813932776
0.8297941444907337
0.9674892716575414
0.0577256353572011
0.060405314434319735
0.6009074035100639
0.3789730879943818
0.036745553370565176
0.513504501665011
0.26936200028285384
0.9418294951319695
0.9197537305299193
0.6491383286193013
0.7019561927299947
0.9146853904239833
0.012731699272990227
0.7941337756346911
0.11213336302898824
0.019091856433078647
0.8399129160679877
0.5854597641155124
0.14776025689207017
0.01461071614176035
0.8756260126829147
0.3108378043398261
0.16485185432247818
0.22076405375264585
0.7906435809563845
0.3194596623070538
0.6766335831489414
0.9751608537044376
0.2634170709643513
0.6080744098871946
0.20397865516133606
0.20798467937856913
0.4259887340012938
0.9834837494418025
0.15252902987413108
0.3974530575796962
0.5674225836992264
0.45460433256812394
0.8784310333430767
0.4582891350146383
0.4405178753659129
0.4935888941399753
0.2379867578856647
0.6744364493060857
0.801815144950524
0.5450221602804959
0.25393132492899895
0.059705664636567235
0.8297206319402903
0.34244031785055995
0.5962510332465172
0.13751838984899223
0.9268073309212923
0.5203167526051402
0.8729576370678842
0.6576778234448284
0.8302654416766018
0.5468328811693937
0.4419042468070984
0.8912504680920392
0.6667891347315162
0.2932011929806322
0.7862447130028158
0.03840199043042958
0.7400413411669433
0.6887353097554296
0.19973978982307017
0.9962619538418949
0.7438417905941606
0.38294830289669335
0.5708090923726559
0.3494521917309612
0.5042056681122631
0.27399767423048615
0.7016859736759216
0.7912577947136015
0.606510397978127
0.9111116430722177
0.7413460079114884
0.6320951904635876
0.20597321051172912
0.7406018099281937
0.051938745426014066
0.04407360637560487
0.25778098846785724
0.18362545617856085
0.43811445543542504
0.6416612067259848
0.943972859531641
0.3377086108084768
0.19270420400425792
0.36060333671048284
0.21901991590857506
0.05930555937811732
0.5705631014425308
0.7980291347485036
0.36774216778576374
0.8773602887522429
0.9164076708257198
0.5687280711717904
0.5781496823765337
0.5155267824884504
0.22506597405299544
0.516749246744439
0.4325251034460962
0.4061752571724355
0.1327299978584051
0.323132888879627
0.4109130122233182
0.5376171479001641
0.9153703802730888
0.5139920706860721
0.15787709807045758
0.8548947933595628
0.42918378463946283
0.43804089864715934
0.3159943795762956
0.285300174029544
0.257678197696805
0.5779506233520806
0.804081761976704
0.06286632153205574
0.9784716658759862
0.5970736930612475
0.37135150539688766
0.6237539364956319
0.8649805672466755
0.8616435003932565
0.8664830108173192
0.2527117116842419
0.843423132551834
0.7800876502878964
0.54698177264072
0.9373208601027727
0.7441154613625258
0.38534051622264087
0.34623524313792586
0.6206575052347034
0.25673687015660107
0.3843816192820668
0.6444257418625057
0.6749315538909286
0.11633283761329949
0.6624270416796207
0.3335191523656249
0.43765082652680576
0.039914785884320736
0.24639994488097727
0.45870296866633
0.7925363830290735
0.9599678257945925
0.587178612826392
0.6883375095203519
0.9077084034215659
0.5864390588831156
0.011388864368200302
0.16611412749625742
0.2796341013163328
0.7722367192618549
0.07431065663695335
0.0874879106413573
0.5178758287802339
0.027117551770061255
0.6143818590790033
0.5711547615937889
0.8269315478391945
0.46029294515028596
0.9520829152315855
0.34260636544786394
0.6974207481835037
0.018532366957515478
0.686628338880837
0.5208802612032741
0.12247245479375124
0.9854848377872258
0.5938357117120177
0.26264622528105974
0.2817354623693973
0.9980294294655323
0.8314424480777234
0.11117492476478219
0.463602353585884
0.2572911474853754
0.37823929684236646
0.5573898814618587
0.2619630037806928
0.003314390778541565
0.5778237176127732
0.5025640269741416
0.5035199199337512
0.7696134564466774
0.17903434741310775
0.6548596229404211
0.05436761677265167
0.6319776992313564
0.06265865406021476
0.026951322564855218
0.42040838161483407
0.8834773595444858
0.739447909174487
0.050226116087287664
0.8154846429824829
0.1971513838507235
0.6315588227007538
0.2954017242882401
0.927055558655411
0.025524170603603125
0.45197493163868785
0.7696282472461462
0.44348632963374257
0.9510488382074982
0.3779082098044455
0.6167047016788274
0.05019189859740436
0.22360837063752115
0.8987344123888761
0.5084331419784576
0.6613598989788443
0.925179879181087
0.8322150686290115
0.3108700099401176
0.7103955592028797
0.009959845803678036
0.9912339842412621
0.6790476150345057
0.4954642914235592
0.5998314768075943
0.7037928246427327
0.3597887314390391
0.5838489043526351
0.7373920902609825
0.32546251779422164
0.2395553607493639
0.34640962816774845
0.9258945959154516
0.8491317366715521
0.24790826393291354
0.009070539614185691
0.6904964759014547
0.3394961056765169
0.7444215738214552
0.79512077011168
0.4396878893021494
0.531006790464744
0.19265841762535274
0.5780218194704503
0.18007214949466288
0.5614483277313411
0.3738577454350889
0.6197547193150967
0.8138278515543789
0.2429717134218663
0.9391264661680907
0.560563338920474
0.4137134833727032
0.9074161669705063
0.2122170333750546
0.8563261821400374
0.6537689319811761
0.44672485277988017
0.02938970155082643
0.1393054025247693
0.3911556606180966
0.4094702450092882
0.34714177856221795
0.35681803384795785
0.11376319779083133
0.7313161219935864
0.2224963593762368
0.7345006747636944
0.5269952372182161
0.9441868853755295
0.2092826198786497
0.3324117618612945
0.9571623462252319
0.15529653197154403
0.8572330963797867
0.08850671583786607
0.4173656147904694
0.41470329160802066
0.7122103995643556
0.2189348533283919
0.763228643219918
0.27250576205551624
0.4491651540156454
0.5348992529325187
0.29539003362879157
0.6212920290417969
0.674345747102052
0.23574201297014952
0.7377177369780838
0.3625300007406622
0.5027777901850641
0.34702391386963427
0.15224923798814416
0.922341565368697
0.8290284597314894
0.035902553936466575
0.024865445215255022
0.21407667617313564
0.6267633959650993
0.7494328711181879
0.3294410186354071
0.01594428881071508
0.18396289530210197
0.504820273257792
0.38079846859909594
0.46881800843402743
0.690229260828346
0.4488592641428113
0.07489036582410336
0.5926258112303913
0.9816593287978321
0.018965942319482565
0.5729423384182155
0.28329569287598133
0.803400915581733
0.43365196068771183
0.11906832084059715
0.7834459613077343
0.6862494982779026
0.042380728060379624
0.48518746136687696
0.7738643349148333
0.6869649356231093
0.8656062483787537
0.3110426594503224
0.786773162195459
0.5233881443273276
0.8775116300676018
0.7480426640249789
0.026397518813610077
0.2950153606943786
0.7877309182658792
0.08481345674954355
0.9226226028986275
0.8290676677133888
0.5936166259925812
0.31550358375534415
0.12748751882463694
0.6612554779276252
0.14602443831972778
0.24982080701738596
0.9448342388495803
0.8426032371353358
0.9165780877228826
0.6261044016573578
0.9558753287419677
0.8159903783816844
0.6508517754264176
0.180127726867795
0.41824263823218644
0.3332060850225389
0.5142559718806297
0.014384573325514793
0.7954701893031597
0.37026219605468214
0.8825730746611953
0.2748639085330069
0.7001390964724123
0.6302804285660386
0.2932668402791023
0.8913616253994405
0.8559357114136219
0.5937110539525747
0.9959387416020036
0.7195716295391321
0.7741064075380564
0.21349971718154848
0.24036016524769366
0.09285244694910944
0.7101632868871093
0.7668040951248258
0.9330637897364795
0.013553224736824632
0.8557471968233585
0.0030700224451720715
0.2822067125234753
0.5691922053229064
0.7660220414400101
0.6737439073622227
0.4019697024486959
0.2446093785110861
0.6584390418138355
0.5962639378849417
0.5044545449782163
0.8039964106865227
0.36943164467811584
0.8284757647197694
0.5652609025128186
0.981784445233643
0.2419196581467986
0.7471127680037171
0.8409189253579825
0.19082201411947608
0.926747822901234
0.4198852179106325
0.6543485198635608
0.9203419859986752
0.44310464267618954
0.022472051670774817
0.5522703514434397
0.47796569601632655
0.7535122658591717
0.012750454246997833
0.028023487189784646
0.9241618446540087
0.9744325955398381
0.948885302292183
0.21179198194295168
0.06082553882151842
0.450933494605124
0.8194432959426194
0.8030744774732739
0.7278354349546134
0.8428567480295897
0.5960696674883366
0.20998444966971874
0.06123819085769355
0.9786778350826353
0.22132603684440255
0.33403643080964684
0.7946670523378998
0.9605528039392084
0.18308113678358495
0.5964194831904024
0.16014293604530394
0.42263000179082155
0.6289016818627715
0.842919708462432
0.6837881342507899
0.8895045169629157
0.9483136665076017
0.5927991864737123
0.29225173173472285
0.47853484144434333
0.27633078140206635
0.3545751685742289
0.10691718920134008
0.5387771669775248
0.021218342939391732
0.7153868235182017
0.10458446247503161
0.25815091328695416
0.17111005075275898
0.5238459866959602
0.07055990025401115
0.4275644700974226
0.6640237013343722
0.6967936099972576
0.6763630381319672
0.3403708920814097
0.6334397811442614
0.9094895268790424
0.19351239455863833
0.29768398799933493
0.6285011505242437
0.5586676732636988
0.4741297347936779
0.7705078185535967
0.6214597490616143
0.8738810308277607
0.4153078624513
0.9924469240941107
0.09797885688021779
0.6046764249913394
0.258953019278124
0.8093809026759118
0.7258030052762479
0.761035502422601
0.5420171273872256
0.31426229793578386
0.5283733129035681
0.9211681634187698
0.46446726424619555
0.376091810176149
0.30099942442029715
0.18417939986102283
0.4878368596546352
0.04991326294839382
0.16884052217938006
0.1998449123930186
0.8030786281451583
0.555079234065488
0.9992028919514269
0.3771010327618569
0.8524690452031791
0.15730983670800924
0.6327822140883654
0.8690267901401967
0.7524851458147168
0.16176664177328348
0.0214736252091825
0.3502762836869806
0.40752852777950466
0.6463011731393635
0.6979050766676664
0.7467392960097641
0.27628527907654643
0.5928865524474531
0.7778212686534971
0.2111909498926252
0.139002432115376
0.8653602632693946
0.6970752205234021
0.7513290729839355
0.20203903364017606
0.8373007813934237
0.9575828819070011
0.10313705704174936
0.8374250943306834
0.16060215584002435
0.8545397552661598
0.016988034825772047
0.5692194444127381
0.2497358457185328
0.3898790222592652
0.297885614214465
0.30796157591976225
0.30605356278829277
0.4558833234477788
0.22675179061479867
0.44956677686423063
0.7715736229438335
0.8534455648623407
0.11202622181735933
0.08386944001540542
0.4471420063637197
0.39874243666417897
0.07075765868648887
0.017382687889039516
0.6001127720810473
0.5893211283255368
0.6233301579486579
0.11868987372145057
0.8657371229492128
0.3831815130542964
0.06597144273109734
0.4623700794763863
0.6599485788028687
0.260538381524384
0.8224643561989069
0.9571134636644274
0.4554643449373543
0.8800358790904284
0.01386977662332356
0.4174369303509593
0.7880050214007497
0.13777963863685727
0.7202879330143332
0.6395568028092384
0.5449658455327153
0.09338965779170394
0.5539284776896238
0.8895366198848933
0.46974768047221005
0.8403169282246381
0.2393585352692753
0.8652522251941264
0.7732970609795302
0.47644627490080893
0.21158194239251316
0.30438983370549977
0.03720275079831481
0.8574248906224966
0.6802874563727528
0.04288698988966644
0.6847191327251494
0.6746835426893085
0.6663777306675911
0.704586558509618
0.8771962076425552
0.9432550410274416
0.2986623567994684
0.6822789260186255
0.13418624666519463
0.16719691641628742
0.11037161014974117
0.7795515256002545
0.5837516649626195
0.9026553437579423
0.26658476213924587
0.30438715778291225
0.05254010343924165
0.0754084272775799
0.6833147620782256
0.03195955348201096
0.04768146853893995
0.05463514104485512
0.2026853086426854
0.6324757600668818
0.026374278822913766
0.9839688916690648
0.9634833072777838
0.7700358205474913
0.11435228283517063
0.720669592730701
0.603608900681138
0.9148988148663193
0.8888403770979494
0.0233215915504843
0.29069501091726124
0.600895767332986
0.16435845638625324
0.37926358520053327
0.21267828880809247
0.35260053537786007
0.12088866671547294
0.9408745677210391
0.5912671824917197
0.407804494490847
0.7323152269236743
0.7068556749727577
0.4403345126193017
0.2170034924056381
0.276781614869833
0.6463637677952647
0.05557110998779535
0.3778789034113288
0.8093841981608421
0.758964333916083
0.6452653054147959
0.11468529258854687
0.8200070660095662
0.7469851581845433
0.7715094964951277
0.8210846646688879
0.7266116470564157
0.5419746125116944
0.468192080501467
0.3033890256192535
0.7063753930851817
0.6771869570948184
0.3995315420906991
0.6337534734047949
0.5024585090577602
0.5673380405642092
0.0897614280693233
0.20009509078226984
0.24220466683618724
0.8267984150443226
0.13797806575894356
0.35581571515649557
0.6530702766031027
0.4812675428111106
0.28640557336620986
0.3790791113860905
0.9008198021911085
0.7506538210436702
0.711775925476104
0.22671576333232224
0.9632720130030066
0.6553653732407838
0.7530442681163549
0.4186855386942625
0.5788301224820316
0.02076065819710493
0.3618434297386557
0.7558111648540944
0.8039531693793833
0.6030573197640479
0.6216337871737778
0.17307763802818954
0.593461571726948
0.344350122846663
0.3833605709951371
0.9876678988803178
0.538378749974072
0.017374082002788782
0.4516701514367014
0.19088281760923564
0.9335048242937773
0.9388604373671114
0.013096200069412589
0.492655121255666
0.11055162874981761
0.2161857804749161
0.12834187131375074
0.24770567123778164
0.18338624783791602
0.9741217407863587
0.1658762546721846
0.08689178712666035
0.6692765129264444
0.5172245036810637
0.19991349312476814
0.015508650103583932
0.3407856086269021
0.9774269775953144
0.435700366506353
0.8088172865100205
0.4586086382623762
0.2764015852008015
0.7431484169792384
0.35632583196274936
0.3018044780474156
0.9563354789279401
0.09028033912181854
0.7885668750386685
0.36305234930478036
0.9969726612325758
0.6152654294855893
0.013353855349123478
0.1424390806350857
0.545568062691018
0.1077314242720604
0.648518247064203
0.3225888037122786
0.7958934453781694
0.2632627373095602
0.7698429266456515
0.2944092119578272
0.8420566541608423
0.9763836285565048
0.6154512336943299
0.3535077578853816
0.6838023574091494
0.03186621470376849
0.3748718199785799
0.8744752751663327
0.22068496281281114
0.594390730606392
0.08706384222023189
0.8558185221627355
0.13886399031616747
0.5356839334126562
0.4288926376029849
