# browser_rnd sample v1
ua: Mozilla/5.0 (Windows NT 6.1; WOW64) AppleWebKit/537.36 (KHTML, like Gecko) Chrome/49.0.2623.108 Safari/537.36
appName: Netscape
appVersion: 5.0 (Windows NT 6.1; WOW64) AppleWebKit/537.36 (KHTML, like Gecko) Chrome/49.0.2623.108 Safari/537.36
platform: Win32
vendor: Google Inc.
oscpu: 
cpuClass: 
language: en-US
hardwareConcurrency: 4
deviceMemory: 
screen: 1024x768x24
date: Fri Jun 12 2026 13:52:53 GMT+0000 (Coordinated Universal Time)
epoch: 1781272373687
count: 4096
---
0.6347888440497538
0.16152831442019977
0.3284927548746579
0.5641439559884132
0.39613778032763314
0.3498906662885992
0.08568252455644099
0.35815682157573736
0.19538144353370335
0.6591917480479228
0.5258434849922227
0.02602864774928504
0.37505856470946286
0.9738071816474034
0.8884138686510197
0.20050097554056956
0.7581020289862488
0.4664333255326827
0.9671073919277304
0.11050183796516633
0.8253891608662105
0.24484428615198905
0.30226188071584836
0.8221055911256114
0.19236508077362724
0.9290344130764803
0.9761840580540526
0.5827209911599838
0.9355202229805801
0.26900050111804674
0.7890994642502485
0.26651961924129797
0.40448646076527295
0.755447151557886
0.5044794431857091
0.7176493139712912
0.5290562652264112
0.07749364950400484
0.915261882239399
0.7416069993878971
0.1833614848115359
0.029645145804561457
0.969064312987356
0.4377950644256958
0.0664008356854009
0.5549500472392881
0.8934502002932136
0.869219073741043
0.5143485263830299
0.5790862443238318
0.6642320678701232
0.593030578121932
0.23400365187893302
0.6175841411891583
0.22434266098369915
0.8808977770744368
0.2863889311120289
0.2645071680953841
0.5886702574874019
0.2705400118238235
0.6475826526464667
0.5273506042532405
0.8915291886458878
0.8671969431671394
0.8051006881933196
0.21834012901374789
0.7218639844755852
0.2628804368202413
0.5245128942825954
0.2072902738733755
0.6328650350549891
0.313362440895931
0.38465331750523957
0.8805233805918402
0.33002724989335297
0.8052135203081963
0.6393884369785161
0.2547725534332388
0.6623964604490091
0.5000467512503362
0.5887983602979132
0.757828337926965
0.5678398577611496
0.6119363398614415
0.8904277929766529
0.20280192672123443
0.7361740023504924
0.16707045918264485
0.5719252054119324
0.9746430261151304
0.7377950265335005
0.4814981627624182
0.4886861652551866
0.6431607822552516
0.06989887028277564
0.4787702836189591
0.18157024635831842
0.10046081662841999
0.0251505464273738
0.3646494008962651
0.5071523989531743
0.2605032828163798
0.1072056058090678
0.7674754915685285
0.39456793057606254
0.5965346787965458
0.8992729451475627
0.751358859886585
0.13257218859425812
0.4183306575394443
0.9126344852448867
0.362673795336119
0.2696272031135789
0.7347937474057871
0.9965612813268065
0.5741858717050488
0.5346034283468846
0.6966965533527325
0.31053189109636037
0.9690023689891105
0.4680865031010588
0.528069488408937
0.8687140263615287
0.4034928242650413
0.9786150805946561
0.44956271196428776
0.19905856950951084
0.7898010363448582
0.410361897363803
0.19256075378161053
0.5556012780347299
0.9390842290791008
0.07257139778703325
0.5845428290928714
0.4942299230578564
0.23271435428103682
0.14796287662607854
0.4072919000982307
0.821498453011694
0.4667909599003537
0.12789638872123965
0.06412691941600945
0.6408220040039831
0.23196302951425718
0.1857895717688911
0.8984871193829163
0.599474508562031
0.8985408569100124
0.714587610041872
0.7242832788479105
0.6078484119346286
0.3990798847874899
0.7426340138089069
0.0644662923151893
0.9528477330937797
0.5006877810170245
0.420669923829986
0.5854810291725443
0.06980773061211698
0.6626435842850973
0.4048159271803855
0.5071459371665406
0.9857659979214097
0.984342216363483
0.4305866235266149
0.4426971708070313
0.6291797192530451
0.17675045608354156
0.5604172764334638
0.09619126253419008
0.49973554374839746
0.641190724947585
0.5639770171299272
0.5625112630065465
0.12101718822104512
0.03734282450408388
0.1571852184869338
0.4165732436764098
0.9256421788401139
0.7109261710492292
0.18838256260123254
0.48843591466151004
0.8357873528458881
0.7909696144618019
0.44014576942126804
0.7109191437688276
0.49464857452622013
0.7453300425660829
0.23444102965012203
0.9427453809877788
0.04352928392318489
0.8059014168484055
0.6438250950686131
0.9412956277410931
0.9559036447876741
0.8525797230945691
0.8766877287321082
0.6914069518416415
0.583535363987268
0.05046258872623399
0.14983046816809042
0.9681747025893346
0.7429514420045127
0.7122608130393533
0.36833740638053003
0.8929034398194069
0.41272785937315803
0.4779395113875471
0.8177098211132598
0.49863120978898934
0.5331388092413862
0.32809873632666076
0.3000842388643181
0.7943022919729434
0.5300593861687644
0.18235495808817448
0.09568911180369266
0.20259546770378378
0.2679160898469899
0.5939102932736666
0.27827001463813583
0.8340639479785192
0.4914345525938104
0.14734139208815056
0.5955773623418859
0.3629657147664789
0.7474351084897262
0.3145665303421006
0.797437793556824
0.6677906205533577
0.9048292701348828
0.09284104580125097
0.23043724064068805
0.24242226164583314
0.8224289533699756
0.04931406852586839
0.9952809121832926
0.5617686296041022
0.032037938876586125
0.6567271692306045
0.2159048661463061
0.32550291614034066
0.38202250798255677
0.41703767239299117
0.07288706705870762
0.18059542506508763
0.05456839168621497
0.1260808745082609
0.9807097779878415
0.3772947277914236
0.5026513001627051
0.577234965539259
0.22348902032892926
0.7725246981063858
0.3549356160189687
0.4013078088149913
0.7873449495778788
0.5000437737156787
0.5430704031263964
0.7377052117035274
0.9689489593722433
0.5803128408676261
0.6184547117540928
0.12869790215937238
0.6049932796403288
0.21613999326954003
0.08552788127411692
0.43370588560200174
0.4822904090543696
0.20638206405013437
0.9314585840253782
0.49109273963274713
0.6255679901030475
0.6640095945984115
0.3221672517741856
0.8439133410669208
0.8147148772172019
0.6072715608164219
0.5438855171913599
0.7424904698555137
0.30559410334182013
0.10579502758674364
0.9130688738710329
0.8091231490821416
0.5600649092483736
0.946441408277167
0.3618129525988163
0.4275113290889805
0.14481977456835637
0.6745840750711138
0.32805285274698237
0.10811160413065801
0.988125651002399
0.0057132809190973965
0.24794847807676956
0.27934106486633503
0.5965670766323437
0.8781591315656347
0.9396382772281082
0.4886774115988588
0.38537183219444504
0.6376684746400487
0.5057268371651742
0.9789812962843356
0.2725735711810173
0.9160058799534263
0.47159632829098186
0.3055926231030228
0.09007420336373184
0.5242229841508188
0.2556628714177882
0.6160277565630503
0.03355662889892219
0.04024047599324465
0.6617526650578693
0.060893600814284854
0.09631885014590136
0.5838818370171142
0.28341164873812996
0.3120447158090558
0.8133815104914865
0.32445184733969934
0.6135764360957563
0.49821768024912827
0.7264131517062238
0.05509851425658163
0.23785149110645798
0.014202635631151761
0.8753797095843312
0.7844890848431221
0.17590825088601592
0.9628325273949634
0.1770633355555189
0.8892905356241556
0.7718417208133839
0.6156242606887008
0.4674349026029381
0.30937271496289354
0.027307625333816476
0.27787187732956364
0.34205073014042453
0.3320196400566773
0.49906600693174386
0.5651223025966317
0.714412830660692
0.6154966715394308
0.9607618844811763
0.03828829898397701
0.9131585230215946
0.1470087086629781
0.3799957247591328
0.5841651295458643
0.030193459072784812
0.2462660106026715
0.1232091813015539
0.8510637596439532
0.2551083625048698
0.6550293475321047
0.3174409544419323
0.12337627802705287
0.10613698774787728
0.6903393878401749
0.1464866344130662
0.9695257198318761
0.8656285011315414
0.20651729717021583
0.9898799545500934
0.12135463278177516
0.2183812180513547
0.5374821940146588
0.8997410154090082
0.9046588658495482
0.7073317656836182
0.6652385563756724
0.09127496712515248
0.9000985041216698
0.7280907973439947
0.304103521152165
0.3080868566288144
0.7712343908098123
0.0604384697089424
0.21630648978161493
0.04700674117306658
0.15979170709137636
0.5024653387757909
0.3331221335072365
0.5679099430164496
0.463150919863752
0.7680651892571775
0.7782508604097516
0.29933236886629455
0.8686423826072573
0.410647741432997
0.9660242661930354
0.6209410053005959
0.5303934055296529
0.21944084223787663
0.3241640280445579
0.2700955448930298
0.8904651699202994
0.7805123601790604
0.641461864097687
0.8854726404582203
0.8763343479040173
0.8631853391807185
0.6844114798646519
0.9965492107497689
0.6605964114853233
0.36671523487027824
0.09356367754817452
0.1686799878525358
0.07449203744330979
0.6789217762422664
0.0808886192816114
0.06749508906080592
0.40891089667347114
0.1807601331103832
0.5678679282824051
0.586562398964368
0.7105085083138691
0.15597621973258735
0.3147346540762326
0.5470506426639106
0.8649003447243742
0.7077511028256989
0.7989080112074745
0.029708484933793855
0.11226018531106763
0.28197924666147367
0.8489079482488882
0.9461488639641908
0.09894681247143833
0.3530246441990814
0.29735601355141683
0.15930100571406225
0.8939619329980037
0.7843603795089567
0.6845387553894964
0.6468463354896499
0.666634030892844
0.8893330774395523
0.9050735819398563
0.6156627920231819
0.22712261935486344
0.78566691490523
0.4305954328581818
0.3622321737610841
0.3592040540336632
0.7761606818601317
0.4164487507188199
0.9647833783283062
0.8953591453309302
0.14523667144750685
0.1409393467591007
0.49910922707157135
0.4278100227916024
0.5743196344575545
0.7091754514571318
0.42448202972350324
0.5988721724718455
0.6281877845296862
0.9030255756736001
0.21659061351426145
0.8784948568859683
0.42175897882888
0.5332146287459494
0.35724633520316296
0.34251453892157313
0.4661208679130522
0.8051806453090511
0.5814888372634603
0.001571588978831695
0.5201525521752335
0.9512831723103927
0.5057940526246631
0.17770265385749773
0.6383420639393482
0.29786788422887533
0.24537602185407748
0.05932897390667069
0.5572256595326366
0.9845312778996653
0.7928311061372875
0.748664803697451
0.1061567712288074
0.03068861670832712
0.2167374498250938
0.9386093024422573
0.23152739664343058
0.7850614745325053
0.9916655945955071
0.24969717919309198
0.3278435317138073
0.834455204862016
0.6346899130748098
0.9303715217584736
0.5277251499494138
0.6065831929307421
0.7139232665645512
0.7260649472158602
0.5968925645069356
0.7013314568405529
0.2652568507311366
0.4133256724944214
0.38659862109714616
0.8112105550956696
0.14300213113113847
0.47115927766244137
0.5168465911674971
0.5168850799527247
0.4274735874021347
0.4631854954358787
0.6567366628708713
0.6201424062336629
0.8048995341407756
0.7666484253537775
0.72519473676945
0.36283734842428905
0.01144803179796594
0.3203448241110789
0.3659052958759379
0.6417951527596579
0.3661902136663191
0.7699168131543046
0.6740286984469315
0.3230063998505117
0.2169314769016748
0.9599726379833515
0.8512185489576829
0.7513246520187213
0.6860885107882368
0.9440611015153331
0.5392342496678291
0.1262934151992008
0.33245514570596635
0.15462841887326184
0.6982607905477918
0.9616018738320635
0.22150398136386373
0.07494694362257204
0.8747213301371644
0.2782858492023845
0.4914346440657871
0.30109214268291096
0.3453163080877182
0.88078780425014
0.11583380052179959
0.8532328827021307
0.15831968040738498
0.6121732125371233
0.6809438080226822
0.7224012761098744
0.8720407392920764
0.2575078480743189
0.9951758098286263
0.38409839885940467
0.6344357151619409
0.08890604944711922
0.9966547788397857
0.9125727516442195
0.14883845901251758
0.46238120732757215
0.8060498212724929
0.10682671786681519
0.30946703576816303
0.6090592648482049
0.958675047273063
0.7905416544536772
0.1482946413688524
0.042961778266551676
0.27093410706394505
0.7675438889307933
0.46602275115102354
0.022129511081286246
0.39470244815512046
0.5628870316325167
0.30644942925365015
0.8593561757076273
0.182650131690961
0.38359557352859097
0.6324611923006076
0.09454935309063761
0.4981714188314066
0.940697833606662
0.1686874615471694
0.12316774025541366
0.9383253813361752
0.019315677941164733
0.2616170480239359
0.6517329256842752
0.2662510538394176
0.5706184466277759
0.5914835640911156
0.5068402228839899
0.1534857135792307
0.5903696395624134
0.9103556355873874
0.7696915908458204
0.4240798687107381
0.6162219928407979
0.9080229967168536
0.5316872595768054
0.5954505101007486
0.06050181216781381
0.800335913900512
0.6610557615601333
0.11835213787507048
0.992891072146584
0.1989937903304544
0.22026529759729274
0.94039694815174
0.5086558017312963
0.23615117080374426
0.36317115149114376
0.7280120799109129
0.7746015695143389
0.1332800812285695
0.4488830798347383
0.729317159373607
0.4788919937346545
0.49989285994838695
0.8611640184504517
0.18983451817796548
0.6963880863708714
0.8991128734222973
0.506243646997466
0.1553315212110935
0.14909465447145576
0.7501498912765752
0.4786277888878918
0.38477727246259663
0.7475288867743981
0.18866842204572776
0.1503004220349089
0.403867464746575
0.8691555687512056
0.288278437148648
0.029990294666541573
0.06706476503424663
0.310125618599739
0.20344599132048646
0.15554233528342065
0.8804381386704037
0.28740080901804177
0.941518499192741
0.9159748232275537
0.35591203768864976
0.6709491208672391
0.8653587127785547
0.7762156288604369
0.9229506244482157
0.5269577809810662
0.573676551076211
0.7771871803235311
0.6882257602527948
0.4510573419545405
0.7713294531382604
0.30999521542401953
0.7253409872600642
0.7358495399167839
0.3318836373710339
0.05281061141692289
0.9585686913330864
0.4221976243189569
0.46812410638052704
0.6606117440295374
0.5495545171378253
0.842138724631242
0.6986340216421296
0.5594132122116504
0.9001981292925056
0.36378986558370885
0.7276367662033725
0.2963082301922879
0.33008060629407043
0.7299276180165684
0.5798599560255033
0.0032479775454241633
0.5187925285399848
0.5626924979644594
0.133355928595011
0.27917395152317637
0.5276466772061548
0.351847575288067
0.943628345278293
0.2193067358148615
0.3153387334828224
0.8469473597235084
0.5761064642362663
0.31415623847341445
0.060584562589926616
0.33076521501793543
0.14316980082395592
0.6595510914008966
0.9719411624584777
0.368338460023667
0.006034420125775375
0.6768137455656265
0.9393800954981286
0.05090568219724845
0.5739917082330068
0.3279222082072868
0.20078233667439238
0.4949611525329478
0.96823905193189
0.3436875053801014
0.27020444393487253
0.661437710361293
0.6840217134471207
0.7044866684230653
0.04273471632947201
0.8228589626503708
0.5617595070693966
0.5642850609683534
0.8120197793278263
0.44477418989950657
0.992467335592488
0.21705581110706418
0.2905890132261568
0.1965285458088839
0.9288114793126199
0.6789015340821118
0.22518553803493302
0.12105009435853775
0.969984570758867
0.12623495195483292
0.5548204170214546
0.9140543246024893
0.803869637049476
0.9793514129751815
0.9014253633456408
0.7894934869535182
0.9117565435493038
0.7627385232482666
0.14798590665369837
0.6659963706580736
0.2706459779810031
0.08682886995052641
0.8253941556300077
0.744682236083239
0.8852431910055114
0.7768397950753878
0.002257843950273397
0.6822429853746825
0.7738792801528631
0.7801500869549376
0.661088534253331
0.13183595718728558
0.1462777864178384
0.3025518524275528
0.17379182663481374
0.750050046163725
0.0442053254300705
0.07587327783606845
0.16904173809696355
0.2844282394300601
0.722450295432995
0.4215106556370949
0.3711146426079537
0.5306113679549278
0.8999543562943277
0.6681013617184555
0.9354159484331588
0.973216747774065
0.35712724677338836
0.6054653133150285
0.8415249568644436
0.08605738415120845
0.4257246142446527
0.010228079946807744
0.6958730384396523
0.9812357823573641
0.15020626853839603
0.5185550863680075
0.8911481196334181
0.21558083393206195
0.5541110428210871
0.9116993224176628
0.937333352233654
0.6861443674833754
0.5631930047488864
0.004972617334104257
0.07941022278442555
0.808124693394159
0.8849931887593756
0.32234252189609514
0.38099958452468985
0.2430894025454191
0.2043938130645646
0.15027780084751075
0.6138078462995724
0.1379526694175477
0.4165218639990742
0.14406681881926064
0.013194647171987262
0.7791795668597254
0.4877455411047096
0.7846665368268881
0.6724285454830441
0.7342120396855556
0.7849717008347481
0.07543793146719446
0.2515855211886484
0.4138445479673367
0.9937334545644574
0.8702114284942846
0.2122074276682271
0.8711145711319996
0.9976884449964176
0.4776098461817222
0.26422793123672794
0.49785069452080366
0.6922025877033884
0.8911131383684461
0.3454569447478075
0.3625764783151102
0.88788315354859
0.3345350846339261
0.16373510127200164
0.5171377322024147
0.9521989593394167
0.580101449191458
0.4434965198741556
0.06383925063260532
0.035791665040384224
0.40290510218983844
0.11059189808619929
0.4843559143162246
0.31474450290954903
0.19381067982791378
0.11573388468000201
0.13092607980355342
0.08550772744152102
0.5016647831429053
0.6230569949152471
0.4282059509745111
0.6765902926529905
0.981018385645029
0.7905008136221539
0.21631512127976715
0.8779692717348828
0.9094242900250664
0.07850590495660725
0.04663662784389455
0.7222344304440123
0.03922399544705191
0.7942264587253056
0.542404318950745
0.1775183013498458
0.7682104402492722
0.03301125826757145
0.5164014555656786
0.9430244543043067
0.7939691728591816
0.36009943646201314
0.33416579096181276
0.9934125945978061
0.8393227745216101
0.6690626346930155
0.5929240284075672
0.07904790278088569
0.24266657020941396
0.03541170072332567
0.15739627806851297
0.01882472631183285
0.17323963650513363
0.4119772694785897
0.6599702290640568
0.8281147148851602
0.6381632637560026
0.3388853117185304
0.041855262748648814
0.7845200076441008
0.775634745893367
0.6592908777631983
0.7359517526840191
0.828957441841768
0.1264859066252375
0.025278091824209037
0.20872550907655119
0.19059667284906778
0.5415875381672921
0.520552326083416
0.42105749420954863
0.8215190821363665
0.6469652075981258
0.0031610204836580724
0.8672762477457914
0.28797537887274416
0.9048952422234222
0.9471977629700206
0.44968281291981804
0.6752484189122281
0.8339211129815598
0.9749515243255433
0.7587293302010296
0.6438620761202245
0.7410428352361893
0.6843337649585768
0.8300689712816591
0.852187066241961
0.8626148189440614
0.7371787779686196
0.3248290800038831
0.4039673971987172
0.917354319327321
0.7505027948805818
0.02828133063025029
0.5221696878102842
0.5076097896844536
0.15363315128694133
0.1883864037164522
0.7457690102087284
0.3679455666753513
0.0060268498617528365
0.49660894507713227
0.6165960312865384
0.8819371979101087
0.6430823707702291
0.07634810266523795
0.394697549616867
0.02348982543880429
0.6125131635434666
0.5264093160922227
0.10903810922534518
0.9246611373373148
0.8436559100727434
0.7325129778617283
0.6023280276613245
0.10590836703273543
0.19019799205998034
0.8533251418902246
0.04166006763189056
0.018119700437839947
0.9472491196688684
0.8616518950750818
0.37450378075480306
0.275087304851495
0.3052369201212797
0.09967901976310944
0.6609876130647243
0.6608407074632916
0.8581984968779339
0.34460306603893387
0.7816050420260519
0.47486938395929057
0.9973426759217638
0.39382699128454646
0.6486908635207036
0.5149730018101353
0.4691843395906643
0.5939885198822616
0.6283845818627483
0.9043498382479602
0.46249609185555274
0.21430057210904896
0.2830481064061434
0.5369272477867315
0.8568332620818122
0.5285375647263484
0.3116575084870934
0.46738005454860243
0.811427856018281
0.4259718222163471
0.820524605284261
0.7532606723390711
0.17093098304905774
0.9081174210842833
0.7618964438157851
0.7895954114994737
0.3561178149345803
0.4665280622792247
0.35929291428803056
0.03999563647536286
0.10867515463247757
0.8006847499508618
0.47005512389968573
0.1913224013380368
0.4015510642181084
0.8268011433595943
0.9087140699775726
0.636289868476388
0.8813290714682276
0.7061976550663902
0.9716812297857933
0.5772770841132466
0.7830736257096556
0.6250634300622244
0.15637296680754287
0.6146511819932081
0.9451874528054107
0.5174303217397436
0.32900221205774427
0.07139753597072018
0.3212839398694529
0.06559445523575302
0.7166130559749839
0.9807154722483471
0.27175111049832523
0.9765255392097092
0.10930256128412963
0.18232039279121626
0.8625267826065686
0.13187176444194737
0.4595261714332539
0.7924697600948849
0.5157316987444591
0.5681205942539389
0.11557709456860366
0.5925390765295022
0.3926990510751638
0.8419244381075883
0.8416379648647414
0.567941519544934
0.7185275117722603
0.9258213418165391
0.8394966782374491
0.508172507529099
0.12851096214085067
0.6371837572723391
0.6531325917129471
0.29272821886958567
0.9126401214575746
0.4017512613634686
0.08223309041886973
0.5176314578633217
0.34196575702374754
0.9322274471369394
0.31581782042322115
0.7732810989283689
0.08562550589765516
0.318431931236262
0.021121790416375186
0.3755654259111949
0.697601848838608
0.44399143179775913
0.19900280628113998
0.808277314013653
0.21609366202659896
0.9468579320547523
0.7085036224242398
0.7726407020288844
0.22084150445791417
0.43997439399591864
0.040919498127246934
0.8141926571917604
0.4045233334682641
0.623357954937676
0.2909098299189259
0.07757495083844668
0.3714895351194567
0.1874258654731753
0.8606744064612399
0.2856896244133391
0.15608702729044932
0.12191590969261656
0.8313529411859202
0.7533403327823476
0.9819081219193642
0.46131642917788507
0.06940708538339213
0.9179696387550091
0.6387721005438698
0.25897736648317915
0.35884262717938187
0.7320023462401821
0.27459243166657643
0.2835418669160037
0.6676576873256603
0.5393795234071894
0.23758761599780343
0.32126715606978107
0.449631856391403
0.8780367993542604
0.27237212928464816
0.7946471327628088
0.6065417447347574
0.48540674596846567
0.9477270516797323
0.6647742640407777
0.9382102431531643
0.06217688238019581
0.16486560023682162
0.6099088133886434
0.3352320139376104
0.698193387016711
0.3350996133425568
0.2618405509069279
0.13954036797428082
0.6342289253850697
0.027060492386069557
0.4774220113341989
0.5722886341593745
0.22671852529098357
0.6822599790150117
0.6691893341336141
0.5353370355412057
0.9105734163300663
0.8145633180574818
0.44042538123139274
0.2519479558470592
0.4225125207080307
0.3780839776784617
0.03077290673535371
0.42107912863036856
0.10131880080127886
0.9330707062421131
0.009681064993314559
0.46630952846712526
0.7257155905079784
0.8315523671419596
0.746230327616545
0.5710293672120488
0.9937976625975271
0.9115256520585682
0.8274692315348182
0.28155334498684836
0.5015774523955374
0.5772815334369243
0.44244355053622897
0.4089480385414237
0.48957773564159757
0.34760966659693593
0.5553707858414998
0.012317996071487203
0.6426079656002208
0.28642482450156814
0.47966342000071993
0.6522652311517179
0.5268016569977787
0.5285857930403115
0.35622895042092884
0.8508977069586587
0.5250710277786119
0.3624002601621674
0.8588907077599146
0.7277862254448184
0.34717574071767143
0.9809722929358995
0.4337777631242905
0.4164863218084618
0.3503865932221921
0.4187150860781732
0.2911533037758285
0.32857584500888626
0.7152929500556036
0.3617573959553848
0.49673322651007146
0.1574118050936475
0.35070774585455555
0.1381147085814023
0.9840157868866883
0.7744498492041212
0.5769307256898051
0.48019692454397256
0.2510623119585622
0.48627306968910844
0.9260146989172506
0.4080230044341635
0.16391280877191639
0.7872883698270785
0.8121096348386796
0.35669764207409593
0.41768089629547456
0.4906567214806967
0.749477801873673
0.35447185133152326
0.1062804511692299
0.5763204071302064
0.5271002076090507
0.9248564444849443
0.42278103731950023
0.12661817881431858
0.08985951812546933
0.22015221573122457
0.3597707432435635
0.7816079611147568
0.1714388417249635
0.20072095084613006
0.274744799534975
0.20044247127216486
0.09852285588030285
0.20314298859541013
0.47811793973771466
0.43542899627589504
0.8629940153034812
0.025894140982893443
0.6584589824753149
0.1431754497432749
0.5228674807504565
0.09395970401815701
0.7438174019312946
0.5461886356709567
0.18075940109667288
0.010404814324812328
0.04863822207801971
0.9969787568279671
0.9524453351809496
0.9562651693977824
0.28955498408061375
0.9599626430210413
0.400171368032862
0.24412573916177527
0.5898016598618603
0.9597287775487533
0.5276707710575845
0.06150798379968969
0.2823916308260168
0.8373336759443935
0.277249082639325
0.4551142541151083
0.284234137476745
0.7741026916546743
0.24789498634735496
0.9439538547188386
0.5599150988905375
0.901943827789867
0.11182144374848302
0.49749912619268866
0.15701053513088925
0.18674705624295074
0.18282633544390237
0.17099975418456492
0.2740554286675885
0.2592420989197066
0.922306477026545
0.05028315257797611
0.6090005917396453
0.14036729172854168
0.7803036780818171
0.8330832224277267
0.6313094304263314
0.25044752505122014
0.8272433258215195
0.5920823920880578
0.6297474136437529
0.9539395563825914
0.23945665119804693
0.3321603398235464
0.06926737340073585
0.8416664675338554
0.25554051940662736
0.3638530995799638
0.32912830248119973
0.9830790271658587
0.3537968541165881
0.970587555951232
0.4835164878676603
0.973272339627526
0.24001191978089764
0.12251995804338023
0.7186568628620165
0.25088941476136006
0.8100740947583585
0.014342420803648892
0.1713908438484748
0.13960767929553697
0.6212247001098297
0.4381552332933305
0.500392069900363
0.5716176355777498
0.9945634827198153
0.14394479897950752
0.07117584974094604
0.3966726832821834
0.5810449306017345
0.8047231816599492
0.8205661487512332
0.27036118709419665
0.7479942784803983
0.44124743407122136
0.3977452269018322
0.7256983865749485
0.48139718356424344
0.4104119771364403
0.21980571112023894
0.037986390088690314
0.799336711210078
0.6975259603752824
0.9756833755063861
0.38990930819299296
0.28386412077903733
0.9895433355036218
0.8661067371845017
0.9570864779017649
0.2540374276144288
0.5164056302550304
0.8485316187894647
0.7423872076696423
0.2617250775267086
0.1713883371893643
0.5486758601002886
0.7843348496728904
0.9388476611772605
0.541295131345263
0.6018603517645302
0.6463372957161484
0.5815521601923546
0.1500764587185457
0.4238238976312536
0.5786527751579644
0.6201431980778618
0.23437932978598552
0.435860626286513
0.008288452744562802
0.6174682462928787
0.03688709286774361
0.49857501077212696
0.06399209993092358
0.19416902894047516
0.3131983488394492
0.24175243132915836
0.23273741957756267
0.13161104982258132
0.6940288918554651
0.054592164483115546
0.6827145438647502
0.8524734650091421
0.7048000607872815
0.5849961534347552
0.4360928902248895
0.2681960771121912
0.5338697589535228
0.515568339453788
0.8440793028783176
0.6556202582920234
0.18789378700971615
0.8053915163249998
0.906670683145709
0.8216824833347405
0.10377223335372676
0.040927704841830836
0.4223231259593081
0.9760844530007562
0.21304971700537867
0.12948187793380095
0.5921265395744264
0.297961415271381
0.1597007735804361
0.3646356666358821
0.37938589944831014
0.5713342355630291
0.6786462618926214
0.28176777030382016
0.07065150016919075
0.4042064357091695
0.5896784452611978
0.5335302910129223
0.23980729229121422
0.7346229182259199
0.6192277913902704
0.7078263525967265
0.253072288681891
0.2599412202556841
0.2470949416639303
0.9907228992662533
0.19099028198684853
0.1657444943938169
0.5190922451634834
0.8917877888814936
0.6955399465963266
0.10203148450682664
0.40871214536894884
0.9321751791464186
0.529564756709197
0.37674250822805133
0.19363425783401467
0.5716991077415574
0.5144648975126871
0.268896503776882
0.8543928708904454
0.4733779485844076
0.7230789186932951
0.1480540410165303
0.2973154284622588
0.44458524741689653
0.4548822550717484
0.6120909377353108
0.9837204610283181
0.4214298900882254
0.22292430627519977
0.7061706725963521
0.11232810545796235
0.37290128172867565
0.803995519501217
0.11996232585399125
0.06770243042966673
0.8948777966786949
0.8968992853323439
0.039707353275404644
0.6610197646236367
0.3803593175641382
0.2707577138512818
0.12415386927561323
0.5444685387126664
0.280018450290771
0.12130179910330607
0.8409183777977383
0.942469946127181
0.37560191893417705
0.6196580381088963
0.9848150014583112
0.722335989737529
0.7463453646904661
0.561322309799934
0.5829240800045337
0.8579536114027855
0.4103341015847015
0.06943884984700954
0.7330828270392897
0.8951289340580695
0.8850728659364737
0.5206207034538319
0.33971079569698914
0.8381031063513431
0.6943153893387515
0.3318765472748515
0.28004119960060336
0.20564161922038693
0.8131909972598725
0.30101129472232735
0.015268644741187165
0.9500732783694668
0.37059654815447085
0.10944889103688804
0.8280750146769118
0.6775660405557669
0.5311779631553899
0.888437577571904
0.12024236883682948
0.6914742301252059
0.5935931901735614
0.15217005363276592
0.12855224826017242
0.8153621480095681
0.045420641556524144
0.6489884790873099
0.5955570158968355
0.9181199899463512
0.6462205662563143
0.4397115495048416
0.7462992380666109
0.457369966626644
0.9924044593860664
0.13982805933489972
0.16213799782618055
0.7974819182329218
0.5890737564342703
0.49046022924516897
0.08461247848731857
0.7902019473897239
0.8059155462149565
0.6217954017785914
0.9585501487391681
0.47814313759967053
0.9350308695781424
0.10497952356809614
0.4995656773251309
0.3328066132771095
0.4449049371685936
0.7769664381546446
0.4832011174164905
0.8178188649673419
0.07732305252221061
0.40461893531628057
0.1070320170058996
0.3515865910161027
0.8999264111892167
0.518580490281751
0.7438631954276858
0.7769683561763912
0.7718068325530469
0.966336487666899
0.17288883882439365
0.21157456690447618
0.7123124031760883
0.8863393277509266
0.6403849519707505
0.8077676516972663
0.474410997011931
0.45777152209387784
0.03139671047414172
0.4476253825136989
0.5583046061207646
0.9824226287606814
0.9666014745750959
0.2864893549837162
0.4242407941372712
0.3608805874840886
0.7037574660891135
0.620279814876896
0.42392398669645437
0.7699733364140096
0.6936504097474241
0.4391063411802332
0.12811827988236457
0.7325135799978795
0.648496023333758
0.13290929188051437
0.5739474752947897
0.3946765003332249
0.2041960993581977
0.5213157715713386
0.30385226402016974
0.18751639905690287
0.35316864169784346
0.35856640345347546
0.4718574643901785
0.09249556134620729
0.42409901284963336
0.3555682890054148
0.29524786422927796
0.9282509172101368
0.9430342498675801
0.811571459669975
0.5674001417131669
0.10381584970327773
0.4417921889531571
0.8617911989029232
0.900021286197612
0.5785722704559024
0.4451185832962532
0.8764316967464325
0.6139501639999194
0.06492153505858034
0.19904212511078123
0.6910925429596932
0.11930891920969677
0.7590432525513315
0.38680319826379894
0.5571239436606028
0.6404042347669314
0.4645631228331639
0.8957461741042114
0.7280090700422255
0.2889901462677531
0.3199113119532313
0.07714591986434494
0.3489321988283265
0.1351697641214007
0.5819374127246215
0.5369843435863433
0.2920853614304457
0.8996846819941922
0.968112077230471
0.9392802391562447
0.6402028746668968
0.9771474566817082
0.43338955938261003
0.45884043179710643
0.6454232287040662
0.6780528725482928
0.5467422412057585
0.10998095848964518
0.24589764044297913
0.5007543124904348
0.3420043426148305
0.46772990328406827
0.7066504229503356
0.9332602162817953
0.8136516673773582
0.0049601065440405545
0.2810592571915611
0.29420344366383455
0.4542096561532094
0.7863556535022012
0.8526531390551448
0.9123242906850124
0.25511094730757766
0.9931755892240264
0.0031751167038911454
0.3213061739110705
0.380232053856989
0.747348443629412
0.20638068202982995
0.8255161499265145
0.21943839800375287
0.006441419714540819
0.9935492765708624
0.3991746845067299
0.061865235012661834
0.5942723088433954
0.21689916111609953
0.07653163134961516
0.9474113737287666
0.04054620425045985
0.48008338207378776
0.15022747198327702
0.1239766960611437
0.34136788742366253
0.12266172707892165
0.120816965389132
0.06986827377489502
0.11733341491214833
0.4801618579611666
0.38836457036706595
0.5734449238708093
0.07246976921788928
0.8624158456106275
0.40139842746070054
0.062139128465641624
0.498789964695207
0.6755878193413307
0.6790554510842866
0.9309107749065293
0.25871846577987556
0.7871878038523763
0.835001560243426
0.902010382160892
0.3208345052977506
0.9194555650817022
0.45854602421398893
0.21639613124158164
0.8425545149381946
0.8230287036404482
0.4578475269008617
0.49823876334991324
0.6184390839224554
0.18278571686992162
0.654201639341655
0.2459090819220815
0.7166409720669635
0.4381776167997107
0.42177373652108274
0.7605026290041097
0.785401081358891
0.5978441821544271
0.8958577312412743
0.7834860298392088
0.23964507961457127
0.7807394778452876
0.40966977126467485
0.17695517194681298
0.9054265084338862
0.30444219389332594
0.4401856465625995
0.8841965065547301
0.29040998022280284
0.2714380522985509
0.4516585271088709
0.765763330321988
0.46087649729726254
0.371496546565927
0.159394591051917
0.1408349773867701
0.33862630926190085
0.8395673071199679
0.12962356368786243
0.012647349703113875
0.608670069295369
0.21544948139069153
0.972278152513844
0.505962244816262
0.2754168959199841
0.3279565476766051
0.938440485213812
0.7034643976016226
0.0017573320236701218
0.22534944012499203
0.7748083712981793
0.5189060349296661
0.035265943021742574
0.8450362134709941
0.46046777136542527
0.08019522312381322
0.004208072754485537
0.6629906635446585
0.5514539844063671
0.1618696565637754
0.044277914716117195
0.8009705933488291
0.8147974171566437
0.26446854888743365
0.8632039020969926
0.5966398737129119
0.8900789453075959
0.2981971164292154
0.9973047386312994
0.005757420429813198
0.5200699630424175
0.7937184657712169
0.19695821324408347
0.4755145006125374
0.033588195371929475
0.8016058516485385
0.9309725807246434
0.8512139988690535
0.8479426550485607
0.4384268317819324
0.06827977600589707
0.41803036933594995
0.1227796370015608
0.5659617662469094
0.20497076187901597
0.08848592765624463
0.5261172494281734
0.6872805943672127
0.2602155380126765
0.07897911201645558
0.8400062390225307
0.9251737288394815
0.036268506952275015
0.25324667754529084
0.47502396239651934
0.12870965664883194
0.3638081934234776
0.19374333789809217
0.15155865670368684
0.9916045032717888
0.695269070510059
0.22675815015466072
0.22677897362902288
0.2355736640839281
0.3984225707983198
0.2858695315343305
0.7292816885302891
0.9675105663557857
0.957212959896862
0.847743433859413
0.6796724334267288
0.12035211426144299
0.5525389750951049
0.7101145824954778
0.04322051871154131
0.46128725493575073
0.42497431402436625
0.9385482495301818
0.4572441388083113
0.12791174163067032
0.8564391698316605
0.04620216705558544
0.6578083913143016
0.7420852581033865
0.8534858043758027
0.20524323417583412
0.26154237614385467
0.04975071000517328
0.2596036580973671
0.49517441238673054
0.9058311652057023
0.3432751085465433
0.011106651668487899
0.3503462386928671
0.56685276282914
0.9688602943346358
0.7807382467263568
0.16272000191435088
0.35488100560667
0.5186266304777665
0.5133169179563002
0.5192600089483552
0.6032471304096627
0.6406910610907659
0.7596433001335428
0.27912407509753234
0.35699688939679963
0.39052676754927074
0.8193588564138281
0.3525721696580535
0.7980619311393384
0.15775841802049584
0.0684790773177455
0.3758730830117092
0.38090940350735725
0.22851803874637122
0.6403625858373239
0.13363567868191706
0.8361570876205058
0.2729752633495943
0.4394515552670655
0.8867289553969064
0.6650261831091817
0.3952631743942847
0.7421493173538034
0.02309947865255957
0.5049751514749234
0.010799815262505286
0.9270613695776144
0.6957514336742918
0.9839548798462141
0.27543690680505506
0.9314299369991756
0.3839606416629311
0.8392873695231708
0.6427937400765766
0.05506169919747439
0.644470756050241
0.6199975553531243
0.5093358132050734
0.47310884349117166
0.44258072671783877
0.34731649493618466
0.02205439234547235
0.7408567537481936
0.6364726909665857
0.798034427211582
0.3224146292750163
0.5388105880416401
0.2839852430167904
0.9326419619754063
0.64216369853572
0.11304176243229014
0.03232301274333271
0.8655832853628165
0.9869184374633873
0.2449085601180956
0.8372965398829846
0.9988042576910325
0.6910074371382235
0.7638700318447114
0.6146144439556152
0.07781810090145691
0.784495402833755
0.27773134095697594
0.20056873577304035
0.28447847106824087
0.0014137681605772556
0.31843350926281166
0.6394200721757806
0.2027501283477251
0.8709156821002535
0.8345200895435498
0.2162927369737062
0.5065371586865315
0.31524335281550875
0.40017478607052515
0.23544647187956125
0.4135749430494611
0.2776673616016232
0.9193348861944601
0.2601458214401975
0.36838180684344835
0.5535517913285961
0.49933159381016234
0.9577309395139262
0.46629463705832297
0.0569123273680614
0.5183643795738171
0.17535626295741213
0.3058991590786342
0.1458793205572504
0.6252406709598333
0.05841648301237479
0.5345884740311992
0.46960409926842717
0.7157680480691426
0.9445131250717502
0.5853225921734198
0.0037099247304990257
0.6127071891975959
0.2815976734547707
0.09763096365573798
0.3034889146550639
0.0937229116787821
0.3033345191983976
0.4658503812620469
0.7783806512887932
0.5580348836518869
0.6339604138389181
0.9527424061604914
0.04989472069235257
0.4501937460564671
0.6535055725640455
0.5691046167521381
0.9694663398191661
0.9270570773033431
0.6252193627020053
0.27535079484411584
0.5254202909153105
0.3715416323736005
0.20229383638114595
0.7195412652406603
0.3356850999011858
0.38819696469442877
0.8540090304402537
0.7926850109341337
0.9316753848929757
0.4124099920121529
0.020932082030841626
0.8546001819369768
0.988505884562457
0.2009460910192098
0.5982528173435595
0.3617471745045264
0.15450238289689255
0.035779730385193
0.7679521789048187
0.37696149204016227
0.8310064999250242
0.6495826979802239
0.7797875860841332
0.02453879079381527
0.9139525736067746
0.3173053918217752
0.5304831047452958
0.7320125816960754
0.9069723574058965
0.7941521462817349
0.3467965806558564
0.6227869162731947
0.9191880382728712
0.6192345664503554
0.8170597928540666
0.27488979364327815
0.6410059496404936
0.9522558303833819
0.689673143010233
0.3370528841899587
0.2910856709520906
0.4182395011142055
0.6508439868647322
0.4403817543102875
0.8514711967572071
0.5756535432470737
0.6120799510544979
0.13129816640523284
0.7835222490782423
0.34917772933585334
0.5567583044679034
0.37338177313670706
0.3721676108203502
0.6637035856356495
0.23047080681973453
0.39322791531932366
0.9344841185288135
0.39412067447537047
0.5061392278575207
0.2821696831666134
0.21478587955824557
0.7924457708470094
0.11497436286112284
0.2521981177450856
0.7663784199925507
0.6817940786623
0.7675942335846604
0.3013524249323849
0.926758687147966
0.9844731692572859
0.6590079885404101
0.20847176268664258
0.8780946824002718
0.03447877994088122
0.0916778629110735
0.03975763972532076
0.3397059403297933
0.5560911127019024
0.2455048722371851
0.3502789793321517
0.4888625663255248
0.20443327287573942
0.6740922181375169
0.08862989790308418
0.030262544226666854
0.43284555117132806
0.7853756912047329
0.9947068273441328
0.4062505759812032
0.9428125276986894
0.6841838609775608
0.5147082728151189
0.5576467812120844
0.9734821191603749
0.17261336853072917
0.3505391503183062
0.958418968287811
0.03880188553794839
0.08942494033432191
0.7315159525245816
0.35861007253783583
0.2702522296230476
0.5100382223445394
0.19920239516346006
0.08903812131783884
0.5867949573138285
0.27773026980472126
0.5634169503492998
0.5558846523517573
0.9236950621942555
0.9182734230656979
0.6684193819608795
0.0285922087178625
0.2875708990472774
0.9487638119101958
0.24054772980111272
0.08315254890750334
0.20985146832500212
0.24771423900365686
0.8636371506818017
0.22632412483427888
0.8846664964946291
0.5290463002830812
0.11659203049150868
0.3275825832267578
0.3621345311777786
0.1707619543215504
0.9545675075088507
0.6576898274065277
0.628124429218307
0.5878007404542094
0.21964671916674483
0.7348812501164408
0.8115853480820718
0.8296769599471847
0.18439480073450576
0.26879179253623287
0.88689174268201
0.6287816219054305
0.5512103431802484
0.2513331404869421
0.19204816585147588
0.8737291687783884
0.8953223137611499
0.5199405210561387
0.814013179624465
0.1779495810300724
0.7745885047018797
0.8768935681720353
0.5278043883487022
0.26752998893546964
0.7173637952456997
0.3897454474039408
0.26334869401769034
0.5992485119095423
0.32314147376555513
0.614409653469802
0.4347068288186009
0.4853779393010509
0.8598904284594853
0.3371397835465231
0.18702244748218977
0.37169481284774397
0.19266997765190008
0.8407863671324889
0.9702242112580808
0.8879855151691551
0.6027188119538927
0.335136136435084
0.581608150428335
0.6871736692720767
0.9526267348780924
0.8505798071889286
0.14837666929648563
0.4987784156789081
0.6626527914195923
0.7643113394656733
0.5976783899707434
0.5757182233550726
0.25703497246600304
0.21692944711660211
0.5953749947521636
0.46356872980530905
0.3227935026749844
0.47713433657370996
0.952923372360013
0.5625242769083791
0.9770095795840847
0.02279880357194819
0.6969372992942131
0.9069356341776196
0.27673345420236495
0.8818041187371415
0.8779623619454227
0.9153498233954294
0.12234876463233557
0.3751615893013922
0.9427488097744567
0.05743035220919546
0.3110152479658874
0.4229141206303981
0.0261267310725386
0.8539029980518325
0.5860287572907592
0.16189625288388787
0.11893755534415318
0.1738296436601745
0.5914468755638413
0.17672706805165395
0.602907119100504
0.025244157124902467
0.9604918174065569
0.7736141104126764
0.986868687970142
0.7687072894230103
0.24770901147656565
0.3141678230938456
0.431401269543789
0.4204706287321396
0.017973387296871035
0.3297904737867625
0.006772139382711373
0.696484238006327
0.5104947089644991
0.5581749811191985
0.06469039051886516
0.525854436479336
0.7828757028761761
0.4829462466305987
0.310994231935551
0.5863418534168561
0.4952870156829412
0.941608408050215
0.8164669937450562
0.672783131319324
0.6626297927858458
0.9504662048442762
0.6493513511049966
0.09017960795240065
0.49412640265781094
0.022943163414897327
0.8453755512163212
0.032763676942258124
0.03930300582322643
0.2491614930540753
0.18418583703377656
0.5008855411204887
0.54602747938778
0.5966650975690861
0.5392976579658064
0.3081848447381672
0.4965547022607071
0.3246599860684918
0.5668940476214206
0.1654806085333138
0.9078993593250615
0.5361743664057506
0.9424586465006088
0.837838361826788
0.015075828250873391
0.5566896389232399
0.19476548136163996
0.0481032738668945
0.5641500560431822
0.015781044590249316
0.793498653716235
0.7934881175033259
0.9214270311091446
0.3952133178391315
0.32862849720447573
0.35566668635017673
0.4274824322612094
0.9787448564721337
0.13392121292982706
0.9688699701638901
0.25613759397592584
0.2032126132441927
0.5514209859103676
0.2723326259807317
0.23004544481771982
0.36697399927078544
0.20865972096847485
0.704356080046445
0.9267415970403023
0.129542628168126
0.24000210055855375
0.295221232885744
0.532384703536037
0.16944107854179968
0.17885760407421425
0.25394738763984037
0.7182387189645356
0.9278544035478506
0.27874726994668175
0.4518582055614284
0.7465674073621136
0.4467247616337926
0.5141611113007838
0.1829841454661989
0.6913845940612753
0.7541840490937508
0.21784313212675777
0.6873500276334774
0.8693482136829669
0.10794032923831165
0.6358038414917153
0.6966344360437868
0.2657862216736806
0.8610898552521613
0.17194193306438832
0.08227762611554312
0.5781795468654249
0.774648620140624
0.6042908848052853
0.4672442477039789
0.48406923860443385
0.08055333986121771
0.6665724430046365
0.7170264236111419
0.5959485697557942
0.3100349580304398
0.6314525691537503
0.06481828239457932
0.25164491607825146
0.4803599337415445
0.6398579611643316
0.8444148482252682
0.8307733764697851
0.06919046338343571
0.9265239662664964
0.09332568793014762
0.5248432254062299
0.780880307303861
0.12383972204522342
0.08819130918234563
0.8260251650633865
0.07918883524918985
0.48104526915340795
0.3859632840033689
0.9687967551206793
0.029807309414001226
0.9335020489240233
0.6065646852718087
0.9809304133577306
0.010753415095929864
0.3538313435928939
0.5023963160195244
0.7060790625297244
0.9997758257693601
0.7757184069869361
0.2687468425963664
0.11406811826330698
0.1793134915393637
0.2212580020708581
0.01482670324306401
0.1221400120179339
0.4553976281429064
0.65850027806532
0.392673289930898
0.026118547185597807
0.31715447109879147
0.5456550257169004
0.7050057093677649
0.02970672328409041
0.843835516283014
0.7217070801638374
0.971436605507219
0.4084731235108263
0.804171266787336
0.99667188124634
0.6647974520690345
0.6327670176711289
0.5052319268287311
0.4009801010658782
0.5043078437277395
0.23994265452545638
0.5425220562430557
0.42513698344189765
0.04950360789804864
0.11867760717238762
0.4426290261961965
0.2709600084401236
0.9315090148128049
0.468458441986793
0.5183021900198861
0.7865169587893963
0.41955384213667135
0.10919393385342246
0.8999027641196184
0.6542073362312699
0.27366180814681096
0.23520068461247057
0.5939879386102465
0.21420203733606802
0.6020017494480923
0.5256350332541146
0.22457881329305307
0.9697713660285101
0.09379806697894266
0.9618160617058538
0.5993098423899481
0.6522880312052339
0.41801673515134974
0.8638989317522299
0.6106055173773686
0.2479682393489102
0.8158441771514502
0.9079687918291113
0.08244406823632944
0.4283038452650638
0.22185957850172788
0.7278560658895525
0.4690740077523239
0.45201292160660866
0.022872584334983515
0.3808140659649659
0.477737768774809
0.21177049683188454
0.8572509983315988
0.32707825132165547
0.051171546855925065
0.4483324829826145
0.36054293089652534
0.7226744940631991
0.5446000650696889
0.7771703775049181
0.6653936834352474
0.7671359151555877
0.8316788558494295
0.5853024886728941
0.9779944067275961
0.5296655314677357
0.8820676020539389
0.8664339310782743
0.7090110692172973
0.3953090703130069
0.5341997704447561
0.1927803090813036
0.1312713883724792
0.3880791318364376
0.9754585818599808
0.8834378175861801
0.48394519870606767
0.07164210910558677
0.005341464010027108
0.5225136584867307
0.9656888814773898
0.19421733816634634
0.6284349107915077
0.5424548963600386
0.06685814090866238
0.9282808512581808
0.058418983936890934
0.8184946243902793
0.748208573658655
0.367169758972858
0.4222751553246966
0.002972163754651147
0.8400431398227926
0.4182737290500158
0.3003848094641537
0.6110897942921478
0.9831278481839458
0.09335020049143883
0.004438116208927978
0.666476564603169
0.020225259712784105
0.9804151815186282
0.20794601606821383
0.3337487138593036
0.004190764389776724
0.5454981680962079
0.6796351753784875
0.3573852006560627
0.6290971326461519
0.6693903243839974
0.25229057573655234
0.546248219912645
0.5391180766207675
0.6894373216645131
0.40610454162449194
0.5123937759514101
0.31906494327890855
0.3967109988072981
0.8369477353097337
0.7598949914416806
0.45969257735359315
0.43729436102265007
0.11763544839977746
0.7013534112643853
0.742549556163655
0.18011659761993792
0.9125692765084479
0.12435828574397423
0.5212418825906355
0.8520518215600104
0.15961055647447142
0.5444184652375785
0.02774048829064446
0.388870708622608
0.5452232208860686
0.10761728054368591
0.43360484796111654
0.2732463211778917
0.6769565112427178
0.7566270988837258
0.7532691759891548
0.8534324484980387
0.30146900848717495
0.19321475994521609
0.04024123616143038
0.9713390213557824
0.8592811679813379
0.3633338105562389
0.36367632985041887
0.8182491741684017
0.12765924781477178
0.7382412555957087
0.7421169125445495
0.5299900610072805
0.8820582222953557
0.2587608170426128
0.22910285367344252
0.9045506141125741
0.7176986397235563
0.22400957881586492
0.9546790524126754
0.20426455664958953
0.31047829759197243
0.965586004575794
0.8939587453022619
0.46468205153323217
0.11377721244592354
0.21232733457342934
0.5554831539171499
0.6982712443752104
0.5724126775436491
0.11568192833319091
0.22810685461710767
0.2567115472833832
0.9913082825287234
0.18859647580883543
0.7255331507815836
0.6845693804222721
0.6313866338172938
0.7624085726966081
0.2153761098379463
0.10656106986652114
0.14947801569510588
0.7462106279963894
0.1446268084462663
0.6909096015826135
0.9316561475088674
0.31433834772858327
0.06536453008486354
0.9580338366090382
0.293927707561056
0.6632088532969371
0.9518698645511825
0.06486584776225346
0.713839664308618
0.9538591660976563
0.12618013582306586
0.29950177326395155
0.971879293372667
0.9092848745419495
0.3668254075749373
0.07894486082889096
0.2750915330116199
0.7067774421971442
0.8541197942615448
0.16839838853978573
0.9617482116907232
0.735665869841531
0.555916788618523
0.0942308186491636
0.5554252152212031
0.8170549622922922
0.6158626998739609
0.5873060246474464
0.22582785466183597
0.6362802995103864
0.3948119629683222
0.7509914874133079
0.05551645894110635
0.5789609925093366
0.34847565096161803
0.5687423581354272
0.9436727091083994
0.6750780679695216
0.037770822645619706
0.14899743973604918
0.7353906088079443
0.4903963707819172
0.22003631740864993
0.643874785124094
0.013179902016563938
0.1849879114443198
0.14803282773500936
0.03736273885463648
0.5043960019185614
0.0764376539759759
0.9196299854809644
0.17396810005640795
0.7892504508784943
0.8289870319695472
0.7578204669984898
0.18711921365697504
0.21613531990972068
0.7847184967767025
0.042005746585928705
0.3670939096008563
0.585719995887181
0.06549598410963653
0.9435183061095564
0.6156727446034436
0.3981183461688018
0.9878383655144178
0.8590995740497849
0.3334183899823506
0.8034525168635063
0.8072644469729902
0.3487851812011502
0.5434333532156459
0.16656957300936104
0.9950167369543619
0.9349907385602854
0.540849048684864
0.8273642751576422
0.9255317558959337
0.6255468523825869
0.8675681197051182
0.6556976696074905
0.15222217124384319
0.21077420693414672
0.08736067777378964
0.8353758527873059
0.3008776461143976
0.8940836892137132
0.21844230993728853
0.8016492041370591
0.4317686479435301
0.5420188613466337
0.040645269929679095
0.25788756441433147
0.4645388643768602
0.8808310671235986
0.032530307787792756
0.5551544247741107
0.501966775845252
0.28744770307575873
0.2559906794719209
0.8042903589356409
0.05467640840123256
0.8382778327859222
0.7169544040058724
0.7366480351103986
0.10466623422434118
0.8243726780145806
0.6775330957023249
0.12176391746312643
0.9163847214163734
0.5225709432959116
0.4287659289222976
0.24275121418419432
0.02275933088057669
0.9289526967635255
0.0061245709130779424
0.10597006953019394
0.2088454134087312
0.7014866582804429
0.06364886939474457
0.5293655404795357
0.04673423349413053
0.5307447912702807
0.39713455099843364
0.8548595003848081
0.13573923015580736
0.48248689149841084
0.14813819098447656
0.17563325756833725
0.7840951796235112
0.16097263834871178
0.4085618222543883
0.08653729043081948
0.8201079072508541
0.844535109954266
0.2833936581642491
0.3952746566463021
0.636158293976619
0.11212802342010586
0.9281607773478373
0.7883931169691185
0.5372402922151538
0.05476454583389012
0.4384024868594345
0.7032825833410055
0.9337340665237988
0.09092209332812184
0.20640212372092748
0.9051377105225697
0.1742868204496275
0.7131219447306569
0.21171892043590668
0.05758137568805144
0.8031780976586851
0.2650742563687718
0.9388430665845549
0.6426500920785281
0.2251585656425894
0.4398123673950962
0.16833300764680237
0.36345680621793286
0.34440781122196373
0.03737735537611453
0.7904849785790673
0.7543074237785212
0.3367820993745194
0.8638588848623372
0.5269591884637232
0.13472602460515404
0.8038185630101062
0.23417144664083178
0.11032992402895747
0.3894996386204743
0.7627918705947332
0.15390433343494037
0.3582409077889519
0.31483229854265216
0.5082977359338443
0.4467924593381418
0.39389186616861505
0.8796606773687932
0.025103321780844956
0.5377102379552714
0.5576865759342491
0.5135671663597621
0.8446453636164457
0.9970169268896347
0.30063723240493045
0.4691628349968031
0.21886846833827134
0.6277188891731813
0.13045812323335593
0.32977024192444215
0.997395912648499
0.39209868295518646
0.19774838188915678
0.5685108811689419
0.9133800509951338
0.521687711500914
0.39397509963916244
0.42331610542145337
0.4976492410253781
0.18354272929558046
0.02028851364945239
0.8334727865048841
0.3449158041357985
0.015802339085527528
0.18934279843464075
0.03853124293520915
0.9632329808222295
0.4236939674422988
0.8320641227643089
0.8165832533799569
0.737537668596272
0.1285495987534262
0.7751240861448057
0.9539765730647076
0.06913418643051505
0.5865628434409436
0.998740394706398
0.6639003852863301
0.4214504456840702
0.3430322291031531
0.11504310240683058
0.7951629390945556
0.19134276372521075
0.10366560628519284
0.6187694450753543
0.39983739573603705
0.23348515766365296
0.16007364334843688
0.3984867750786816
0.2929937228119257
0.013242479866365953
0.20037574939200842
0.40381224488222256
0.8250624425325215
0.27022417735380944
0.12221199013976647
0.13246610488457256
0.48799434078324677
0.1068607578862808
0.8682044342361133
0.7295492522478264
0.2864502648950642
0.8877281393244734
0.6184669811574814
0.08702887018169925
0.39028681053859793
0.37587276652348334
0.9119218594358585
0.7338387451530952
0.8166692274496523
0.6429855574842565
0.8551304083545819
0.9016228350687514
0.6874589692946871
0.2827041110794981
0.870547246154683
0.36930455348892344
0.9274664566223276
0.43075877134434726
0.8065988303144591
0.8508566029283833
0.3504635467794459
0.018116756965622427
0.3426213941288494
0.4489598405389721
0.6826029365650554
0.3743116000679785
0.24247275969808357
0.09295408396565863
0.6563006232157675
0.18604152756470915
0.376288571133083
0.4910273951632629
0.7910899629058359
0.10096245967048145
0.7776461360541465
0.17674289452179126
0.4992110990129659
0.49912683965194415
0.7938669012604629
0.32256310747317807
0.2705922170484232
0.4286324311363263
0.12987714043225318
0.9906242486197285
0.45322116617871866
0.9749864981292513
0.7206936993526643
0.26987984199125603
0.22971691806074435
0.13238285803034433
0.21349724203140164
0.7592355192149185
0.8800583083461133
0.25616880438392675
0.21932435592799293
0.3817579171298813
0.21962381551871446
0.33449622817790403
0.9971722678126442
0.9328339812472299
0.6564330062282839
0.05595674555955332
0.49051671925287166
0.25361747792183476
0.2827507421019475
0.8964407284369631
0.7708730290828099
0.9887085074064386
0.5699560223638651
0.22161230951461852
0.2935928264868841
0.4226094964273259
0.9942595623932964
0.15485045363245997
0.8748293541245558
0.9684926538754264
0.5966575873954731
0.3299161232739629
0.3571501892905027
0.9873682286020387
0.6829450587661792
0.6553120828534988
0.07838533754486998
0.4602776292669051
0.45692172834243405
0.34149506627291637
0.5463535170914218
0.4417653582932515
0.30480483410062376
0.21127258335545673
0.17288531556188014
0.8129751367909119
0.49403575263256316
0.9339153817466108
0.27442959088390717
0.2973458651926375
0.3023173839206428
0.6656715175821082
0.41846800049555655
0.32907547008593463
0.7648217030093982
0.3220098218371845
0.47594291310601955
0.9638154790535882
0.8935726586344375
0.6934416714670413
0.4915318119394656
0.4336806199089387
0.635446563782063
0.4805577564975321
0.740999069597607
0.14728249411132266
0.7094555421686721
0.6076962063725355
0.4798134398062339
0.5287195502006863
0.1834242349575821
0.7229853341210428
0.5409871215491102
0.34546794587242124
0.16778616909315058
0.062479819292623695
0.3664471433086942
0.0020957714416727224
0.2021837176765826
0.09358126549157175
0.8379908104969018
0.1910047733176501
0.9469773824377483
0.5806148801707087
0.584354972039228
0.5138512088516953
0.24389241688891694
0.33772935374258384
0.19306639089892386
0.5317723367213945
0.11411194603267916
0.2532178728755692
0.2332124468508181
0.5010605050703556
0.4627174743714928
0.1619973721866781
0.21303033770041369
0.796968172495991
0.5909765488926129
0.12430490504161607
0.25157387938952636
0.019410091577799715
0.07349141887774335
0.7594085707801941
0.46336658477807924
0.5388552811293417
0.4479304935056223
0.17654203813199576
0.9023821243302474
0.6866315829530703
0.7304397172818335
0.3705270623751744
0.1606572939378268
0.5716281841328432
0.47781176444287277
0.1769771936321609
0.37998529093695566
0.6303432135680893
0.850510181563827
0.8423716099124519
0.142266125272122
0.5403533794888109
0.621666484972587
0.40681401983978827
0.3722016156178771
0.5593897677473869
0.80579548348708
0.7483730200009377
0.5257113703955008
0.6607117829393707
0.9647775567588324
0.08125415648421708
0.3665617892509878
0.4960619532663548
0.9678006841579434
0.22654147071860598
0.6919420161359431
0.9901134846951125
0.0018360796597769458
0.11618429327544999
0.7490238423699609
0.16368091501920423
0.805143889380818
0.5970814012919057
0.35665581715968364
0.6991786725864475
0.6696184795778508
0.27608084128966204
0.7935259452926913
0.692488744007201
0.9815674593099595
0.8754960571559456
0.518560402473264
0.8791648882175611
0.17441297919844567
0.9303828329284021
0.8802579968281319
0.8498464269219896
0.25513126833544275
0.8522681695527594
0.43036843493844845
0.7316910308066018
0.39513770029343265
0.46588678791307414
0.9176627783308797
0.9967158675889494
0.740602150417873
0.5105902030517233
0.6575651086032308
0.33707049136948464
0.5951929950061545
0.1267400190629917
0.8231536869231015
0.20448923862213375
0.36092382919740684
0.34655970843263106
0.7582187665690148
0.3843241035956897
0.6263763598276448
0.011641045215452062
0.6332755257211435
0.6889898398312664
0.052781268411223436
0.6722414868140782
0.014351153598894717
0.05435213849638765
0.7327080099363368
0.8434181583728777
0.5317797889168387
0.24302797300458145
0.027294555595045678
0.4044925649854625
0.0607513969306861
0.22241435148383104
0.5702977077230074
0.41587584732010807
0.8846987271441258
0.9995949903052546
0.26855415704034646
0.6901088208849797
0.995941800827363
0.9199896401675378
0.5636996832489385
0.16751929115974717
0.15835002269481735
0.5783572205556609
0.7649280261074718
0.1885603124416646
0.7107002616764315
0.05669801601675739
0.19483612172817666
0.56439246454667
0.28392579672112683
0.020658017991606048
0.5190952275337923
0.5066495867029326
0.6195216389014
0.0899605677059907
0.11782029445862019
0.08023349857302842
0.2518398662136614
0.28855986099025177
0.0783166004924345
0.1242463075051925
0.7842481579139184
0.24839008197959833
0.07820755852686712
0.7917577556713937
0.24293623037601653
0.008897176545720198
0.949539374086144
0.8582774458132492
0.0698706230513233
0.290324259348929
0.480328856110263
0.5938236640440673
0.6124677680404795
0.09603422720706156
0.4767928481788588
0.8525707173240695
0.7870769878565032
0.7126613296515043
0.6260303358357668
0.38313868338655666
0.6381005952218828
0.7268370215628528
0.8323083694464082
0.6982897461163762
0.4820169523438993
0.8531418373607791
0.6426787866324464
0.6037309507084192
0.8773961704057192
0.5062115401149132
0.10028635339949155
0.7497699521578141
0.24969908843504185
0.7944269627783582
0.28845653659749404
0.6090574705068081
0.2688815113607246
0.7609126366183501
0.8802458036156253
0.5385664085624968
0.6567979680896769
0.6264202993555779
0.2882609676545922
0.3241886376064549
0.31036234927100015
0.20778532549817808
0.030520325838343076
0.1162116825145878
0.789032701286762
0.9098381402812292
0.16854969658808505
0.7787133091504628
0.7507328794016888
0.7572442737998499
0.10626305394123436
0.7251949978343919
0.9398022457474227
0.535849523616033
0.732229848129113
0.6011630391528231
0.9969753862784902
0.29325987090618133
0.9759099606734916
0.6350142749477088
0.30453344067517674
0.7221733934740082
0.311947568531983
0.0864455869410774
0.17289018751730612
0.20347847922743
0.03295822403373805
0.7798981392070647
0.5970651773556106
0.0664450426242642
0.12279847500727481
0.9160161738300852
0.04397320528680848
0.4744150736868473
0.4260451873481128
0.010951833633501273
0.534211314404466
0.8071223214977217
0.07912044213912739
0.038907285295679994
0.5720031925168463
0.6979052719913743
0.7099138966455893
0.7474745431416407
0.16922065744235493
0.11896387277539677
0.6508079393807356
0.8248124812976345
0.4776918256181273
0.0734915279922197
0.0361417155515531
0.3454318842889257
0.12180812618856707
0.04239742718349282
0.2924301425353584
0.8961241773821276
0.5341165618807864
0.22933668401470975
0.16479884894263597
0.4533139138996791
0.49027499958074094
0.3150920438629532
0.8974146739500355
0.36999201719786834
0.5842992564163809
0.2174399372398581
0.051119827959383635
0.5675103790365357
0.27491270610140184
0.09636933544476523
0.7716754641367758
0.5653271945344645
0.8336608109231245
0.505774429700226
0.9252432701973898
0.12049112464135092
0.3279935175472284
0.7677249972127504
0.3632270739261252
0.7856986323207182
0.7111150686704166
0.5359889045916677
0.3918823927072077
0.02983831770957157
0.9135600315889212
0.9507408529155958
0.04844485421203659
0.9566763408118057
0.2647122621458695
0.016105727956563065
0.3499579556141683
0.014092589343649431
0.5440647441788293
0.7453857405334554
0.8248807236644697
0.6070401558170346
0.011030976354795108
0.4728990421563277
0.001086676012421739
0.8583193284728399
0.16964472200920921
0.684309017801261
0.5672321510179437
0.728863922108983
0.49302618241906626
0.020577321646130242
0.1427564004432076
0.3541660111367144
0.697774890962362
0.24998406765402703
0.02352872024071284
0.37822465548930184
0.6337559864952709
0.11056203678449705
0.9593363943529554
0.3221578732547301
0.27130128335128245
0.8155433837396981
0.6933888865718281
0.6253949581649583
0.3527837616501148
0.8332310954156077
0.2666852920125842
0.7038476852653643
0.05066908546556892
0.12850991851081917
0.9742670455538125
0.5370221679810763
0.9050449045576026
0.8312598177699251
0.7562421972157019
0.6285499348997261
0.2767601222124194
0.6643555211682286
0.06670772989719387
0.4648167196996629
0.4161050924422085
0.6794736706270132
0.7674524591504648
0.3609564413473789
0.4149558345495792
0.1378768861992874
0.06124052697057247
0.7954172008009379
0.48743109181814614
0.7942270657315924
0.9465935965157273
0.7712652562757507
0.6976684463223504
0.03447074045786058
0.977230768928089
0.353130511971232
0.7129194369904164
0.933474374231462
0.9269724898988623
0.5818818814422508
0.055953175909535746
0.5918622828702516
0.33553302222428294
0.4184578488137818
0.09628128990736662
0.5720906695069758
0.472524604849492
0.2511717107275784
0.6353721143031437
0.38491212389388707
0.14672529707931203
0.4478271945220653
0.29639650304437204
0.5456667643486881
0.26192162675302466
0.3046416328736894
0.8100727527805129
0.9140823968683303
0.8549659985790861
0.9734031593284485
0.5071259018137295
0.014123319728064798
0.09560708286331532
0.0920663894168221
0.34223862061359256
0.09732067664978428
0.3802033093265378
0.26635892722146615
0.38530303356451645
0.7446856975721661
0.7352305643340267
0.6339404352235847
0.9073962360138264
0.9591210020336549
0.8608090772949588
0.06804619257778355
0.1538504635791349
0.923026626633584
0.518601114856803
0.1456313157574296
0.08840279303993115
0.8476690881035067
0.1484531018568651
0.5968942307567091
0.5752739242473697
0.4490681462841031
0.3003777566007553
0.7103376697729533
0.6591472637581071
0.19087924755349017
0.5301599857729933
0.15247543364170002
0.7985022091873744
0.8802179354591178
0.028757588501543863
0.8582227846156341
0.9759507386660184
0.5912051369223026
0.8780237335083023
0.9145315260682276
0.8739210473720112
0.4807777448631434
0.5717623858705823
0.9196727997026357
0.9944537934683451
0.4738981693889479
0.46669975857420054
0.9478040058858481
0.13008633133935366
0.42137304775682494
0.02897617417720344
0.3074044502930644
0.02898159980292614
0.3932314009596649
0.6457915573465745
0.30739907421790225
0.07326115477096562
0.5418423723400534
0.3487951055936167
0.5776721167898979
0.5803991546219238
0.9552188236502954
0.40399977179638724
0.7054515935290588
0.5459881880130368
0.9458714781344582
0.5399099886104297
0.1766061799949321
0.8827155170491854
0.7236688921972356
0.2993743470393275
0.997541426690272
0.7542530594856574
0.7699750811292436
0.28029539105057877
0.8662024875860035
0.6796530435501773
0.18327137038012564
0.5287017047439126
0.6602636890652098
0.35635915157560105
0.45983988799789066
0.8823327982388156
0.8657308860823374
0.7597361377437339
0.930783163556669
0.5321152080045459
0.44480615760190734
0.8862527490293839
0.9463352651021186
0.16327959644085266
0.03809809094985228
0.927735554909155
0.8456008343763417
0.2082284070955427
0.9380321568700769
0.22251649906286142
0.5896904347414398
0.5623768665874589
0.9299479168061886
0.25631570014333893
0.7448710344618956
0.0699237384177549
0.462160447707608
0.448706465091129
0.038810922540712944
0.2034796368998839
0.6321869796667134
0.27643568314769507
0.382922264650974
0.5452856810438038
0.8878459276083432
0.4184494243819066
0.9453946277034351
0.20420688736158654
0.19120193635599048
0.48187983619511043
0.20953603115128816
0.6448054869981081
0.8228227489521593
0.5802608613348288
0.2460382996229562
0.2741746547155808
0.626061705145105
0.1561837805932973
0.770618722322344
0.11966470626659187
0.7198900045737975
0.18099871099851672
0.8141288888257499
0.9044922402461562
0.19659426608384067
0.6844033763273665
0.22678433347773463
0.40211494636414113
0.2812194310722369
0.5161626633602825
0.8217963912202528
0.5351777289078519
0.9372082013806162
0.582729415450296
0.4268644204851968
0.47802640275874464
0.8504751936184578
0.4689436496212691
0.6280584458413858
0.48914984973016096
0.8154464348569483
0.12257273450409323
0.5956922106532612
0.933019243869549
0.02558938670412747
0.4102072511618686
0.05809444893736049
0.4589460566326915
0.858872546728233
0.8292814321961735
0.012401080164727407
0.3402093707881648
0.5308944061249092
0.25402542846806453
0.6615058060792645
0.6817177872907829
0.4192726140689085
0.044908353655938704
0.09660171305470766
0.3527696557365372
0.3640548327319182
0.3746666592123724
0.22182945976488888
0.6908373255583087
0.8418221210938504
0.6493527285647875
0.095313176614362
0.9547720643587492
0.9820252061262833
0.49216599317681453
0.003975205940904836
0.8678779367336016
0.3772487941448994
0.42849186367497905
0.30651245556917406
0.22639471739368955
0.7498767833389377
0.0020314556328835387
0.8785055850510428
0.7649102036287769
0.9064413102884741
0.2650410651408748
0.005054154106202358
0.14516631442027617
0.4689976552219248
0.020994843770340443
0.060311996701394754
0.5633566217020585
0.2129322740477182
0.18291380356358156
0.11269677010442192
0.017861601169643526
0.9242048165313796
0.8742351808321289
0.7856757527128928
0.17841850122437686
0.30083173931240403
0.4908659218346376
0.6236610838205376
0.33970116954786245
0.09711797986841542
0.7382772098958887
0.49193766689673457
0.6455204894544919
0.8906042634558846
0.4582036754258212
0.601354736849899
0.12706984798657595
0.6056908668413445
0.569884618711237
0.20065888091129858
0.03669055344104177
0.12809441841141633
0.664951273089017
0.2099535703703037
0.8330904859822388
0.29615337519260376
0.9746815945128289
0.09557467360656857
0.32060380653799414
0.6425170120991106
0.8976436572384296
0.6007009135764907
0.9676529232809254
0.8093828018947393
0.922960230276092
0.980368246536222
0.3465585507436222
0.7698222283027116
0.11450577470290435
0.19737771800524562
0.11996389323160028
0.14067917803800678
0.1994330759951486
0.6137848378836144
0.5521305597271253
0.5719884128289185
0.8332847783425879
0.7191732463086085
0.9744411518829161
0.8111990136869116
0.8710770884107297
0.5180144782727008
0.887437807103604
0.695057160962234
0.14872633231695276
0.5352560105389481
0.5254553728406486
0.12051807212079035
0.1850641365992356
0.17895636060478215
0.5065657850817602
0.5806803612014946
0.13107052288204102
0.6122803704523225
0.25652318789544615
0.603910657226923
0.9309144643458667
0.5556879285484602
0.09893450884199284
0.3550399920123879
0.19701108339476558
0.6420467523949724
0.7086329763210513
0.578989902483606
0.11578561523755737
0.9528785055383211
0.5135787170231609
0.284620311192866
0.286220607891156
0.181173439209392
0.30014303523599617
0.06730633905418615
0.9826033991713143
0.4232867106181646
0.18521528498634643
0.5642993922769091
0.07500954606163868
0.10709421839339162
0.3385197043522967
0.7849035651928657
0.7901332375049634
0.5925025686963614
0.8127119512516958
0.9453332608434968
0.03880056831996215
0.23736054260734818
0.941801079216916
0.26184350799866074
0.7388351520068839
0.9633920804402971
0.8010377118390604
0.30653630811695143
0.8700412892991329
0.36178696122069187
0.1918899122893276
0.823081249846719
0.8501329327144282
0.8753306139661718
0.8874525995326255
0.37671260641969995
0.532487616492499
0.8014850188215372
0.37127150032925527
0.41648851957274746
0.20976113977401
0.21244565598548437
0.4513170845653396
0.5529810043116608
0.001278743889857381
0.5676276537352147
0.4357765592341203
0.008557634210044629
0.8147209361760643
0.5238823838389064
0.1591766394331453
0.6857409935423013
0.9724134852971398
0.9544323522971585
0.556955643757963
0.7457782661208343
0.7513987832491904
0.48106908045547225
0.8914072044446546
0.7003135818213013
0.173702647244393
0.34027550223571557
0.07960465036105613
0.9600055122970816
0.07486929158290367
0.33464820492802705
0.6411092053244916
0.5437702903540065
0.06906748833834353
0.5830746081939906
0.21362556525343734
0.302245814641698
0.4528153140608697
0.7959132718383952
0.7887405071390743
0.6701398995148666
0.8097910366193375
0.3406394187993227
0.09797778699509618
0.3072967882609723
0.46247114130917
0.8398685530479577
0.4829456045578788
0.5838607151764317
0.4665283375970488
0.0555392927139049
0.9933552446779494
0.6070782788884792
0.8508097032686497
0.19730039217686368
0.4148791830930043
0.8773905113159217
0.3742872082779387
0.6893435217774762
0.5226633925566864
0.22846702236205352
0.41304346023167016
0.4919964566625279
0.3475236619882087
0.39733633200037355
0.8305598008422326
0.669711629671641
0.35655329967377547
0.8439566161327079
0.4024755702854057
0.7612209837116752
0.07739756878904358
0.7567172376251186
0.29404742741898016
0.6425783721215186
0.9570704175979252
0.41338761632039156
0.8896995719503089
0.06691764340360784
0.6233015821924708
0.9453389572621635
0.047155944903942926
0.07429555301931456
0.7802995662152634
0.4930929744403736
0.5209913467688767
0.28649415982922166
0.9635897627966821
0.515230959084888
0.7322205474290102
0.7787471309675722
0.9493998027104156
0.610268921545811
0.6214793728155921
0.7389734714991645
0.7590469183528694
0.7886661718455161
0.0806958080274851
0.15922517059314845
0.5638612090342736
0.7557983265845483
0.03300616051734018
0.30919891805338384
0.04506042290241519
0.23646620909368687
0.40501236897700066
0.7649953503561029
0.3581951361445772
0.20987049583577666
0.4377356204154239
0.041441371269178795
0.1273563053131821
0.6365295011819792
0.6333553959075093
0.8414527826014497
0.36318942644631846
0.08085209586300146
0.9700368743297085
0.34183109387473976
0.4755083218390035
0.02391100873555474
0.4453847834054052
0.28150273708553986
0.217067132955298
0.3071930355071839
0.45569068387516265
0.18160341597736585
0.3282338471716635
0.2725060597605369
0.38824799785068853
0.6511142656013147
0.015443528756974967
0.04953324068429876
0.22177283047994023
0.23309043626704629
0.6733089113854964
0.1433854534237713
0.9625975262848623
0.41341361734722093
0.26319426810615965
0.5815211511008429
0.7999963336829441
0.9385357930778286
0.7843380545180323
0.4481694252232533
0.20098495804995342
0.64149399032128
0.42234136443410963
0.4231708885057601
0.1638330848409031
0.9699774498398526
0.2162108390757833
0.08016215351592515
0.8269677071384318
0.6076020204769905
0.06539472764415
0.642516981913617
0.8141889843596901
0.5637959842701628
0.5328977292683743
0.48356085138010174
0.8540826024341284
0.8042874535938846
0.19309839135553108
0.598559555050882
0.1283146967567821
0.04052840561591631
0.13141468362353992
0.9341379079394432
0.5537184455844857
0.39249191714586407
0.7892006748938618
0.05735258161585022
0.1629095635486102
0.5346754673019476
0.9802709354355348
0.3607191242800196
0.26853775940658453
0.589020482430755
0.3148978429407523
0.6892654853003695
0.19068515480800774
0.3990715388317767
0.26337977902050547
0.622208160446182
0.37810293936112793
0.6090899123790565
0.37542817752993907
0.2517328419243534
0.547276501701589
0.170163759099192
0.7275132767829329
0.5971194816962087
0.31731438493222397
0.06115864085363021
0.7487094767088196
0.3125805862310618
0.3600492101034165
0.0721110627228907
0.8831316952950132
0.36943659469134515
0.13993643109957254
0.003056381015340781
0.09352721662785002
0.34927914194845733
0.1370161341544136
0.7413273363002186
0.4260282966775035
0.10574138399288024
0.5716015553483145
0.46140901424519787
0.510571724234139
0.7081727609954855
0.7307932946288633
0.8283623388490129
0.5807107169939381
0.5593660698307847
0.5271084630889105
0.28631869391570985
0.006839150763558788
0.43375692654489306
0.4637783329868117
0.8640375820682977
0.2524575337988715
0.2831534057105567
0.1753459177566321
0.6227311540095353
0.5442718024675886
0.31133044271598664
0.6199464351900892
0.27671689430787993
0.5306888148502926
0.6912254789462702
0.5884575717196256
0.5927985334778654
0.3671687889047355
0.2671883557647847
0.3200851729910217
0.6790621326288011
0.39517367863407626
0.6970274969344312
0.34502522290207227
0.4644130141947449
0.7187575790967369
0.9789739364612968
0.6996128509293333
0.26234115026934357
0.5852948026215561
0.2881438260838569
0.4058587523994004
0.7234290679048645
0.2783501278796765
0.7832880411230776
0.955609255447071
0.4878631741263446
0.09444528050860335
0.6610087852835829
0.002471708756131008
0.7758183906836638
0.08974397209770357
0.9398767076173755
0.847787006942752
0.15808286196732402
0.44617658983333564
0.13426944617679393
0.20025114753576134
0.33939186882245864
0.7637477927130227
0.10404801668579222
0.20421638228412475
0.4454550487450615
0.9227688957917182
0.7038947991819182
0.30807782348315116
0.06968896086633136
0.8015001816938041
0.8414776538811841
0.5006436627990174
0.5054412986276045
0.5517734740469926
0.9887902736660894
0.05697045925593813
0.06051897873749468
0.29229680353037657
0.9608119777055999
0.47540329563171935
0.590564688014678
0.29566710903742544
0.5220712853746017
0.7392557359768188
0.36921691934486733
0.22774901117450663
0.7696832195235965
0.7467391382219013
0.6680488057978737
0.6820301343665209
0.5860030635401643
0.25658802140170334
0.6621557754877205
0.85430139304423
0.40502409364486014
0.04750620539891903
0.5704577510159703
0.4385469028320512
0.25848724128142386
0.8966269623215977
0.29187667148002916
0.5043190148394707
0.2006581935035776
0.23682708397398788
0.11696711943880467
0.06549493519043836
0.4968536146144922
0.0917614451204205
0.3227337672344368
0.06903892086921282
0.8341920168348882
0.18141337373402577
0.45359017162996396
0.46109772581948216
0.6766209774585454
0.640274766171286
0.5336066684537772
0.7911874814421667
0.4698756229143026
0.0852023522287757
0.19207734865291015
0.24238184869957524
0.46624892786918215
0.023166699743424335
0.14775963450583163
0.8334727269509561
0.3185463077110189
0.4997215927242309
0.07828759000958851
0.887863263900736
0.8750860069303978
0.8578846606582202
0.27466757899512984
0.5265528033955635
0.4194244396529574
0.71292513878082
0.4720327075268984
0.26796602845532025
0.02414726647766896
0.8360117377802627
0.2412604275324408
0.1603756215352259
0.5824914779112011
0.3373721517666357
0.6047750916497956
0.6271039264407645
0.8493916029618467
0.5135513007976853
0.48932342639938686
0.5113643090998297
0.6145095923980237
0.3733979009538302
0.9164044232665196
0.1563823556144488
0.08709061164364784
0.7199156853827717
0.667244929724391
0.429541559926075
0.487916256700899
0.3018936524690268
0.9603126196536298
0.2035456050029243
0.3639295562898581
0.4402302252327446
0.48012500505399736
0.31835446806550394
0.744025116793436
0.08109689940610054
0.36234830965763765
0.4377403785281808
0.9914907496634966
0.10945935094396098
0.39200946455825236
0.35430685166949916
0.15848896337965157
0.07266975421948141
0.07615612752969092
0.09281269923555446
0.02603399191774458
0.5054185014012762
0.6879043544083163
0.3610654445753123
0.6170189096780803
0.7959237394307024
0.5428049140864708
0.47654415167381625
0.5489739561000235
0.13684510696762442
0.889621342143994
0.7032409984713308
0.5263171513680842
0.8945815204781116
0.6004411614126974
0.9133210211392573
0.8658922864442733
0.9887898647435245
0.10941885319570765
0.18999386295072074
0.25105371510381036
0.03453447525171782
0.49137527200415976
0.2832399983993241
0.31193426034590943
0.32092092108842474
0.2501375034718105
0.12672781967454982
0.38921175411664244
0.1957950195181366
0.9561182936624188
0.9634251363483017
0.3316523578002568
0.6911405268233912
0.7225383771627174
0.6005025207424877
0.9479624115879448
0.09156095612747128
0.7456081981839469
0.6711676252571581
0.7904799761318253
0.1470224293566289
0.5009015601908013
0.81958456648098
0.6212488866973029
0.4236605893701588
0.16574442097231823
0.3451344732900552
0.21372032744408398
0.6394583909542897
0.3930181768571077
0.5170193226505746
0.7160412108360275
0.8954059462477826
0.213853721481865
0.7821887274367822
0.5853404456632867
0.4153328800547633
0.1450385735378963
0.42344289980073646
0.41858889542777766
0.3893755270041428
0.8616858066801292
0.029041626654066732
0.6175923085392163
0.5309213607224323
0.17979073265517065
0.3364687120415515
0.12264841512347968
0.8866981559190681
0.48474789837173926
0.35835806787452107
0.7645631815973626
0.7875702976861683
0.8448853717103162
0.5643061619276653
0.42052347381700095
0.15202473255708804
0.4215145910415923
0.1471019748514082
0.3640252338625196
0.9418214639130098
0.7367065708495883
0.7295253952511711
0.3862684156985956
0.34118783273914643
0.05536339193663564
0.7320035218423426
0.46352594956164994
0.26859178311687026
0.3153960746654756
0.2613437695483398
0.9076247817933649
0.32813575915907833
0.9430419753688768
0.3533895266170892
0.879492675780257
0.8214756412490225
0.26773204744794254
0.7892547270657193
0.7383326186346999
0.4432984485988034
0.7855074803993334
0.25390875766496923
0.6516773088947518
0.35178957548248135
0.3198328747251342
0.4985868095074206
0.5403893664579735
0.3596749531700727
0.2451825310272533
0.688251750982491
0.2769507634832209
0.7415339055423593
0.577416455181889
0.5776594158188344
0.821574283473556
0.45521141862442915
0.27047547688780327
0.7113929159968375
0.18232158739310345
0.024276398803527055
0.15230574369531125
0.2892871702190536
0.8173058291093649
0.7205893483470354
0.11234252248582766
0.43582207881481216
0.9594946086462959
0.9675674702063228
0.7752082883149065
0.5238438923281341
0.20120371547400362
0.4915778806987068
0.1280814029385533
0.7303499211894988
0.919827571900041
0.1266279677894635
0.9926563826492225
0.4831006724600795
0.25716443532223554
0.09596915837205633
0.9741856222124152
0.2691294310904153
0.4966869218785803
0.9506514042106358
0.5756140109020675
0.5981446894385629
0.9044355833815336
0.6207496664041932
0.4165003034556467
0.4063801305151953
0.7942320300922949
0.3552442064895449
0.9731444317686373
0.027284716215439486
0.8779710352436687
0.3007563791191832
0.0320305107440757
0.3762474159392373
0.18892079789891314
0.8259773776876971
0.149202704396715
0.7420135378826707
0.5805418069860504
0.5190149091213971
0.3383750785584405
0.1849799331546338
0.7087602345101092
0.4122649745592606
0.9448577024844707
0.26671816343049914
0.9458840341040886
0.7935609505757633
0.9627041547546391
0.5154825330277011
0.7645238968025305
0.8366129598598422
0.8604587224208677
0.588476085319064
0.655491979603948
0.14108551632495048
0.77742276923162
0.6036619020442546
0.9407943347300896
0.40681923008863285
0.34855208172031316
0.6306569868505887
0.9906436483367005
0.12282075230361533
0.8672936119648382
0.8453337218270762
0.1190324190400378
0.9842129732225218
0.5503540897483228
0.6520546761754535
0.3268189777566932
0.7102465654800072
0.6835750569025469
0.9401304122669951
0.9274288619836253
0.4995133847964299
0.37841705595729125
0.908883695473711
0.8782007051564384
0.16246464701945706
0.7665655830382683
0.8653544002233136
0.2890172301408247
0.15916213453470673
0.6245884875097767
0.7036681742049289
0.08899427079301203
0.8873259459106493
0.7207359477182105
0.3538730774193508
0.04516649051843302
0.03660784624940394
0.9449969725196055
0.06631940680106907
0.3438285772998595
0.782826671876897
0.35552121804337045
0.40759039967114874
0.17017014205796643
0.6827382550833736
0.8919245817305133
0.5950332580211684
0.26194572536435934
0.9327283815501899
0.6659484672620541
0.9690458592282432
0.9469862197637324
0.8757112317097577
0.24301039699322846
0.6146361248987096
0.3932391029872808
0.9436517646796314
0.72674358765466
0.6411587110948942
0.6215364047097669
0.82797029717582
0.47845765117427685
0.42715940661409335
0.3786062080924837
0.6338136674641324
0.1970852797135112
0.21383685861304436
0.4002135046588249
0.6597608770697421
0.34816607937091093
