# browser_rnd sample v1
ua: Mozilla/5.0 (Windows NT 6.1; WOW64) AppleWebKit/537.36 (KHTML, like Gecko) Chrome/52.0.2743.82 Safari/537.36
appName: Netscape
appVersion: 5.0 (Windows NT 6.1; WOW64) AppleWebKit/537.36 (KHTML, like Gecko) Chrome/52.0.2743.82 Safari/537.36
platform: Win32
vendor: Google Inc.
oscpu: 
cpuClass: 
language: en-US
hardwareConcurrency: 4
deviceMemory: 
screen: 1024x768x24
date: Fri Jun 12 2026 17:11:23 GMT+0000 (Coordinated Universal Time)
epoch: 1781284283439
count: 4096
---
0.8295983160566072
0.3948531994148783
0.17516059914177395
0.018374117812520296
0.804058907988199
0.4558182044196495
0.9387443728082718
0.372753156806914
0.04628451700187797
0.6611413973478781
0.18584484592175987
0.7414627995929375
0.8350633645881318
0.07946622294366579
0.3942536421847189
0.5304033395436245
0.7603378421988138
0.815532611961669
0.000038259277900243305
0.6290820320575075
0.1011571335715391
0.9440698151608964
0.6774325567338328
0.5323754657290196
0.22971408054891085
0.9546168170773262
0.21394532826254542
0.21571688956339896
0.11885250888595
0.5325463302334075
0.8559699731976222
0.7980847714557417
0.09478376453723336
0.45053325846387193
0.1715068590851616
0.8899775954761584
0.18176013949545022
0.08427129554815171
0.021115796691578925
0.2491465286550505
0.23397719923942328
0.4895255017328337
0.1178112212201139
0.7015445442048358
0.9264770306304186
0.514201375502346
0.055213275058115574
0.26306847041997106
0.24599492877109075
0.9918296278851992
0.9397817587913999
0.1898989377962872
0.9998607325284041
0.9596732666631573
0.3462434657000697
0.4295451656016429
0.9542922815345118
0.5878349606389317
0.9035869585028649
0.6765980919074084
0.621481436969308
0.23945622963478264
0.18643306714376973
0.45685261348729433
0.18064629440251756
0.2229818704769737
0.35843648813018825
0.4232861334067237
0.3352583456019962
0.5253903433524636
0.6489616022465401
0.5476391796543154
0.19069669304503067
0.9621262937949688
0.09631893928747481
0.12534654352927443
0.5735203597036205
0.12113817569253138
0.1408239179247659
0.14155973482431428
0.878782197375668
0.14995781608802883
0.0018844889035680712
0.3212069916772464
0.6094673608927264
0.960087276437795
0.8980955413374572
0.8707062204944771
0.6789037313123618
0.08268610918383135
0.1997581354079503
0.5303841269986427
0.6000965269298097
0.3201291851377357
0.13909679242749884
0.49599800267688776
0.22733928502714718
0.1307819671880055
0.5753942518841073
0.9516382815767308
0.3633184446340847
0.5721718487511347
0.28921415130278816
0.2666439494694417
0.9772394908070918
0.04796179077352569
0.1440662062428475
0.6175426898445391
0.16126055187222055
0.6876497297842572
0.05921154724277211
0.709344954784205
0.7923932254490913
0.4221332412875669
0.9941187359025345
0.6700190173478111
0.9139314018609241
0.9114542224322895
0.6005272114732416
0.6276548001912683
0.4844003370981367
0.670349332330872
0.46373742865511636
0.5527842356952346
0.04605721905930604
0.5290472453274444
0.554730407880138
0.524602114716912
0.7514116513846352
0.2845627597346774
0.3194564793023098
0.9556211712672964
0.6359084861674602
0.8982720127119534
0.8060600128160367
0.5010592162729697
0.4463709910259166
0.4726617984736472
0.10625242209482111
0.46048163344973125
0.660579165320782
0.8994736333111057
0.054749973543960495
0.7614838671741768
0.5293799846460177
0.6107064603922563
0.6332562481506574
0.35144738343875703
0.17244702920703903
0.3390659657673718
0.7451116555704094
0.05115596741929962
0.40335974572008926
0.4620195780507521
0.6797284331574571
0.23872148492515555
0.19047962078113723
0.6836975558291007
0.04313165837239619
0.04273085656480369
0.6299405539167156
0.169581254553002
0.6654180759789878
0.24507162104895097
0.8191712198089922
0.34027716037516686
0.15065674613280255
0.914203404730495
0.21052805361429083
0.4648680789452271
0.7978578182648561
0.8712081216461236
0.5228127033623249
0.1225612745488609
0.4319819097608333
0.12086812423222137
0.6412701698174594
0.17443213936575308
0.5955437489259767
0.607934092539828
0.9517012930078412
0.16618970671769184
0.03845190033279633
0.8003470118096885
0.05851488274950123
0.15861175959178486
0.9284452893235158
0.33738819761092453
0.39906263842153256
0.13739611854774525
0.4238743270612557
0.2136801209358845
0.8570088232083606
0.010111836851257161
0.5023288341931997
0.7284525372928223
0.466934362743717
0.26994664608126673
0.6867342161991852
0.25258741670534324
0.9290706094176799
0.6806923137704464
0.1900291386516011
0.8405904546042211
0.8241655713791076
0.727280589807378
0.9132411491139982
0.9078400392412889
0.7061001322477789
0.8876075566118546
0.3680565601536008
0.6888351804152752
0.2185086888345278
0.8966863313675493
0.8062092234025582
0.3519056079517642
0.6094913535275996
0.6814151591928219
0.7353968221577074
0.5941441675831642
0.594943786825392
0.5514506776516215
0.3055947771761771
0.07050863588359224
0.19015365058116052
0.7451607432416694
0.42189736371831676
0.4928608877817411
0.971251021549445
0.8403998194587523
0.462472868177499
0.5373409998107446
0.8403523004067961
0.08691581106922319
0.06005289369957545
0.5673001281388432
0.7182091200329872
0.34835092197697715
0.9860100599227524
0.3010057577272234
0.2733752633418409
0.8735662757715057
0.014971206450380858
0.22941042165803305
0.6811611084118034
0.07967145570212697
0.9763815588754279
0.030711516733293864
0.2743826172259576
0.9013767060675182
0.7645169635809725
0.5151294908598207
0.587328098273898
0.6707162303686729
0.34487089661261483
0.8375491977366976
0.6972931544072956
0.2919971282541003
0.9676119247064563
0.9712904275398524
0.6764746086177749
0.3901821018021201
0.8606470276953841
0.581990912680286
0.2583277862190356
0.1560969950392077
0.8642462440457221
0.2514812311468466
0.8191588605632418
0.6971299815098015
0.8650008327949468
0.653911287467603
0.609675699082924
0.12476970946093258
0.6936267751179594
0.7480073787622123
0.20836947476227707
0.5989037607885035
0.808094434165264
0.3013445202310756
0.1091800485739014
0.3116852635696008
0.07249899444248808
0.7459361586357345
0.058155015319928394
0.8707659901335869
0.550666840552515
0.1924806077306387
0.01244040070063357
0.9054257993574437
0.2343357321657582
0.702748729774126
0.6624424671246658
0.5552354562152053
0.8531359325588734
0.5701402095392887
0.7418569069012197
0.9451044479157031
0.0934974082168365
0.9915931050199651
0.4317888571798809
0.1179574925334852
0.7875509435823069
0.7183214502797766
0.6757057615275857
0.12488230722236904
0.26253118171130563
0.25154406622760606
0.22854483142082116
0.15156392055274437
0.27784649573467113
0.2389691282859554
0.590470050258245
0.45035649475665807
0.6003637580389887
0.3802240804191275
0.4615483043894495
0.29142092598558045
0.6028355097046614
0.7843987325658832
0.1597303851001579
0.49735815770760383
0.2590044838473289
0.4798277929964885
0.6167440904660157
0.4192188643185095
0.4972373761052813
0.06444478080779059
0.8671590753751068
0.8796443867081021
0.49728936068420193
0.08717924869815197
0.8569967445578284
0.8445983011853966
0.03233359892124099
0.20568060909763908
0.20773590862428204
0.8001673029739025
0.052873454298753675
0.602612447203208
0.35651942512212886
0.4372055669187198
0.8919961235393179
0.46841168133376065
0.8140366955661373
0.20577285293393688
0.7015498968151181
0.1894209018826849
0.2088944518394964
0.061789486812202865
0.3391093601132191
0.2207893223307702
0.7512875375041947
0.7287371506751448
0.9834082173653873
0.5236029321977176
0.9961464941331672
0.10316363781066284
0.18593378792768522
0.04543650295216639
0.997714178104878
0.6328114665324549
0.8319383641397988
0.7188432796622384
0.8130561020129448
0.5211931296739392
0.3807017010805105
0.5121446687692848
0.7351305004847
0.5573442107966613
0.7413425808953431
0.6389980920307952
0.7263669744359149
0.7838254832989324
0.645249106941655
0.4783381933848927
0.7341207321438095
0.8240157881787173
0.2176419325452137
0.07191206947020201
0.8290510419137986
0.5656598584535171
0.46834722299249143
0.029798136277706444
0.1839981241655848
0.7183231483459405
0.46657478063821567
0.7827868509953717
0.2202273178433254
0.8248942381186732
0.9435310790561753
0.021389532510081466
0.42896814697749597
0.7844906568414329
0.42372537415762035
0.5758967318571753
0.2176745540933651
0.21588424459225175
0.34021926978861194
0.9854533513024515
0.49204077281236924
0.6052955265326205
0.28535087323942543
0.8538735138182221
0.7133551847083226
0.7392223030235148
0.7425785996354421
0.524796659318185
0.022508115141276264
0.872060611595137
0.8629932347763456
0.6487172358581237
0.5108952797578215
0.7755444148131265
0.40651784193453233
0.48425481640332446
0.8313085118070385
0.9577561161093175
0.035746235435892615
0.7036455111068847
0.30095560806083244
0.9941863618843572
0.17502314349070258
0.4331280309026564
0.9319949403962602
0.9951131959369399
0.41786880811324156
0.18117931306449186
0.9116116859349983
0.22970872988842994
0.0451296531295422
0.38225139175156864
0.18005881691781944
0.4601875793918382
0.8115724942806211
0.5639029466633412
0.1774693048868421
0.7445264305717603
0.008548088666362252
0.46797845325891174
0.24288955716725402
0.1674904949781315
0.2857711746257403
0.42301801647475346
0.8457926149539989
0.1579550204585558
0.7706606804690523
0.03829958022328017
0.20792771106303687
0.2042093230647788
0.6822785938364224
0.10046552064208414
0.38632822378751164
0.5408359045774025
0.8470792369313755
0.41110964040535913
0.15259851631435462
0.15863554703005422
0.936773411798566
0.781033040612388
0.8972965403118713
0.8134583890370599
0.029410464925013313
0.3706265561654447
0.3573578578598595
0.6580319019203675
0.34595501642223203
0.29719201652125915
0.22519246188697006
0.27355412907085874
0.6216555149533645
0.6584970267710071
0.496097352524296
0.021817661195836058
0.9458847710821663
0.1770107434891648
0.14445804576094012
0.9662666301983884
0.1030938188580468
0.2704624262212423
0.20557391911855483
0.5913120215242116
0.621041743666348
0.21711969985125967
0.1724997237537007
0.21017560470961194
0.11104262714770208
0.22997229528283358
0.8038483614494301
0.6040895090060656
0.5009525179756082
0.9844127772258275
0.37316550779636604
0.3709588450360437
0.5855319785699096
0.3918516696475607
0.09738984933790973
0.8526142863998785
0.4229496217756632
0.9211516891296494
0.38413821237049817
0.4912105752286313
0.10821366283464418
0.7939585627389767
0.5615474138073269
0.29603093672084246
0.45896892749208806
0.9687371038225974
0.1749589086970189
0.3110270552821075
0.4739437428425637
0.9581523288245648
0.4845584600886075
0.6523568457525593
0.8594065815764251
0.13872707659076622
0.8162905844104043
0.14589685711615452
0.33317649345149025
0.2885115245838046
0.18825712741875988
0.5149763365462021
0.6111474813376017
0.10446846226817463
0.8460323723805447
0.3598922069990378
0.8595416975706152
0.3914793578889746
0.6812677471756734
0.4081598549807479
0.8531059201473834
0.19038423999861398
0.4366552571605711
0.381663071016509
0.9206478654285644
0.6545901442644346
0.34841282167244714
0.8145038035797929
0.6523393597103302
0.7882946788543057
0.9170480700663299
0.2749377671617863
0.9122807906978894
0.5474844100769161
0.15738457228360114
0.2144932301568745
0.12456083963052023
0.7791826561957391
0.17422241264251648
0.18953539010934795
0.33595879713040233
0.7954581578831563
0.952054799554249
0.9313983653096429
0.10774041608009521
0.27827210930384405
0.864855253914834
0.5796275113283236
0.7842550173597531
0.27930001525345927
0.5905328208659617
0.6300100301722209
0.5319108372412418
0.003638010074842324
0.9279543794243996
0.23842237049526416
0.6708782479894411
0.6200256867878209
0.09167138195989533
0.6254087851833583
0.3952528150179542
0.6203522540793593
0.6719824433231687
0.27355376052624236
0.1825917458089663
0.9577552154966498
0.10041169571065378
0.11945251096972553
0.48998877855985046
0.5880431192673565
0.6954004190854597
0.7792089679402006
0.9380537387402708
0.0780487285807856
0.14659559819271628
0.2916531858560121
0.5103925028398455
0.7732917582147136
0.11789507614912287
0.07836201837120393
0.5846019525835957
0.23722640127026184
0.8785105169147487
0.8169627023267683
0.8810057585784548
0.9934482639472513
0.41719576050190277
0.05117372965781075
0.15627354644274227
0.9586665726970423
0.7206995503324354
0.5763290754677801
0.8377957368343223
0.6367465717592686
0.8688972209998145
0.6304865291950992
0.12450455257855908
0.3782515965991524
0.8093879744203536
0.3410538418035711
0.6016000439987157
0.9617789630006219
0.13335516897686284
0.7693673541104489
0.23027961340425485
0.2669143423007492
0.03999066186233269
0.29788840893747404
0.0727073024210263
0.8563789205279981
0.13376169858382636
0.4362504283527413
0.7766087667377417
0.6720924171090594
0.020171686267209443
0.5457028989237098
0.49251745900579746
0.21605702783191227
0.6305484367385412
0.4017076546636642
0.5968325015400027
0.9830197417036903
0.37307524894844213
0.0909830642921523
0.3263484960800169
0.9667592294248692
0.012361005717709483
0.34031888049961734
0.6117530791763617
0.679485244986457
0.7950577464656969
0.2736466347394928
0.8371178655765719
0.33716920556434715
0.9091513648963521
0.06405073481579393
0.8012271396153527
0.052833116898036714
0.6471849242637939
0.11668771466907679
0.17980471875987458
0.396065136754433
0.4588256775548252
0.029175277201144434
0.26358714157668595
0.29877024039274636
0.11563969656243445
0.1482632647001707
0.7396986144891435
0.37578698708017266
0.44922207875359565
0.7746705312076776
0.09767159159910022
0.48700614379116147
0.9599638508471822
0.9678909189179914
0.9936580637039423
0.25313446143035523
0.13224931195853973
0.0827114039187653
0.3770128980664287
0.31501900739356614
0.20254167599190542
0.9499295144698618
0.8697937579953987
0.7416570682069097
0.8973283741135623
0.20208178663217935
0.1336584399466474
0.04092737911931321
0.5752098190257695
0.4991629182526356
0.12669334873798088
0.892761674035423
0.933508756454168
0.9105797865016572
0.025396114769451694
0.8047396435036409
0.8086960401673977
0.3181169409771918
0.36860473724324594
0.7819362620032468
0.7414549951975882
0.16746940870575533
0.7632863929183613
0.2533222328715432
0.13169323530609822
0.6279492080902307
0.6312099786505811
0.30073251628290354
0.3524436788247276
0.5668434538534679
0.5924075381034013
0.05001378176411442
0.3649132748233508
0.13422917605210904
0.34933074499915273
0.7647426757661333
0.5636323512895585
0.30509751914675776
0.42814706967493965
0.5531890328902014
0.43426785717920713
0.4118229723167275
0.7866479979217516
0.4933762380715936
0.5715582540311102
0.9182273494704911
0.3701175661326219
0.6408405676585136
0.659769550271861
0.07285103986969399
0.9874438211474954
0.9373599294081707
0.3806399643917835
0.2964576335555684
0.2916716788884137
0.22081098493002926
0.8471572475760307
0.10534769275818423
0.27101397461339927
0.4579470380255013
0.0308553385755006
0.05123324127432327
0.10737621343520165
0.03235589947593365
0.15133808127515147
0.5468210455298219
0.04031150193987365
0.8531405577544018
0.1774871164609102
0.29231255686883495
0.013725294839238789
0.7431247207109937
0.6654989779185083
0.5239157109883079
0.09391722055304119
0.21750705246984237
0.1857867326627567
0.0077586250511665344
0.31131836448332684
0.16095747039090424
0.3876491086836953
0.400911049787529
0.5145570630298966
0.8387166603696117
0.25256525904840665
0.8090076603870011
0.33531698565116663
0.7430546609699376
0.4980934812129836
0.9944467271830473
0.7045935141286768
0.23156409848838222
0.5904431395976628
0.07884901345527817
0.9760136010929754
0.7482559853765336
0.39088617254661995
0.7644021675470596
0.6123183110140442
0.7786205915240494
0.8426441440838257
0.9278907601613395
0.03459788589617374
0.5020103005545657
0.19614473262466836
0.8691324827845768
0.8555590030573428
0.08250104891472643
0.1366194458500125
0.27496746804770966
0.08887087454154297
0.35714335900630867
0.8615558266381913
0.7364347861311831
0.7753361505618339
0.9613076344351787
0.4805891134804041
0.9668853860108311
0.2801823820321423
0.8319936393475642
0.41184116833430995
0.8827641792378478
0.09219731257638197
0.1503226835320275
0.2989084981556269
0.666184011263625
0.6337658472746548
0.3546398122747976
0.9750666913990549
0.8815210170831329
0.15640666942847248
0.9200356601598558
0.8149389204059003
0.0205766380724397
0.570504618366485
0.33464441001095113
0.0897095608884213
0.07102171569489313
0.19598903676548307
0.01245869797525434
0.9940449963337552
0.8638019674709179
0.28993991819163956
0.15646884232527003
0.16646865548718592
0.1838937036166659
0.38048105530778464
0.5293477086788387
0.1390275966166319
0.08187490163011768
0.35829443377885584
0.712053246860048
0.07669254856548324
0.5479878410524561
0.3968193428093536
0.9857795061414667
0.5068819629136676
0.3964001101864707
0.1662248633016361
0.03617414602251001
0.4082134381814242
0.8991579440884019
0.10404687731222584
0.42523988814334523
0.24709723209050316
0.992809037622375
0.8154108451035715
0.3458591234148105
0.9602491331909919
0.8730895200897741
0.8708313733991377
0.8285000230154898
0.4985815921557899
0.48766722076516555
0.28001925088093493
0.7774425733003469
0.6609859977549593
0.834158770350065
0.23016644007863407
0.509415342773589
0.9340815962785054
0.11164336812330489
0.891862190785875
0.25057548045889044
0.8645396824202214
0.9608887235850083
0.19657322997190319
0.23895597377209765
0.318936491958308
0.9624852978717826
0.02099926737020308
0.4086004049551708
0.3607314793950269
0.49740708883778995
0.058122475244225535
0.6538897801238617
0.3463694763513889
0.8365807976915882
0.9751842614680397
0.08314812941680305
0.29800421595041016
0.5434228341153806
0.8751409481491379
0.511084444052444
0.16100674660736924
0.7427790285303153
0.3439167443530131
0.961918990191106
0.19989267335515049
0.8805921525925386
0.638729817994333
0.08673488511351457
0.3886566674968548
0.5538884692447763
0.7306337736283108
0.5586201121391019
0.07464513295276132
0.5964523585343031
0.28294578211656307
0.7105524580924178
0.19128784410867783
0.8663702435824239
0.9664269301127886
0.5957284525867088
0.5785546381956348
0.19361457814276872
0.38403770643293256
0.7925686440956476
0.4565824746552918
0.3186276379289117
0.7707601031851099
0.8491522829048705
0.6780770819430855
0.1845809476708533
0.596746439692236
0.2582982889918144
0.2540261142568172
0.2920295226332521
0.7296975415843532
0.7554764911625247
0.3440550772687174
0.7459755144542113
0.17402693175095663
0.38417109147441475
0.9148833503300342
0.06467789801744717
0.8887954080797895
0.19640968767026878
0.7950035920693528
0.3411503742638795
0.19294281614908093
0.9958899876393388
0.4324459289984288
0.8459745160860863
0.26771483755468073
0.001999187808704006
0.5197791409133294
0.752618642651032
0.8554174762590023
0.40403445696982065
0.049194872824172675
0.6965769482509392
0.657305481607106
0.7424757231402714
0.435147246106957
0.6973367947494
0.09961256799771268
0.5412955144612612
0.9183735374677755
0.11463661178970641
0.7628488937255973
0.8877864233491071
0.35094058673784656
0.7764790698710369
0.8855276768522053
0.7387524406686683
0.03217891527595751
0.508169258519827
0.3060607076279731
0.6033376201588945
0.9129285349863643
0.010532237197542926
0.10285794833571482
0.6573345016574059
0.32069179518485313
0.8064417099587546
0.5472533635248533
0.7279243573907632
0.6412698531759138
0.4790704757067763
0.5173633456529001
0.2945820979109077
0.8183395985276687
0.5674140515730943
0.4591231828441402
0.1428444090756551
0.8850432723631054
0.833610412081002
0.2081415989550237
0.2206325363194619
0.3337784016934062
0.4193490339041208
0.943850619619998
0.841376877398325
0.18027285036529905
0.42598784314409066
0.9183469644280995
0.9584242741633928
0.7873062203764984
0.5738761751567272
0.4920800576845312
0.18122956347687436
0.35954596445547926
0.8477517847291489
0.5576800190017572
0.10751933927816038
0.7787517322500308
0.7773191097251491
0.03806698043052936
0.9601221348886397
0.4661793006916135
0.26638665749441315
0.5026658506391772
0.627820088662961
0.21533177899014566
0.5355428361667252
0.08410218215266196
0.8293495453186446
0.765488389183608
0.5484735881105329
0.5988689762139028
0.07949351137421834
0.500916956289293
0.9059757580062213
0.04468662024011971
0.875129124064594
0.5618279273802076
0.6995563606364978
0.1423128849772095
0.17697420777571926
0.6584167012423212
0.8195851833445453
0.11650394270494457
0.0435806831399852
0.5603037339511903
0.11493367353429806
0.2806516010687765
0.9956440582810229
0.9539112782989003
0.924467909000926
0.7918470143564513
0.5794282959134984
0.5482391393440456
0.28124926105697856
0.033384597918302505
0.19579394845081666
0.10735832771840093
0.9077967396224282
0.21458219193022732
0.9430371355137455
0.3784448302899761
0.091765710425876
0.6201763025681604
0.4965375408596644
0.9792468452703291
0.067153286097561
0.07552349340862974
0.4587459933559188
0.061203516805308444
0.6531293149405708
0.42319033556400454
0.07889662041546619
0.3495362774488793
0.8484181268635993
0.6789296339744362
0.6545973778542644
0.582203457744068
0.612524946299041
0.0027610166646880874
0.5135660594639222
0.5472039381386034
0.3444356395837995
0.2468070196830261
0.31854523607410634
0.7496895417989908
0.7418469390903171
0.13244400934866052
0.8866314299113187
0.7431567907597616
0.7114759283640597
0.5429192268820817
0.1177392840462832
0.45550905367125005
0.21543981129477796
0.24386662148588134
0.4593223421649235
0.1464843693900173
0.9009132486083551
0.09577098120345284
0.8193852166508786
0.9114621786603598
0.9984202260784589
0.3233215549973638
0.8356775643646646
0.7867626810977146
0.7038072046406041
0.04131467477843365
0.11232009182628788
0.6258657519006929
0.39194808889562527
0.7536616327943764
0.9755524256737635
0.6646685064954481
0.5193571608492493
0.3423812988124302
0.5924552578015492
0.28785600106638487
0.022956765596761075
0.8037680309319961
0.22282380565616444
0.6610506112810512
0.4450559589176408
0.13481763316374007
0.32669802141315074
0.2807250831632122
0.8147181105766048
0.3193822902819443
0.9211096118005035
0.687653402202056
0.5668013153138547
0.33152311233065435
0.8544424299549023
0.28724495192294963
0.7263955206269967
0.6131070414341084
0.3858082891703005
0.41945667674653153
0.8303418499635002
0.46569455556647577
0.09997170869103589
0.6959368202670497
0.3413919434717876
0.7070325498574928
0.3860780056126536
0.1390215883105419
0.026344810825792653
0.8845337627619292
0.06444111767070826
0.7972645311207844
0.9448888630344496
0.031216396993174467
0.6185729831855193
0.7240789582477849
0.8326248791900743
0.11590182768222412
0.7045547152897755
0.38354120189544383
0.8468242389489051
0.16460467633125342
0.9172213871596215
0.9956967550735507
0.8733320480536313
0.4915227473451247
0.37033036395704566
0.6209700378047012
0.15378318338390096
0.9335048543498918
0.4940738876578328
0.7689652204801012
0.11203802703159882
0.9857559900528503
0.5196065105488026
0.5162485806669048
0.20406637684228968
0.8735290405962521
0.35656351683228116
0.9038930448800417
0.19952724503738395
0.5843080675266774
0.6693109616612705
0.6161990895465621
0.24467279998841773
0.14816301800848475
0.5812213780104281
0.040561750566713295
0.501390218003382
0.6059797832002731
0.8110709439271724
0.44433467147413674
0.8898657254902673
0.08046437786997229
0.47068848763669213
0.6880988526213749
0.27309047993087376
0.5953091372332506
0.6737899295123746
0.7734658338340088
0.25699143664340873
0.8338511792490038
0.9902303174034952
0.07151736575101753
0.5856989037326235
0.645181046195908
0.19909307019777356
0.6746944859973139
0.8727703539176805
0.7002308985970782
0.5680405838006248
0.758087977476519
0.08931178934236672
0.8789449088643946
0.7036596359064053
0.4598888556038694
0.7193083706423695
0.8794251524711234
0.7207029534992027
0.38798551767800205
0.23946400147350988
0.4838586278979293
0.45662650585575126
0.20701840353004042
0.178490988988657
0.029939181130583137
0.7981821496996819
0.3836886121496246
0.9743600341387924
0.5393402802764804
0.724352704750193
0.6714780896796968
0.3185291143605935
0.8035925725833077
0.7970668447215263
0.8630702339144902
0.24578205300249634
0.5954838137786458
0.7479469077330645
0.1378227505470293
0.0014403027646174849
0.30804163959431285
0.11169902671699683
0.5957763127930753
0.5653804760028185
0.36598198121667513
0.9945968014734305
0.7065554636312958
0.37518785518066866
0.6152992323923399
0.4954217962379639
0.20850153629624435
0.8720653851635873
0.06861070925915191
0.1388319051685989
0.19450045998360754
0.03122102040194652
0.08496328936375641
0.6400650191942026
0.3142240932935545
0.09672766352232598
0.6134737994444872
0.26663199059609366
0.6511411630605721
0.4339986964727349
0.22228055506695688
0.003237762419582735
0.5256760412113874
0.09436597250807433
0.6841479949050675
0.031064476301341237
0.5016123990349901
0.5103598737333097
0.6515573391359211
0.5485296702516498
0.7138219883707004
0.7397502588061726
0.8267326591956115
0.6431333478191137
0.8252799521719312
0.7655058896533709
0.2653124547315633
0.6374625989517493
0.47428138986510393
0.7194570451358158
0.8825273934089197
0.14132035055419845
0.45214734190987027
0.02207616244582722
0.5972398536608725
0.8112333140061811
0.2714040643520823
0.5806876872882285
0.10013280408316438
0.12412234623629481
0.96188224116322
0.9589002002098885
0.4249922581496137
0.08226661536259527
0.40856531411583275
0.5777930324968901
0.5546989013042898
0.5095248720768297
0.9889347513094198
0.3814560306022423
0.6657096347993632
0.7684120550198819
0.4827996691086651
0.40830913950415093
0.3256030435892314
0.21593273502379207
0.20141722902411607
0.7052834876941938
0.36558528059853534
0.831429846651158
0.5982631303355326
0.8646245097482335
0.17323424127169584
0.3917814401219848
0.3298978684235787
0.1526922173435108
0.4665696779349937
0.9443752047216525
0.11455063407390265
0.8946518041594504
0.5083630924342433
0.7181475013088869
0.020844301976825186
0.13135377158207096
0.1110620484822129
0.18903384745392748
0.2702514193273968
0.43482146852213077
0.20650658722181325
0.7670745833665771
0.44210596339045183
0.4532855405067726
0.35508802770202386
0.2712143776398055
0.14279517961598587
0.30957189892789394
0.5017795646041461
0.024323012164032987
0.022892058047369268
0.18256316193839717
0.8676019835723388
0.5822086795164014
0.05418761669749639
0.12200431867305217
0.07538163659298802
0.7594321765081242
0.9947723984283758
0.8261284110712597
0.5301428608835219
0.9144575368710206
0.16333589328556952
0.5656746238928301
0.36113964483859284
0.7919949268244266
0.04947734897944289
0.532902393359393
0.38042019627214496
0.260791111742835
0.1533379894409086
0.3963420749885742
0.29784844343623496
0.9731400096319407
0.9974922639356463
0.3407410010991181
0.3957412483557883
0.8245129921384564
0.6464924486283372
0.8954925673909591
0.27262151732897455
0.7499097159154122
0.40824402315005837
0.407948167374951
0.694130698218707
0.4576247172853112
0.9865760420276031
0.4305757164823292
0.9424936056109063
0.8637067724746714
0.4088297501443505
0.921231913674939
0.45954751429047724
0.47826576971505697
0.8889989999892005
0.21456562562090142
0.6255061927302354
0.6520457591355227
0.6349337859935258
0.4458866917033122
0.10800611741717092
0.061890675118389415
0.5631634438088431
0.3627182000616791
0.6816662399782736
0.26631462672794637
0.06801852094156269
0.8878992693592174
0.18366907785806874
0.2569530242989695
0.3036562547067765
0.9658058821533191
0.4080019240335109
0.7342179747457214
0.9114831510264807
0.1263272695302784
0.20661246898168706
0.7473008506028391
0.18062827898145262
0.7995018206915616
0.10121030118413898
0.9935050138774049
0.2541458169380837
0.007362575613560685
0.5356116513655198
0.6448631139374679
0.841393382388963
0.762846062142313
0.5807081050884237
0.06540403076482737
0.3627857127473977
0.42011187952209883
0.112467995509137
0.5242923716125265
0.8625662849725162
0.5320742990431016
0.9147370182006196
0.8283193658534902
0.795065394415424
0.9856091702713383
0.06519640758939937
0.14321444119612536
0.39103862011928614
0.32789790037826005
0.6925078334173129
0.6645687045885076
0.47022944885587714
0.3718282504907313
0.7908420417217108
0.18984194428158085
0.2922930242684083
0.8974504193356945
0.7823490289262052
0.7955262708924231
0.45232688553928346
0.22111885830697364
0.34334502690074276
0.6256984955791836
0.31557667627186725
0.6366457917906545
0.07152757227537387
0.5936989862788602
0.4680598093451913
0.5104776950180594
0.04503333462762571
0.36264167941025116
0.9867173772659414
0.2545733890432431
0.14859332078685927
0.8963965170203041
0.7696386569312121
0.8197630719646312
0.4691503640218382
0.058393437407850524
0.3692354049616198
0.3483644668294563
0.7123983772334517
0.46816251680074905
0.4526203056171001
0.5578256430843072
0.5563894139016918
0.18265687633329253
0.2261756815693714
0.5191696922777704
0.17306173004400494
0.2740383280776386
0.12077093494197122
0.7293524547479737
0.2254576552682095
0.3648432623177049
0.25320137750012295
0.3929612044784969
0.07039318346740742
0.12181740042122269
0.094456305212965
0.10467423962907896
0.5952705977163784
0.9970462956799491
0.9181564420221833
0.49243659433929676
0.22509042454716943
0.4070781827897496
0.22030032023656765
0.1023658704731325
0.4807114106286885
0.6982159238886587
0.3081621422849752
0.007398233687438305
0.09005935021548184
0.777197978851925
0.5526595982900486
0.44611660553866384
0.7897180763149325
0.8204399004014242
0.027810932294045188
0.2815509968309782
0.4291702876647676
0.12827418945381042
0.5824587175099463
0.37957464753044934
0.5488971781740792
0.21441887030660745
0.3568390371057897
0.4308188749956443
0.5589224478535504
0.5417971000470594
0.8788161188712247
0.9641610541778869
0.8471371237004539
0.2915998296788893
0.9270162107569444
0.02284656591283074
0.8699425756867258
0.7946495778927036
0.9968992237341274
0.4658149179571571
0.9151067348338073
0.6351847393466798
0.5118658196897179
0.38037938032016827
0.22875659493276723
0.9401992499303309
0.7947846818396946
0.29411657720125994
0.6911489283470027
0.9519624204297159
0.9278594494919252
0.12840576474378573
0.8304351123640243
0.848593915661974
0.9499250537788901
0.8101767664583319
0.9337996321361102
0.13070344838635828
0.5126203204199644
0.1420035680534084
0.6863260043779944
0.9004435686206489
0.6799717508284777
0.9637624850460995
0.11329856472510058
0.37151173225941747
0.7197874205267347
0.8091835495151427
0.28758015724161656
0.35499425205165025
0.3641617620738058
0.26786652321809945
0.6296810846939764
0.7942376533617443
0.7408924630322307
0.07509095956657386
0.8094658421941403
0.6156277203768574
0.41176201776931776
0.4360956419802664
0.01789617330029314
0.11072735773103237
0.7487642294410419
0.6594331245881284
0.7821993672515806
0.9331748102207527
0.5547547136795021
0.47931566869032505
0.8726153313603902
0.0437417299925944
0.20232205550249005
0.9859847792633205
0.6371366813010195
0.45958407912629995
0.28317791877997056
0.2158654231528394
0.33385110421298947
0.9704165292412195
0.18093281302116293
0.8074224483781001
0.7661503804920748
0.9907637859267173
0.9161556155616302
0.48147889318151216
0.29245596740037105
0.8844140107051437
0.1316837627248144
0.8623464844094328
0.9607857209586592
0.8180545996347655
0.03185334166657228
0.15569508591736803
0.8744100599560602
0.43585643558745724
0.6512794563736857
0.7831712611844113
0.6767975017168322
0.7008599999643517
0.6705182067552757
0.2820023676520189
0.6412047036114914
0.08873578588896769
0.23202142194202557
0.1817911831178043
0.13137193951286363
0.4485036725202378
0.5736860918155853
0.38758709865132035
0.7758311091706902
0.9398070494284196
0.602169239519678
0.49542533758354645
0.6952632881999234
0.7101349203765674
0.7664199785162695
0.558473050583838
0.706624498831858
0.9233143054200754
0.050544518818131934
0.4013354005930263
0.21262993038884592
0.6692244550207058
0.8635463068607017
0.5282366754674086
0.18122798615438973
0.5259227317434372
0.4636905055629481
0.22959832099870003
0.17046476526039656
0.2226548466410141
0.4392762689870311
0.03502509417688038
0.022013000292304463
0.4341207184104223
0.2977384483006913
0.8924387824166189
0.8457416000795046
0.39207488908046595
0.2680920085612646
0.054454902203618705
0.20826776691168125
0.46430764678240277
0.9392780870361468
0.997507271822921
0.008163338671449472
0.9232840607899557
0.38119036394383476
0.6256454175334891
0.48187860858766096
0.5208596540955712
0.6014055570925552
0.8017816913263311
0.4365080926199125
0.06140607128593478
0.8255052783596859
0.9647425138718209
0.8556685858516249
0.6378600282444442
0.8737207742061863
0.7706096739572665
0.45733028247883856
0.16535801391211957
0.34716756910031954
0.8708857384748092
0.2147804557935853
0.49818124280380416
0.32242953364079985
0.708691942470699
0.49466274859482495
0.469227233116293
0.27312353529673294
0.5462940617961614
0.17535804393942067
0.05613547048711154
0.4410735459450288
0.1339161688177517
0.27913279925035406
0.7996917859330035
0.5815188984836213
0.28779119856502366
0.06219664918987866
0.8791084153928628
0.6555647729396472
0.5773255575430203
0.07836129953153237
0.5449481129066334
0.4566985361980245
0.7359240144427783
0.6018819289164645
0.9310598457883499
0.5557336393147387
0.2588533286514305
0.5411539831020533
0.37958513183297904
0.7745354256318551
0.4407564290145578
0.40996840699907433
0.9263938625222718
0.46599804377394194
0.8926622365756509
0.12634805209223754
0.21093869437080914
0.8919574919215707
0.5615041046003899
0.8475564338454948
0.512033196893821
0.9061578790172016
0.5296295460855927
0.6955695869057512
0.6256283000129561
0.00806142591844683
0.8940919001284642
0.6474564959131501
0.4087543059691532
0.28547555704318217
0.10261061716521347
0.7882834657018085
0.7935601020898628
0.7889691394501053
0.459216301580023
0.056976635073489046
0.312013658329408
0.42551683871986334
0.9942390748646448
0.8265819245476747
0.9648646253633073
0.4203011400974026
0.08189587197257886
0.2696172736102469
0.8294647494416123
0.20545810573742407
0.5007362223682079
0.6583573404819429
0.6484016803207746
0.48456710679092163
0.7883353273456404
0.8875918708247008
0.5328466043332467
0.8371894117480772
0.2310117406944796
0.33826661946088166
0.5041251019017758
0.6169337690649777
0.2926810607729091
0.1592542641401058
0.38371914699154264
0.39796144625470453
0.42779641315366734
0.011487250001115612
0.0771245382650605
0.17389810696840002
0.9397418929254697
0.6042688833663277
0.8417329897695265
0.5909898739120625
0.5270993599140601
0.5870511777226375
0.4178117321575987
0.4953264775037476
0.7615908762539587
0.3937402822796321
0.5948336188336576
0.9994690766845917
0.3877096145296537
0.34139358081219773
0.7110753243810042
0.4514738729048775
0.8271139658994251
0.1675691811565334
0.021787486279537527
0.5698737168184502
0.9207947703454571
0.40924177166071507
0.5556410325334487
0.055323598701407795
0.7291683862232767
0.6453459314491228
0.6632603125136924
0.19264818108550252
0.7089807038658875
0.7283813184755921
0.5805415445251223
0.4439894382641498
0.8465566623517289
0.10025293032807103
0.3990993645368479
0.12469445850785532
0.11859129351980124
0.09707941409513432
0.22368690527589097
0.5643134647526034
0.8799715620875388
0.8376627554617737
0.11058809366657774
0.9823671663778009
0.5195478677320413
0.42595197045720057
0.8292332612152189
0.9737233272927384
0.33704576641305817
0.282331085893331
0.823643284941596
0.009940806499703303
0.6842341984406803
0.42092284191399165
0.0906793654846969
0.7504447971133699
0.5399561071394912
0.9543239791605138
0.09122421429383065
0.16201281558944047
0.9808541729763482
0.5991677237083695
0.633567332365327
0.9885779656208404
0.5295718735568162
0.5496084680392177
0.012546409224689414
0.18289553374287482
0.5452617838550342
0.8551071273894322
0.08283361889786667
0.7239239844178711
0.25723175744149707
0.01750212326566647
0.5945927025582343
0.31706640315393186
0.8561396161329569
0.8058406457994582
0.47490542904089317
0.8036608546992174
0.8324106735169758
0.5566583305525172
0.013818782057183343
0.3283306526234864
0.3752191451162932
0.7914140513619914
0.8641405616577833
0.22810803072218833
0.1226539342907389
0.21169444047570063
0.8085423977661816
0.8245655602213704
0.08770166928049594
0.24077546552019924
0.03442836997883392
0.256073537470221
0.03417072545452071
0.17482786539817607
0.9304570626271695
0.1661488346542468
0.4068452354119758
0.08207167175819596
0.39959946323614726
0.9544504458510195
0.8081109857660449
0.8496825708123983
0.9835255512778969
0.06366706514211429
0.9060549785151939
0.2806026700390172
0.18379827672565519
0.6141779598902952
0.48602878219404766
0.1333777596938126
0.4344001914079232
0.2431853026713593
0.7756382261226846
0.43910539545468197
0.015544028779681307
0.9513093963262313
0.23250178460972748
0.09615000320387335
0.8954031357166852
0.17001764212593584
0.8143798794391846
0.2373399614233207
0.04643724823431428
0.6586820900059174
0.9142242105355467
0.37624035919834586
0.3919204555952187
0.3953600410227671
0.20524794830667958
0.48023315134414135
0.911730904637134
0.010015064021374753
0.6097657052064673
0.034529989542415596
0.763537984909108
0.36582271899266106
0.9284930318666478
0.6705179188157748
0.759341000582092
0.12706469929388975
0.9707304717495977
0.8476674555700983
0.8418444653846793
0.6570463067632395
0.4406891625293292
0.7218871343357594
0.867731327122818
0.7071685419897653
0.14527539236540288
0.5388398891855337
0.5437468084284947
0.4472634422443722
0.7164082307397464
0.5382569695729644
0.1355156521939327
0.3477847257561255
0.42783591433036583
0.7165525363077918
0.7635624984949485
0.8691329561848444
0.9684842662812176
0.6097634483339489
0.5075783590262288
0.7224027021405774
0.36956064094648133
0.39609554668706326
0.5044830464530825
0.5556520898756354
0.6832294917467472
0.8939757009515117
0.6300568897883463
0.8502059126662462
0.2589780139936604
0.33041991025917405
0.35292072260554863
0.6933058083415173
0.18630947328090008
0.991289792192827
0.39604203533938875
0.15917131336627133
0.22583411477880144
0.6017749950124895
0.22918228596807966
0.17874033257413013
0.14163210464081222
0.022993572988522226
0.6439699387731586
0.3249389292216569
0.6361030264835879
0.25986049090926344
0.6236609220570906
0.33068573880386753
0.04338519009906938
0.08569716163028307
0.037338377723057814
0.865965360648274
0.5644970277307941
0.8490516195601732
0.1700154424257625
0.9697365317743263
0.7346591883601086
0.16840462708495596
0.5377551273555468
0.13182702832301318
0.4170042199393236
0.23841752804100547
0.312640249927296
0.7735645400298727
0.5486634897320264
0.5735742060124835
0.03405701976213149
0.2555429075483586
0.8445921392737972
0.9596026395207327
0.37744566829973203
0.6805208595182957
0.5778442905860717
0.8190444922634967
0.522128370845484
0.8234290920120462
0.5027388541136433
0.14801127083212084
0.7584927242016957
0.19609516499519541
0.4560107042960384
0.046748733061309666
0.32267347188017736
0.4799566510167479
0.27069222719117025
0.05498739938077901
0.506309365826833
0.5157820058371956
0.48275691077150684
0.001649017401787356
0.4445340702160787
0.268178616396443
0.402018421480441
0.7302033568277775
0.8943669277604507
0.5456639972310604
0.6278238264132896
0.7585905324165407
0.5241844211588031
0.14283139841419223
0.7569413305113144
0.9209100237600691
0.25286055647524086
0.6383550390182537
0.6652218749296452
0.7956690109716074
0.0859285826091154
0.5067542550328068
0.36021531532472517
0.47127895519831897
0.5456910660960499
0.8061197087458829
0.6332950447567129
0.4848496820956181
0.7916125145133175
0.7721827595005029
0.759195055054728
0.5888519760266631
0.1160721496510797
0.5806679942827
0.704758852642752
0.22763572574355728
0.0025909560654382435
0.43015316693288863
0.4682842571742265
0.04569685681726665
0.9687148747021366
0.8092559441782319
0.10149380198737012
0.5257655728482133
0.2910591535744562
0.33315664070877116
0.389987115392745
0.270483140640448
0.5803985991206502
0.632121035771847
0.16224558757115282
0.9241197308769453
0.8554687386091204
0.6481523238115028
0.02378901802409006
0.7682979905681657
0.9864082666013405
0.8573376367387717
0.2519175851315729
0.4562225865356504
0.45750317232606674
0.06730971485058324
0.23536778666324087
0.8049630343925822
0.45826196136622865
0.30425398333659937
0.3000889928094026
0.16582862126818787
0.8194421579919837
0.6582095605551694
0.011564514985733299
0.8476973118395623
0.30645352126719594
0.7805903659193643
0.5703504465817137
0.23001423907173058
0.648263334506475
0.0790121893758522
0.291923092080427
0.03885982279035849
0.33043355248721995
0.9689231274108816
0.5775520726180419
0.46474168995002607
0.327399548407201
0.21281246312672475
0.9875062507345718
0.434379481458923
0.8364514880125835
0.9476202195844323
0.806167040831969
0.1791642073027382
0.5919277241594232
0.674111340635311
0.5966160891763761
0.3589010587094663
0.7790132634865103
0.09649844629570481
0.6958406415793212
0.6058304315879317
0.46422010865971397
0.5954475702359956
0.3552371094331719
0.19221384324524426
0.33546763416667225
0.4005084923900333
0.5080269057012403
0.0863993195225452
0.47264776944593767
0.5588869656760942
0.4168353420281121
0.7956155496365183
0.9501587965601879
0.7594799274888624
0.9471559705574033
0.4500871458268332
0.30953981423716526
0.4123635042164795
0.7011328424667629
0.7488733097409828
0.8554672216037349
0.39225768523095317
0.4602734064934011
0.8726508836875178
0.5513744151170572
0.9560535347989962
0.7444090503490135
0.03417208924685777
0.06533469767963651
0.9173624676701431
0.41074044494368556
0.937644058792882
0.7506624191853568
0.8775846864985934
0.6912159239395679
0.07541392386243007
0.8570900975249813
0.5440938129344453
0.050359917598871595
0.729523884313992
0.21921021562888576
0.30578891185793733
0.5338461500084166
0.27336799874756235
0.9413262255058206
0.46867705261572556
0.2936173700089648
0.22090599845298753
0.09799031220967347
0.8996462510192529
0.33062452695546396
0.2254892965851476
0.08138563420596356
0.5543222657749516
0.8144271105950396
0.8406668317766486
0.250988626347209
0.028060242353002973
0.16197033206240996
0.9942379992391928
0.9333468537332721
0.2729323896087059
0.11982502300909847
0.3335433586426817
0.3186894604845858
0.7968714303177029
0.64208296332842
0.8760100560774606
0.05500828492340504
0.6193626437126845
0.43026767473391625
0.8140895377173873
0.8556702918334116
0.8151086291642591
0.5199841943728678
0.017514924394873788
0.9040567478781978
0.40887898535466993
0.6654113711542906
0.8888569628820497
0.6430964869665008
0.29674285237177833
0.9780068484737232
0.8852630621410016
0.5283890500160346
0.8507398131370205
0.6854321789197226
0.2350692251563522
0.039114181270973214
0.869098536481278
0.8787517602353982
0.9723910138329244
0.3331596632915206
0.34584295524969555
0.12393576878485879
0.34351499990278866
0.7080153813171033
0.352745295025386
0.8352046414195757
0.06140704237003658
0.3881430256449918
0.3885516889608933
0.13686592962655286
0.6465258456610423
0.49504009904643853
0.941722869861519
0.8272301419917234
0.2820991533728494
0.8639494353358603
0.10244172773596061
0.37970508878901543
0.7324696206483314
0.032966295232649045
0.26663290872107903
0.7457136467102476
0.5000139479205714
0.29193144625328205
0.22301935327308686
0.004466705683648486
0.030513614985983928
0.08221553913095003
0.03454529883348978
0.0239460401030247
0.9400037570306874
0.9959637001694226
0.5578070257984606
0.41122661536341143
0.999154912862918
0.044965214196184045
0.576392222190482
0.07012599222747928
0.07983166479672033
0.5079151963803297
0.6892120490240583
0.3224956478957468
0.44833014064409604
0.618094743773105
0.2953691652570918
0.2837348135446438
0.8336665459682162
0.09973385150441061
0.7537114057951355
0.10811264050472746
0.6240107726282105
0.966062160677245
0.2393301609372369
0.5225737381883042
0.3519621009253684
0.18258672064528336
0.8168199058326928
0.9835563457581322
0.04876376964316442
0.5665224216928195
0.5479596989606941
0.8276706742444508
0.2585064179899246
0.49024610837245786
0.7470654826346765
0.5188911236092253
0.1411187199675925
0.13692861645353194
0.6355113510832131
0.9628184453141098
0.04096499874635984
0.6101208432852516
0.2226394852907494
0.20652986233585335
0.5505453649956678
0.4702759819248459
0.004656324828026248
0.18440846683654533
0.09153373062457804
0.9302150613314426
0.07650729847883064
0.5036662182544502
0.42202508581213927
0.19152273698945987
0.39711733187178067
0.7400043667918694
0.019097249442709296
0.5910501121067848
0.6287617456903731
0.8225102090534087
0.7087902425387806
0.6250316781385221
0.11573586390707846
0.21112588270533794
0.16833412302862838
0.9335081641763698
0.5922185099792554
0.677044635433742
0.8267017360416986
0.5201466542901805
0.34602181029198165
0.0998567610692136
0.6479240780116042
0.4177529635883699
0.24955865156945412
0.5587209189119418
0.21448635551887474
0.6625733359099442
0.7544350971682301
0.6279302789189984
0.7754134061284452
0.8994708356726155
0.8753166478611718
0.5285868260855371
0.5655983709048882
0.03328514000861271
0.5239763326240474
0.4824328408890408
0.08750615917686133
0.5092618341896045
0.304169784121624
0.25078444855869253
0.2285031351460085
0.2345189208664753
0.9700769252013055
0.43579676154135405
0.6155807471506676
0.8674290852844806
0.36019642862049883
0.7922509589741882
0.07406494570687738
0.4191472376819789
0.17572239737896722
0.36217970840652147
0.5714570728069519
0.07784978641663365
0.8135283548629431
0.41595106627017864
0.8220440366198318
0.5100390785933435
0.9669087892352262
0.9270696317842786
0.8040011492234482
0.21753093207011132
0.9419694569595787
0.931620442238116
0.47743982215205616
0.44005002478863053
0.7071898889698107
0.9711571020851868
0.320137015629977
0.40298747268969715
0.7227791749055179
0.0038033502219416704
0.15461398602778287
0.3327048207859906
0.5478266958482474
0.8937526578134063
0.21210648157837597
0.24414063374328676
0.001255872853840101
0.7779574360396508
0.5014781639159267
0.9461632710381895
0.3604989302229591
0.06218977322483843
0.1911448830399225
0.3090449814338534
0.984903474211466
0.9247156105975074
0.49526614793005996
0.3843999144908923
0.9920076250557412
0.32073322221245704
0.4283076845239582
0.2423417718295957
0.5279515971318274
0.06401649634402262
0.5005885292107473
0.7052268654354543
0.7073042947772801
0.47332161121743965
0.014914721751888349
0.24022903741765123
0.4797022586750188
0.2873703151547651
0.7852228767391292
0.8323078878805465
0.40641807163031785
0.330404551255441
0.5025679699936583
0.4596312891227978
0.2575332890354143
0.13255783211360517
0.7304211736391013
0.7074244445536151
0.8926218786510096
0.5020787095882344
0.5080055101591823
0.2688017764869315
0.5201581460974434
0.6541093175441326
0.44370768216719525
0.5511209783921549
0.9336334826241235
0.5074044626870677
0.2550038504323453
0.9042112080474354
0.3833265573228626
0.855357095803849
0.6663235201794293
0.7084089638022921
0.38521500109605156
0.20049780756035962
0.31526476354669075
0.17390251924771505
0.5190502525305873
0.3004523491565907
0.24698292274772626
0.9729243482521679
0.47760590860006236
0.22429415362312533
0.16685830421900838
0.34204374465308596
0.16396152786120388
0.9084367506344058
0.520848782623581
0.1318402848752891
0.33748719640856795
0.3417006299221719
0.24470231079556526
0.9728859605041777
0.4283870104485934
0.010768109567039552
0.8345776497559538
0.19412337087361276
0.05802330941607248
0.5047335873615579
0.6609340647558781
0.295309111761638
0.18767780788829302
0.008491803548436927
0.5374883753746824
0.9804096773718995
0.9100874113129147
0.646053827384675
0.855000063502924
0.06270413114932105
0.7595167533923679
0.9771058728159152
0.172778132342416
0.016416762725447454
0.595842988666075
0.8290685719899791
0.28967566207932127
0.40392553164633105
0.1277581453716543
0.18761831726175293
0.9031746844573869
0.4286046839334563
0.003933907091447475
0.32363858874207163
0.8850787325099236
0.5276900552079276
0.06251520306980707
0.8531823541468988
0.22939319417369375
0.17511370046652774
0.8160070318533399
0.61451911420577
0.2231435246059934
0.386777137256644
0.7956876309261514
0.6304588574815588
0.1653365097414068
0.4191467600184746
0.11411092704903814
0.17200618543735557
0.7827962311362295
0.9720924314549986
0.5501884933005974
0.7025790062554476
0.7448636454822228
0.19093678806137926
0.10976092380582592
0.7538064562377287
0.841661015445466
0.6653284664223826
0.21064301013484243
0.7393173214493218
0.2727842037956074
0.11813687519003069
0.5531811469663603
0.8273232464419897
0.2899830356234676
0.8679631502532117
0.27020283647398213
0.8429691835336737
0.7071386705852398
0.4428909333193962
0.32492535248425014
0.0006150166624314668
0.04158135086883674
0.7391300573987236
0.5376595088626444
0.35913902045921864
0.47539634750394444
0.6767511881002435
0.6564863342958938
0.03472269131525074
0.23271788018937944
0.13478935469556497
0.09354830753656085
0.3350379025874233
0.570212406402955
0.8818868903210122
0.3471580801199483
0.4267278882809211
0.4484581206331437
0.9235511863165207
0.9031584739597607
0.05317581027903251
0.13969812892139877
0.5460894662391351
0.718401048757286
0.5054941576773644
0.030747264747949865
0.12942285263771192
0.03813410362027425
0.8760193532676024
0.053423766347730606
0.9299043721160902
0.3404896901846348
0.6657891613062479
0.008696488893135568
0.1391331200461683
0.01979254661245733
0.26790304821464606
0.7602391879596548
0.5717904527739623
0.7505458521120911
0.8546921980354223
0.43681141375743926
0.29358270041518897
0.06851508683374519
0.0883087876288533
0.2118911493219895
0.6116243003874524
0.1388416003009283
0.33943747725497
0.6606946551066366
0.18603513949833328
0.2599960120446998
0.13084482168149436
0.20006196519431296
0.5037192773443862
0.08946893147577284
0.38668524577672536
0.570476348293848
0.8621570713893862
0.036796838166587964
0.5488570509542092
0.8696143218540116
0.9980019999670866
0.16810416985854704
0.9873039647380373
0.045230622147021116
0.5684378725602224
0.04260045217233621
0.8868050155237883
0.841229435906321
0.5598295428294207
0.829957977085368
0.27136337883024586
0.2282826348672513
0.7429529041343892
0.1289287656774083
0.5923285860049334
0.05159051091902711
0.02893262619137471
0.13679205326869348
0.22420084147916564
0.46526961157313873
0.4800796013672719
0.9744898949525862
0.24411454682408018
0.6427858612998594
0.8487238255820684
0.06073715057071638
0.4718936329017247
0.9457290851656541
0.47576987797141035
0.983583153822625
0.12325279472457051
0.4641455920540216
0.42940449581047013
0.6921067588457233
0.13994644466128925
0.9045781210869897
0.03033980495581967
0.1668217216470509
0.094696383822509
0.061244234294271394
0.5299446064927216
0.8367851526020071
0.14933411389193862
0.36491633015698866
0.3688649338482053
0.001468898568830923
0.6043752480387952
0.14959147708102116
0.6422853325709541
0.12437899259215235
0.8886539439699583
0.6074892677620718
0.05126802872373326
0.8096584812743584
0.034668353239785565
0.2299803506354916
0.31320957891025225
0.17460072548058814
0.3532480485503957
0.9584721068420801
0.8479679539293281
0.1962467166895585
0.381442557316229
0.7084702817553392
0.4752772289046543
0.5856387825707563
0.9428174374571403
0.36686086556099684
0.7626318269410777
0.9340861414032504
0.4895788230813707
0.6946370487827338
0.5854778747725653
0.35196715335551887
0.006316217980690375
0.4848477086338705
0.2107290353367839
0.9409060760035768
0.30307013376737424
0.2214530848613132
0.06896988653475167
0.16882482042124236
0.5979813342020661
0.696658783278312
0.7922808757026767
0.7428354963942423
0.6216914483262199
0.2515818317783929
0.0466056541501878
0.3954098559678805
0.2976518021959378
0.39341956069427786
0.7876175400202381
0.5763830129106591
0.21551280828102337
0.3659251653981306
0.7296077803373313
0.014531237427240606
0.21182895767113497
0.7602377608526174
0.5326588200053644
0.9807200232785371
0.5281685698711007
0.8973934295991182
0.7360586189490519
0.75712835148975
0.47249747091602634
0.12428303337227553
0.7858575384570623
0.49347684522845503
0.5954017742110844
0.42815930790571244
0.931559092794743
0.39735840084346563
0.3495242453673537
0.8785805619711371
0.622101203743544
0.02008160729342645
0.46974836716796564
0.8299848617014371
0.7146057313026857
0.1530068117962078
0.8096922809739784
0.6438665412225011
0.6419168038073899
0.7320876394940143
0.29836866500232695
0.10725360629577341
0.3660463773210476
0.6355987953703923
0.3505278738490505
0.3974787641233679
0.5901289598574002
0.0352623867246864
0.2599842914820685
0.743545470755197
0.8223184737727729
0.28203707133044853
0.31277285087415985
0.22977172433693038
0.5148898472049439
0.7951362716972314
0.5944025267896214
0.7109783894974042
0.3569828351200508
0.8860253092888497
0.4949016548365197
0.42387988417765077
0.8326623777104176
0.31055117674795674
0.8739776161692603
0.12907999209757692
0.048178039786297644
0.9109206216634171
0.308104444695543
0.8216993998814599
0.1347841478413374
0.5988095644277138
0.9796057355720564
0.4159812880064846
0.4640283713415376
0.23222730230740463
0.11971510701393995
0.5668999007946363
0.7795301156162449
0.6925751566585976
0.11167161226283073
0.7996106582627063
0.8326938396080699
0.5543963330067971
0.7729604324845438
0.31480048394179905
0.23703237676426525
0.49346917102354904
0.2662539498535117
0.33084713848016034
0.1379553145310064
0.9186958333955391
0.13831607925098433
0.23651885334870237
0.6102979763560938
0.33068227916917303
0.608342514480193
0.9193782322586699
0.6712830517095156
0.9520651272535665
0.0028882861797703274
0.1877361340941055
0.10552843594104688
0.9773394717375907
0.5310756338434963
0.4529466529973678
0.11710844194721393
0.21704795015855827
0.12266230743743134
0.42238014291696113
0.032259242042200986
0.859978884484393
0.8415418932156349
0.5734418173578013
0.8420114624901696
0.9705989009408906
0.9932667173819014
0.13878988037818107
0.8855293084564342
0.47411904248573644
0.597799659437688
0.4381036086672965
0.31150657233996415
0.03733527262384939
0.6519129505165298
0.09427886805421681
0.6607126840985782
0.450867847563021
0.06051024691122997
0.23436097681414836
0.7762908487891507
0.5103706257792469
0.3430903516094468
0.17223633214097234
0.7006733270949972
0.437581016055294
0.8526906712743647
0.8950884889587196
0.016158106331419342
0.9097745667410773
0.22789641324813537
0.3357928984538556
0.10601127168037539
0.6241925035299272
0.9967001139269951
0.6763447174479504
0.4584691200348967
0.3747500585371233
0.9626100265115209
0.649579517492751
0.6028937303529567
0.5501294826050995
0.8938617598928946
0.23185954772380302
0.9636540866411409
0.40914636037663255
0.8919711810854234
0.20935997961474118
0.7704184291190661
0.9275590364705104
0.9934453756550894
0.3151188819229711
0.7772239388973661
0.4068144639068254
0.9669101812363816
0.7732762070915766
0.4143431629702723
0.381649704049527
0.8479373312747165
0.31508349000171854
0.3979184578118411
0.2651979063142582
0.14493777979820677
0.6968565814534677
0.056419670727586135
0.1673571268533467
0.2526802716604417
0.7403294343923237
0.932075445408447
0.36114906734924146
0.14502683632015012
0.45153556091554026
0.8513520551872631
0.808537468494108
0.08638630815692472
0.5322855420808956
0.3166199166253425
0.25897699469776647
0.07188926831559406
0.04301354482167019
0.7819301257743208
0.6329098537809084
0.4487944993372135
0.8904435684474346
0.02043732501379525
0.9568288583749738
0.423447788214105
0.17823853196837036
0.12128980755838725
0.8839666915954447
0.21149701371183904
0.9190416214061514
0.6896187026780287
0.7950283300409433
0.8265580801784047
0.7240305772771287
0.27920217825166493
0.3968552744590179
0.306456767593122
0.6204352122136947
0.6665478828380882
0.4037986862303784
0.9770409168725664
0.10666852837050311
0.4168819421696546
0.7870120389835069
0.6371339971976568
0.7433062676840387
0.9367785020417532
0.5469699635196232
0.07894544625903821
0.6148301466096691
0.5259971616657595
0.14260133687500742
0.5153441230010476
0.25898505720358433
0.05378611999578631
0.6169991244427597
0.8109977531786827
0.13528716891681136
0.5137327535926552
0.029823473031795444
0.223047760409945
0.002190194945036694
0.051142896815692396
0.9455780930625894
0.003991717322996857
0.111182324104528
0.854363473062492
0.25480181091154597
0.27365560881342943
0.685346561308974
0.12951776671814952
0.724371491005859
0.7504343723700506
0.3964352824302857
0.7422211274807178
0.8149912415499421
0.8288737233959211
0.5566005181025133
0.5588651077922988
0.24339053013850176
0.1744611873430133
0.8328017271392358
0.19488915179394906
0.10625192619649049
0.030919984847153748
0.9969147257941702
0.7616996995649659
0.7215676255870931
0.829751685563944
0.20717193106552023
0.03676386578672486
0.3066144493618661
0.19544088225692802
0.029566195816027596
0.3051541421710571
0.22337245060565802
0.3980325995934342
0.015336800412240503
0.7381727545125039
0.7317608578404013
0.2141921841101988
0.5670897152464078
0.7746749449811592
0.481255625389573
0.9063403377007835
0.7275560435905137
0.04730179924604694
0.7260953577082212
0.1992199964132253
0.49002665614411534
0.8958116009520931
0.6693348610365393
0.11057909388355913
0.3163680883037512
0.3782177166354239
0.030135633453444832
0.2878369826464453
0.9322523682712232
0.3230325195268313
0.45177639315649487
0.9130313727057784
0.4633963140380706
0.8062264015743652
0.7406163338957183
0.27348818802976793
0.2029070662776078
0.4988922567531586
0.4288037891997898
0.308192092156073
0.6134641497000539
0.5493691263161031
0.020418138835185395
0.47800671910497705
0.18577271240447324
0.11092117206122487
0.6803308385824081
0.7713202150903384
0.7916021142205811
0.5085721606223352
0.03073450302496883
0.4049167779065559
0.3136123928385688
0.5614248465942773
0.6933798431041314
0.08625148718314524
0.2481638313535075
0.014263707516261714
0.5567231370995482
0.9676668009456366
0.7634237678479627
0.4909004904962293
0.5588516210900143
0.02705143495607576
0.710945933129209
0.5667188023584857
0.924441103689017
0.866538228122957
0.9541124111641828
0.8870734352036937
0.21933078555645613
0.5305536165759133
0.2274751524477474
0.5420299275109546
0.19051124238608286
0.12711281065538027
0.557843520585577
0.6529308742159936
0.7221296585183008
0.28682061765031985
0.28552917935850397
0.8924014165062926
0.5712031260157238
0.39596697495443456
0.9896257314942054
0.5700744455529803
0.7797705178145691
0.4509353929588129
0.12948923505865384
0.6414595025857583
0.9070998246334145
0.2413839091137493
0.3439123635871113
0.6833618528352536
0.9390116826029413
0.49954435170397726
0.7743421514036262
0.5765899046895826
0.766960617004764
0.4800386773320837
0.17449551458796253
0.3756185252850064
0.49363151095048385
0.6963395420579261
0.9366554924948876
0.6921725813484929
0.682810184164464
0.9210604724983178
0.545718350631248
0.6980522916875427
0.20814827928530888
0.37858940663014207
0.3400691541181744
0.4008092382279349
0.5162508133265082
0.1945046086764468
0.8678755979640222
0.7511731297747288
0.7378052653883638
0.49467283524503025
0.4880841045748039
0.06621765407901004
0.13917870054515347
0.434908550749848
0.8106332383553654
0.8300829720125011
0.11390976289296773
0.42718017994450785
0.4218908388718712
0.13002726044445612
0.8274094884888781
0.04205290476418866
0.443304269629166
0.7193429237282123
0.47239341516196864
0.23328799014583512
0.6997699805947364
0.5276811033012658
0.5776127878178421
0.027147412203399002
0.32953430656943783
0.6691190412763537
0.6454435520015871
0.30644189082542894
0.01610294195339579
0.8001166402485413
0.6652159216591527
0.5666431364285351
0.5201132713188847
0.4541758876667079
0.08264897420648087
0.9781954637878498
0.4765077032207763
0.40687861227479716
0.3363698611723398
0.8253754505937034
0.22200211901469347
0.9699082917765129
0.7904978911005784
0.9536801791382454
0.7823858681962299
0.9769685473323257
0.47363539657318365
0.554437625326901
0.4394498320784037
0.618909392634962
0.044366586561271015
0.2796125560459928
0.6532322348035797
0.5417182848914419
0.5057883794996965
0.0915788275249747
0.4381667464686043
0.5045908794044249
0.44772191342725565
0.128627530254112
0.6485126071238603
0.13015444356211736
0.7843340843644151
0.26334104887196164
0.8341577816973242
0.1422638356745225
0.5455230820471832
0.19344093474816448
0.47373495207214567
0.2810507981948678
0.9906766608361559
0.9750859444023701
0.51462704401121
0.7077282444750546
0.3156296458399517
0.00856432583947453
0.28580371780882285
0.24779259937148157
0.29723752554797334
0.07448660985615563
0.250534716243797
0.004932007571023522
0.5012860613250321
0.09008137640614833
0.47191104699286246
0.9457631494251311
0.1201100761524807
0.050511702993770724
0.707479498787922
0.03889449054683869
0.5163573237552961
0.6540966201857488
0.5414811845620631
0.962667772395843
0.5481809227369789
0.9982338527992796
0.1543563940563515
0.5436215599887098
0.14996543513191307
0.43075553546206136
0.008509367833828163
0.1454793872907474
0.44025508128489377
0.4170515084519393
0.8439586010954563
0.4824744520627098
0.2986694952641946
0.17788858625713067
0.6167617730988961
0.4630249686404644
0.28337808881295845
0.3916208687527989
0.9990284859636123
0.7245617965049058
0.9116552236121311
0.5264478299762871
0.1914542111561539
0.9264065760113993
0.8597299899418664
0.7130969993026743
0.29249327397618763
0.038753342036323746
0.9525172541228417
0.40112560740542413
0.9896027383833239
0.9399548313339172
0.612722802898392
0.713677757227172
0.1052038692963897
0.2716821284968587
0.01282493511199001
0.9146460086659607
0.16881254351023278
0.8203450957443614
0.8908069416937725
0.7650994849176849
0.4927900859264469
0.15275055914833224
0.8544871872077968
0.6941411464218665
0.9532325994258875
0.2627282122627086
0.1381217637154768
0.05275501966948304
0.3151478138695083
0.9674473769197902
0.6035990857986617
0.6987576717411899
0.45538468440179547
0.7455298886427713
0.911976023857757
0.16422355295449909
0.2677457357450572
0.7256619191015949
0.7577985857456855
0.24431315957926958
0.19890223316339983
0.7115590300471586
0.17789252492727803
0.5146783956779413
0.3468630344388417
0.10983758456432824
0.21284693810122302
0.7434151086196445
0.3886981219363119
0.8149254392734058
0.09487281223694222
0.20849182094036856
0.997802714817474
0.5588704641141808
0.19838215459877273
0.2617257082728697
0.7130892076467488
0.07614646700147398
0.14333601438056864
0.5141219443841469
0.4695771749256741
0.7343487930482677
0.6704282344277115
0.5850149136597189
0.121561067499808
0.7215705027623525
0.9496725028163153
0.105378255243185
0.3282287323747799
0.21987605319169257
0.291193084964142
0.18283109454473934
0.3473927258836784
0.06125722983039772
0.1520251676436608
0.7558589796970463
0.7967549780463639
0.6444985408152788
0.2710335916906672
0.021357672888197232
0.20636875465437354
0.9859875201987973
0.8922383610186904
0.6042535829889826
0.3770134800984002
0.38695629056357905
0.02471471466069408
0.9176162244915931
0.13394114527551904
0.9954588093536436
0.451429421630267
0.061761453114556275
0.14320927329338495
0.4218360420749869
0.8985127357304497
0.503147359673517
0.6416881070160361
0.5825446347211662
0.5787043157429486
0.8230488676762735
0.09294400691378146
0.13043801613669448
0.038925884417712275
0.14871188444091277
0.5479003543554612
0.5580696789382003
0.9909121880243226
0.290221948496741
0.005387511800535094
0.025993547525370975
0.018982647231557737
0.026093723451089623
0.9874867165759227
0.38797158640481366
0.6015822657460035
0.826509667628833
0.47041699207456045
0.2312807369396177
0.006390123468914988
0.41053048327339825
0.40325308116689107
0.6156143724611152
0.6602935177419329
0.9068764984896542
0.8927342416417181
0.5875551387377882
0.820767298413696
0.8927410334083254
0.28881982312462884
0.65794339833895
0.3808488858298793
0.7186872960907364
0.05310891181442745
0.7314082969472957
0.5367871126216934
0.8311573310558349
0.04601356422761316
0.3012716683182761
0.03639564289007091
0.4167160190921413
0.24320033589662282
0.9683633259716362
0.33370368359361113
0.44568730210448826
0.7510729242785432
0.23045576150326008
0.9152999594517797
0.6395186378829982
0.8684423277817102
0.467527119167211
0.8835394121563536
0.19894122850970097
0.582086725033329
0.7254384133141705
0.6616299744452259
0.46638946542002313
0.9599305491966039
0.55941749214271
0.6689871603380046
0.02302656395430014
0.6987869243295248
0.5783982390700699
0.1146337109326474
0.31240341152565376
0.23516475855053143
0.1631914084105237
0.7285162548764699
0.8721990967006568
0.24777569210435146
0.20533766713124657
0.9754281159446534
0.936993588570173
0.325447489854096
0.708187974384235
0.7762797311140044
0.16824619822864761
0.6401762085822327
0.19666346489943543
0.07430826330462947
0.6534046995924183
0.8456274603966898
0.46784250956544393
0.6296951775984414
0.6502487066368077
0.4168807916997239
0.47182786388789677
0.4362024286474926
0.7608061262878862
0.14040090814500839
0.1633455414315359
0.5775005112857752
0.951362784718363
0.12651535910058764
0.9295032337484868
0.767127773425482
0.7377743769257323
0.14792565406287972
0.3309801465416693
0.45443218085220116
0.1691346085325307
0.276354260620264
0.19464700262755352
0.6049252367387796
0.6936750672306482
0.395576279294793
0.2618921641779153
0.7323034569856719
0.6697817822725518
0.511486655441123
0.36942344369405045
0.6909612626190849
0.38008905038692276
0.5568927380726525
0.12014889289435571
0.34029423813617066
0.7852261280225152
0.7380116943389441
0.8108306112860193
0.8955286838581613
0.7218385496468269
0.23209508266338852
0.8160068472396727
0.4012019993296081
0.5858302125950563
0.5406781895805637
0.44440382907523523
0.8267587913159715
0.7026566608210523
0.03117808033828795
0.761055073196337
0.7495812163149547
0.008856887764143728
0.7280729451246475
0.2544888892439321
0.7774683519996488
0.1921606966914553
0.8514616718766492
0.7647607592897305
0.910089373799644
0.26764990514853837
0.302135712780476
0.5683363036719054
0.0442109375174804
0.5759680082118486
0.1845154014446544
0.2681980342326471
0.47635974315603513
0.837111855138978
0.5029956824165536
0.3251531533115626
0.2713667793972583
0.17123654106020703
0.7972123578945411
0.75161494273531
0.9294421696373341
0.2871878268512005
0.06333700454548019
0.7734912509217391
0.7372645073557302
0.8998633223206931
0.7129225147998817
0.3413766049343676
0.9890645903013222
0.5283627660411399
0.025036512515496323
0.9863912448624856
0.3835125657773484
0.9763496705058501
0.9558944255846373
0.2699254322539031
0.29418313258255413
0.4880116621016124
0.4315640655224309
0.812236654846245
0.529456254355489
0.17521771113028728
0.5512694048079028
0.6382984900410689
0.5641636210181453
0.7577282395854137
0.35029093865659533
0.9209355958013272
0.3534624309634
0.8748442297287358
0.22244490016638419
0.6276067829074965
0.901906310217246
0.476732245629083
0.10177688626953985
0.9451525734490422
0.7190145395431564
0.6201374640400568
0.3590903922841473
0.13026754247751682
0.22429162062072416
0.28547206899258115
0.705352615791172
0.2777661860272238
0.29348204734484495
0.5143781283093944
0.9976505296751603
0.2410458644618878
0.04186137858170769
0.18793530833780525
0.4849340228248531
0.10114541109205133
0.4422308429391688
0.38592005698928356
0.8618432098310111
0.027479439709132025
0.2898252900106011
0.88154952433256
0.13531415974524474
0.1959267039306618
0.24201949921343946
0.6357250711515967
0.3377850976135286
0.977379980985752
0.5627581015544685
0.16092020817068398
0.3809628367054545
0.16569042715061255
0.5582872337182994
0.3169894172867216
0.4696267601614599
0.5915976247651598
0.7077823483216046
0.7649574242138977
0.007371793938011129
0.12148703785704895
0.4742929173679171
0.07224050463686127
0.34925624775040687
0.44477327879104545
0.9196312471708317
0.6530070139298743
0.4664320670335276
0.9200932547891405
0.820795273435549
0.30373389845516896
0.4512091858979883
0.6090494040476506
0.2838284524088226
0.017053734093894102
0.6750519502007526
0.46121803729769306
0.3956841974249321
0.5590807921091854
0.6851538974992346
0.3640373083705146
0.35095421879114186
0.004906301832181326
0.5187626020725957
0.054678367803669525
0.17497963953811868
0.8133005738859866
0.03280835945592475
0.6977657683399605
0.48105784595658396
0.27774351596806035
0.11324848842629054
0.603922163174986
0.21899002584599492
0.675642017849293
0.09382494183540624
0.09444411978280542
0.47592920553222084
0.272206078697494
0.25254886784516994
0.8454398662240314
0.9726257779793002
0.8939743110624736
0.43680989393650504
0.8398406280328772
0.7337237107299175
0.3270214289240625
0.6155887896588876
0.4220793655713684
0.903984532961873
0.2142138737304844
0.5202604891493554
0.8617753360978375
0.638594840587408
0.6488365997851162
0.4179175537828068
0.4114869047298222
0.8490169215786165
0.2146872849246122
0.397646715731399
0.9603898838457314
0.6724211960797044
0.2005874506758767
0.20503076558169053
0.1947165947370506
0.07989430970419575
0.9410740206241506
0.9319833620177964
0.13322206514347545
0.4936955239649028
0.6367059630125997
0.8719135833360503
0.8730178654988667
0.7631568637323494
0.5012479281988531
0.01385483126348186
0.8685328554669653
0.7146899081685363
0.2527064958030072
0.5713545653203531
0.35628903460974404
0.7061519402172258
0.7281002238285825
0.42383460925444716
0.2549974260915018
0.8314391388235589
0.8806044375680155
0.19254075419576
0.023224915896064235
0.44287828813805996
0.4744196012029518
0.7010288455708287
0.4363436910479035
0.7841162644527582
0.45957247351006125
0.9265122094828766
0.19549694240454585
0.30322365310570154
0.4442248152222785
0.323136054939251
0.46591849805605356
0.497422181723177
0.7083638072497906
0.9949222551784438
0.6564277852728351
0.11741350328859079
0.7888086572374924
0.5700864347829384
0.18683998343611097
0.7983113750114241
0.4678895879127636
0.51972414169586
0.35450286381347307
0.508696505293595
0.3871926967349886
0.40100604523593764
0.7922520360854131
0.8186667624719408
0.15791560690494655
0.8692492873892874
0.7481769584895288
0.5039102301041718
0.7309122077004324
0.18775177479572203
0.14123766505601276
0.6648965213717128
0.05464643518425372
0.9302733584486911
0.16445133450367377
0.6966302940196074
0.24733147735318317
0.5615608714670515
0.8381795281434643
0.21736728147180284
0.22314125703100807
0.2045171499581282
0.9305783424565763
0.5543231990862794
0.5457813659296697
0.2006138299939706
0.7959316864651751
0.227536288567312
0.5044091245727069
0.47119942146763183
0.20097908707453072
0.46794369977200034
0.9806750684956862
0.19739707615488333
0.5419796469803497
0.8562530850459174
0.249464311105821
0.36830545009506954
0.9725414392095559
0.25055115317442933
0.13991136974216678
0.9633036784364954
0.07598272155020513
0.17560840392819244
0.47792462768012545
0.5991137793941268
0.009409055404421052
0.6211791976236289
0.6740691592081476
0.3389454163254255
0.6101279508212927
0.4443653766084992
0.38229269702991275
0.3931853004707311
0.42924419894225285
0.411268638779678
0.6578498166447486
0.9206865677747864
0.801009961689563
0.5490429379343089
0.7827179555373958
0.2974526947137073
0.8580291981740547
0.561546564334652
0.7088931803593994
0.2692456707498061
0.13487588534284067
0.8718136535450527
0.77106595236985
0.7749904523274327
0.5366335400918409
0.5902423929752221
0.9699042812062735
0.4370518862136499
0.5964690603056979
0.543392378282683
0.5738522250599303
0.5520399251488619
0.3591360407197439
0.07885723917500664
0.3489360356514617
0.46425696571754504
0.8005700484505112
0.2075799581880855
0.06583997166689404
0.31456917493858905
0.4229187619825676
0.5571390893686134
0.8324065412156982
0.9509441505611831
0.0948463676058735
0.0560414683412962
0.3395156398991397
0.8257234664797555
0.20846324302520114
0.5374708952218017
0.0761384089038517
0.5182620272887584
0.8399620476229896
0.46947345402127705
0.6330232606146
0.4092787186353304
0.3660047752256328
0.2439794781716682
0.988274198924322
0.8636364789850253
0.7183031932267507
0.52965646170799
0.5150016971154772
0.19843803180562114
0.34009771430515356
0.3377965904732694
0.4992322284077608
0.5075344623723437
0.877562342972541
0.3125409026505359
0.7402709197164068
0.8579928332260764
0.686924032733615
0.2382121498183516
0.8181170533303312
0.9137519943436017
0.8618501113497912
0.9964125093867804
0.254986628448461
0.14544720655577326
0.7306416270918532
0.6099460153072291
0.4180474912533674
0.4861049240915485
0.3876043331893444
0.5833489653705244
0.5321994916096033
0.023276931702131076
0.4873541592095334
0.9542054480762692
0.6484010920684771
0.44103953397228257
0.1691453038510391
0.8331934564884858
0.9045438462755204
0.9452842296124628
0.9853477394110333
0.9479762495730755
0.6840197185122634
0.9917579005755992
0.16816712906638442
0.9345761247252158
0.2018884926286375
0.5788748626507285
0.46452952163355565
0.19414333349821233
0.031361667083704026
0.4197093753853387
0.7314916514571539
0.20174072686416844
0.7721791527722688
0.1165125929942461
0.39166081052347423
0.027865497846686793
0.1973629367135743
0.8503985780012286
0.8413972948626209
0.5662507253860496
0.20814305803271638
0.387922496752634
0.5342022920964604
0.3914540719811521
0.9366254943499956
0.3507135907292316
0.061494908549388994
0.6825857223470009
0.22737889604911476
0.05413455480291751
0.1399844371162735
0.3679996900794127
0.1296699868609632
0.25246681035804297
0.2919863257823947
0.36401963840296636
0.7312863559551777
0.8590567722196087
0.9907901739708529
0.28973910713829065
0.2662842138505228
0.8202669139932135
0.9613326122063648
0.3895855842380871
0.6908873034685648
0.1866567105047634
0.6074258230975549
0.3664029604013699
0.896094629479919
0.31849715601266926
0.5415756237331311
0.3209606557632185
0.38820351798951136
0.08971989498484656
0.4141224858791064
0.5315440979338897
0.18590008307332817
0.6433672768850123
0.48383307012887156
0.9006623115421748
0.25905382113431874
0.3837985999416573
0.23687840720111164
0.5146175395987833
0.07397440884491657
0.7075946073657555
0.9099112951784047
0.9379722172630924
0.5572923800397842
0.8748646082375378
0.8290078042550766
0.9841865658749547
0.5053395831669703
0.8720852900894263
0.3851474775610322
0.5609041477458396
0.23466385071587958
0.4836685736817856
0.26554513178835615
0.4526001610090209
0.8092278963115276
0.34195423597204444
0.9741529011456933
0.4503545851081634
0.8244710675577713
0.8502594812952426
0.9078373943183407
0.8330871193318059
0.8203220232766262
0.20047906615276556
0.6170360171450131
0.179989070912161
0.32842168307310105
0.6952383009527388
0.6678682932729012
0.2000755024832246
0.4571319886935221
0.2778333326634759
0.9244530070241965
0.4768760079941099
0.8441723228941325
0.12294879377127388
0.5509772760199654
0.5584608446341557
0.19881667760037702
0.9989584203196846
0.33157926483036837
0.9646386300955185
0.5455494981896873
0.39777508963544905
0.054414417399531345
0.2255510744016953
0.50735966454759
0.31937682374231824
0.08559200238773967
0.3985889717190225
0.268219957231995
0.11721578578366643
0.5008231560026437
0.9566286107690949
0.7575821596638217
0.7767970554299142
0.4871656278766128
0.5656504846987966
0.9423191411099594
0.38807582961857756
0.9906366725478606
0.9379300714378216
0.06511448632741978
0.1201950300503336
0.3778964144854722
0.5566785815864945
0.899255902573552
0.5807647422971929
0.8367066716779399
0.4431041227743726
0.6242073863972515
0.8989827960344987
0.600118913232411
0.9522318421296532
0.3417850664849127
0.28989124422179535
0.022307108405129172
0.8157674144244362
0.5587177085246982
0.6203257897321783
0.5761447552410448
0.1238377898541505
0.7390351973096039
0.5405585305686189
0.6913740819122127
0.8045174130030792
0.07114299439218641
0.750592769351579
0.6169809177665371
0.5816912091072028
0.4108200090073708
0.7022121092488172
0.839178867663199
0.785700636354046
0.4946810685528038
0.7125780596282174
0.1341888821074857
0.899694980108849
0.5184958264642852
0.7990408747986599
0.321456201229936
0.23570379124779683
0.34092218157123266
0.9379256301521559
0.5042453047540305
0.30655982931585757
0.057595161512291604
0.7842545623192545
0.6449942250967837
0.5147476392383057
0.26842971489189615
0.3641849013040006
0.14036809774514336
0.33335512363260467
0.624536089610298
0.2212551594199501
0.1480780178548482
0.36873846806786936
0.24166059598877165
0.7732681813562132
0.4043663285518042
0.38979980196911823
0.09768176992075772
0.40243234542943496
0.6789350052976042
0.7393432175226706
0.7262602642488207
0.04400799290741064
0.42178732458685353
0.03132240235728179
0.29894153103305743
0.12572063352214324
0.04332673997935088
0.1675948798588014
0.2653777253709888
0.19549680721471518
0.7313881861191374
0.37968001944377416
0.16890865734030514
0.7064608511496551
0.634267615415218
0.4595557128807024
0.781045086905515
0.09213957335274214
0.4286585013837334
0.19956730901669784
0.44457026527182464
0.6336561881178728
0.5747291909950876
0.2849886154800003
0.1357473746581488
0.3685021955023411
0.5805108636199936
0.4926205351201338
0.0020964056681784804
0.9413457571987482
0.05149211034677048
0.18461097076512756
0.07107722050366716
0.3353576296265923
0.851480532558363
0.18603738168928707
0.13910709140977984
0.9707703861958052
0.6291722398134765
0.2587655988055402
0.8238084672285255
0.4582429389067264
0.5012719798448639
0.8512902478784763
0.09918150192491737
0.08471576439317263
0.0028127417830858814
0.4046525348796599
0.6312099653482999
0.8186154542290054
0.04645712636293298
0.37469492959232764
0.5208221734748113
0.21068142978397297
0.8304447089546074
0.9118671687330078
0.04030869269120929
0.6853677560491276
0.6618155185946513
0.3010528432025543
0.4289293047989382
0.4554884772514498
0.4999691808507323
0.013813615951622449
0.8991214750378407
0.8476635250369398
0.6242068609657674
0.11203562654297938
0.19498136472148486
0.4168589207989635
0.435724823265069
0.4537662788303525
0.7682383364243348
0.02109335225344222
0.27004123107151456
0.6787701308341358
0.1530890163304608
0.26938495961406406
0.9462901160845567
0.6502363746328856
0.9978468041103663
0.4731529800138652
0.9456558858449335
0.6253111232414545
0.6567594990181846
0.11439181232146023
0.4211578375807816
0.8189814649295719
0.25434064610109774
0.44144402927905513
0.8051912053003776
0.381950018616672
0.061947879863406774
0.037873700748982
0.4003295548957406
0.9865939204474863
0.5766878145919683
0.6917716958508424
0.8165667841721014
0.7729575180315176
0.7081818309643313
0.6280939803348637
0.4187274564047232
0.5843727968288392
0.887495843120266
0.05383864112845105
0.8053474969443144
0.05679313069387715
0.06151191154556357
0.1317926496407813
0.10068845322616471
0.6095218214065259
0.48820388410550675
0.057525850678768364
0.4261860693848576
0.5147430716205084
0.4361183177223691
0.371187496146151
0.13888132780727314
0.9422884019043261
0.9692662007247372
0.5850284657723006
0.8611504165604786
0.9636037735912377
0.5583640881309098
0.7022382760195431
0.31778489656963416
0.1942611233738527
0.3931551688807462
0.42066898448559154
0.7533731196391871
0.07839080848163982
0.7791059519645716
0.010959829208901706
0.5030702067688941
0.14666954866322301
0.06874508460329798
0.7305080090151073
0.5798919972111403
0.18780096446096173
0.44964133834544584
0.18395950332829836
0.9519343709231107
0.41107323485687597
0.024087345917693792
0.6421672727153263
0.1770837687658524
0.49015856347126574
0.9830158147401251
0.37520839362646163
0.4305048883347762
0.9086476583939402
0.19282562703691308
0.012468603977997317
0.7023846114303196
0.4770582705316224
0.380490704681399
0.1673364376478661
0.03043654516037342
0.5770483285567445
0.35255865104977957
0.5755685290017183
0.7550323397861669
0.10402078054089636
0.24341283606890096
0.055097349235421644
0.021101255734612412
0.8660448824223359
0.05871931196965874
0.736604271682614
0.6134447992213135
0.9580936525192667
0.861854016971592
0.5646835139160624
0.4018171071935952
0.49649948445104575
0.9424292030231576
0.06714029559598589
0.37021014080126347
0.08063187689181062
0.7600104885798669
0.37255022640302005
0.7608722533493182
0.5728900198082707
0.5851025697512751
0.9189242032288458
0.0008594374439310215
0.06555712161116456
0.7473463047015034
0.5519998813060953
0.7385183499114174
0.6444166373367302
0.38069981426226573
0.6192841364869728
0.43854943195576945
0.4923836506513479
0.09163391236705598
0.17649237531223427
0.5816069262904813
0.03798289675115951
0.8678855774578074
0.5538919847228538
0.38371052583328247
0.15118404326401547
0.14708547272969597
0.006379960401063034
0.10783692981682935
0.32512424554938524
0.8949952994428838
0.4983692231532062
0.1178691984178355
0.4196772262970283
0.5204251380383575
0.060312728938733295
0.05492549739058106
0.19335850338988814
0.45067298972436864
0.4752195660192866
0.8420810771116036
