# browser_rnd sample v1
ua: Mozilla/5.0 (Windows NT 6.1; WOW64) AppleWebKit/537.36 (KHTML, like Gecko) Chrome/35.0.1916.114 Safari/537.36
appName: Netscape
appVersion: 5.0 (Windows NT 6.1; WOW64) AppleWebKit/537.36 (KHTML, like Gecko) Chrome/35.0.1916.114 Safari/537.36
platform: Win32
vendor: Google Inc.
oscpu: 
cpuClass: 
language: en-US
hardwareConcurrency: 
deviceMemory: 
screen: 1024x768x24
date: Fri Jun 12 2026 13:51:25 GMT+0000 (Coordinated Universal Time)
epoch: 1781272285954
count: 4096
---
0.5941572124138474
0.8561804068740457
0.9720296522136778
0.8757629885803908
0.08721242006868124
0.7225163846742362
0.3337333230301738
0.3579355077818036
0.4641572507098317
0.6425724683795124
0.6806662462186068
0.953568561701104
0.7287985305301845
0.4507242771796882
0.10215963679365814
0.8513737304601818
0.005327789345756173
0.546912040328607
0.6060091210529208
0.641791315516457
0.5002123189624399
0.30366072803735733
0.7341310197953135
0.8578501376323402
0.6816845096182078
0.41598064289428294
0.20712028490379453
0.5921355918981135
0.09617464966140687
0.31302249897271395
0.819324042648077
0.5340314481873065
0.5056436255108565
0.5349001404829323
0.3111305113416165
0.3674999116919935
0.28041546465829015
0.048411882715299726
0.5074494394939393
0.5795329788234085
0.8714103773236275
0.2341606968548149
0.7949932997580618
0.7880015596747398
0.2430535377934575
0.3260492521803826
0.6970338800456375
0.7644924812484533
0.5481810320634395
0.960058965953067
0.1919968833681196
0.42941269651055336
0.43556822929531336
0.14660268579609692
0.7822062310297042
0.10919694625772536
0.48159334436059
0.9900640172418207
0.34111867868341506
0.3832729342393577
0.5926447187084705
0.3464685238432139
0.1396473627537489
0.6136809582822025
0.7766403804998845
0.4687227657996118
0.12764707603491843
0.4922325937077403
0.3354236220475286
0.24317685374990106
0.4304478010162711
0.4098520972765982
0.32869158196263015
0.25888114096596837
0.6171389296650887
0.8240782676730305
0.33305091969668865
0.8391812166664749
0.28945084451697767
0.2436458154115826
0.061163228238001466
0.5939359201584011
0.9566902625374496
0.5846793951932341
0.9603051671292633
0.6633604059461504
0.5770961348898709
0.3030666073318571
0.8814536137506366
0.6231584071647376
0.13308264291845262
0.796578080393374
0.7574990878347307
0.8746061837300658
0.8367774900980294
0.6651068073697388
0.6073963071685284
0.047721803886815906
0.05155891622416675
0.8802842162549496
0.3624224252998829
0.590764764463529
0.04532775632105768
0.2715701807755977
0.24074713792651892
0.07964427047409117
0.24881636025384068
0.5239484906196594
0.04399889404885471
0.9952647793106735
0.2980466326698661
0.2649911781772971
0.13813303969800472
0.9874097281135619
0.7300083364825696
0.48723528743721545
0.32798717310652137
0.1757385926321149
0.3057595582213253
0.1213559815660119
0.5713635955471545
0.3141754143871367
0.8636035080999136
0.6811752240173519
0.21639080718159676
0.19097923883236945
0.8196777028497308
0.9129521064460278
0.5384566576685756
0.39065698394551873
0.5984173917677253
0.7439517413731664
0.22377279680222273
0.15923113515600562
0.5893020459916443
0.22158096614293754
0.9654714907519519
0.0834020075853914
0.04155094921588898
0.2606077005621046
0.04415957722812891
0.9889033609069884
0.028542603366076946
0.6763432375155389
0.5964033338241279
0.018854925641790032
0.5137571203522384
0.7255531875416636
0.9386096082162112
0.21511373738758266
0.8415672616101801
0.7530972654931247
0.3070612051524222
0.9823655541986227
0.7652322154026479
0.2901077421847731
0.21245288755744696
0.14539853972382843
0.6929024073760957
0.43167325505055487
0.11998181836679578
0.5123243741691113
0.5443045338615775
0.06848208769224584
0.5132242371328175
0.9805576666258276
0.6426789783872664
0.77641436830163
0.5732728294096887
0.6286206434015185
0.8660923480056226
0.21713999682106078
0.9049195633269846
0.4302946829702705
0.8061308227479458
0.3840996539220214
0.7787834035698324
0.7188785099424422
0.16647544619627297
0.16867384291253984
0.16529015079140663
0.26701243151910603
0.9058666091877967
0.7312639728188515
0.6068823847454041
0.5861643871758133
0.9086868276353925
0.4026706104632467
0.13600236061029136
0.26928328070789576
0.4424580759368837
0.8515122425742447
0.6096315854229033
0.8079782039858401
0.171788644278422
0.2242232768330723
0.08559272810816765
0.9855182047467679
0.1411915272474289
0.23190234671346843
0.3254660042002797
0.09860980999656022
0.8504935195669532
0.8325511801522225
0.42417151760309935
0.9775966259185225
0.5260308398865163
0.1672410375904292
0.056100991321727633
0.0031202875543385744
0.8957098815590143
0.23982652043923736
0.5242454609833658
0.339146934915334
0.28512087231501937
0.918245229870081
0.14129516342654824
0.886082069715485
0.3405041666701436
0.20133845345117152
0.8968581238295883
0.20688362210057676
0.5438590585254133
0.8974307344760746
0.8976943653542548
0.7362839744891971
0.33765096333809197
0.01951131597161293
0.43104543979279697
0.22162540722638369
0.7578169696498662
0.5696002065669745
0.42688540928065777
0.5349229308776557
0.5680014814715832
0.08823886071331799
0.3179005039855838
0.7619261739309877
0.6000565004069358
0.9604483421426266
0.17705270578153431
0.46095409290865064
0.0391310031991452
0.032892250223085284
0.8763236571103334
0.8630113007966429
0.9637815542519093
0.3128037678543478
0.8788771512918174
0.7834648238494992
0.4557514269836247
0.12927840393967927
0.32276578922756016
0.7181747786235064
0.21343791880644858
0.10947898775339127
0.3418282801285386
0.24247462768107653
0.6063245967961848
0.4122071445453912
0.3166067840065807
0.4310470272321254
0.5832852213643491
0.44077084865421057
0.26843989733606577
0.19211652944795787
0.46715680533088744
0.2458138046786189
0.7037002528086305
0.5881362042855471
0.1827847606036812
0.9160954761318862
0.7985978238284588
0.7805689186789095
0.45683937612921
0.9249590740073472
0.8716725041158497
0.07047669379971921
0.8515979794319719
0.17884842632338405
0.3318200306966901
0.3533751943614334
0.0953015717677772
0.35348700266331434
0.2599361790344119
0.8628913899883628
0.561326815513894
0.33365525025874376
0.9188768754247576
0.5866069130133837
0.08156427508220077
0.4770581203047186
0.1716657739598304
0.9013571296818554
0.45164607069455087
0.15853428840637207
0.8269481123425066
0.6240620135795325
0.5684910875279456
0.03545320429839194
0.8663230077363551
0.23410143796354532
0.9571073523256928
0.012600470334291458
0.29655336774885654
0.6662704607006162
0.6473778248764575
0.5665298332460225
0.352506224764511
0.2677883571013808
0.17808371386490762
0.9490322079509497
0.4991509458050132
0.15047618723474443
0.6211916538886726
0.9609973405022174
0.22060892544686794
0.2243927982635796
0.16626382572576404
0.12726239929907024
0.4372869972139597
0.5694567826576531
0.5492815747857094
0.9810002706944942
0.7386313986498863
0.020931300474330783
0.4734552188310772
0.3523317857179791
0.17477320390753448
0.4678310346789658
0.509231501724571
0.04004455846734345
0.7757750467862934
0.6946480504702777
0.3933644618373364
0.9937812485732138
0.3495476692914963
0.2950842040590942
0.9931250917725265
0.33270365349017084
0.7521924711763859
0.7145697881933302
0.5307406075298786
0.25048452033661306
0.04152534995228052
0.7495458249468356
0.39686180790886283
0.8597523374482989
0.1618000715970993
0.6090241700876504
0.7415399956516922
0.17256501456722617
0.4257183417212218
0.954787026392296
0.6847942552994937
0.3230624545831233
0.4495453108102083
0.5196042030584067
0.6351764586288482
0.4665575304534286
0.49521579151041806
0.07939165667630732
0.8585898198653013
0.8826641035266221
0.08395802765153348
0.33495771745219827
0.48580354475416243
0.008380493149161339
0.2097529643215239
0.7150212049018592
0.46537800948135555
0.04804125661030412
0.8672633476089686
0.2458779860753566
0.9305515764281154
0.8623685729689896
0.2682967090513557
0.8002597189042717
0.9917497790884227
0.3794108647853136
0.2316142653580755
0.37304823542945087
0.7501234419178218
0.08459741505794227
0.00860196677967906
0.0014269461389631033
0.9330149842426181
0.9636748053599149
0.3805468233767897
0.8567509218119085
0.5077766368631274
0.6602294042240828
0.292029551230371
0.31497662840411067
0.5633926636073738
0.8221115821506828
0.3497804026119411
0.708393466193229
0.49487356026656926
0.012710570823401213
0.11944413394667208
0.35783625207841396
0.7314673948567361
0.07878464856185019
0.771500262664631
0.6347773761954159
0.2873813477344811
0.26660278253257275
0.6904809603001922
0.1324890914838761
0.9412220173981041
0.7286321339197457
0.3802090138196945
0.6570898608770221
0.09757184679619968
0.9829392794054002
0.02331323828548193
0.038088728208094835
0.9508485677652061
0.6401551903691143
0.7621994595974684
0.708748109638691
0.0228191539645195
0.03928037919104099
0.6989602092653513
0.09516244754195213
0.9404369927942753
0.4982084524817765
0.8609963220078498
0.053618096048012376
0.7482732892967761
0.9790216311812401
0.8258276840206236
0.49868857068940997
0.7514162089210004
0.5408408839721233
0.8421452175825834
0.4392219858709723
0.900581314926967
0.30623029987327754
0.9670014313887805
0.9893853566609323
0.2082103118300438
0.8273415672592819
0.8873292207717896
0.39534287876449525
0.2946088667958975
0.3623613065574318
0.3121787814889103
0.2794047365896404
0.6306096790358424
0.03125855978578329
0.20707719423808157
0.9272160967811942
0.0679525553714484
0.8611490931361914
0.721889078617096
0.11773726646788418
0.6061373467091471
0.7527218672912568
0.5496456818655133
0.7238663060124964
0.2779922268819064
0.814776748418808
0.4347568452358246
0.4763901042751968
0.0019027472008019686
0.7069861553609371
0.7460797906387597
0.28938719839788973
0.10239335824735463
0.9887518060859293
0.2565417503938079
0.8623022318352014
0.6862613009288907
0.06437512463890016
0.27035763673484325
0.2189727711956948
0.19766582711599767
0.9452389299403876
0.35630126553587615
0.8005075179971755
0.7562914153095335
0.8486246045213193
0.9994336445815861
0.6412984533235431
0.6875376766547561
0.4239515687804669
0.033628896810114384
0.36715935985557735
0.06891718879342079
0.27089783921837807
0.9790679502766579
0.529193248366937
0.16301673674024642
0.8227766484487802
0.506394503172487
0.5565951301250607
0.7988592393230647
0.6991699871141464
0.9316602093167603
0.34290075465105474
0.9893829708453268
0.034208390628919005
0.12011819332838058
0.9109103151131421
0.9810071238316596
0.11827945103868842
0.43721855781041086
0.17282214458100498
0.08086498826742172
0.535792039707303
0.36448466987349093
0.1359330432023853
0.8645135236438364
0.08208227530121803
0.0345542470458895
0.28009347012266517
0.10026974068023264
0.22963469941169024
0.04811204574070871
0.19563426543027163
0.8140327162109315
0.7494273926131427
0.38166589359752834
0.1511663047131151
0.13550704438239336
0.9979650171007961
0.675384262111038
0.3007957241497934
0.3640980557538569
0.09982039174064994
0.8883474632166326
0.594871130771935
0.19557925150729716
0.8511950979009271
0.6854908000677824
0.12007374200038612
0.25603348133154213
0.4189143842086196
0.6226067377720028
0.9664597155060619
0.03994653536938131
0.9515036360826343
0.6301026379223913
0.017464241245761514
0.15018655080348253
0.18922822503373027
0.7364750423002988
0.4859991269186139
0.7450512167997658
0.2677522224839777
0.7298863627947867
0.05598887102678418
0.20823201187886298
0.845909162890166
0.21595871588215232
0.42984086787328124
0.5281491393689066
0.7710373089648783
0.11652648239396513
0.31392953102476895
0.275614915182814
0.20396008109673858
0.8364592925645411
0.6228124441113323
0.7075937436893582
0.793339317664504
0.8070368501357734
0.9359370751772076
0.44365973910316825
0.06447734450921416
0.15448642638511956
0.830665587214753
0.6559588285163045
0.31138457474298775
0.8624386093579233
0.21095941471867263
0.9802311242092401
0.7031004175078124
0.9187892049085349
0.016673078294843435
0.7318409604486078
0.6754362375941128
0.3418782758526504
0.23674372327513993
0.047406759578734636
0.09290229855105281
0.492829637369141
0.4786974424496293
0.12049001548439264
0.726612857542932
0.34662657137960196
0.9652315133716911
0.657082192832604
0.9818625955376774
0.661648677662015
0.35483563831076026
0.9543489355128258
0.8579668770544231
0.69484415021725
0.040990770095959306
0.11461947159841657
0.2573854348156601
0.23270726343616843
0.13551665376871824
0.2995176075492054
0.07119306572712958
0.7967847702093422
0.6437778985127807
0.8005031796637923
0.5576238571666181
0.5620683105662465
0.6320941268932074
0.15598695119842887
0.31367159890942276
0.5466112797148526
0.11550648417323828
0.5701540187001228
0.2854601389262825
0.11678395862691104
0.9185382514260709
0.3920072328764945
0.2408832712098956
0.6226397259160876
0.47446197364479303
0.9224719065241516
0.428292048163712
0.28510776115581393
0.6642840364947915
0.3970820384565741
0.01833411632105708
0.9781670835800469
0.00816377461887896
0.44350235955789685
0.017548426752910018
0.7710919894743711
0.08945050230249763
0.6804273687303066
0.3381709682289511
0.4839471138548106
0.992774860933423
0.9724248577840626
0.163271005731076
0.686368600698188
0.8212342783808708
0.491111695766449
0.17467225552536547
0.8335730109829456
0.9169354639016092
0.315354417078197
0.7082359702326357
0.418223267653957
0.2016144876834005
0.21617985446937382
0.15373879158869386
0.21059592184610665
0.09085933794267476
0.17593695130199194
0.8643568234983832
0.30499267578125
0.3721660724841058
0.5988056375645101
0.9882169829215854
0.6361218532547355
0.884304519277066
0.8560848208144307
0.37997507210820913
0.51028176327236
0.2543949980754405
0.6935499664396048
0.17266891966573894
0.36409222055226564
0.06409885478205979
0.16169835324399173
0.7142451957333833
0.23197217844426632
0.8793555940501392
0.4044683144893497
0.02905141399241984
0.7145707609597594
0.3291101648937911
0.8720999860670418
0.7114020939916372
0.5688024023547769
0.9151015898678452
0.7826744101475924
0.9670182452537119
0.4010487855412066
0.5969527950510383
0.9797539468854666
0.16717905271798372
0.06730970973148942
0.9386401881929487
0.5892259166575968
0.04477766156196594
0.23348868498578668
0.2962639282923192
0.43020245083607733
0.9634799326304346
0.6156337761785835
0.6957958843559027
0.26051180879585445
0.27482254314236343
0.6902246999088675
0.39476653980091214
0.6443411139771342
0.004892084980383515
0.403300067409873
0.31578873679973185
0.3720727695617825
0.9288676388096064
0.2269299915060401
0.9273332827724516
0.02526312880218029
0.7120447652414441
0.04328942368738353
0.2218117075972259
0.9955955671612173
0.4817473560106009
0.025441459845751524
0.9336873185820878
0.23861974524334073
0.5077435313723981
0.930235079023987
0.08009247411973774
0.5269554546102881
0.9252519404981285
0.18885875516571105
0.260814098874107
0.7099598925560713
0.9101060717366636
0.36780715617351234
0.023904670728370547
0.7407190562225878
0.9529296869877726
0.03494247421622276
0.4935006983578205
0.7307745979633182
0.5695434238296002
0.30406164354644716
0.0028851504903286695
0.7824900951236486
0.3667905821930617
0.30712185241281986
0.9899523570202291
0.34069875557906926
0.8549978227820247
0.4319209966342896
0.6263668925967067
0.5607470611575991
0.6724003152921796
0.8082299646921456
0.9292916464619339
0.15562417055480182
0.7047609281726182
0.0806726198643446
0.05939491745084524
0.20493087079375982
0.6209066410083324
0.6785195970442146
0.6333722891286016
0.6096584380138665
0.30479608150199056
0.6764469803310931
0.6251948126591742
0.15949310967698693
0.4412354058586061
0.514984946930781
0.4280491853132844
0.7103054516483098
0.369680282426998
0.263527640607208
0.3910074580926448
0.9347064597532153
0.7429298995994031
0.6363457476254553
0.9982616056222469
0.3915061503648758
0.061927540926262736
0.5763604391831905
0.7518256849143654
0.09073354164138436
0.096266113454476
0.8461734079755843
0.9247479136101902
0.07668549800291657
0.34770456282421947
0.5805160801392049
0.6715999329462647
0.036084479885175824
0.32684740028344095
0.4169828144367784
0.510545224417001
0.28355384012684226
0.24718926660716534
0.7466524024493992
0.4776736118365079
0.5100636184215546
0.3780981064774096
0.11846712836995721
0.6149921761825681
0.7495742526371032
0.11439815489575267
0.551432277308777
0.16827888623811305
0.02320209238678217
0.8591846874915063
0.7411209745332599
0.7140806168317795
0.3264728661160916
0.6354362270794809
0.15271583665162325
0.6462893299758434
0.6268471954390407
0.54289156710729
0.16980423731729388
0.9032121032942086
0.18882535584270954
0.4181847698055208
0.499150879913941
0.0024660956114530563
0.02982472232542932
0.8224952907767147
0.4504343648441136
0.8306295790243894
0.18082272401079535
0.2942542771343142
0.8896005125716329
0.5126435121055692
0.6141886771656573
0.08182108774781227
0.2247479148209095
0.819342945003882
0.7882511573843658
0.7110146840568632
0.5748295532539487
0.05042100721038878
0.3942969923373312
0.8224131097085774
0.8791103200055659
0.10791417374275625
0.08741445816121995
0.13313215132802725
0.4836701680906117
0.916771155083552
0.15072681312449276
0.4776307267602533
0.7862582891248167
0.3686495805159211
0.3246820271015167
0.916723654139787
0.2699352353811264
0.6495538780000061
0.3278398953843862
0.7115862995851785
0.7629403993487358
0.39103400288149714
0.35277364077046514
0.23768276255577803
0.05869447183795273
0.42281106975860894
0.946495202369988
0.2826378096360713
0.6392975866328925
0.9617602720391005
0.16684594750404358
0.9281646923627704
0.3438157110940665
0.7178493877872825
0.08518307562917471
0.5949080819264054
0.5292915464378893
0.7288431264460087
0.1688994790893048
0.22561731282621622
0.7365831665229052
0.4479176534805447
0.8007393802981824
0.9641949906945229
0.8236824034247547
0.180398314492777
0.485246361233294
0.9276376347988844
0.6737650011200458
0.725857722805813
0.5596928431186825
0.4612989486195147
0.27995103714056313
0.4310252896975726
0.015424872050061822
0.7322739546652883
0.7609719110187143
0.42851870600134134
0.42243167641572654
0.07901093293912709
0.8677053407300264
0.340404566610232
0.24443401023745537
0.5742079333867878
0.4885503170080483
0.2633943883702159
0.9147437163628638
0.005748368334025145
0.09282486629672348
0.08709896029904485
0.5524393843952566
0.563044979935512
0.47537191095761955
0.3564730028156191
0.7365670241415501
0.20557237952016294
0.5203157283831388
0.671871165977791
0.038118922151625156
0.6893256986513734
0.8781659670639783
0.7837308414746076
0.19557114876806736
0.6250253946054727
0.9583526037167758
0.9851481188088655
0.6927777607925236
0.15640641935169697
0.13765508495271206
0.3135959568899125
0.1473843208514154
0.9682101372163743
0.9721800643019378
0.6952431849204004
0.32226327038370073
0.6747969470452517
0.517088322667405
0.6920470953918993
0.6423640355933458
0.8406778955832124
0.7004361904691905
0.08570270170457661
0.0700537592638284
0.1042051762342453
0.1076205363497138
0.5736984526738524
0.9703895475249738
0.9628583036828786
0.33447500551119447
0.08731519081629813
0.5233600710052997
0.12483466416597366
0.20386962848715484
0.12147945305332541
0.7735436549410224
0.7302457941696048
0.8887797291390598
0.8565409639850259
0.7459486876614392
0.8216714775189757
0.5936208043713123
0.3134432395454496
0.48627370595932007
0.6459348713979125
0.028086951235309243
0.21600029710680246
0.7594630885869265
0.6810014490038157
0.12028882722370327
0.15832292311824858
0.8310099351219833
0.06996767362579703
0.6390772403683513
0.7201018761843443
0.43343288940377533
0.19230990926735103
0.13786740438081324
0.22713318280875683
0.3314923879224807
0.23271144786849618
0.15618352452293038
0.8270223999861628
0.017526642652228475
0.32038826728239655
0.19049612479284406
0.9263129157479852
0.3338955396320671
0.4818132345099002
0.2350721333641559
0.415787439327687
0.7366951480507851
0.7315309771802276
0.2997200037352741
0.8620832629967481
0.7947674931492656
0.7807291937060654
0.2440156377851963
0.889914212981239
0.3539336284156889
0.5673839075025171
0.8848143757786602
0.3169318502768874
0.4181314487941563
0.4195854552090168
0.9360561370849609
0.5662218055222183
0.5776834096759558
0.15010540676303208
0.9513119470793754
0.3149392914492637
0.910741597879678
0.9682701656129211
0.30031229509040713
0.802218280499801
0.9689513719640672
0.8171260352246463
0.5662846353370696
0.9386450941674411
0.007180869113653898
0.3089366352651268
0.06973104155622423
0.0323261262383312
0.5683680344372988
0.6398679225239903
0.3579058919567615
0.9918775239493698
0.48666857834905386
0.08451677649281919
0.26220271619968116
0.05383296660147607
0.4848412855062634
0.3640940277837217
0.15113283623941243
0.5729648745618761
0.5989756609778851
0.11126540880650282
0.07172312657348812
0.5031296673696488
0.6788872838951647
0.2923000128939748
0.3390166771132499
0.7110380604863167
0.7284001833759248
0.13367190351709723
0.7000490766949952
0.917969010071829
0.2381490624975413
0.8598186934832484
0.5116719310171902
0.7611693481449038
0.7128982550930232
0.862621356965974
0.6687955602537841
0.08997536124661565
0.13192571513354778
0.457300380570814
0.10881269513629377
0.42040893621742725
0.9062986532226205
0.8599329444114119
0.6497198573779315
0.5594065345358104
0.14242108701728284
0.41899819299578667
0.2638745892327279
0.8177090992685407
0.9650095966644585
0.6060726726427674
0.8736648706253618
0.507482374086976
0.3672804832458496
0.43162612267769873
0.19273103098385036
0.6656174368690699
0.6289994278922677
0.8624411516357213
0.2995211868546903
0.2738656585570425
0.41403127484954894
0.4039570193272084
0.41928227827884257
0.6344486786983907
0.33386880182661116
0.8427948011085391
0.3709411493036896
0.16401977627538145
0.1810227541718632
0.7330998715478927
0.8636410934850574
0.355624055955559
0.5095162577927113
0.30641380161978304
0.20385129074566066
0.89328878140077
0.9628133866935968
0.476506425999105
0.379721348406747
0.6644426921848208
0.21170055121183395
0.5873914477415383
0.3832267860416323
0.8248373724054545
0.2090253671631217
0.5591145982034504
0.7218874292448163
0.03353660390712321
0.7772853225469589
0.296393227763474
0.09123438643291593
0.17046698462218046
0.7667065288405865
0.8308242622297257
0.6148843776900321
0.99644302460365
0.9266613638028502
0.971566186286509
0.5307098308112472
0.7644836250692606
0.5018114880658686
0.6143660547677428
0.42469501798041165
0.39676969475112855
0.09622590686194599
0.3738478091545403
0.2112232120707631
0.5840086543466896
0.4841982899233699
0.8013167108874768
0.5696118199266493
0.7178360153920949
0.1481443215161562
0.022111721569672227
0.05708241928368807
0.8073795218952
0.14358855062164366
0.9575778732541949
0.6308922399766743
0.5180014441721141
0.4092397999484092
0.9213391419034451
0.49831127747893333
0.8074481969233602
0.38192369043827057
0.9073390860576183
0.8092276342213154
0.11834939545951784
0.7834330957848579
0.6860563387162983
0.41767773032188416
0.15778550854884088
0.15509376674890518
0.009643421275541186
0.9811080386862159
0.5399236085359007
0.1767516650725156
0.767231062753126
0.5914122289977968
0.8687997735105455
0.5585834828671068
0.14700561366043985
0.34474809584207833
0.5082867378368974
0.9974799393676221
0.8569515547715127
0.30449595116078854
0.16892240452580154
0.6649597666691989
0.6329393310006708
0.7988075294997543
0.6051542677450925
0.097894879989326
0.823746487731114
0.3329643856268376
0.444967393996194
0.875200322130695
0.6237755019683391
0.2842982644215226
0.9411260192282498
0.09801046061329544
0.14802502444945276
0.6187011443544179
0.5120188777800649
0.10688495775684714
0.02502555213868618
0.30093063064850867
0.6921773473732173
0.09149867948144674
0.02081428118981421
0.3412585055921227
0.6224432319868356
0.8777447601314634
0.958010078407824
0.9214834456797689
0.4395618645939976
0.3356555385980755
0.41085629910230637
0.4258198239840567
0.9729852126911283
0.32167407567612827
0.1569272803608328
0.514194477815181
0.8499377316329628
0.9107775429729372
0.6750815776176751
0.9788343494292349
0.18072131415829062
0.38381714723072946
0.3067492770496756
0.3029281897470355
0.2966539242770523
0.6989753639791161
0.44574804278090596
0.19726935913786292
0.7590542200487107
0.14755171025171876
0.15947678498923779
0.029227390652522445
0.9921502945944667
0.41386384470388293
0.5371580373030156
0.5514770473819226
0.12262376095168293
0.7822488341480494
0.9389939911197871
0.20151547179557383
0.40962160797789693
0.8036864581517875
0.7665247840341181
0.6614887481555343
0.506555009400472
0.29987299838103354
0.5876001145225018
0.032522163819521666
0.33747150585986674
0.47738947276957333
0.3771399555262178
0.5434445419814438
0.41665852442383766
0.7156383260153234
0.9548515335191041
0.1597460089251399
0.27316056773997843
0.2703320102300495
0.7195384656079113
0.0141303651034832
0.39151578303426504
0.06635291036218405
0.43528623110614717
0.7477135981898755
0.04778037336654961
0.20596358459442854
0.5776830157265067
0.04965742630884051
0.4538963127415627
0.9081573998555541
0.8857789922039956
0.977851148461923
0.3947329835500568
0.16689114389009774
0.6065464429557323
0.2946643098257482
0.536534896818921
0.08645797870121896
0.965548632433638
0.4398421172518283
0.3667707396671176
0.932757317321375
0.32554584788158536
0.6881463720928878
0.48886266397312284
0.15045472397468984
0.33949400181882083
0.5938428589142859
0.3613534194882959
0.9932334020268172
0.30295109865255654
0.04570702579803765
0.16192275402136147
0.6126537828240544
0.8228259170427918
0.4682353497482836
0.2181637310422957
0.47518154163844883
0.9144268424715847
0.20949341892264783
0.22763528884388506
0.5526493284851313
0.505759336752817
0.7706838506273925
0.6973341833800077
0.4649440343491733
0.9572179841343313
0.30755394231528044
0.9616497240494937
0.12257664487697184
0.060144941322505474
0.878983078757301
0.6647814081516117
0.7638697137590498
0.10742013389244676
0.8540830782148987
0.6374415084719658
0.10457778652198613
0.9576042203698307
0.17766076722182333
0.6131188527215272
0.4707627969328314
0.16562474402599037
0.485365902306512
0.8752854140475392
0.029156404081732035
0.7976135697681457
0.688546231482178
0.8699075935874134
0.939805714180693
0.28244554647244513
0.2915575110819191
0.5661011587362736
0.44621366122737527
0.8037684762384742
0.1708512979093939
0.9359682709909976
0.8239270402118564
0.6337091231252998
0.7843223586678505
0.0015287718269973993
0.10107676684856415
0.9296362476889044
0.09257469465956092
0.6046925585251302
0.5362632253672928
0.15407438878901303
0.433969589183107
0.7933281492441893
0.4519192927982658
0.868414930999279
0.5491005061194301
0.7184651102870703
0.5741969915106893
0.3418992552906275
0.4873402595985681
0.1715315910987556
0.39482069481164217
0.33618590771220624
0.15720897167921066
0.5370652829296887
0.8069640046451241
0.7491819863207638
0.918506663525477
0.010685981018468738
0.43280117050744593
0.5627331482246518
0.865534067619592
0.882286858279258
0.11530149122700095
0.039040095172822475
0.26357728452421725
0.13529142551124096
0.1257649587932974
0.10392329399473965
0.8255107367876917
0.39939101855270565
0.16568747744895518
0.5807535341009498
0.0820267959497869
0.8401470051612705
0.7853564545512199
0.019106394611299038
0.3064463676419109
0.6247602326329798
0.24926274013705552
0.761835977435112
0.9079751593526453
0.6257496203761548
0.5405360271688551
0.23062533931806684
0.2944333031773567
0.9705375428311527
0.6732179427053779
0.9789762268774211
0.9684358481317759
0.3864111015573144
0.9264445065055043
0.8979429460596293
0.20556315453723073
0.28648500447161496
0.9751478265970945
0.875820648856461
0.9245533293578774
0.4602483808994293
0.1428264738060534
0.9195870258845389
0.6381163033656776
0.39109592023305595
0.4332588855177164
0.03351883124560118
0.41798772756010294
0.8311344787944108
0.37296319915913045
0.24434310756623745
0.910341345705092
0.6991592044942081
0.9627410778775811
0.3070866309572011
0.5984728513285518
0.8359396639280021
0.2527932298835367
0.5078508672304451
0.8859431894961745
0.9332886307965964
0.2291286368854344
0.07919973018579185
0.15969551354646683
0.9137083129025996
0.016812417656183243
0.23982845875434577
0.27918130392208695
0.42807880393229425
0.20220626355148852
0.8142288618255407
0.37596954754553735
0.16792810638435185
0.5613393732346594
0.1398806304205209
0.13477517175488174
0.6112671478185803
0.7211122799199075
0.8280593750532717
0.13506032177247107
0.10081249894574285
0.9480336676351726
0.3540568503085524
0.8141795967239887
0.581845898879692
0.059330387972295284
0.22937382850795984
0.29670630651526153
0.514945947099477
0.5512833350803703
0.49171762401238084
0.25236186338588595
0.3259831939358264
0.5843336372636259
0.3714920715428889
0.40843336028046906
0.3816403935197741
0.777252497151494
0.8358103616628796
0.7932311871554703
0.8910097929183394
0.5823904818389565
0.11841064784675837
0.8354855179786682
0.7542400441598147
0.21716052712872624
0.15254228212870657
0.4626035641413182
0.1452766046859324
0.5320697764400393
0.34941332740709186
0.9357486804947257
0.9701769372913986
0.16026832209900022
0.757440421031788
0.581895865034312
0.15880737779662013
0.882095024921
0.293540065176785
0.980395237216726
0.7931892338674515
0.09485628572292626
0.3902393791358918
0.6676621288061142
0.04647009796462953
0.20479894848540425
0.10788414254784584
0.3417417830787599
0.5690832301042974
0.8308661554474384
0.39626644970849156
0.00829900405369699
0.5118501763790846
0.8696194475051016
0.5928908556234092
0.9432661270257086
0.21939337439835072
0.19235596945509315
0.9146690843626857
0.5918268230743706
0.43815049598924816
0.3131176084280014
0.58762042876333
0.5938678332604468
0.7093602539971471
0.12883279542438686
0.3075803134124726
0.288323235232383
0.4624537085182965
0.39489580504596233
0.8114213857334107
0.1261054016649723
0.4265709584578872
0.5559571112971753
0.06599676283076406
0.06818305840715766
0.8033780453260988
0.09484808682464063
0.11424688645638525
0.5806414985563606
0.8370945565402508
0.15961532131768763
0.7308997854124755
0.7070323631633073
0.7858140957541764
0.34672526526264846
0.6546918386593461
0.03406772273592651
0.5173832010477781
0.08986735995858908
0.13792944210581481
0.3138673035427928
0.16628635441884398
0.4310406902804971
0.2625480662100017
0.5633852714672685
0.8074836474843323
0.2365296697244048
0.27369347773492336
0.05056872614659369
0.09856512397527695
0.937366591533646
0.4555547274649143
0.5474819939117879
0.04802268836647272
0.611316756810993
0.5333903280552477
0.7370419001672417
0.8984512444585562
0.35393552109599113
0.5697773853316903
0.3813364945817739
0.24575852905400097
0.8433031430467963
0.5475588934496045
0.5502581102773547
0.819615805754438
0.8978319999296218
0.22400496806949377
0.3845037235878408
0.8658962678164244
0.524362814379856
0.7442969963885844
0.6160739460028708
0.7205671390984207
0.07056149165146053
0.4824084232095629
0.03576929168775678
0.6976273087784648
0.5576888548675925
0.6486682503018528
0.23628712468780577
0.7682265769690275
0.731565187452361
0.866155409719795
0.3611412923783064
0.16561975120566785
0.45479195239022374
0.3911121024284512
0.6609663255512714
0.9218731264118105
0.32734253047965467
0.5863195871934295
0.8978028132114559
0.6013126804027706
0.8618806831073016
0.2541404527146369
0.051583050517365336
0.4954955759458244
0.9825283857062459
0.6060124232899398
0.7632508638780564
0.9380714045837522
0.46678887074813247
0.7620322871953249
0.5933426730334759
0.2779751312918961
0.4995576285291463
0.49161443929187953
0.286167926620692
0.1996117476373911
0.37461847998201847
0.1812374892178923
0.6953435447067022
0.05348899168893695
0.47149083274416625
0.39314089133404195
0.7492041285149753
0.08195125870406628
0.49298907979391515
0.2638742052949965
0.8383364365436137
0.9348529919516295
0.6558838835917413
0.22513308748602867
0.9500093956012279
0.3570045151282102
0.6277435687370598
0.6340142083354294
0.3061045720241964
0.3832560784649104
0.3040552590973675
0.9509512025397271
0.6660918805282563
0.48395121190696955
0.36303113028407097
0.6332242437638342
0.7334486721083522
0.4026791916694492
0.08714859560132027
0.4753027760889381
0.10848439740948379
0.2913048011250794
0.7775937533006072
0.9447422702796757
0.3168095606379211
0.20424687932245433
0.14561304589733481
0.5941590997390449
0.8837663361337036
0.08554089907556772
0.3329378666821867
0.6814918587915599
0.9237275351770222
0.34956481237895787
0.8332045690622181
0.9951159569900483
0.7298465678468347
0.7011468354612589
0.1595203042961657
0.020060837734490633
0.4190299757756293
0.7874086846131831
0.26409538509324193
0.823971004690975
0.28285211394540966
0.5086778714321554
0.9508178718388081
0.2137208147905767
0.4719939378555864
0.638994017848745
0.43806691165082157
0.932156806346029
0.19246596889570355
0.06516746175475419
0.6315249239560217
0.7009540684521198
0.5073938055429608
0.6461840537376702
0.7739844734314829
0.9624423109926283
0.7514668009243906
0.7854338411707431
0.3885050571989268
0.35311700333841145
0.3710986825171858
0.09455869509838521
0.6960750923026353
0.1340406339149922
0.38281054864637554
0.891365576069802
0.880897190188989
0.7495415627490729
0.35207095625810325
0.5117425015196204
0.013708078069612384
0.5265064227860421
0.820854410994798
0.47594050224870443
0.02366485050879419
0.3096776360180229
0.7366938502527773
0.4231155668385327
0.712011091876775
0.5965878532733768
0.37468266184441745
0.6860435255803168
0.024876879528164864
0.6741727136541158
0.002391209825873375
0.684500323375687
0.7598682164680213
0.06106386100873351
0.786107003223151
0.4642604251857847
0.43489975249394774
0.8880734082777053
0.6694782765116543
0.36532366112805903
0.5085294954478741
0.18556711939163506
0.918665736913681
0.6417746951337904
0.30855093291029334
0.27607626398094
0.5671767531894147
0.9595787059515715
0.2749258012045175
0.8369028586894274
0.7284958884119987
0.8417104631662369
0.6844753194600344
0.43623376986943185
0.4859709220472723
0.103691988857463
0.7435875639785081
0.3940713442862034
0.8333234507590532
0.2381131004076451
0.9997480751480907
0.3263843529857695
0.04212984978221357
0.923671752680093
0.05600121454335749
0.5410846604499966
0.1094233503099531
0.5967169995419681
0.7160907709039748
0.09095727815292776
0.9898352865129709
0.04984758049249649
0.9146978079807013
0.10973933571949601
0.27736022346653044
0.2117678194772452
0.594763080123812
0.05516277393326163
0.11406081891618669
0.22369312634691596
0.3106607380323112
0.6371907934080809
0.21304643317125738
0.11629676911979914
0.9759826730005443
0.16366997780278325
0.9367686479818076
0.5995819852687418
0.36564923310652375
0.6231612460687757
0.9892635417636484
0.8817465458996594
0.39096386986784637
0.2706012853886932
0.7712138069327921
0.3906044594477862
0.5480116792023182
0.788744761608541
0.836556724505499
0.45880843163467944
0.9088542931713164
0.4342309613712132
0.7437795349396765
0.11093585309572518
0.25680036935955286
0.357554022455588
0.47211125981993973
0.9096977999433875
0.7732419848907739
0.6523659822996706
0.7717671128921211
0.5347096465993673
0.7606263449415565
0.9604800033848733
0.058292471803724766
0.3749249305110425
0.9971429049037397
0.6856529070064425
0.9490175349637866
0.36185712087899446
0.29345516161993146
0.16240900452248752
0.6040804614312947
0.40277529461309314
0.002845214447006583
0.9735536754596978
0.520218049408868
0.21304825646802783
0.08368815551511943
0.12941749161109328
0.7284347957465798
0.5291464002802968
0.25665569701232016
0.9647423608694226
0.7096325899474323
0.2510776368435472
0.9655339037999511
0.20691289589740336
0.1206629101652652
0.7178988698869944
0.1382456454448402
0.34428397193551064
0.8623115229420364
0.989539680769667
0.9672669172286987
0.9199181934818625
0.7232951410114765
0.7859316396061331
0.3030201180372387
0.10320740682072937
0.7702070113737136
0.9415491844993085
0.04057192290201783
0.3763365759514272
0.6439857208169997
0.5867923116311431
0.6296247588470578
0.27224002638831735
0.6719135059975088
0.8054296907503158
0.6255696134176105
0.16606091405265033
0.3355944885406643
0.2192878827918321
0.07116589602082968
0.21677167317830026
0.9914938397705555
0.4767292214091867
0.29125974979251623
0.04379522008821368
0.3056733796838671
0.41163282631896436
0.6374666905030608
0.5388637050054967
0.563269356964156
0.6539443414658308
0.4320809217169881
0.358544321032241
0.6445336975157261
0.6194939925335348
0.14929331094026566
0.185305236838758
0.07849149941466749
0.3215639512054622
0.9557567110750824
0.5004823578055948
0.41003330633975565
0.41528927395120263
0.5843037699814886
0.8387528720777482
0.5524303701240569
0.7726159137673676
0.120980886509642
0.7309323197696358
0.2539116858970374
0.8327073375694454
0.04607275128364563
0.0013988607097417116
0.385826168814674
0.061498147901147604
0.7677098752465099
0.20281587378121912
0.06187799503095448
0.6872793610673398
0.5223852922208607
0.7262251798529178
0.20926883071660995
0.9928119413089007
0.45347603131085634
0.642888116883114
0.532996465684846
0.4964280689600855
0.12500552833080292
0.2634209485258907
0.37102426984347403
0.6754266864154488
0.9624551862943918
0.002813223749399185
0.5719580315053463
0.15525162196718156
0.9133574436418712
0.6026230847928673
0.8450727995950729
0.9906258026603609
0.7589489077217877
0.4169835336506367
0.6310381887014955
0.8766807375941426
0.7215590504929423
0.26678004348650575
0.8786141299642622
0.7518136347644031
0.8961866192985326
0.09213037649169564
0.5094881660770625
0.675306671531871
0.7704706685617566
0.8410668752621859
0.9855754706077278
0.4671438434161246
0.18822619691491127
0.42247896012850106
0.8484827456995845
0.39693338237702847
0.28145353216677904
0.016632876824587584
0.9964835920836776
0.596322318771854
0.7139925800729543
0.8919754149392247
0.126204774947837
0.12197095854207873
0.6742512809578329
0.4235792972613126
0.059318115934729576
0.9064247992355376
0.9898517038673162
0.5560377473011613
0.6171752843074501
0.7433943436481059
0.1913508081343025
0.6583935276139528
0.7449452662840486
0.3640515401493758
0.38718693796545267
0.9779396702069789
0.9286635082680732
0.49233371089212596
0.5105332729872316
0.025728860404342413
0.2393652587197721
0.9169591751415282
0.4285075175575912
0.18709651613608003
0.7787401848472655
0.8274719016626477
0.555822585709393
0.6683686003088951
0.1973678795620799
0.4940720775630325
0.09255430637858808
0.20442689931951463
0.4289631915744394
0.3531410163268447
0.9400217097718269
0.041895403526723385
0.6335891815833747
0.3356904471293092
0.022593964356929064
0.7529140699189156
0.7328204894438386
0.004269080236554146
0.9961899744812399
0.2952140688430518
0.6828388650901616
0.4497167165391147
0.6869784537702799
0.054061163449659944
0.7856296973768622
0.8187564655672759
0.349322427297011
0.342743047978729
0.038778167217969894
0.586981677915901
0.8067758490797132
0.13838494126684964
0.878468741197139
0.20659812493249774
0.24108283733949065
0.19565168279223144
0.14666046830825508
0.8305978982243687
0.5384685129392892
0.646529498975724
0.9167698146775365
0.19614532962441444
0.25741843366995454
0.813083978369832
0.4795702681876719
0.38156239758245647
0.40297620836645365
0.5655123053584248
0.6031621135771275
0.5069217330310494
0.9753862770739943
0.11964408052153885
0.25097270333208144
0.8492670815903693
0.569134782999754
0.8088397164829075
0.053453829837962985
0.9454883604776114
0.7772814545314759
0.2718477048911154
0.4636584047693759
0.41738247172906995
0.7981255950871855
0.9979794817045331
0.1389471257571131
0.24827528512105346
0.5028251784387976
0.15164112928323448
0.8128256641793996
0.7100805132649839
0.29460758436471224
0.45010375999845564
0.8281523322220892
0.7324450404848903
0.054653808940202
0.6724484204314649
0.5035963184200227
0.21110498066991568
0.3895968575961888
0.9894674653187394
0.44133421778678894
0.6981772384606302
0.7084289554040879
0.1496674979571253
0.9018838701304048
0.9255251917056739
0.3122307136654854
0.551728650694713
0.7999262320809066
0.936650198418647
0.5464011693838984
0.38566856016404927
0.4252196718007326
0.09183077630586922
0.08050853991881013
0.1002587229013443
0.8951639079023153
0.22924991021864116
0.29916031239554286
0.40556058287620544
0.6637628511525691
0.9506548922508955
0.46872255369089544
0.17616483918391168
0.1520711611956358
0.8076449350919574
0.910094496794045
0.11622269568033516
0.7762185879983008
0.801780775655061
0.015751470113173127
0.9697742245625705
0.6543399987276644
0.7948341926094145
0.11692102742381394
0.5699811275117099
0.21879441430792212
0.9353204653598368
0.1266807650681585
0.0564169913996011
0.8471147466916591
0.2007258702069521
0.88515785173513
0.34882384026423097
0.16007290966808796
0.9594773058779538
0.4884708251338452
0.976697982288897
0.0933499257080257
0.8378348937258124
0.6861219468992203
0.5481355946976691
0.10174111369997263
0.07146739843301475
0.7604792027268559
0.04308743914589286
0.3317800872027874
0.47903621778823435
0.48853625101037323
0.9580324122216552
0.09179102419875562
0.3925937167368829
0.884491179138422
0.4128947982098907
0.9412485102657229
0.3644619493279606
0.9701562318950891
0.7221586429513991
0.16696992726065218
0.09195103286765516
0.23909067106433213
0.9165912403259426
0.7366494566667825
0.03469686605967581
0.9720221883617342
0.6467242969665676
0.6623578551225364
0.3661063299514353
0.00538561400026083
0.24808882712386549
0.11969236144796014
0.16347809927538037
0.07331526861526072
0.5153709317091852
0.2960615963675082
0.8840875844471157
0.8577343581710011
0.49289954849518836
0.8072454484645277
0.7557052173651755
0.9763669262174517
0.3125499056186527
0.4212105590850115
0.7407752787694335
0.1790026407688856
0.08915779064409435
0.21768913487903774
0.7259460894856602
0.1054784725420177
0.4328783971723169
0.9832802403252572
0.5297532130498439
0.20184548292309046
0.42962716869078577
0.6206720427144319
0.5588142792694271
0.2601868195924908
0.3813274495769292
0.8806244675070047
0.5884920798707753
0.645056659122929
0.16363006574101746
0.008031549863517284
0.7069773215334862
0.4689680670853704
0.569401258835569
0.7216449156403542
0.5752240531146526
0.02397428941912949
0.19265913707204163
0.43665130995213985
0.8770826377440244
0.916789862792939
0.5392592952121049
0.890578203368932
0.4256837519351393
0.5973232635296881
0.9572234523948282
0.34445398044772446
0.4365453396458179
0.9676453254651278
0.7363183335401118
0.9148038935381919
0.25291063147597015
0.48160384106449783
0.30895218905061483
0.48082716506905854
0.10455999337136745
0.6351069195661694
0.23554773372597992
0.1020802108105272
0.11843007756397128
0.9803912814240903
0.46553572244010866
0.9102724348194897
0.36672702338546515
0.22745404043234885
0.25060982746072114
0.18755260366015136
0.09385242825374007
0.8189920790027827
0.33880467154085636
0.954354437533766
0.8534887430723757
0.9994625600520521
0.20030856528319418
0.3993885142263025
0.9913768128026277
0.29705704655498266
0.1403649067506194
0.7046279979404062
0.566994104301557
0.7331834391225129
0.3653739159926772
0.6415784286800772
0.529578460380435
0.03951173112727702
0.022622738033533096
0.2279761265963316
0.6346649322658777
0.18406628514640033
0.3502740531694144
0.45285141258500516
0.03196139517240226
0.9834218819160014
0.9273756553884596
0.07265152013860643
0.7389399253297597
0.6229554058518261
0.46863718959502876
0.41186387022025883
0.8652689771261066
0.10021298355422914
0.27749920613132417
0.7185285871382803
0.6137686101719737
0.33216381701640785
0.6087638596072793
0.7702058393042535
0.08251587417908013
0.8153345575556159
0.4179163072258234
0.6549996710382402
0.9092228543013334
0.18070336617529392
0.08557780785486102
0.6945504371542484
0.5279706676956266
0.7777781083714217
0.35662349546328187
0.6091158261988312
0.468810991384089
0.47506648441776633
0.7537145288661122
0.63665013294667
0.5777560796122998
0.28504679584875703
0.5906662638299167
0.07198012340813875
0.37680272990837693
0.29629329685121775
0.02780866716057062
0.09968521352857351
0.2851696868892759
0.6879493370652199
0.852897810516879
0.051041956059634686
0.9035954223945737
0.4051270526833832
0.02523539401590824
0.008797324262559414
0.6095744001213461
0.7365416870452464
0.7184943163301796
0.18409833405166864
0.21012224606238306
0.4557874370366335
0.527065996080637
0.9817805688362569
0.9524479655083269
0.1797809072304517
0.3682011279743165
0.06969168037176132
0.49119885824620724
0.6380700131412596
0.43518028361722827
0.9553614943288267
0.28274335828609765
0.5935417334549129
0.7690463964827359
0.8876634249463677
0.2344047473743558
0.2607034828979522
0.7708741901442409
0.25371030578389764
0.21913580549880862
0.2600982685107738
0.6136777636129409
0.5313993077725172
0.2117688711732626
0.6656012064777315
0.3554980247281492
0.9448745241388679
0.7085332279093564
0.17022434971295297
0.4776320692617446
0.7916913195513189
0.6299296899233013
0.9058501957915723
0.553638473385945
0.81841075187549
0.8716896858531982
0.5984164583496749
0.8780687358230352
0.08544606901705265
0.37959120725281537
0.04597691027447581
0.20210830424912274
0.03474769461899996
0.9382640784606338
0.8883776047732681
0.3862918666563928
0.9523509880527854
0.3408137585502118
0.7962836103979498
0.5177668284159154
0.27299263677559793
0.3030916752759367
0.35430485010147095
0.09553701151162386
0.8149350620806217
0.17212536721490324
0.36027700756676495
0.3579789630603045
0.30803269520401955
0.7169267602730542
0.3457675105892122
0.3483996456488967
0.2026121134404093
0.32026141602545977
0.011519553139805794
0.32248136145062745
0.6665174674708396
0.11578688328154385
0.9012417302001268
0.20547674084082246
0.8932808090467006
0.9632606194354594
0.8412275563459843
0.8275708968285471
0.246185488300398
0.7747951748315245
0.6285722353495657
0.08581127249635756
0.001785549335181713
0.6463169150520116
0.14242528891190886
0.4432324427179992
0.03616292332299054
0.6573012978769839
0.6263496263418347
0.34476815396919847
0.9207623426336795
0.16385978716425598
0.2672624106053263
0.6454688520170748
0.6023056260310113
0.9150739328470081
0.23436410282738507
0.7107007892336696
0.5650974377058446
0.16071084304712713
0.730382916983217
0.2273396155796945
0.12140100612305105
0.3859676665160805
0.6043811591807753
0.7627713598776609
0.015243896516039968
0.7577192338649184
0.560299463570118
0.3443144748453051
0.5376329824794084
0.17562809097580612
0.13362785545177758
0.7094428199343383
0.6734589908737689
0.0885425170417875
0.9237784605938941
0.020713276928290725
0.6215471820905805
0.3377640633843839
0.9392833411693573
0.375229919096455
0.8192530467640609
0.15726213809102774
0.7870617038570344
0.778160453774035
0.39945543510839343
0.26778971566818655
0.1911675021983683
0.1798892745282501
0.10770574794150889
0.9889159814920276
0.3250739024952054
0.3390828089322895
0.11429921514354646
0.4852053001523018
0.07273758295923471
0.009768046671524644
0.4675560218747705
0.4443882633931935
0.31742276018485427
0.21768964128568769
0.7895942444447428
0.07977190637029707
0.632444228278473
0.4344582704361528
0.8490742889698595
0.9955861119087785
0.37781927082687616
0.9561897972598672
0.32323316810652614
0.5922743543051183
0.6379588998388499
0.5115916526410729
0.3051853149663657
0.619700163602829
0.679392917547375
0.525999428704381
0.526447149226442
0.8484010072425008
0.7529795640148222
0.3571974989026785
0.19751978805288672
0.19554914394393563
0.1827454948797822
0.24898461857810616
0.6197621414903551
0.7790168563369662
0.9669355533551425
0.005910309264436364
0.17444771295413375
0.5159320659004152
0.6407428421080112
0.2362514405976981
0.9295411442872137
0.4573192219249904
0.6100421270821244
0.2263068074826151
0.4066540119238198
0.7187710755970329
0.1109502234030515
0.5286419806070626
0.8833121524658054
0.7025639589410275
0.1329334604088217
0.03047264995984733
0.8483054700773209
0.9417523802258074
0.6870537218637764
0.5853659976273775
0.43219385924749076
0.5700142711866647
0.8643380946014076
0.1360590048134327
0.2344704600982368
0.44525441038422287
0.14539491338655353
0.757813926320523
0.5483402856625617
0.02526426175609231
0.6063705515116453
0.18811728060245514
0.5095327352173626
0.5385406699497253
0.6722926290240139
0.8502687346190214
0.088988445000723
0.05897275963798165
0.4001805188599974
0.45079401368275285
0.40465676109306514
0.25543667399324477
0.6241175658069551
0.5244333841837943
0.07100949296727777
0.5136257775593549
0.23067452432587743
0.12339276098646224
0.6340023004449904
0.8866478241980076
0.7943647699430585
0.5381599818356335
0.7811267236247659
0.42188158677890897
0.13967849710024893
0.19236228219233453
0.8924363688565791
0.3454670791979879
0.8208548077382147
0.4254714301787317
0.6743579567410052
0.45997524983249605
0.05423481040634215
0.06822216440923512
0.6365709777455777
0.9924977053888142
0.996153460117057
0.7342968820594251
0.8391775311902165
0.4013261185027659
0.5801270871888846
0.7159543465822935
0.5769186983816326
0.9718386547174305
0.45201672124676406
0.8699500567745417
0.7103396863676608
0.05055127665400505
0.6626732256263494
0.7763525051996112
0.46355063328519464
0.6062827778514475
0.637376930564642
0.9201861745677888
0.6501338228117675
0.10445771622471511
0.730546219041571
0.2787085205782205
0.9213672550395131
0.01957037136889994
0.7090862463228405
0.9498779017012566
0.2613430235069245
0.6809817517641932
0.42376531357876956
0.4070881213992834
0.5808921272400767
0.6587442448362708
0.26650302950292826
0.8422619313932955
0.5933092392515391
0.7427056729793549
0.35880672954954207
0.47115593519993126
0.3441338159609586
0.4457220241893083
0.5406867957208306
0.9686701842583716
0.44655829295516014
0.050126404501497746
0.060873996233567595
0.2423324235714972
0.018571958411484957
0.3961982992477715
0.6665135503280908
0.136349763488397
0.47696982603520155
0.5139943845570087
0.314463353715837
0.1452669275458902
0.49075651285238564
0.5732560672331601
0.991332187782973
0.5090598335955292
0.11895520030520856
0.5738738807849586
0.31943072099238634
0.05854349723085761
0.6573744362685829
0.026703215204179287
0.12503723986446857
0.6901057478971779
0.122409887611866
0.9173606254626065
0.9241452147252858
0.943575904937461
0.1670571300201118
0.8266429158393294
0.049958356423303485
0.09978663991205394
0.24311122065410018
0.2494370061904192
0.0013074472080916166
0.769587040413171
0.4813601803034544
0.991822078358382
0.6846243855543435
0.266330657992512
0.7824212943669409
0.04612092231400311
0.823848306434229
0.991478183073923
0.3671583060640842
0.3359864947851747
0.5247899363748729
0.40361766587011516
0.31604334292933345
0.11218085861764848
0.7222665164154023
0.8795138651039451
0.3294123192317784
0.49456774932332337
0.05173005489632487
0.3507602959871292
0.3383317810948938
0.180258130421862
0.840501700527966
0.504516840679571
0.26621094229631126
0.5016056722961366
0.8507336650509387
0.40610498818568885
0.8552201082929969
0.3536843394394964
0.09653940587304533
0.9383186709601432
0.7420772025361657
0.02321823569945991
0.29800115479156375
0.15749537642113864
0.8240802721120417
0.2048807970713824
0.9976400819141418
0.8394255628809333
0.9359326073899865
0.4526964947581291
0.1281966099049896
0.5254092842806131
0.7774656731635332
0.5006044483743608
0.5909013696946204
0.5932731342036277
0.8361441271845251
0.8760657352395356
0.3469704140443355
0.4198586940765381
0.9350473678205162
0.1639144669752568
0.38654601899906993
0.21153919980861247
0.44285447522997856
0.08483715145848691
0.10528022632934153
0.6294140473473817
0.23445086716674268
0.025164155522361398
0.8459047079086304
0.16492061805911362
0.7640668048989028
0.5927497062366456
0.40440954035148025
0.8338456377387047
0.7210010751150548
0.9383417542558163
0.4738438599742949
0.578735274495557
0.08437730488367379
0.7784459579270333
0.501178169855848
0.18648546352051198
0.6460532806813717
0.17509167059324682
0.40501663740724325
0.8703322189394385
0.6678215048741549
0.24739844701252878
0.7573336863424629
0.6544246110133827
0.4085420574992895
0.4123077222611755
0.9344168133102357
0.4512125786859542
0.08185480302199721
0.7369624406564981
0.3784250228200108
0.037031942047178745
0.5321910544298589
0.5498284304048866
0.008265665965154767
0.9970243535935879
0.35281582665629685
0.2431161729618907
0.31999643752351403
0.2827941372524947
0.5316847218200564
0.41716466448269784
0.9135524944867939
0.30036343284882605
0.6234401057008654
0.9898962650913745
0.3136080678086728
0.6638273179996759
0.04031842201948166
0.8377179300878197
0.44074820331297815
0.7817324653733522
0.5476804350037128
0.7636808070819825
0.7288680186029524
0.7918958552181721
0.32469427306205034
0.3135657461825758
0.6418816044460982
0.09160173125565052
0.9585702558979392
0.7399475029669702
0.27235128032043576
0.6544442109297961
0.5521393765229732
0.42358141066506505
0.02527493378147483
0.8504141278099269
0.4179939688183367
0.05890778102912009
0.37663064803928137
0.9467471786774695
0.009758595144376159
0.4324199848342687
0.5918824761174619
0.41898289788514376
0.11037032515741885
0.8497533400077373
0.45229500671848655
0.8547394431661814
0.7230295496992767
0.027752226451411843
0.10336556076072156
0.7605245630256832
0.8884496055543423
0.7308642254211009
0.07378000719472766
0.317112437216565
0.53788449941203
0.6292248754762113
0.7303524257149547
0.8003231009934098
0.23587987245991826
0.28225896623916924
0.7493918354157358
0.6757458716165274
0.923253170447424
0.7044261724222451
0.16057166527025402
0.25981797254644334
0.5785184074193239
0.12116835825145245
0.022695031482726336
0.6448592075612396
0.3811629943083972
0.920810776995495
0.010476724011823535
0.5299087951425463
0.9976760293357074
0.4876867695711553
0.7673337017185986
0.3510467924643308
0.8354971038643271
0.0979185129981488
0.44563248567283154
0.799095411086455
0.8505764831788838
0.7008111379109323
0.0590554301161319
0.2437281038146466
0.3910470351111144
0.4868221073411405
0.705230365972966
0.5377303850837052
0.9491885458119214
0.6664989558048546
0.011704577365890145
0.04374569281935692
0.11243288009427488
0.3863461962901056
0.5724785604979843
0.7421956770122051
0.15180674730800092
0.9466396165080369
0.7164892654400319
0.4379423425998539
0.4443404374178499
0.47270142822526395
0.5292051371652633
0.021821300499141216
0.865673613967374
0.24088110914453864
0.7547024092637002
0.6949033606797457
0.12749019893817604
0.7670448140706867
0.2317838619928807
0.5482005150988698
0.09035638603381813
0.06888229004107416
0.6360641263891011
0.7915011034347117
0.04939870676025748
0.7735011037439108
0.15250239917077124
0.7812555972486734
0.8237646531779319
0.8023262335918844
0.066680530551821
0.4051234198268503
0.7918804020155221
0.9555996749550104
0.8433809126727283
0.13959020166657865
0.9157662687357515
0.6524299730081111
0.9267960882280022
0.38506798655726016
0.37834142823703587
0.2659618507605046
0.005244550993666053
0.710742250783369
0.3376849628984928
0.5700362648349255
0.11681564757600427
0.5555314659141004
0.17256616684608161
0.3738475807476789
0.2325036635156721
0.5432817863766104
0.3092782071325928
0.35332175088115036
0.2525359131395817
0.6332778071518987
0.8179390793666244
0.2503640279173851
0.8910100550856441
0.43101643002592027
0.1857957406900823
0.07942110928706825
0.05113606387749314
0.3608814990147948
0.19837241061031818
0.8106996677815914
0.9665941058192402
0.6018029565457255
0.803430367494002
0.08009810838848352
0.7704178900457919
0.8386385815683752
0.6525653281714767
0.41471388447098434
0.05662293266505003
0.5521300174295902
0.9780688548926264
0.2052373334299773
0.45353167271241546
0.2597663658671081
0.8237204093020409
0.8204649812541902
0.3093999237753451
0.6612044163048267
0.0814391472376883
0.2672667056322098
0.6224845377728343
0.6935803736560047
0.8329576319083571
0.6298479607794434
0.24440977978520095
0.09727052017115057
0.2913968381471932
0.44741464243270457
0.4754188200458884
0.4395172137301415
0.3748050988651812
0.8728419281542301
0.3865178129635751
0.8515623738057911
0.4305072876159102
0.6947831735014915
0.8065180277917534
0.42844561277888715
0.04101117583923042
0.3191668186336756
0.8911307577509433
0.6807951396331191
0.2534761114511639
0.7328413645736873
0.14384395419619977
0.3979757686611265
0.0450084675103426
0.36251502577215433
0.03080791118554771
0.046440021600574255
0.4695767550729215
0.538189489627257
0.2482030710671097
0.49884544336237013
0.3785990660544485
0.037701533641666174
0.8004863627720624
0.10981089086271822
0.6396473683416843
0.04769840091466904
0.5028927125968039
0.2110097233671695
0.7164478620979935
0.6751834200695157
0.597587380092591
0.7667911497410387
0.6228533149696887
0.5246417825110257
0.6953629723284394
0.428068510023877
0.03942318353801966
0.3213763565290719
0.3201502519659698
0.0928620530758053
0.7324075021315366
0.29199011670425534
0.49864056427031755
0.48726012627594173
0.8211145242676139
0.20501325186342
0.22741175070405006
0.36903921654447913
0.41828804556280375
0.2223451524041593
0.8589805194642395
0.17194750462658703
0.026677249697968364
0.43204095936380327
0.6259983978234231
0.8690149425528944
0.47176760877482593
0.6393452296033502
0.8509555270429701
0.6268731595482677
0.8787810932844877
0.9192762749735266
0.9880135795101523
0.10075719631277025
0.3493831737432629
0.25785269867628813
0.6628794469870627
0.7376871316228062
0.923965931404382
0.8264228131156415
0.35748261376284063
0.2368186831008643
0.44587567588314414
0.29900863813236356
0.677716045640409
0.7659467896446586
0.30988350277766585
0.5683681501541287
0.7172659770585597
0.5524898073635995
0.5752236293628812
0.9768166285939515
0.3481191673781723
0.3597377142868936
0.36939245741814375
0.8681200288701802
0.22843306162394583
0.23513008444570005
0.4604372759349644
0.5753054330125451
0.6240866496227682
0.0559765265788883
0.8999049498233944
0.9311258706729859
0.6400316648650914
0.5261162845417857
0.7460675272159278
0.9601401181425899
0.6412824774160981
0.39776542969048023
0.28017953340895474
0.5956675868947059
0.5248526309151202
0.5913101662881672
0.12827094504609704
0.9581904886290431
0.7795715527608991
0.3777913332451135
0.33830656204372644
0.9089806436095387
0.6312184412963688
0.3597488356754184
0.7271502369549125
0.17217410169541836
0.17228690604679286
0.9693064556922764
0.05443765292875469
0.8349561123177409
0.9775680496823043
0.08290927321650088
0.1225661258213222
0.5363008286803961
0.8561240362469107
0.8406032852362841
0.3659178940579295
0.4303691752720624
0.04996581166051328
0.989289219956845
0.27957632578909397
0.886467163451016
0.34965804568491876
0.4957526084035635
0.8056353172287345
0.4799851749558002
0.9077341116499156
0.08599013206548989
0.42550867749378085
0.30593079701066017
0.2580650628078729
0.554298996925354
0.6272264544386417
0.2090144802350551
0.2251966861076653
0.9406910100951791
0.27447144128382206
0.4669252100866288
0.08642160170711577
0.10966542805545032
0.9311311929486692
0.4197059525176883
0.3096812928561121
0.84711804962717
0.27133307117037475
0.28194327442906797
0.9039856023155153
0.4401041497476399
0.08960490836761892
0.37638514395803213
0.4941331376321614
0.2577520830091089
0.03030362818390131
0.5372165434528142
0.5598193458281457
0.6392830850090832
0.7602085203398019
0.4613957379478961
0.2876142968889326
0.6794580677524209
0.5486986318137497
0.41635745810344815
0.1406351316254586
0.7567158970050514
0.4716982620302588
0.4927437452133745
0.9113653432577848
0.44962868350557983
0.07774642365984619
0.7329038372263312
0.21013449085876346
0.8876262626145035
0.5209064006339759
0.7361717508174479
0.0020086548756808043
0.7311893957667053
0.9607422009576112
0.790092984912917
0.4881340947467834
0.7953414481598884
0.27176229446195066
0.07457976648584008
0.6879425214137882
0.7941806537564844
0.13686961657367647
0.9925816562026739
0.2509353584609926
0.5350083538796753
0.19188525271601975
0.3591177025809884
0.17288109590299428
0.8955630159471184
0.4989236539695412
0.9532130828592926
0.9863501759245992
0.7184207825921476
0.8596372823230922
0.29969715140759945
0.3401583954691887
0.624888624297455
0.48924644757062197
0.10341552901081741
0.7256705157924443
0.054787714732810855
0.179971304256469
0.4637967189773917
0.9011714856605977
0.18722112593241036
0.14112701988779008
0.615194475511089
0.38060014112852514
0.8748824144713581
0.7505301234778017
0.4739460963755846
0.47812977177090943
0.7987510396633297
0.44668607716448605
0.5121737124864012
0.8471572468988597
0.16426934022456408
0.7749899784103036
0.2304474178235978
0.013913178583607078
0.07279593800194561
0.9936524042859674
0.029557681875303388
0.35887145809829235
0.3876119873020798
0.7835577775258571
0.9917233276646584
0.8171115797013044
0.29381406167522073
0.9811184380669147
0.8979907638859004
0.05727992602623999
0.6763027883134782
0.046764103695750237
0.5048598137218505
0.1790308312047273
0.3022135712672025
0.15631195507012308
0.3558083751704544
0.658173025585711
0.8872569710947573
0.954060218995437
0.7087569455616176
0.3551335637457669
0.54397076764144
0.8905448180157691
0.8693456230685115
0.6796542278025299
0.3356071843300015
0.6413197349756956
0.7812708236742765
0.23889015335589647
0.20525345159694552
0.5262581934221089
0.1342526664957404
0.2389895983505994
0.9766215782146901
0.6296685708221048
0.9385783732868731
0.6307335626333952
0.44563490455038846
0.22647543717175722
0.427875047782436
0.562793537741527
0.9794536819681525
0.5811907425522804
0.1159897109027952
0.5021611379925162
0.8465002616867423
0.17204936896450818
0.9749653656035662
0.4980226461775601
0.5247434379998595
0.6123248294461519
0.06868355418555439
0.15690057026222348
0.8860018854029477
0.950737573672086
0.9248136442620307
0.22114181146025658
0.9731301190331578
0.0528487921692431
0.8383482799399644
0.8760199805255979
0.5111201349645853
0.7280233649071306
0.10733782732859254
0.44997690501622856
0.2665182785131037
0.06288012373261154
0.8285862887278199
0.710357990115881
0.5966546714771539
0.7683438449166715
0.06263292743824422
0.5073356812354177
0.352916190167889
0.7795178578235209
0.09372975560836494
0.7534508095122874
0.7903288463130593
0.6126925572752953
0.8345123245380819
0.047326358035206795
0.8654595841653645
0.34445464494638145
0.41095695504918694
0.38004458555951715
0.5014510904438794
0.09423559904098511
0.8771148470696062
0.3789635815192014
0.8349329286720604
0.7892246718984097
0.5600926282349974
0.7283800907898694
0.8127715098671615
0.7555889398790896
0.02614033385179937
0.8359382653143257
0.09322019689716399
0.5680063979234546
0.9650750835426152
0.9305646533612162
0.34172959928400815
0.5196478746365756
0.4415824534371495
0.028352630091831088
0.17784702824428678
0.6999113473575562
0.42087341006845236
0.7146568186581135
0.8324871223885566
0.9921756088733673
0.19547528098337352
0.01020742068067193
0.3088397460523993
0.39762677159160376
0.6780696015339345
0.20639747357927263
0.5604979146737605
0.8152948759961873
0.9935315428301692
0.006005525588989258
0.8548088080715388
0.7138941714074463
0.012268744176253676
0.3734365066047758
0.6595707202795893
0.2651469463016838
0.02717086300253868
0.3803969461005181
0.8073953632265329
0.5125649520196021
0.19715635594911873
0.5470910519361496
0.005373948952183127
0.2985485037788749
0.1901810246054083
0.0649234636221081
0.16970811714418232
0.8181739763822407
0.30346247577108443
0.19807902676984668
0.4970478010363877
0.4634001243393868
0.7401655744761229
0.03781562251970172
0.13188230828382075
0.8851061007007957
0.49315918888896704
0.5548765580169857
0.2880740368273109
0.07022500154562294
0.22770439577288926
0.6291147905867547
0.692103345412761
0.7888856495264918
0.3861540404614061
0.136379154631868
0.9564479188993573
0.9959198792930692
0.541876515140757
0.870335464598611
0.7059795358218253
0.5858559771440923
0.3598394107539207
0.3874500079546124
0.7167709192726761
0.5796810141764581
0.43919239612296224
0.2697529075667262
0.17052540183067322
0.9317677938379347
0.1472628964111209
0.18879947368986905
0.9285944635048509
0.1570106716826558
0.07754290336742997
0.747780385427177
0.0633307050447911
0.3274963912554085
0.1351889194920659
0.1918260371312499
0.13235230720601976
0.2927552852779627
0.5513315396383405
0.54507374484092
0.02055885107256472
0.7277192804031074
0.3940765287261456
0.1077206488698721
0.3274621448945254
0.5899158224929124
0.4214413284789771
0.00047119706869125366
0.48223519162274897
0.6703481830190867
0.14512121840380132
0.8017456771340221
0.2821472978685051
0.6765859350562096
0.12829158711247146
0.26078697433695197
0.13542130240239203
0.35559066478163004
0.4699970579240471
0.1526332946959883
0.9272218449041247
0.0527715643402189
0.43142058583907783
0.20149662881158292
0.9892728624399751
0.7641778567340225
0.05318139446899295
0.9142003082670271
0.1882948176935315
0.9412480287719518
0.30184323457069695
0.677077965112403
0.05614028498530388
0.9817439871840179
0.2634926976170391
0.004017509752884507
0.40414912765845656
0.9296851900871843
0.013545551802963018
0.5759824891574681
0.7677355173509568
0.9039090005680919
0.1814400488510728
0.4676415508147329
0.1651973056141287
0.6774242992978543
0.4309948552399874
0.5685907045844942
0.9333921673242003
0.8135910972487181
0.869236424099654
0.7064267112873495
0.6714406101964414
0.28295031771995127
0.41791877476498485
0.5065647142473608
0.5107819859404117
0.4908875075634569
0.9057490332052112
0.8419328397139907
0.6374276182614267
0.8223695319611579
0.1104291204828769
0.0775294101331383
0.45597364171408117
0.8359799876343459
0.7707129705231637
0.34705169405788183
0.7846051398664713
0.9404353501740843
0.6904300954192877
0.48389459773898125
0.25452015083283186
0.9167856567073613
0.36566539760679007
0.9904327306430787
0.0005686618387699127
0.5926465624943376
0.2397665197495371
0.3244400939438492
0.41960728727281094
0.4675753661431372
0.1163155622780323
0.32578984391875565
0.9216832413803786
0.8879956984892488
0.4110799301415682
0.7621916001662612
0.3660563016310334
0.917918625054881
0.0297355973161757
0.4048156652133912
0.9262779613491148
0.8359987053554505
0.4594981437548995
0.45576695166528225
0.317777821328491
0.6338138119317591
0.5949620557948947
0.7975554834119976
0.7310137376189232
0.8366782942321151
0.6733086258172989
0.33577713277190924
0.7066155457869172
0.8685905367601663
0.6871708370745182
0.795554707525298
0.23079111822880805
0.4325887381564826
0.7205809187144041
0.0194036983884871
0.58603615895845
0.5142871686257422
0.6425307530444115
0.8581755142658949
0.5114289538469166
0.5783537188544869
0.12425434775650501
0.6238863556645811
0.30549852759577334
0.5063168276101351
0.7394324485212564
0.6662410271819681
0.21322241239249706
0.19145290227606893
0.46233477909117937
0.1372886816971004
0.7071084182243794
0.014425684930756688
0.6856997988652438
0.790301910834387
0.31497280742041767
0.7023299445863813
0.513282336993143
0.2725780091714114
0.77359857596457
0.8876691912300885
0.5144911350216717
0.3513436526991427
0.06265358347445726
0.9487071512266994
0.6116688903421164
0.19747418072074652
0.4300242280587554
0.8688697330653667
0.9077141571324319
0.6367737108375877
0.8512829151004553
0.48145961854606867
0.6875469340011477
0.658206861699
0.5374041530303657
0.08078709873370826
0.2433168636634946
0.14768949802964926
0.5250937938690186
0.9275966505520046
0.8483957366552204
0.8648239397443831
0.13604074507020414
0.9557869432028383
0.006398520665243268
0.09369782079011202
0.9802456411998719
0.9492224238347262
0.34752169204875827
0.47790649230591953
0.8599575397092849
0.08792841201648116
0.8228225412312895
0.3219318811316043
0.8550645210780203
0.5419782206881791
0.7828291286714375
0.6512237442657351
0.8626549257896841
0.2092559935990721
0.7520169652998447
0.6130944017786533
0.07324464828707278
0.5254428344778717
0.3197820130735636
0.4579820060171187
0.70826988783665
0.2944549627136439
0.6613743933849037
0.14434031047858298
0.5792255196720362
0.1936913833487779
0.27265967801213264
0.3574221341405064
0.24595427908934653
0.18252309691160917
0.0806849857326597
0.1926099609117955
0.3371687983162701
0.9455495222937316
0.9716658929828554
0.48774626944214106
0.596556901698932
0.7545020140241832
0.16937018162570894
0.8763138691429049
0.9010641507338732
0.35047098249197006
0.27748171193525195
0.509483226807788
0.7269832589663565
0.14685460226610303
0.6034559137187898
0.9666692113969475
0.9381351079791784
0.6387971977237612
0.9433333491906524
0.6263241479173303
0.8668708591721952
0.436522223521024
0.5556627123150975
0.4922987474128604
0.848888989072293
0.6658304093871266
0.7154996788594872
0.23608671152032912
0.16215340420603752
0.8480846879538149
0.07492276816628873
0.261589472880587
0.8981998227536678
0.7601894224062562
0.975948448991403
0.50673549156636
0.7334439200349152
0.08858243376016617
0.7769635471049696
0.45644334121607244
0.6745364284142852
0.8144844009075314
0.24767329939641058
0.8170610382221639
0.971060911891982
0.2989613930694759
0.9876736842561513
0.7936843333300203
0.019251552410423756
0.8181774637196213
0.5403390175197273
0.6595639209263027
0.31168005196377635
0.43992134323343635
0.5785745943430811
0.2866780632175505
0.42504745395854115
0.7183392755687237
0.30900884233415127
0.6621385691687465
0.08959591714665294
0.1594693437218666
0.7342473322059959
0.7694240435957909
0.6186621075030416
0.8488033160101622
0.30693559045903385
0.7784656621515751
0.8420620465185493
0.1113579326774925
0.8124430214520544
0.728254547342658
0.3737045517191291
0.878035121364519
0.18631385336630046
0.6840666742064059
0.7252517424058169
0.6884392998181283
0.8979647131636739
0.6968412192072719
0.5780714587308466
0.1571242909412831
0.2103989457245916
0.46709690196439624
0.13561771251261234
0.037816261406987906
0.9633199081290513
0.717994905076921
0.046154872281476855
0.3635341953486204
0.7123343241401017
0.4352628863416612
0.6490093294996768
0.33628769777715206
0.9010250417049974
0.3634273177012801
0.9989198045805097
0.30483163334429264
0.3426275544334203
0.7957870760001242
0.31708623049780726
0.18154002516530454
0.255798333324492
0.9748601496685296
0.5696033793501556
0.4874032975640148
0.3503234600648284
0.37391403457149863
0.3973692797590047
0.956192904850468
0.6075074770487845
0.08065352635458112
0.7534632405731827
0.7866819887422025
0.9737999867647886
0.19995776121504605
0.9792815374676138
0.4129526405595243
0.08296556607820094
0.08043673867359757
0.7036663298495114
0.9843818740919232
0.680569784482941
0.09711361979134381
0.6247678443323821
0.19089365424588323
0.26059346250258386
0.8069801097735763
0.9509274687152356
0.24866484943777323
0.9786416536662728
0.7159360176883638
0.4092059498652816
0.4188811869826168
0.10766721563413739
0.4979069894179702
0.05232547759078443
0.22582503547891974
0.328793172724545
0.8805162243079394
0.6220827756915241
0.33632070338353515
0.7299921498633921
0.026871797163039446
0.21235530427657068
0.12023598095402122
0.9123434969224036
0.1904773935675621
0.8125377278774977
0.423251150874421
0.24257100746035576
0.5807972403708845
0.9399272468872368
0.4324304601177573
0.8512400395702571
0.5880001401528716
0.7145056708250195
0.09084693877957761
0.03762262384407222
0.3261400870978832
0.3126925271935761
0.7493206125218421
0.2901017051190138
0.20802047313190997
0.007648365339264274
0.7487632597330958
0.8885703072883189
0.958164130570367
0.7127483333460987
0.12931616487912834
0.952061572112143
0.9715117253363132
0.42249112855643034
0.34570408542640507
0.15100303711369634
0.33723968104459345
0.32807634049095213
0.8068682011216879
0.7391505816485733
0.45238598342984915
0.4968554482329637
0.909593072719872
0.10719890845939517
0.9911900556180626
0.8696988997980952
0.12066271086223423
0.902702982770279
0.9739336799830198
0.7417169115506113
0.6202015525195748
0.002299374435096979
0.9965143231675029
0.14996676589362323
0.5586748004425317
0.6195246658753604
0.6830071432050318
0.6072071371600032
0.4279997635167092
0.8995502179022878
0.34308749926276505
0.3263165303505957
0.7437495037447661
0.523201652104035
0.5196355343796313
0.2133566525299102
0.6599906783085316
0.027574887732043862
0.018732758471742272
0.12456515664234757
0.04433783073909581
0.018030145904049277
0.30334210745058954
0.7443964607082307
0.2273913484532386
0.2406125357374549
0.5579095473513007
0.7035980494692922
0.0022205531131476164
0.625655154697597
0.3362174944486469
0.7792081576772034
0.5126012198161334
0.7469377778470516
0.8493265097495168
0.8227102623786777
0.5824718093499541
0.49349122727289796
0.6046208126936108
0.2539278760086745
0.07632056344300508
0.46889728074893355
0.9994396211113781
0.8142422693781555
0.877076317789033
0.022073957603424788
0.42385863442905247
0.8963106812443584
0.2312662648037076
0.10422547324560583
0.4314079596661031
0.9370213830843568
0.1354091982357204
0.5441412341315299
0.8963333750143647
0.8224586581345648
0.8555726814083755
0.8827274036593735
0.19841020018793643
0.7926856009289622
0.6756336684338748
0.983559801010415
0.6162683116272092
0.13316927873529494
0.4675916386768222
0.3152764404658228
0.909989548381418
0.3059966159053147
0.5084466617554426
0.7749144381377846
0.9322907028254122
0.7957954735029489
0.760316907428205
0.4568087919615209
0.36167376139201224
0.8103213617578149
0.041531338822096586
0.9056514089461416
0.7648744948673993
0.5769395646639168
0.5431254915893078
0.6170770016033202
0.7880339911207557
0.751094363629818
0.7662194604054093
0.0703476679045707
0.5916039035655558
0.29920816724188626
0.34305860800668597
0.6012836368754506
0.149562124395743
0.9202396622858942
0.3505944071803242
0.5134248500689864
0.6839174712076783
0.3070422934833914
0.684260212816298
0.3836296061053872
0.10126293892972171
0.38205923582427204
0.21985585568472743
0.40060326061211526
0.023909144569188356
0.7498500202782452
0.9684232438448817
0.04368832893669605
0.5427162863779813
0.9401417379267514
0.32534667616710067
0.06549108121544123
0.8026922026183456
0.5470237853005528
0.7800936361309141
0.7431579201947898
0.775597270578146
0.5448047348763794
0.3430812021251768
0.22740836068987846
0.4075424186885357
0.890865171328187
0.6866085967049003
0.4852778883650899
0.6264283049385995
0.6909309471957386
0.31870307633653283
0.7076295460574329
0.5450166892260313
0.227662073681131
0.20385219505988061
0.8713303389959037
0.7352795561309904
0.9279209356755018
0.041129070334136486
0.6890186590608209
0.30252076662145555
0.15382134448736906
0.6287916859146208
0.8162011920940131
0.4631943379063159
0.9256143597885966
0.8628668480087072
0.18929644348099828
0.05048264190554619
0.40209361049346626
0.30140915396623313
0.7196703008376062
0.5322159964125603
0.29781579226255417
0.9535221627447754
0.785574653185904
0.954260490834713
0.3051279839128256
0.6278355030808598
0.2924872210714966
0.6706694629974663
0.9475210106465966
0.03292851732112467
0.9660770553164184
0.9049315806478262
0.9179314142093062
0.45880383625626564
0.931548681575805
0.04529619496315718
0.8089309711940587
0.5803518409375101
0.7331258389167488
0.532632096670568
0.8298098803497851
0.14724859595298767
0.8815468668472022
0.5314874080941081
0.9594032722525299
0.1979177778121084
0.6128744361922145
0.015224722679704428
0.1582663869485259
0.9652482008095831
0.8833871320821345
0.21841605729423463
0.3309456792194396
0.19262330187484622
0.6857640473172069
0.9552856849040836
0.9584861225448549
0.5866409346926957
0.9290777444839478
0.19029477145522833
0.4713192284107208
0.36422224855050445
0.3779581014532596
0.28956168214790523
0.06680581602267921
0.7715624417178333
0.7467220893595368
0.018003953620791435
0.9415412421803921
0.5520113857928663
0.9942161412909627
0.20083995745517313
0.15676239458844066
0.4134513125754893
0.7759887776337564
0.7023004754446447
0.08417821931652725
0.18819623230956495
0.7580460200551897
0.7426427276805043
0.2894435210619122
0.9379035255406052
0.2676144752185792
0.2742397279944271
0.09690107079222798
0.6079383799806237
0.6481285442132503
0.21263550594449043
0.5911083787214011
0.13768173311837018
0.992437204811722
0.7417598848696798
0.1830002402421087
0.14129457296803594
0.6810867704916745
0.34204988996498287
0.3053764442447573
0.1971391118131578
0.21050853445194662
0.4300156447570771
0.5936850584112108
0.3195309261791408
0.7370005245320499
0.28116277721710503
0.8138068474363536
0.5909214888233691
0.9594177133403718
0.4933113590814173
0.3638372686691582
0.41349202929995954
0.670205942587927
0.6165375863201916
0.06462455517612398
0.9909259991254658
0.11781813413836062
0.07526880851946771
0.19209853978827596
0.13446694239974022
0.049360505072399974
0.7538434430025518
0.7485456014983356
0.1930885356850922
0.4457518004346639
0.056219527730718255
0.3113681017421186
0.41639241739176214
0.6320986016653478
0.3941838357131928
0.03283162252046168
0.8600277816876769
0.07911822572350502
0.9414688828401268
0.4537646642420441
0.6474125718232244
0.06492827273905277
0.5760130770504475
0.3397116914857179
0.6160418000072241
0.7712984068784863
0.8810406518168747
0.22547912294976413
0.1468988519627601
0.30010236403904855
0.6696765923406929
0.8260859022848308
0.15244742669165134
0.6806203403975815
0.9804461926687509
0.7375818653963506
0.060745361261069775
0.20342533406801522
0.017723080702126026
0.7712114849127829
0.3200847450643778
0.10298644844442606
0.8714428651146591
0.6589266096707433
0.693396519171074
0.4972251227591187
0.9473968539386988
0.7539917789399624
0.7871839471627027
0.1751374180894345
0.2808425948023796
0.8018491414841264
0.9929209472611547
0.8493020904716104
0.333663399098441
0.9991752407513559
0.7577136193867773
0.8346335969399661
0.31835111463442445
0.3347487167920917
0.9264502886217088
0.883530905470252
0.9958423841744661
0.12743877107277513
0.7356687712017447
0.6911137553397566
0.6950419568456709
0.6191774080507457
0.3080771118402481
0.6262222258374095
0.016804627841338515
0.1596808359026909
0.6174883462954313
0.2093657802324742
0.6354240071959794
0.1200591882225126
0.9632478572893888
0.34681152552366257
0.37709726742468774
0.670573165640235
0.2981638356577605
0.4050584686920047
0.46230700402520597
0.6391966629307717
0.060086430283263326
0.9077390271704644
0.9689035853371024
0.010085199726745486
0.2939118582289666
0.4290391784161329
0.7722118101082742
0.5583244056906551
0.380079401191324
0.10019459947943687
0.863397094188258
0.7179800884332508
0.7394606682937592
0.28290407359600067
0.6004075561650097
0.23983550257980824
0.44190859724767506
0.8056425384711474
0.46496726432815194
0.5450728479772806
0.9964819443412125
0.7436661277897656
0.03711281483992934
0.30696952948346734
0.10978753678500652
0.2232146339956671
0.6659390171989799
0.4928119732066989
0.08081783261150122
0.7885346566326916
0.8027520193718374
0.8639071746729314
0.3938846760429442
0.5209866359364241
0.9926293767057359
0.19450785499066114
0.4444168589543551
0.7989453305490315
0.0620089762378484
0.08408851246349514
0.33672713092528284
0.8294002416078001
0.564381099306047
0.08908760012127459
0.9310293770395219
0.4621957035269588
0.8340838504955173
0.19829600350931287
0.5485342547763139
0.21513986843638122
0.2904400532133877
0.19320195983164012
0.2697849611286074
0.6595887062139809
0.5150612045545131
0.8830510335974395
0.9587756393011659
0.8641574939247221
0.8985641170293093
0.6199650156777352
0.8636660564225167
0.8817316226195544
0.07713304064236581
0.42160918726585805
0.9245508520398289
0.3335979711264372
0.9048576727509499
0.3474638066254556
0.35024326643906534
0.9407751597464085
0.7034545501228422
0.320732508553192
0.7946963645517826
0.5144881592132151
0.32542159827426076
0.3409353722818196
0.8520714065525681
0.8978011461440474
0.6754124730359763
0.8305083750747144
0.012962577398866415
0.9530275063589215
0.5049691731110215
0.3834818422328681
0.26304612681269646
0.47249664342962205
0.8539382782764733
0.9510013605467975
0.6558824402745813
0.9508151486515999
0.2547726493794471
0.5081497170031071
0.4629810305777937
0.9361988054588437
0.08773632370866835
0.2193631138652563
0.3961640768684447
0.16485086060129106
0.2445430385414511
0.4770211554132402
0.6594653548672795
0.3422552505508065
0.20289409649558365
0.3373859168495983
0.8519499015528709
0.6662163082510233
0.9657696066424251
0.5050340960733593
0.5023236309643835
0.022041453048586845
0.7617045412771404
0.6140348471235484
0.3630285512190312
0.6694872307125479
0.49775544996373355
0.42073975852690637
0.14886522525921464
0.32281892700120807
0.838933085789904
0.825417319079861
0.9313935351092368
0.35928081814199686
0.16730672190897167
0.1249016379006207
0.2198885167017579
0.8865358668845147
0.7271280493587255
0.0402253984939307
0.18243337492458522
0.35038667474873364
0.4041697336360812
0.30507485289126635
0.6379716543015093
0.7103308152873069
0.9858567407354712
0.7283349372446537
