# browser_rnd sample v1
ua: Mozilla/5.0 (Windows NT 5.1) AppleWebKit/537.36 (KHTML, like Gecko) Chrome/40.0.2214.91 Safari/537.36
appName: Netscape
appVersion: 5.0 (Windows NT 5.1) AppleWebKit/537.36 (KHTML, like Gecko) Chrome/40.0.2214.91 Safari/537.36
platform: Win32
vendor: Google Inc.
oscpu: 
cpuClass: 
language: en-us
hardwareConcurrency: 2
deviceMemory: 
screen: 1024x768x24
date: Fri Jun 12 2026 15:19:26 GMT+0100 (GMT Daylight Time)
epoch: 1781273966314
count: 4096
---
0.7157551101408899
0.9401258288417011
0.6418538824655116
0.7366784366313368
0.22522670426405966
0.914338965434581
0.5609255833551288
0.5144930272363126
0.2393709635362029
0.8857243915554136
0.4472536160610616
0.1677735662087798
0.02311333967372775
0.5717369781341404
0.32651667413301766
0.08875536965206265
0.16429156041704118
0.19802925712428987
0.5002168361097574
0.9061071104370058
0.07394761173054576
0.46126488014124334
0.5009134223219007
0.35873732017353177
0.11419003061018884
0.7914753607474267
0.2966043103951961
0.9219084845390171
0.03807831881567836
0.6679772702045739
0.48703059926629066
0.33519343729130924
0.6064392812550068
0.026086899684742093
0.34004081250168383
0.6913827625103295
0.5979922024998814
0.9849411868490279
0.6250568362884223
0.8463141019456089
0.20394267747178674
0.15773492050357163
0.9298598871100694
0.3352925810031593
0.37895469134673476
0.5972767311614007
0.9685472203418612
0.8751897965557873
0.8178492600563914
0.9063654495403171
0.8383104193489999
0.8454472243320197
0.5809944453649223
0.5481485191266984
0.15072110760957003
0.4712166383396834
0.8976392827462405
0.3766067470423877
0.3841360383667052
0.8729619169607759
0.4901282812934369
0.24013322149403393
0.6348155736923218
0.7156359879299998
0.8383715096861124
0.8934344665613025
0.820739047601819
0.9083063025027514
0.7788243340328336
0.44395436183549464
0.43820726475678384
0.9024793168064207
0.5792924319393933
0.7508399963844568
0.790753934532404
0.2661935854703188
0.615594104398042
0.07668566843494773
0.6270943598356098
0.4619780427310616
0.583533825352788
0.11189652397297323
0.5859301250893623
0.20878913928754628
0.572969548869878
0.6619894090108573
0.7887333694379777
0.9264438741374761
0.8829079794231802
0.014950917102396488
0.58144900505431
0.298022253671661
0.4499070926103741
0.8762793869245797
0.20839225593954325
0.4998350543901324
0.03106419392861426
0.9985059530008584
0.047177444910630584
0.6581679412629455
0.5899702680762857
0.26480766921304166
0.5248080433811992
0.13629571325145662
0.4802073014434427
0.9369734555948526
0.628044149139896
0.7558591132983565
0.042194091249257326
0.9035955148283392
0.8289251348469406
0.6483617329504341
0.18060012953355908
0.17584539530798793
0.4860951812006533
0.14262067363597453
0.3675577621906996
0.032651101471856236
0.5741780670359731
0.3476984123699367
0.9503813837654889
0.41853277548216283
0.14220068976283073
0.9208420750219375
0.7374742990359664
0.8831187014002353
0.814589467132464
0.03373426501639187
0.23040410270914435
0.9852748890407383
0.30136022972874343
0.5362985106185079
0.3086852671112865
0.46843226673081517
0.8699840728659183
0.8657213333062828
0.9437244758009911
0.3353710330557078
0.7583495010621846
0.08070181030780077
0.02186755440197885
0.26339256577193737
0.7827233611606061
0.42108730832114816
0.315561109688133
0.5140524446032941
0.1935047411825508
0.8870052143465728
0.5443760070484132
0.2812553977128118
0.08727582031860948
0.4655941983219236
0.6375104065518826
0.198072818107903
0.1806376543827355
0.8773179803974926
0.842208085115999
0.99202790716663
0.3460534270852804
0.35281878453679383
0.3265868870075792
0.4041052022948861
0.9859986612573266
0.5547083299607038
0.5619974837172776
0.9487848391290754
0.5903108695056289
0.3973180437460542
0.6319473867770284
0.03707442572340369
0.4305427656508982
0.6823173169977963
0.2040200913324952
0.4882022126112133
0.11637202138081193
0.16867906134575605
0.1639238791540265
0.34212756250053644
0.4201861515175551
0.9625034676864743
0.8805434023961425
0.38189404108561575
0.5695580213796347
0.08363898587413132
0.06731271371245384
0.5595525554381311
0.5210176499094814
0.9886282838415354
0.9068291829898953
0.1387663201894611
0.15408907062374055
0.15921912132762372
0.6023942232131958
0.07193984882906079
0.062403173884376884
0.9689791337586939
0.7064014847856015
0.485147186787799
0.23139734636060894
0.9920037982519716
0.6277743144892156
0.8189049051143229
0.821289544692263
0.06708800862543285
0.6357433672528714
0.4500990165397525
0.2705711997114122
0.4801627944689244
0.1485734370071441
0.6611597957089543
0.5405951179563999
0.99036875506863
0.2754261933732778
0.11566960928030312
0.45481823990121484
0.1383297450374812
0.05137545126490295
0.07840544008649886
0.5599804748781025
0.22732209647074342
0.5566119023133069
0.7427689235191792
0.2481566146016121
0.4153168897610158
0.17465367005206645
0.09162881947122514
0.8443154662381858
0.016988760326057673
0.4363567291293293
0.49597331671975553
0.4894293893594295
0.48108736309222877
0.9908474013209343
0.06277025118470192
0.8245814964175224
0.008995984448119998
0.27015703404322267
0.930666146799922
0.9473701335955411
0.1059500495903194
0.3907975952606648
0.024172513047233224
0.8912058812566102
0.42980083264410496
0.43662128248251975
0.28651584312319756
0.9726405881810933
0.5207763188518584
0.7004217770881951
0.5163853135891259
0.3921284549869597
0.07218607724644244
0.4064174094237387
0.45851226686500013
0.07149928552098572
0.04445571545511484
0.4324938056524843
0.6240793787874281
0.08690015063621104
0.9571335886139423
0.9480298301205039
0.2183358483016491
0.6200737454928458
0.9476039500441402
0.42235005437396467
0.1955416405107826
0.7273222752846777
0.4563577426597476
0.09331671940162778
0.45968758524395525
0.16928695840761065
0.26301398361101747
0.9453843717928976
0.15718851215206087
0.22966008028015494
0.8136745889205486
0.34699233155697584
0.3609419693239033
0.6885399743914604
0.4321860633790493
0.2989563303999603
0.190925796283409
0.3332333031576127
0.03500581695698202
0.2077057547867298
0.8881765131372958
0.7322113660629839
0.9591242813039571
0.1657586987130344
0.8486326378770173
0.6200868955347687
0.39612079854123294
0.18110388843342662
0.18528042268007994
0.5078992010094225
0.2859274640213698
0.2627107521984726
0.7502687575761229
0.24925179011188447
0.9506094621028751
0.5181787326000631
0.9246430054772645
0.34480189671739936
0.7747802541125566
0.10807354934513569
0.5844332431443036
0.24637316656298935
0.18319383775815368
0.8349707457236946
0.3961000752169639
0.6899826154112816
0.3027501106262207
0.765726875513792
0.9527290582191199
0.9013898142147809
0.18760745762847364
0.7988076158799231
0.37247497378848493
0.8005202503409237
0.2363162082619965
0.9412174611352384
0.04318831651471555
0.8371305870823562
0.42404267890378833
0.703024105168879
0.5346069156657904
0.8813138252589852
0.019971090834587812
0.09416175144724548
0.47100876015610993
0.30556532251648605
0.3268241425976157
0.517844915157184
0.7004809060599655
0.616034850711003
0.17451880290172994
0.6708060456439853
0.42102241259999573
0.18430256587453187
0.9664832064881921
0.6209116310346872
0.2848106543533504
0.21035417262464762
0.5519624177832156
0.8277312270365655
0.09258947311900556
0.35629480495117605
0.9833036081399769
0.8460306858178228
0.07530087535269558
0.6549527510069311
0.5482354641426355
0.8217560118064284
0.2460944950580597
0.2963938375469297
0.9202491985633969
0.050383274210616946
0.4109857075382024
0.9873132333159447
0.21656812820583582
0.992546008201316
0.5278749512508512
0.6348247355781496
0.7947935475967824
0.14001176692545414
0.40765387401916087
0.036696934374049306
0.4909468914847821
0.5912133830133826
0.5032010357826948
0.66188281821087
0.843728119507432
0.44435150385834277
0.8841933941002935
0.9920618869364262
0.9078354248777032
0.2973699283320457
0.7097177426330745
0.27565961866639555
0.16520680533722043
0.4813043992035091
0.7532771516125649
0.5072268210351467
0.3370851776562631
0.7263674060814083
0.4381027214694768
0.0543659757822752
0.08360723638907075
0.37535022641532123
0.32555929012596607
0.7024180484004319
0.5028667394071817
0.6399339912459254
0.9517550454474986
0.25936869718134403
0.4079323101323098
0.02160936431027949
0.6764418187085539
0.17186323017813265
0.8172338139265776
0.7082264416385442
0.45731954206712544
0.42036920157261193
0.2955855701584369
0.38704014546237886
0.39781691622920334
0.6548528645653278
0.9862811004277319
0.5757765951566398
0.4972284191753715
0.08731029299087822
0.07525008334778249
0.6208553577307612
0.939154831925407
0.008325757458806038
0.19658848154358566
0.32130329916253686
0.8958884084131569
0.697028363822028
0.5438241378869861
0.32481926563195884
0.5432058230508119
0.942670883378014
0.2636342877522111
0.43789821583777666
0.35055217635817826
0.35958172008395195
0.20420750370249152
0.7008010097779334
0.30717665841802955
0.5523279279004782
0.45716681284829974
0.6263263812288642
0.5357429415453225
0.4938968429341912
0.10101273912005126
0.1284659148659557
0.2291170626413077
0.9015873493626714
0.5650402829051018
0.7922918652184308
0.0017938544042408466
0.40654755057767034
0.9152064649388194
0.017303089145570993
0.9581844168715179
0.9118910105898976
0.4689017808996141
0.28941666684113443
0.2535414576996118
0.40652760909870267
0.7093427029903978
0.427784756757319
0.07127706380560994
0.18438307009637356
0.24583668680861592
0.4440706232562661
0.492502361536026
0.7651213961653411
0.0003020334988832474
0.4377050600014627
0.7015975681133568
0.6774549260735512
0.5165945491753519
0.2374344076961279
0.9465705233160406
0.6092019041534513
0.9902735594660044
0.643608235521242
0.3888013737741858
0.13191172992810607
0.20938413287512958
0.17758299154229462
0.857226753840223
0.7887485304381698
0.25527259707450867
0.6320107390638441
0.09845891408622265
0.22209340566769242
0.33999444474466145
0.9199577211402357
0.8351674871519208
0.17530476348474622
0.7620024180505425
0.7893752718809992
0.5088221202604473
0.23420159192755818
0.6198570160195231
0.825237971264869
0.9922364419326186
0.193008148111403
0.9397350533399731
0.34502631053328514
0.9056689287535846
0.052898017689585686
0.8011030505876988
0.8779296285938472
0.017537424340844154
0.34979231702163815
0.4881315294187516
0.0560070239007473
0.8098925694357604
0.34557337034493685
0.7741155892144889
0.2782911569811404
0.7779731063637882
0.8641340669710189
0.30634190887212753
0.4658958869986236
0.9249750226736069
0.38295992324128747
0.839892236283049
0.31352170347236097
0.7637278037145734
0.9155067710671574
0.6178874424658716
0.5227087819948792
0.5425449972972274
0.1671283864416182
0.21934474469162524
0.5628843621816486
0.813238411443308
0.7354222920257598
0.7128714537248015
0.07005593064241111
0.2535260219592601
0.07106722285971045
0.2848187289200723
0.059067661641165614
0.05227360129356384
0.2884417721070349
0.5315044461749494
0.9187083567958325
0.328338774619624
0.1981276876758784
0.19605694198980927
0.7444552404340357
0.411725444952026
0.3838269242551178
0.3803092648740858
0.8208350706845522
0.692947234492749
0.7921136505901814
0.7355862420517951
0.7333259561564773
0.0006162631325423717
0.20640098745934665
0.21874836762435734
0.844169185962528
0.300802837125957
0.5933008298743516
0.1417798011098057
0.2656843562144786
0.08310918277129531
0.35465140151791275
0.26816019718535244
0.9855798210483044
0.8140713686589152
0.7079640391748399
0.7794727250002325
0.9437030355911702
0.0365189837757498
0.6121400408446789
0.8372832348104566
0.3317403234541416
0.25146732246503234
0.002410255605354905
0.26239468110725284
0.8948316483292729
0.6978203661274165
0.8495697632897645
0.8236684231087565
0.7184909738134593
0.6121335225179791
0.7497929325327277
0.8167770721483976
0.6137433759868145
0.9391203122213483
0.4561345421243459
0.29997132904827595
0.3551687435247004
0.6817736204247922
0.27910701534710824
0.33371527027338743
0.8629803380463272
0.5504243224859238
0.220566397998482
0.952729971613735
0.7514052784536034
0.07277282513678074
0.23478302755393088
0.9542915290221572
0.8171444784384221
0.27278744103387
0.4729477218352258
0.2944381511770189
0.7678191133309156
0.6413389458321035
0.335322322556749
0.8498123080935329
0.12578983511775732
0.014724662760272622
0.24639923172071576
0.5766874973196536
0.5255274255760014
0.15255637699738145
0.4789019082672894
0.5565914246253669
0.26175676565617323
0.49242834304459393
0.3393844317179173
0.9896992794238031
0.1149709951132536
0.995981368701905
0.4010156977456063
0.3216224100906402
0.729556500678882
0.93308215145953
0.5420834484975785
0.7514258751180023
0.2349141959566623
0.6170413594227284
0.2040976444259286
0.8458179775625467
0.009296446107327938
0.77832787996158
0.11779160937294364
0.8342849807813764
0.9978811016771942
0.9883991242386401
0.9112827649805695
0.4725698314141482
0.5922009840141982
0.3806864102371037
0.756060468731448
0.8257651468738914
0.658768322551623
0.8088079763110727
0.9781740072648972
0.531561927869916
0.20892804092727602
0.03405817551538348
0.11633134167641401
0.21838845033198595
0.49172711186110973
0.6721132297534496
0.16826790175400674
0.8886769113596529
0.800192802445963
0.600894566392526
0.2869178007822484
0.1708380023483187
0.277312352322042
0.7294725945685059
0.27019912120886147
0.6791080499533564
0.38555356790311635
0.5419675053562969
0.6749794464558363
0.9038891759701073
0.23022292112000287
0.9232765757478774
0.5051385778933764
0.6929775213357061
0.25548134255222976
0.4572813459672034
0.7455861275084317
0.8421669411472976
0.40556056145578623
0.2638576179742813
0.4168794290162623
0.24081115424633026
0.7197620198130608
0.2863989695906639
0.8496045544743538
0.2606976078823209
0.5900401468388736
0.25592622184194624
0.40731881256215274
0.01603242289274931
0.9838312801439315
0.3814807019662112
0.16983671905472875
0.14566877507604659
0.30374797875992954
0.49851819430477917
0.12220510514453053
0.26581073086708784
0.5537610845640302
0.3066775978077203
0.43305807979777455
0.8755076138768345
0.4479614289011806
0.8202989131677896
0.0824913983233273
0.5026030924636871
0.7924119378440082
0.18554124445654452
0.3530518210027367
0.4091774486005306
0.3317861068062484
0.9590371302329004
0.40490609081462026
0.46602733759209514
0.42814628197811544
0.3320114887319505
0.09100270550698042
0.6078528594225645
0.5446893654298037
0.7067850073799491
0.24631829163990915
0.11637966590933502
0.37725309119559824
0.7240638195071369
0.9066362595185637
0.7646003561094403
0.7602930534631014
0.13850954920053482
0.4368028221651912
0.5077740205451846
0.15419215126894414
0.1865474539808929
0.33511682599782944
0.14817865239456296
0.7433478420134634
0.5901961699128151
0.41497993492521346
0.21621312503702939
0.23230645852163434
0.4249623294454068
0.04358233418315649
0.8481167817953974
0.5076557958964258
0.06642669695429504
0.7194717505481094
0.011225844034925103
0.4081788349431008
0.3552007132675499
0.26177569455467165
0.7121358292642981
0.7341768580954522
0.40065030893310905
0.9219259808305651
0.3418180295266211
0.12640972319059074
0.1547104713972658
0.43557325401343405
0.22783116693608463
0.8763298189733177
0.24775695917196572
0.2990555679425597
0.7908912445418537
0.6179426442831755
0.5888876030221581
0.7205049262847751
0.8628428236115724
0.18079199036583304
0.8113683050032705
0.7910330793820322
0.5100548327900469
0.24393960484303534
0.1441776182036847
0.36276571662165225
0.6466674502007663
0.23936138045974076
0.646958245895803
0.7077183916699141
0.3316365524660796
0.5651349120307714
0.28619316150434315
0.9554439601488411
0.46498226653784513
0.8717112930025905
0.9528727373108268
0.4065876107197255
0.0022071111015975475
0.7285720116924495
0.9626627210527658
0.991662923945114
0.776412489823997
0.7234472425188869
0.7367023478727788
0.7979094369802624
0.29169630724936724
0.33634433592669666
0.1863950053229928
0.6340766279026866
0.2201674950774759
0.5476088742725551
0.4223842672072351
0.6357397299725562
0.272722065448761
0.322576412698254
0.026574990479275584
0.06564858159981668
0.5561990055721253
0.27016411488875747
0.08121228381060064
0.24151107831858099
0.2827526193577796
0.9653035735245794
0.4640789832919836
0.36746219312772155
0.47038439754396677
0.1010131596121937
0.1220086757093668
0.5799548826180398
0.3661171190906316
0.016940956469625235
0.4794512982480228
0.42345644254237413
0.8751034485176206
0.017188568599522114
0.021332444855943322
0.61686483444646
0.8439452711027116
0.283590457867831
0.2624308879021555
0.5224182060919702
0.21755533665418625
0.47206572839058936
0.3225161212030798
0.9809488831087947
0.4688860368914902
0.033302243100479245
0.43205090682022274
0.6426426889374852
0.9029088376555592
0.6139025778975338
0.7139814402908087
0.12008836702443659
0.3590853246860206
0.3370910766534507
0.6856226788368076
0.603361569577828
0.5490571591071784
0.6638249615207314
0.7960767645854503
0.25772362016141415
0.9276928771287203
0.2963262991979718
0.007303532678633928
0.58697206270881
0.887898126617074
0.884469186887145
0.06617417675442994
0.1461666035465896
0.35405955160968006
0.5559951362665743
0.4978792362380773
0.9118368006311357
0.5169177572242916
0.07935755094513297
0.7452439959160984
0.6856524234171957
0.2658831919543445
0.8092358936555684
0.5733248102478683
0.15485339937731624
0.034571976168081164
0.18027347000315785
0.22954938700422645
0.6190827582031488
0.06815680954605341
0.8382332995533943
0.23926465352997184
0.04897625930607319
0.912965492811054
0.7519983036909252
0.5162355012726039
0.93027129676193
0.8620456622447819
0.9324746504426003
0.5738857486285269
0.3680499403271824
0.9550148833077401
0.7842605214100331
0.3980851867236197
0.44110758253373206
0.16189364343881607
0.8266560565680265
0.45203819405287504
0.2628257218748331
0.7217761329375207
0.6077629295177758
0.06752315536141396
0.5553731799591333
0.13930938253179193
0.6864474674221128
0.680314727127552
0.23422450968064368
0.2172554968856275
0.16557858511805534
0.34313412359915674
0.5783023310359567
0.7144174478016794
0.0886569342110306
0.6203199103474617
0.31378352735191584
0.6554065281525254
0.8673271206207573
0.046971145551651716
0.04557135282084346
0.5092053760308772
0.9074691883288324
0.5617387571837753
0.3688525487668812
0.5328194352332503
0.60080495942384
0.562666064593941
0.7914514397270977
0.869759924011305
0.8278381221462041
0.10582819278351963
0.1569858747534454
0.4221946580801159
0.9517646315507591
0.19945273105986416
0.30265624122694135
0.704966020770371
0.4409229352604598
0.9449193098116666
0.9526648609898984
0.5751062077470124
0.3828803487122059
0.36807215097360313
0.1775813358835876
0.6257678347174078
0.5546538636554033
0.3624272516462952
0.7070451281033456
0.8731520441360772
0.8803609667811543
0.055921621387824416
0.2671197820454836
0.9203797888476402
0.5183622527401894
0.21772759384475648
0.49722585547715425
0.9887870238162577
0.9265457992441952
0.8637586212716997
0.7444360335357487
0.32029837975278497
0.16407261113636196
0.1349991934839636
0.9960965947248042
0.6074428346473724
0.36555705056525767
0.12034140271134675
0.665096786338836
0.5127522349357605
0.904802564997226
0.6925404591020197
0.6621906645596027
0.39814091846346855
0.5079852917697281
0.99518255260773
0.20310655096545815
0.06731921527534723
0.5924082312267274
0.12081253458745778
0.25609173043631017
0.3045068664941937
0.2846862974110991
0.9223751607351005
0.28828025120310485
0.7446098886430264
0.18825605581514537
0.31054297485388815
0.9368291338905692
0.10532764252275229
0.10815077484585345
0.7758369573857635
0.30108199338428676
0.526585821993649
0.3348409333266318
0.2896427605301142
0.34340685373172164
0.564515765523538
0.28478657617233694
0.644594844430685
0.07724070991389453
0.8143727788701653
0.9603941708337516
0.022984339389950037
0.5888751419261098
0.2817101562395692
0.3529816893860698
0.335169647121802
0.019329167902469635
0.3890350181609392
0.0868960025254637
0.6173513403628021
0.6656944954302162
0.37900651548989117
0.5135315828956664
0.8570183997508138
0.029548124643042684
0.8602912342175841
0.04633906576782465
0.4887598054483533
0.2522860527969897
0.6267516927327961
0.18262157472781837
0.760327574564144
0.528637420386076
0.32672996795736253
0.9285167315974832
0.17157271225005388
0.6593822797294706
0.6334783649072051
0.6207719293888658
0.44203582336194813
0.0052199698984622955
0.2112765652127564
0.25711642135865986
0.7621692675165832
0.8381534963846207
0.054614071967080235
0.8706460876855999
0.5818585008382797
0.9615728466305882
0.14295110199600458
0.5509211590979248
0.10130411246791482
0.6464795444626361
0.8660371340811253
0.6596587451640517
0.7766179856844246
0.4837213233113289
0.6649187286384404
0.5864435520488769
0.7148767476901412
0.34438948379829526
0.28893560403957963
0.4155873297713697
0.8628470047842711
0.09689407190307975
0.2237841715104878
0.6023208140395582
0.7141123183537275
0.5929492134600878
0.9278121979441494
0.5894890152849257
0.5352882784791291
0.23028677655383945
0.19743397389538586
0.788861240260303
0.9995703725144267
0.2386599734891206
0.08872819412499666
0.589893497293815
0.7325632497668266
0.2047422204632312
0.43247236451134086
0.39305669791065156
0.8311755182221532
0.949965289561078
0.8482948839664459
0.7832815712317824
0.76129214419052
0.3013055503834039
0.6493254685774446
0.367749233962968
0.47344010253436863
0.12427795911207795
0.6746867143083364
0.5617811540141702
0.8550540306605399
0.5528614346403629
0.23694776254706085
0.15283617260865867
0.6267094213981181
0.6050410901661962
0.7956177762243897
0.9880722423549742
0.0781942680478096
0.9660617592744529
0.8884833101183176
0.4431670648045838
0.4374564662575722
0.4215798331424594
0.024287523003295064
0.8254917724989355
0.5053680136334151
0.7928121068980545
0.3393170575145632
0.9718728365842253
0.7795097001362592
0.5665312674827874
0.7200765977613628
0.8783367094583809
0.4233777963090688
0.6092659793794155
0.9467937231529504
0.8382340422831476
0.48099619918502867
0.43611715035513043
0.22178145125508308
0.6554485415108502
0.6673651461023837
0.6522447718307376
0.015608260408043861
0.34797057742252946
0.7487962243612856
0.8615609528496861
0.07883400446735322
0.4861212407704443
0.6661540477070957
0.8715032506734133
0.15659224265255034
0.47981418133713305
0.06465201382525265
0.7983700537588447
0.360288092168048
0.9827363295480609
0.6678325480315834
0.27087649004533887
0.042375794844701886
0.07156544853933156
0.30554628372192383
0.9418120593763888
0.7917521910276264
0.4763914532959461
0.338304640725255
0.7271713856607676
0.744468501303345
0.8329520195256919
0.23519951687194407
0.8666837732307613
0.10138870379887521
0.10891806590370834
0.8056677277199924
0.15300181694328785
0.8094631712883711
0.39389500417746603
0.06626783381216228
0.6619015177711844
0.9986412066500634
0.42164860758930445
0.5542589782271534
0.15326501801609993
0.41725189378485084
0.08828275906853378
0.6606686883606017
0.7202949689235538
0.030969699379056692
0.4084730464965105
0.5878335707820952
0.6798768301960081
0.22873563785105944
0.17539139022119343
0.24586203647777438
0.7167151381727308
0.26459416071884334
0.7080468239728361
0.0038797182496637106
0.07425200054422021
0.7153713784646243
0.007179988548159599
0.5013174135237932
0.6619461106602103
0.9436689077410847
0.4539522302802652
0.959625270916149
0.16804492357186973
0.8410394310485572
0.8880777470767498
0.2557654201518744
0.4630461661145091
0.7394950448069721
0.07248891610652208
0.004289052216336131
0.32754080439917743
0.36541325761936605
0.2921643331646919
0.7459562760777771
0.39952525892294943
0.56657859752886
0.4408847230952233
0.08150606113485992
0.515681138727814
0.56651701615192
0.3723702772986144
0.8108059000223875
0.6644484733697027
0.14784208056516945
0.5062977774068713
0.3884440877009183
0.7664528924506158
0.18187237135134637
0.31807394209317863
0.8423637335654348
0.8644457363989204
0.10148893552832305
0.03412090917117894
0.1872397349216044
0.6823082205373794
0.8619576478376985
0.21355586033314466
0.48510078783147037
0.27045247610658407
0.28885320480912924
0.019664640305563807
0.4288367237895727
0.8645399347878993
0.6384143803734332
0.8147765474859625
0.5429106689989567
0.8502569401171058
0.1612567687407136
0.6594615958165377
0.006220203824341297
0.1536328459624201
0.8692712080664933
0.8486629584804177
0.3638612003996968
0.6488281472120434
0.3061251777689904
0.5550321969203651
0.15240409737452865
0.7358699801843613
0.5094162507448345
0.948997046565637
0.42747333412989974
0.35977699351496994
0.8018729530740529
0.7181521861348301
0.2784674959257245
0.7888568704947829
0.0218524185474962
0.18309545470401645
0.12249806663021445
0.6813516973052174
0.7869703508913517
0.018316234461963177
0.3556730546988547
0.6831163498573005
0.48945572739467025
0.8076886758208275
0.5730053503066301
0.37698583072051406
0.1727249484974891
0.14135173009708524
0.4467217163182795
0.3339262504596263
0.7607122983317822
0.7232760523911566
0.7061080096755177
0.19034327240660787
0.990841026417911
0.707664157031104
0.3257877395953983
0.9205911860335618
0.11101523856632411
0.7219255936797708
0.31716714217327535
0.4839922310784459
0.2154967999085784
0.32083260104991496
0.6476054957602173
0.2850167313590646
0.7941963258199394
0.3142494368366897
0.9567183500621468
0.5824474745895714
0.7147731627337635
0.41746980138123035
0.09438027674332261
0.7071213605813682
0.17497442080639303
0.9493321334011853
0.38800686155445874
0.9099794270005077
0.922537300735712
0.48658308503217995
0.15175616554915905
0.1621638007927686
0.699128863401711
0.3079686723649502
0.8579059962648898
0.9297211633529514
0.05187980295158923
0.3749638251028955
0.4389191672671586
0.8139397399500012
0.35665141930803657
0.5094277006573975
0.8446664307266474
0.4595977487042546
0.7252972351852804
0.21368458191864192
0.9235408366657794
0.452678405912593
0.8443568528164178
0.6665595942176878
0.1230661659501493
0.9936597878113389
0.5856113240588456
0.67393615283072
0.20801119389943779
0.5662765628658235
0.8858655779622495
0.288356656441465
0.11013800255022943
0.8663832116872072
0.839782245690003
0.24558254680596292
0.9474067983683199
0.7428157315589488
0.18102728854864836
0.9050797582603991
0.5533648326527327
0.3295321096666157
0.556656186003238
0.5962421670556068
0.30954453255981207
0.16654259152710438
0.7008343408815563
0.8470536828972399
0.43035412742756307
0.3286510508041829
0.5660931172315031
0.6176616873126477
0.5749583910219371
0.5395598607137799
0.2587737306021154
0.5650056086014956
0.06520146573893726
0.7259726983029395
0.21028512995690107
0.5728729960974306
0.7365885467734188
0.8306644677650183
0.9656450506299734
0.6673693025950342
0.7375928806141019
0.7392088412307203
0.9208204704336822
0.35149853164330125
0.549635972129181
0.7738310310523957
0.10723444889299572
0.4527954387012869
0.8206964614801109
0.23683545156382024
0.30070626456290483
0.7755187102593482
0.5766153549775481
0.5706280863378197
0.39533594506792724
0.8614639958832413
0.05577764194458723
0.7858708519488573
0.03785898280330002
0.7789236924145371
0.8551660138182342
0.8135371236130595
0.043038607109338045
0.05084805143997073
0.698255623690784
0.32062410516664386
0.9287966021802276
0.1219887975603342
0.5325762832071632
0.13103995798155665
0.5673223210033029
0.8476966770831496
0.9484981182031333
0.4417018457315862
0.04284496861509979
0.3720493020955473
0.8892896249890327
0.8608896196819842
0.012381296372041106
0.3559074776712805
0.8082246051635593
0.16531636007130146
0.8287371501792222
0.14387186989188194
0.02134227496571839
0.6517093847505748
0.2088015414774418
0.8661821256391704
0.2904147731605917
0.245391781674698
0.21976048406213522
0.2876699143089354
0.5466763118747622
0.38376997015438974
0.3169648719485849
0.8144515063613653
0.40192727209068835
0.7786356452852488
0.728130970383063
0.19790682778693736
0.4544190182350576
0.007948137354105711
0.1853284847456962
0.2856065302621573
0.3965390003286302
0.517205118201673
0.1647844377439469
0.11961908149532974
0.67940913583152
0.5713254790753126
0.07894164649769664
0.3320871931500733
0.3705044351518154
0.182146230712533
0.16123852669261396
0.9254221010487527
0.27750101522542536
0.5135728397872299
0.654443685663864
0.5899844400119036
0.5388971769716591
0.4329136307351291
0.4633617736399174
0.29054789687506855
0.6106050740927458
0.1204556270968169
0.9334401178639382
0.7021652720868587
0.268239883473143
0.4567679001484066
0.3951429226435721
0.5287343412637711
0.15207056724466383
0.9511992025654763
0.9458509928081185
0.8751072457525879
0.43602317082695663
0.67951551056467
0.5841835180763155
0.0017293200362473726
0.24882929492741823
0.3165510296821594
0.3491886230185628
0.8408693426754326
0.9116450187284499
0.034768177196383476
0.9649869194254279
0.6184121535625309
0.1653799053747207
0.8769896514713764
0.06057036202400923
0.1765532367862761
0.10840128199197352
0.47241166257299483
0.34504078794270754
0.05220139818266034
0.2666610237210989
0.6658891183324158
0.8590256210882217
0.3867651135660708
0.6007495704106987
0.42202607076615095
0.047572609735652804
0.6525824498385191
0.8976358911022544
0.4264986829366535
0.013337053824216127
0.5686971545219421
0.5757505449000746
0.8321128727402538
0.05741615500301123
0.21520364517346025
0.9762821947224438
0.25386957568116486
0.3729370357468724
0.9040794651955366
0.44851523474790156
0.7323364436160773
0.039097820641472936
0.04858535807579756
0.9800015317741781
0.3363274207804352
0.10063829249702394
0.48233061702921987
0.4433959436137229
0.4524606668855995
0.8606368869077414
0.21523049008101225
0.7474885727278888
0.16507317475043237
0.41017769393511117
0.4377213609404862
0.0894714395981282
0.12534334463998675
0.8271768831182271
0.795918847899884
0.5515108059626073
0.7353615844622254
0.5404002696741372
0.43426896212622523
0.9490902377292514
0.057488441467285156
0.6229612494353205
0.9002787219360471
0.013419079594314098
0.07462417450733483
0.3207839385140687
0.5083882811013609
0.12691008020192385
0.2793649439699948
0.8580418033525348
0.39790207822807133
0.16000792547129095
0.9755064172204584
0.20776968076825142
0.2473875992000103
0.23722169129177928
0.02087711449712515
0.4239095577504486
0.002417195588350296
0.5849546757526696
0.571247395593673
0.6773793939501047
0.10516247432678938
0.010491889668628573
0.03361269342713058
0.8082562102936208
0.6268790350295603
0.8116193697787821
0.5907416283152997
0.06282179243862629
0.8149615419097245
0.6859548082575202
0.787369281752035
0.447717176284641
0.39420539210550487
0.4690658953040838
0.17327312682755291
0.0708558801561594
0.41110237198881805
0.19386386824771762
0.46146296919323504
0.11041257297620177
0.590979793574661
0.2717647112440318
0.9779512714594603
0.5321843747515231
0.4886248013935983
0.9099057158455253
0.5746314213611186
0.8425241077784449
0.6862011742778122
0.19682180462405086
0.6345263551920652
0.47650959668681026
0.4959718713071197
0.5004815172869712
0.6650432564783841
0.7919843518175185
0.5269906695466489
0.6229220039676875
0.20410004234872758
0.8474340434186161
0.17158992309123278
0.9121979179326445
0.7548069783952087
0.41248404886573553
0.14247135585173965
0.8712765420787036
0.8857836918905377
0.7215638097841293
0.9275334421545267
0.3976601220201701
0.05239564669318497
0.5825341567397118
0.8415541683789343
0.35606149258092046
0.7874909313395619
0.557881518965587
0.7315121388528496
0.2129226024262607
0.16945090820081532
0.22139758383855224
0.7041811631061137
0.3876597275957465
0.5148620994295925
0.06960421497933567
0.9455838224384934
0.6804876155219972
0.33179679443128407
0.3087952306959778
0.6131113530136645
0.24450121261179447
0.35181110561825335
0.14099340187385678
0.16832529474049807
0.8430300168693066
0.6532409854698926
0.9464706548023969
0.7977806387934834
0.14847602508962154
0.09785156953148544
0.08443499612621963
0.2435682553332299
0.42429888318292797
0.9415799302514642
0.6976785329170525
0.386393366381526
0.6784588354639709
0.5875316075980663
0.25184281170368195
0.6755549507215619
0.278479857603088
0.05224658967927098
0.07369682053104043
0.5493789750616997
0.2955351162236184
0.5971851923968643
0.2948999796062708
0.055479496717453
0.1276744066271931
0.9105669166892767
0.30532172741368413
0.04589747148565948
0.3577248938381672
0.5562391029670835
0.9007530033122748
0.5236618197523057
0.67755744070746
0.39346196805126965
0.0516130393370986
0.5504462630487978
0.5475887283682823
0.9630186592694372
0.26954520074650645
0.9133772959467024
0.24081226042471826
0.8563550140243024
0.12453171494416893
0.45701344730332494
0.7574736753012985
0.15743804816156626
0.5798338376916945
0.17492829449474812
0.08896839944645762
0.9742187431547791
0.07848163577727973
0.18944585463032126
0.5863274484872818
0.3831427008844912
0.04811314679682255
0.5460646948777139
0.31322508747689426
0.45568424672819674
0.8742866329848766
0.4449085930828005
0.7967728613875806
0.8528416340705007
0.725703276693821
0.4748979441355914
0.3587768815923482
0.6572571797296405
0.44386120582930744
0.754073022864759
0.8029611462261528
0.3598623382858932
0.280759769724682
0.9576786796096712
0.9055358730256557
0.020509870490059257
0.00499284896068275
0.9685738414991647
0.26247002789750695
0.5362188017461449
0.9224077081307769
0.9077121310401708
0.07727294601500034
0.43699251976795495
0.7923246622085571
0.5167887876741588
0.8455454858485609
0.14324883511289954
0.7462020330131054
0.035532605368644
0.6752774973865598
0.9917655903846025
0.6231502997688949
0.4587061626370996
0.43251677276566625
0.2882778290659189
0.609835755545646
0.36402950645424426
0.6093923230655491
0.4065147575456649
0.5321313417516649
0.2309468451421708
0.026558266254141927
0.7653330450411886
0.7237351750954986
0.9608554753940552
0.2515282111708075
0.2759546465240419
0.26635210029780865
0.22511939029209316
0.8591402114834636
0.19132280512712896
0.6403514968696982
0.5693025302607566
0.47778275492601097
0.31266114162281156
0.2576070122886449
0.5937745703849941
0.658484481042251
0.5177897864487022
0.6912641418166459
0.44597977260127664
0.004542572423815727
0.8321475947741419
0.4504937664605677
0.4776263840030879
0.5288221254013479
0.5503524437081069
0.7530586484353989
0.6745927464216948
0.08406568667851388
0.7994541642256081
0.1739694473799318
0.8170918612740934
0.957647792994976
0.5028553900774568
0.7101502232253551
0.03544009220786393
0.014652079436928034
0.12107888353057206
0.049234722973778844
0.5574301376473159
0.27493148716166615
0.9177259407006204
0.6503303456120193
0.6949787121266127
0.6107427997048944
0.7077746686991304
0.14702561660669744
0.9370693829841912
0.18707571900449693
0.17955445335246623
0.3410589734558016
0.1663667857646942
0.68322444264777
0.36317463545128703
0.223093873122707
0.2953563998453319
0.20602944563142955
0.6970407138578594
0.6291563948616385
0.7733034305274487
0.7751716978382319
0.37897199857980013
0.9934090026654303
0.25415498530492187
0.6048434728290886
0.39172973739914596
0.943499865476042
0.3533417508006096
0.8449041720014066
0.5434068217873573
0.6622597586829215
0.45756599330343306
0.08469792967662215
0.01950942794792354
0.6215203024912626
0.7538125775754452
0.17486499436199665
0.761260591680184
0.30856909160502255
0.6045102034695446
0.3541460349224508
0.33278662292286754
0.10156227136030793
0.9883168949745595
0.2890962783712894
0.6190100172534585
0.7089633494615555
0.6083460366353393
0.5184099713806063
0.9572151117026806
0.71744529530406
0.6658781375735998
0.7079420420341194
0.18847424699924886
0.15207508741877973
0.8575847405008972
0.10940276738256216
0.5423004925251007
0.6515654851682484
0.6009793465491384
0.6215996849350631
0.5644805349875242
0.5359652226325125
0.6036324144806713
0.45998547528870404
0.5368886224459857
0.08184769283980131
0.5946493882220238
0.29174311948008835
0.10576533921994269
0.9090401902794838
0.7876942020375282
0.2865242774132639
0.06922190496698022
0.004856944549828768
0.5059267813339829
0.7463266563136131
0.3362387327942997
0.3856518322136253
0.37345269485376775
0.29427401442080736
0.7141643683426082
0.333544391207397
0.9563959788065404
0.810330226784572
0.29653667309321463
0.5515272915363312
0.8730802526697516
0.7371205841191113
0.26720220665447414
0.758490223903209
0.5379934413358569
0.9723128092009574
0.8125157076865435
0.9176157636102289
0.5973122543655336
0.6669728639535606
0.48323305416852236
0.8310488101560622
0.7738412462640554
0.4597770753316581
0.7321003321558237
0.6403413356747478
0.4429548184853047
0.5175712890923023
0.780338057084009
0.5729318899102509
0.993881422560662
0.8361145812086761
0.2528294015210122
0.6264867093414068
0.5058014602400362
0.7164206171873957
0.10891025536693633
0.6997637515887618
0.57307990337722
0.7228755126707256
0.501478400779888
0.6100034439004958
0.4489688817411661
0.9049101455602795
0.600807209732011
0.6650322966743261
0.5444646871183068
0.8708852943964303
0.11847999435849488
0.23996000830084085
0.506296593695879
0.4137975317426026
0.7340724624227732
0.39276428148150444
0.6869368348270655
0.5537615288048983
0.422541581094265
0.38858198770321906
0.21945814951322973
0.8247524132020772
0.07837893348187208
0.22251414344646037
0.7625968863721937
0.5318836553487927
0.927058904664591
0.8168870452791452
0.588323975680396
0.5959546237718314
0.0910575354937464
0.7809331109747291
0.1851113319862634
0.6466423056554049
0.9153703297488391
0.10962852789089084
0.6849498271476477
0.4356778119690716
0.29952439526095986
0.3711728425696492
0.27830297756008804
0.6671143246348947
0.14662757376208901
0.7728579444810748
0.6640607176814228
0.9843873314093798
0.46392885711975396
0.8966771592386067
0.0423088192474097
0.8681621858850121
0.7345697020646185
0.32148333196528256
0.34528448176570237
0.41254308936186135
0.13027405552566051
0.778518553590402
0.452468128176406
0.9528236861806363
0.4659011741168797
0.37795561528764665
0.4755557666067034
0.36819980712607503
0.6791092925705016
0.4125062716193497
0.6718802170362324
0.019742486532777548
0.9097922604996711
0.5198299363255501
0.6259372918866575
0.6750864731147885
0.8528066440485418
0.1419974067248404
0.1887030398938805
0.12310864659957588
0.6875416624825448
0.20910500991158187
0.10325198527425528
0.49215823761187494
0.6187970300670713
0.9131944421678782
0.03549839765764773
0.1709829547908157
0.6841852301731706
0.6967574262525886
0.533497774740681
0.0712417105678469
0.3881209648679942
0.5942112193442881
0.6727586309425533
0.751335368026048
0.6201733308844268
0.7449417675379664
0.3321202374063432
0.10395822720602155
0.4564554439857602
0.8476405516266823
0.8175220335833728
0.12134463666006923
0.9470881088636816
0.9311994346790016
0.7626514816656709
0.8273267571348697
0.7224266319535673
0.31794275040738285
0.5150346970185637
0.07669223891571164
0.8745433331932873
0.017616931116208434
0.7244341094046831
0.41048820153810084
0.09392706002108753
0.4517137580551207
0.2838106481358409
0.006142823724076152
0.6746999674942344
0.8043923156801611
0.198919584043324
0.6330562538933009
0.7908363107126206
0.8844883039128035
0.31458287965506315
0.03410482429899275
0.9707442007493228
0.33695059386081994
0.3778470663819462
0.5142783473711461
0.33738439762964845
0.955513815395534
0.8546496941708028
0.5081716107670218
0.4221784374676645
0.7732653012499213
0.8928726504091173
0.623530235607177
0.3093938452657312
0.42288969783112407
0.6490255782846361
0.8988735268358141
0.7099195865448564
0.01764243491925299
0.22937409463338554
0.5480755383614451
0.6784050010610372
0.5315469501074404
0.8513392687309533
0.6913674261886626
0.46355993463657796
0.9381698842626065
0.08250939915888011
0.8101421250030398
0.7547262797597796
0.7337140568997711
0.8837771792896092
0.6435354521963745
0.9839298061560839
0.20481263869442046
0.8771994260605425
0.9230444815475494
0.5563876701053232
0.8074363225605339
0.18956899200566113
0.9878037816379219
0.9593781093135476
0.6379248930606991
0.037160095758736134
0.08289031335152686
0.4401580924168229
0.017982439836487174
0.20770651753991842
0.8834951091557741
0.2716196929104626
0.307276921113953
0.08496031141839921
0.655128849670291
0.852281061001122
0.7825495179276913
0.556832670699805
0.7471540591213852
0.2065075219143182
0.34994000871665776
0.2912884147372097
0.7849648606497794
0.8708084688987583
0.8090529819019139
0.43836059095337987
0.7540763334836811
0.07656181394122541
0.46426848182454705
0.6994683335069567
0.4436368604656309
0.9140486740507185
0.3938078200444579
0.4443462963681668
0.48530276771634817
0.9104516964871436
0.47789482143707573
0.6074385647661984
0.22299422696232796
0.7118647310417145
0.7714356740470976
0.9586600535549223
0.6479543198365718
0.7881520830560476
0.4681803463026881
0.32493579597212374
0.4482060691807419
0.070679962169379
0.46047732746228576
0.19398262281902134
0.4008564802352339
0.34981871908530593
0.1438175872899592
0.06422604341059923
0.002681997837498784
0.16297084232792258
0.23927010782063007
0.8631952728610486
0.37605299800634384
0.470476993592456
0.7540701935067773
0.8102797369938344
0.41551751527003944
0.9058202055748552
0.8234421152155846
0.8823458249680698
0.8073213384486735
0.07830870803445578
0.11725221597589552
0.012648216681554914
0.8282832191325724
0.8483870006166399
0.4004986996296793
0.20219049998559058
0.39674458210356534
0.3458755072206259
0.1627767973113805
0.7571746821049601
0.8492885821033269
0.6127923515159637
0.6157549435738474
0.1983075242023915
0.5765205852221698
0.48601408675312996
0.8772658708039671
0.10087418230250478
0.7579024969600141
0.7626979302149266
0.6049912616144866
0.00767597951926291
0.5497821937315166
0.43039121967740357
0.07221376453526318
0.9671709171961993
0.9703051110263914
0.6152936005964875
0.7680712048895657
0.40658024582080543
0.6762524240184575
0.7012780082877725
0.965641267830506
0.6317603306379169
0.8920412543229759
0.4532248373143375
0.7398581483867019
0.6725665756966919
0.49000636814162135
0.98407101794146
0.9137296171393245
0.7650500710587949
0.015717229805886745
0.5799345467239618
0.06176029518246651
0.5538668381050229
0.17635102197527885
0.6676160120405257
0.9222950506955385
0.018043281976133585
0.4408233412541449
0.8301351931877434
0.2552074829582125
0.5429249310400337
0.9714288874529302
0.8571567079052329
0.6315670604817569
0.2856751682702452
0.8948913291096687
0.8046998532954603
0.7618241331074387
0.6611433387733996
0.4341975483112037
0.6067225553561002
0.28052398771978915
0.8988535196986049
0.33343387581408024
0.8062821964267641
0.2194158248603344
0.11430381773971021
0.9540843341965228
0.9323771388735622
0.9485105434432626
0.7401128183118999
0.485805366653949
0.07066188706085086
0.9205859818030149
0.040828302036970854
0.1884788239840418
0.2436604704707861
0.10361489630304277
0.10445940494537354
0.19730681460350752
0.2781931695062667
0.693470771657303
0.2718695169314742
0.9319639431778342
0.33269563550129533
0.6098259622231126
0.1011467375792563
0.6364129642024636
0.2894512456841767
0.849864722462371
0.9385101145599037
0.5164544361177832
0.8332100959960371
0.8494527249131352
0.6599770244210958
0.5494935994502157
0.3826583398040384
0.2342828910332173
0.9607218303717673
0.6408246678765863
0.30956873344257474
0.4539231453090906
0.23494365043006837
0.08542867517098784
0.1638207936193794
0.6685189353302121
0.4258013810031116
0.29497427656315267
0.3839066687505692
0.7237657769583166
0.4061544758733362
0.960807983065024
0.3388174055144191
0.9392620089929551
0.8565442010294646
0.6180791491642594
0.08299573906697333
0.5257984509225935
0.9688250673934817
0.807612915057689
0.32930364808999
0.4998695554677397
0.6145488696638495
0.43308506556786597
0.510440134210512
0.2984702782705426
0.40875124954618514
0.6135203579906374
0.7001259089447558
0.31468838127329946
0.9091986697167158
0.8714501587674022
0.39810846210457385
0.015320775331929326
0.32596745947375894
0.031494440976530313
0.9290318633429706
0.4442942305468023
0.8071959828957915
0.7568736819084734
0.5242521772161126
0.3675009033177048
0.03718412574380636
0.28360649035312235
0.31558592966757715
0.026456130435690284
0.8627947056666017
0.16449996689334512
0.9874881193973124
0.45015333709307015
0.4678189093247056
0.629154889844358
0.7102396122645587
0.7208784930408001
0.49902198906056583
0.3157958744559437
0.6622224124148488
0.8447213030885905
0.32699167146347463
0.6924523341003805
0.8525294454302639
0.19467275217175484
0.164061350049451
0.8253317384514958
0.5175379829015583
0.3353002807125449
0.5406352838035673
0.7260641199536622
0.9917857982218266
0.9122462209779769
0.8058146396651864
0.8500665263272822
0.6570877234917134
0.27762357890605927
0.6406721395906061
0.37046828283928335
0.716826984193176
0.2246943674981594
0.2798218715470284
0.13841487606987357
0.653917274903506
0.13284041127189994
0.0643998624291271
0.025938271777704358
0.4397447304800153
0.5741786397993565
0.45968708652071655
0.30158922891132534
0.518442481290549
0.42305434425361454
0.7328044921159744
0.5606851016636938
0.3378090865444392
0.6715336872730404
0.6715204508509487
0.4882132245693356
0.5201018003281206
0.46204925142228603
0.6545714372768998
0.7767345409374684
0.6832521045580506
0.08133444655686617
0.5560866463929415
0.07355662016198039
0.21195931895636022
0.3810226754285395
0.7040082679595798
0.13017803453840315
0.20800121640786529
0.14155855658464134
0.30805316171608865
0.08008728898130357
0.8933535779360682
0.9614106758963317
0.4774811698589474
0.19333942723460495
0.8506723404861987
0.49321867199614644
0.8074231254868209
0.8970765152480453
0.28982207318767905
0.524363185511902
0.16482015000656247
0.6718155269045383
0.8511341863777488
0.8783363231923431
0.45943658729083836
0.7082897666841745
0.4593363122548908
0.010818268172442913
0.9084826479665935
0.8574051973409951
0.016106280498206615
0.48323192610405385
0.6519841195549816
0.2879679729230702
0.16790193156339228
0.1802126755937934
0.16577118844725192
0.6343271159566939
0.8914592689834535
0.9995172300841659
0.4415320297703147
0.030601189704611897
0.7289932910352945
0.6737323647830635
0.39583253930322826
0.9686528337188065
0.7455849500838667
0.9828601742628962
0.9747771010734141
0.22857976821251214
0.5053674248047173
0.6286009652540088
0.5412815648596734
0.361629550345242
0.12221807846799493
0.5032786475494504
0.9084461615420878
0.1675341483205557
0.7481293859891593
0.7068320983089507
0.12763116881251335
0.26440955069847405
0.24458635924383998
0.9065748804714531
0.532221227651462
0.019224415067583323
0.5174343076068908
0.18772380845621228
0.6189809858333319
0.13083713129162788
0.014591037528589368
0.04686940158717334
0.8851516363210976
0.21500753960572183
0.6274976735003293
0.6530567903537303
0.5857823281548917
0.6065064356662333
0.47060698247514665
0.018399919383227825
0.6442129770293832
0.12606213497929275
0.9102343078702688
0.5274502728134394
0.9089291153941303
0.9778954940848053
0.6070237255189568
0.6573102874681354
0.337499946821481
0.19578603794798255
0.10582192824222147
0.9830993642099202
0.20061035524122417
0.2200918337330222
0.052786202635616064
0.6866843388415873
0.7832497542258352
0.16660482180304825
0.9316142608877271
0.9760645262431353
0.5993369170464575
0.27348283864557743
0.7932520941831172
0.25389013020321727
0.5976909068413079
0.36226105806417763
0.6926077143289149
0.6133928957860917
0.5772990474943072
0.631120769539848
0.2303204727359116
0.774045736528933
0.8710152467247099
0.38256409275345504
0.672032319707796
0.7626595280598849
0.7560214183758944
0.10550114023499191
0.35979344695806503
0.9884112535510212
0.01084735314361751
0.6042733003851026
0.8703875308856368
0.056097839726135135
0.5657506505958736
0.49013905925676227
0.155609134119004
0.7674762331880629
0.5505901952274144
0.22057503485120833
0.9527802816592157
0.5767610645852983
0.09544348088093102
0.7339397349860519
0.8291368426289409
0.4533230224624276
0.3732463694177568
0.7363846346270293
0.9241270117927343
0.050879409769549966
0.4908883508760482
0.494647947140038
0.5693475378211588
0.26303714560344815
0.6056793692987412
0.2504386114887893
0.3698812334332615
0.8799410501960665
0.21421226556412876
0.32003367552533746
0.06610569241456687
0.8904171246103942
0.13530879165045917
0.6982510648667812
0.34386328724212945
0.9304153735283762
0.2906723548658192
0.9400235449429601
0.599104932276532
0.8616972647141665
0.5136928095016629
0.016086226562038064
0.11355745606124401
0.41745421243831515
0.653858263976872
0.10913394577801228
0.8092938591726124
0.3555585683789104
0.6997909643687308
0.19117267266847193
0.845352689968422
0.7522622901014984
0.44972756574861705
0.6998464753851295
0.3175430172123015
0.3558062235824764
0.2414765441790223
0.808060146169737
0.3826853120699525
0.8556373750325292
0.23311109119094908
0.18202638044022024
0.9225086017977446
0.7360815019346774
0.5729192818980664
0.7065987542737275
0.9526925820391625
0.05978345428593457
0.8913478653412312
0.9156489963643253
0.1290315475780517
0.6325312633998692
0.4176784746814519
0.6482569526415318
0.1416372898966074
0.8047553221695125
0.6550563191995025
0.6747428753878921
0.5331424854230136
0.737517470959574
0.326703829690814
0.43575381813570857
0.5765441134572029
0.10157461860217154
0.33049281034618616
0.7646677244920284
0.9773655920289457
0.9382755283731967
0.1496856166049838
0.870664294809103
0.8831214588135481
0.8512117697391659
0.5871693303342909
0.696579210460186
0.48052979609929025
0.14366945414803922
0.3490399068687111
0.04215525696054101
0.9663259098306298
0.8306548201944679
0.7537294717039913
0.8568256318103522
0.5191193399950862
0.9560364303179085
0.25859825243242085
0.6533164710272104
0.16125728632323444
0.6052802859339863
0.06941646337509155
0.6690595564432442
0.028891388094052672
0.9785986836068332
0.020243298960849643
0.0730094276368618
0.16036513121798635
0.21378960995934904
0.4188155138399452
0.16675221594050527
0.5825056747999042
0.597911705262959
0.3042932285461575
0.5271055377088487
0.6896707208361477
0.8364791036583483
0.7719222761224955
0.7966504928190261
0.7418717900291085
0.08236576872877777
0.004978625336661935
0.710478181950748
0.675891286926344
0.45719931088387966
0.48565816110931337
0.5167730147950351
0.48606474068947136
0.6861804900690913
0.8236274640075862
0.12331186607480049
0.4387301409151405
0.16819897899404168
0.7240027477964759
0.7486637597903609
0.48898078384809196
0.29712093039415777
0.1926380901131779
0.14571785577572882
0.1353659180458635
0.5938362700399011
0.7253155219368637
0.5257330108433962
0.045070033287629485
0.5620911188889295
0.45926036732271314
0.5950076337903738
0.9983624201267958
0.4511580115649849
0.6284492136910558
0.05032816738821566
0.5053604289423674
0.5795512851327658
0.31856288434937596
0.755490061128512
0.3542694174684584
0.5752430942375213
0.69430294749327
0.2098674492444843
0.8609022723976523
0.10058050625957549
0.5261877460870892
0.1266729615163058
0.8824148494750261
0.716087584849447
0.1599591199774295
0.23769526183605194
0.5254317778162658
0.40859063155949116
0.9247960557695478
0.06579991639591753
0.5544884672854096
0.18210771470330656
0.38649981562048197
0.4624183045234531
0.4956990936771035
0.5445180556271225
0.6496482074726373
0.21209459798410535
0.015558392042294145
0.40153020597063005
0.4058314715512097
0.09471892029978335
0.7564666238613427
0.9001015627291054
0.02386884274892509
0.5290132039226592
0.0020257008727639914
0.4608472182881087
0.052991644479334354
0.32943176734261215
0.49319312791340053
0.11378564359620214
0.6754533231724054
0.31469402671791613
0.9024057278875262
0.44484701636247337
0.7040420395787805
0.9730853624641895
0.8891280964016914
0.9999764433596283
0.6943736227694899
0.7022879444994032
0.4034099839627743
0.4340230552479625
0.5095430628862232
0.06688692327588797
0.9734745945315808
0.5917316924314946
0.9898834831546992
0.7609026068821549
0.20512608205899596
0.5932872081175447
0.8403431714978069
0.3497463206294924
0.8891500176396221
0.37871888442896307
0.34780596662312746
0.8224319245200604
0.29606626904569566
0.026257938472554088
0.28092922805808485
0.8921675099991262
0.8327387976460159
0.4242211792152375
0.7280900913756341
0.5501769981347024
0.7816072392743081
0.4165294871199876
0.0555812690872699
0.08695174311287701
0.6260822627227753
0.032040483551099896
0.640661226818338
0.0277985162101686
0.16244445322081447
0.617112660780549
0.5597236899193376
0.9736774330958724
0.30383035261183977
0.10189056675881147
0.03290916699916124
0.178065869724378
0.337279666448012
0.9372069474775344
0.7154659682419151
0.8952795963268727
0.07594614895060658
0.4984873270150274
0.509299130178988
0.6827645373996347
0.2040502126328647
0.03855732176452875
0.9990743279922754
0.22851574351079762
0.4115801556035876
0.76583934831433
0.18359919940121472
0.4060186487622559
0.33615621645003557
0.9164546499960124
0.5574358706362545
0.7886332450434566
0.971877938369289
0.9031184702180326
0.2809753669425845
0.23387693124823272
0.7797369062900543
0.49023713334463537
0.1402952743228525
0.5510803950019181
0.8517432576045394
0.849760968470946
0.16739192069508135
0.25593972601927817
0.5661711341235787
0.973240879829973
0.6023515348788351
0.4705380969680846
0.9167849963996559
0.6469639088027179
0.8941027701366693
0.5980539442971349
0.1411806382238865
0.5374685348942876
0.4485468063503504
0.1817164767999202
0.20433522760868073
0.12790623167529702
0.07825310877524316
0.8298683306202292
0.4784899805672467
0.3148010256700218
0.7740334635600448
0.8942442843690515
0.38417955534532666
0.8407184556126595
0.17011150834150612
0.22410454996861517
0.39990175515413284
0.02579446858726442
0.056014108937233686
0.6827072994783521
0.9788797968067229
0.15219274908304214
0.2759614430833608
0.514134677592665
0.8333058168645948
0.49950065999291837
0.15042324946261942
0.23063226067461073
0.14411625848151743
0.258648581802845
0.2552912295795977
0.7612839487846941
0.8809338486753404
0.20442404178902507
0.9709692702163011
0.5105561499949545
0.3722612108103931
0.8695977085735649
0.6862418462987989
0.029606148600578308
0.9137803046032786
0.32780511397868395
0.5677079800516367
0.7797254829201847
0.582086312584579
0.06330415955744684
0.3411777934525162
0.33531775954179466
0.7672397040296346
0.1981774908490479
0.14214160898700356
0.7597544072195888
0.33820768306031823
0.8793112132698298
0.9257447039708495
0.2524958949070424
0.5985943670384586
0.5937292953021824
0.926954974187538
0.9080928808543831
0.9564355667680502
0.5186290601268411
0.904610765632242
0.11765804141759872
0.39297865936532617
0.36897714994847775
0.6873126693535596
0.14999999199062586
0.5790497250854969
0.14197567105293274
0.8382672993466258
0.8097998597659171
0.9100889714900404
0.964395520510152
0.1297111993189901
0.7510508974082768
0.24356184643693268
0.607689923606813
0.5603837056551129
0.8010645797476172
0.19219351559877396
0.30599541612900794
0.9533544129226357
0.05465882457792759
0.7276793827768415
0.020371837075799704
0.4800232027191669
0.6036976156756282
0.545052038738504
0.3084148943889886
0.7938820826821029
0.5432575992308557
0.8970567381475121
0.9420193207915872
0.8061132384464145
0.3605767209082842
0.21206855261698365
0.6609060852788389
0.1562083715107292
0.5439843728672713
0.927194613032043
0.296261788578704
0.6315839572343975
0.406487642088905
0.9880007710307837
0.5955622792243958
0.047991175670176744
0.4035686708521098
0.2803008316550404
0.7162281076889485
0.47036421205848455
0.6467133220285177
0.3694212904665619
0.7354797755833715
0.6912373306695372
0.9556336726527661
0.1529326003510505
0.4751295014284551
0.6030554797034711
0.9888435050379485
0.7810088789556175
0.8076830965001136
0.6532205569092184
0.6616256183478981
0.20803006552159786
0.8380095907486975
0.1510089139919728
0.7781563797034323
0.13050614879466593
0.005837383447214961
0.13020839681848884
0.5661487893667072
0.6635356014594436
0.5735639233607799
0.51661730511114
0.7590828312095255
0.33613525587134063
0.46335057681426406
0.26393087510950863
0.5332434945739806
0.2751917827408761
0.5880472175776958
0.4948288544546813
0.89747215481475
0.3568324742373079
0.8337863236665726
0.25993902212940156
0.829889576183632
0.8035897901281714
0.9355844708625227
0.6814621624071151
0.9364627548493445
0.6045871328096837
0.9024741484317929
0.6250686040148139
0.09874178026802838
0.4473942571785301
0.4273097419645637
0.4706140330526978
0.24420307110995054
0.0854118368588388
0.8912535384297371
0.2719949227757752
0.18730858527123928
0.12333039427176118
0.53878566599451
0.10360401566140354
0.9105287482962012
0.7484659161418676
0.963779783109203
0.08061018656007946
0.4276902072597295
0.24761767918244004
0.42445782269351184
0.9689682871103287
0.5308875401969999
0.10129428911022842
0.36585528473369777
0.2082913143094629
0.433604174060747
0.7526206255424768
0.6641228636726737
0.0792777978349477
0.4101650461088866
0.13900033733807504
0.14418035885319114
0.6090101860463619
0.4681337783113122
0.4503007149323821
0.8009704700671136
0.5112146495375782
0.15547839528881013
0.29723133565858006
0.026693942258134484
0.25960926059633493
0.5552901672199368
0.8165709895547479
0.7086080401204526
0.3350243919994682
0.6411251146346331
0.36462430213578045
0.3475291102658957
0.8664674940519035
0.2806654227897525
0.4463587880600244
0.7694778800942004
0.6707716828677803
0.03447130974382162
0.67152214422822
0.31295720930211246
0.5381067877169698
0.05066615738905966
0.5330625111237168
0.9151291579473764
0.6765247674193233
0.7932708628941327
0.6398871780838817
0.20630232500843704
0.743921127403155
0.78548076399602
0.34928865195252
0.6205784333869815
0.062458275351673365
0.22039237595163286
0.517093445872888
0.19051487394608557
0.9651166908442974
0.8621904160827398
0.4181009978055954
0.4146930312272161
0.9416607005987316
0.07062057848088443
0.49575871182605624
0.5371931584086269
0.594001751858741
0.8621486953925341
0.4906546554993838
0.5910979239270091
0.5773068016860634
0.9001147458329797
0.9745797994546592
0.904432317474857
0.9416979204397649
0.030712094390764832
0.7924064362887293
0.055718173971399665
0.6664028516970575
0.15494229830801487
0.7108619892969728
0.8701752941124141
0.23380663781426847
0.5662434995174408
0.3427351755090058
0.5355075367260724
0.2891524143051356
0.31978493300266564
0.6848751800134778
0.11791028850711882
0.009503559907898307
0.15458377357572317
0.9273596950806677
0.21540527464821935
0.7921201223507524
0.8793191048316658
0.32573030865751207
0.14247021381743252
0.57229278748855
0.26353166392073035
0.4102017725817859
0.7399228848516941
0.7611862760968506
0.36356130451895297
0.12244040844962001
0.6305512748658657
0.6507724048569798
0.594342652708292
0.9459414777811617
0.4276288393884897
0.38521430059336126
0.42023387225344777
0.7997023556381464
0.668313262751326
0.7491270722821355
0.7271380003076047
0.30726338061504066
0.9351645987480879
0.8416657811030746
0.37887863884679973
0.36102169705554843
0.07289681932888925
0.32829864835366607
0.14008337981067598
0.6549013031180948
0.7407220632303506
0.13454554555937648
0.9012754657305777
0.7615934330970049
0.5609698051121086
0.2978161941282451
0.5926650981418788
0.5860862168483436
0.09222022839821875
0.6870299798902124
0.12177303642965853
0.6144338015001267
0.12813582038506866
0.3178121049422771
0.1506070129107684
0.4820371849928051
0.9548188026528805
0.5142236766405404
0.6707646094728261
0.9642562293447554
0.5878274580463767
0.5576684635598212
0.8249533495400101
0.02304460061714053
0.6520737432874739
0.812069317093119
0.5760263027623296
0.8511652178131044
0.4022190000396222
0.015934627037495375
0.33174088108353317
0.025501132709905505
0.810053549008444
0.08834434300661087
0.8691946142353117
0.4551171048078686
0.8479552778881043
0.5945922082755715
0.6771678205113858
0.25995906675234437
0.06190861179493368
0.21700762631371617
0.4412002677563578
0.7627654867246747
0.6183230737224221
0.4590574433095753
0.7588526299223304
0.1935519422404468
0.7796947893220931
0.928914217511192
0.44921772787347436
0.3945125301834196
0.9717887497972697
0.4191072366666049
0.6024935338646173
0.06925277505069971
0.6420287331566215
0.5233542032074183
0.10405060206539929
0.1597739364951849
0.4928089554887265
0.18921096227131784
0.5735696176998317
0.3861249848268926
0.9673426698427647
0.08293157513253391
0.5214158743619919
0.010522919008508325
0.6983566698618233
0.2353403561282903
0.3056866745464504
0.4629154149442911
0.27718137181364
0.6088931288104504
0.30379484687000513
0.4513075384311378
0.9134169705212116
0.841040549101308
0.09315054374746978
0.5392517955042422
0.6238956169690937
0.8148894878104329
0.4647268096450716
0.15606994950212538
0.013973606284707785
0.7740598355885595
0.08659881120547652
0.4960706422571093
0.043910877546295524
0.645114972954616
0.364923368440941
0.5758260048460215
0.15162668866105378
0.9857894978486001
0.6336354753002524
0.461719797225669
0.908364042872563
0.7805181117728353
0.9818302937783301
0.551617564400658
0.7123257578350604
0.11531176837161183
0.24733343161642551
0.38643092289566994
0.379905984736979
0.6685452561359853
0.7603695706930012
0.4876601865980774
0.6403759554959834
0.9259345722384751
0.7632684488780797
0.8305063482839614
0.22183003718964756
0.5892993458546698
0.03967146296054125
0.18853570916689932
0.06868103076703846
0.34883438399992883
0.4450157559476793
0.5780260413885117
0.7903648344799876
0.34075574530288577
0.8321039939764887
0.717644770629704
0.20795120391994715
0.47782944864593446
0.3137181019410491
0.24062908720225096
0.3899893662892282
0.4800856173969805
0.8058376437984407
0.28139250399544835
0.6352530959993601
0.4302233236376196
0.06944655044935644
0.17112978314980865
0.44467879831790924
0.47658405103720725
0.8193226042203605
0.48294613021425903
0.6457642456516623
0.040581360226497054
0.7110228643286973
0.5898595119360834
0.3535363788250834
0.32411795016378164
0.8355151556897908
0.33903908217325807
0.031534753274172544
0.48287188191898167
0.05344099900685251
0.5889616773929447
0.9407855742610991
0.4369612126611173
0.4796449413988739
0.11551809846423566
0.759831607574597
0.7064657928422093
0.5280664651654661
0.13261584332212806
0.1781514068134129
0.015409863321110606
0.6410363502800465
0.6259937223512679
0.8088903015013784
0.3447290298063308
0.6424566039349884
0.5775117224548012
0.49075238476507366
0.1634935555048287
0.7274870842229575
0.47380696097388864
0.826024234527722
0.2580999762285501
0.5387222261633724
0.040220517199486494
0.07879501883871853
0.4348053405992687
0.4511517744977027
0.1982989888638258
0.2561149778775871
0.6009392936248332
0.9625820722430944
0.30585252307355404
0.6892668034415692
0.34747703024186194
0.13042825879529119
0.5117742512375116
0.1502966396510601
0.7579592897091061
0.8767644921317697
0.09685614262707531
0.4022660735063255
0.6337689138017595
0.777225328842178
0.4812401838134974
0.8211864391341805
0.04837621934711933
0.3435511093121022
0.9741940542589873
0.5982863437384367
0.2899595994967967
0.9182002421002835
0.18306879280135036
0.81887197913602
0.14872488426044583
0.5054936469532549
0.08266324433498085
0.44226280716247857
0.9839211758226156
0.14943977515213192
0.4813654951285571
0.8494083904661238
0.7378239133395255
0.1911320590879768
0.3055903450585902
0.8000545031391084
0.9644397217780352
0.924781470792368
0.9436164256185293
0.4258057735860348
0.37065476877614856
0.9590982787776738
0.5160560081712902
0.6858524337876588
0.05444468930363655
0.8024622462689877
0.3636696650646627
0.059604817535728216
0.7030192653182894
0.4343280023895204
0.09428422688506544
0.06105300830677152
0.764937992207706
0.5802055797539651
0.21997036063112319
0.9562897454015911
0.8532703502569348
0.4728315221145749
0.25321760051883757
0.40443492284975946
0.01836965070106089
0.07578733889386058
0.23094584769569337
0.9010151836555451
0.11113130394369364
0.9174712284002453
0.928307100199163
0.4824684897903353
0.1471501651685685
0.07601481722667813
0.39312322507612407
0.8335582367144525
0.1431794185191393
0.6424440005794168
0.24694109405390918
0.37844265229068696
0.21903368667699397
0.11870633508078754
0.1873710744548589
0.18161687348037958
0.48178283404558897
0.5615017761010677
0.8498965748585761
0.5635872655548155
0.6420573024079204
0.2095942348241806
0.8944413068238646
0.8053922157268971
0.4170317573007196
0.14095813455060124
0.3609291345346719
0.3567385389469564
0.035486278822645545
0.7427685635630041
0.10478787636384368
0.4256918078754097
0.2140777523163706
0.7190184933133423
0.798357447842136
0.5403066617436707
0.8009130405262113
0.43550782231613994
0.30515292193740606
0.8889266545884311
0.23970592953264713
0.041282838210463524
0.2546459410805255
0.14660831913352013
0.3842645725235343
0.28573512099683285
0.6522058923728764
0.08525110711343586
0.25234368024393916
0.616201848257333
0.07751335529610515
0.48352362983860075
0.8960809682030231
0.31817585439421237
0.6895526584703475
0.578068220987916
0.6829846613109112
0.3497138600796461
0.2956319849472493
0.19294938608072698
0.9227446336299181
0.8658259029034525
0.8840422269422561
0.35684723244048655
0.1052111778408289
0.022770168725401163
0.5019775268156081
0.4962292197160423
0.9093386542517692
0.3974335112143308
0.9206515559926629
0.23119359579868615
0.5352957483846694
0.4068301997613162
0.28917365591041744
0.8346190790180117
0.09758452093228698
0.5962238064967096
0.9081344441510737
0.6907818976324052
0.02476692944765091
0.7032657284289598
0.826613807817921
0.7756214388646185
0.6471170468721539
0.6064258762635291
0.8367788675241172
0.2513423184864223
0.6653110235929489
0.4004209549166262
0.5011260686442256
0.19362031249329448
0.08437971700914204
0.1694614931475371
0.18602270353585482
0.9853672287426889
0.21495487284846604
0.8297194670885801
0.7649480265099555
0.06679760105907917
0.39304891624487936
0.45545309712179005
0.7695019878447056
0.22351017477922142
0.8352711396291852
0.9095059330575168
0.516983762383461
0.45428831852041185
0.8947995752096176
0.20038689952343702
0.06905279424972832
0.954891022760421
0.5010814287234098
0.5208182171918452
0.396028118673712
0.5030851864721626
0.6823734312783927
0.3244390916079283
0.703426307765767
0.6602145228534937
0.6360612933058292
0.11558732413686812
0.178448781138286
0.23792327870614827
0.6572490534745157
0.13548959814943373
0.9354963961523026
0.8469555689953268
0.8442105571739376
0.2989828963764012
0.8545113136060536
0.8515139436349273
0.8064996798057109
0.2135679698549211
0.7449616244994104
0.4953632003162056
0.5696929884143174
0.5908990711905062
0.022549607325345278
0.5088558655697852
0.5734704688657075
0.5482542987447232
0.07444870402105153
0.4416490572039038
0.7019108044914901
0.4559657368808985
0.20842966414056718
0.9344392844941467
0.8840280422009528
0.10060644801706076
0.08278292720206082
0.5317994377110153
0.3644416043534875
0.016067164484411478
0.522267272695899
0.398611294105649
0.9980865423567593
0.44504252704791725
0.30688119935803115
0.979657290969044
0.07971466751769185
0.47533470136113465
0.15940991323441267
0.2672775196842849
0.9751339009962976
0.6345055268611759
0.14040132286027074
0.5165783422999084
0.8145642504096031
0.6577751897275448
0.6480776525568217
0.9062960068695247
0.6911422181874514
0.351938349660486
0.4647994169499725
0.40428506024181843
0.32541279145516455
0.23433263250626624
0.04542789398692548
0.08470339747145772
0.18122881464660168
0.5756498167756945
0.799700015457347
0.7110745005775243
0.6240559527650476
0.8884361053351313
0.5237310680095106
0.049758844543248415
0.022152736550197005
0.20695773465558887
0.40395275270566344
0.2019268167205155
0.7207236152607948
0.6080029320437461
0.46909213438630104
0.7823237262200564
0.3246694393455982
0.857658798340708
0.5324594636913389
0.4076140304096043
0.31931379344314337
0.18886706978082657
0.1981735152658075
0.9830203054007143
0.8504438234958798
0.5837289371993393
0.7952817638870329
0.9296582054812461
0.9341821151319891
0.40547657664865255
0.9136035575065762
0.12982371845282614
0.9379950002767146
0.9644307291600853
0.687609845539555
0.8161367997527122
0.041777794947847724
0.2169469427317381
0.3352004047483206
0.5321321429219097
0.21132814441807568
0.22743078973144293
0.3865056447684765
0.7500011187512428
0.6063313307240605
0.21440049493685365
0.5461542024277151
0.00967256841249764
0.29867391660809517
0.847478597657755
0.0229544248431921
0.00757638830691576
0.46384722576476634
0.977249100105837
0.654577488778159
0.193599424790591
0.5763693999033421
0.7335636066272855
0.08354733395390213
0.46173478406853974
0.03214034135453403
0.5212633840274066
0.24537939205765724
0.28327323449775577
0.3203189359046519
0.3123054157476872
0.8866186020895839
0.6991690662689507
0.05751775624230504
0.10443619266152382
0.9095147198531777
0.31592865381389856
0.2511950160842389
0.04597202758304775
0.7184030157513916
0.7474806727841496
0.02838441007770598
0.9213430760428309
0.7849967274814844
0.5943887291941792
0.8082221169024706
0.23093679174780846
0.827393950894475
0.9517109128646553
0.4855834385380149
0.277245148550719
0.7155987778678536
0.1897600048687309
0.5390462558716536
0.7988553252071142
0.2944976792205125
0.9579428716097027
0.5862930116709322
0.04433033079840243
0.37319411896169186
0.5234048173297197
0.8554501407779753
0.6953133207280189
0.7197250428143889
0.5860921547282487
0.40228336956351995
0.31859331857413054
0.2569519872777164
0.7654210377950221
0.4378148342948407
0.8378907407168299
0.2884172950871289
0.1974074342288077
0.25462124356999993
0.6393411494791508
0.15394514426589012
0.5457630667369813
0.11513059539720416
0.9001283401157707
0.12254629284143448
0.7039766148664057
0.5088491011410952
0.4858108584303409
0.2821484934538603
0.027883021160960197
0.7145061390474439
0.3128089483361691
0.07389283319935203
0.19758285069838166
0.2218766063451767
0.2405166500248015
0.43891218793578446
0.5018425702583045
0.13466246239840984
0.036469039507210255
0.5642098553944379
0.6980182793922722
0.335119366645813
0.2889004391618073
0.8627953329123557
0.23669597413390875
0.8362443586811423
0.5205595560837537
0.8112707030959427
0.23381361993961036
0.825155952712521
0.5104554733261466
0.6814426681958139
0.5443923524580896
0.4998260068241507
0.848380041308701
0.3101379016879946
0.965431940741837
0.6725443513132632
0.0018452107906341553
0.19895783928222954
0.9624929218553007
0.5445583576802164
0.6034183672163635
0.6107315679546446
0.40746634849347174
0.5896775363944471
0.9686281702015549
0.5238003223203123
0.172272733412683
0.20337072457186878
0.7930087926797569
0.8327404547017068
0.39693871699273586
0.8207431694027036
0.04682055441662669
0.2815909767523408
0.002942659193649888
0.8997347971890122
0.2137849007267505
0.622231830842793
0.7377021100837737
0.9277178761549294
0.7035006328951567
0.20175233273766935
0.7768642890732735
0.7596115977503359
0.7616584233473986
0.8975688752252609
0.3560575623996556
0.8029167116619647
0.4250132222659886
0.0259192930534482
0.2638479445595294
0.03731935564428568
0.7311323485337198
0.19180620973929763
0.40885751554742455
0.5099912877194583
0.03831822541542351
0.9565078092273325
0.6549167006742209
0.2404369201976806
0.18247883557341993
0.9028786271810532
0.9370600271504372
0.3950293187517673
0.4599495946895331
0.9292754558846354
0.6889114964287728
0.19132464053109288
0.5935338074341416
0.23840234382078052
0.3000430997926742
0.6708514746278524
0.2809095405973494
0.7943931389600039
0.8896256587468088
0.029645153088495135
0.519967233762145
0.8598341611213982
0.9277658732607961
0.8375556948594749
0.37065373500809073
0.07238062820397317
0.9770187193062156
0.42014485341496766
0.31182398088276386
0.11038160743191838
0.9995768039952964
0.3271042469423264
0.9359779302030802
0.7033961513079703
0.27822317322716117
0.3829401689581573
0.38685239292681217
0.8453421229496598
0.530983301345259
0.7179807960055768
0.1776666441000998
0.37273990199901164
0.3065950300078839
0.007674152497202158
0.1925754363182932
0.9656156520359218
0.9415878436993808
0.8466127917636186
0.5182265078183264
0.721381968120113
0.5250190712977201
0.11353794997557998
0.007235198747366667
0.43621471780352294
0.7421401131432503
0.6601644644979388
0.8213591510429978
0.12388385878875852
0.6174008101224899
0.5012104432098567
0.9040195646230131
0.3833388816565275
0.7120230959262699
0.8418198756407946
0.06864995555952191
0.9783474334981292
0.35421126103028655
0.5360991309862584
0.74671551422216
0.22242802940309048
0.5708842787425965
0.9748654414433986
0.7659323683474213
0.9892668311949819
0.5290768237318844
0.36807306692935526
0.49290806520730257
0.17234316328540444
0.29533864464610815
0.9169470686465502
0.625033589778468
0.5524956127628684
0.57089040777646
0.06566439126618207
0.9810770831536502
0.5991365583613515
0.6983361176680773
0.12216270295903087
0.7705646897666156
0.11481162044219673
0.1845322479493916
0.008977633900940418
0.8189567215740681
0.7515214707236737
0.9617910289671272
0.04125534719787538
0.9030694817192852
0.19960768008604646
0.04040952445939183
0.5620064281392843
0.8072824627161026
0.4399419182445854
0.3656539381481707
0.7249569003470242
0.8601810345426202
0.03671625955030322
0.16566776274703443
0.9441579210106283
0.12113487883470953
0.13029700703918934
0.248566908063367
0.6749479251448065
0.2729380258824676
0.1849843547679484
0.30596795794554055
0.40113949752412736
0.6078209807164967
0.07978099444881082
0.473496617982164
0.14551036548800766
0.636130100581795
0.34956448222510517
0.8066864921711385
0.6519780352246016
0.37695472850464284
0.6442259217146784
0.2247096609789878
0.5349650094285607
0.35250233369879425
0.6011308240704238
0.29049265338107944
0.5480432310141623
0.14498839643783867
0.02758608548901975
0.17443934828042984
0.13332360703498125
0.7361961798742414
0.5567257443908602
0.808585996972397
0.8233533937018365
0.20490579213947058
0.48371950979344547
0.507636628812179
0.6910589933395386
0.8666793385054916
0.22679554112255573
0.28705618996173143
0.5439670199993998
0.6880680555477738
0.9539403943344951
0.6141942655667663
0.9552263282239437
0.703602586640045
0.1351394180674106
0.6205773313995451
0.003541516372933984
0.9976397138088942
0.3579981147777289
0.7701588922645897
0.026677717454731464
0.1145960798021406
0.12825542385689914
0.38122964068315923
0.5325933126732707
0.7525880513712764
0.14112664898857474
0.47951822727918625
0.5580853454302996
0.22329119662754238
0.9254809156991541
0.39503915002569556
0.731881046667695
0.7709056090097874
0.6102272104471922
0.37472287262789905
0.19067651662044227
0.9522119234316051
0.389249250292778
0.19516253122128546
0.8403024070430547
0.6899804209824651
0.42497164639644325
0.169500618474558
0.10507293208502233
0.495184708153829
0.09225615975446999
0.48737364588305354
0.22936177323572338
0.40218449919484556
0.29463720321655273
0.32485063979402184
0.024872276466339827
0.5283997459337115
0.9976557975169271
0.7775030501652509
0.533442847430706
0.9929938553832471
0.5934071796946228
0.25801558420062065
0.09914825251325965
0.4994268270675093
0.5728735197335482
0.8161444109864533
0.01020524138584733
0.002002294175326824
0.043007723754271865
0.2773552283179015
0.5196531009860337
0.15054382453672588
0.4370949158910662
0.7382825918029994
0.3311794437468052
0.3200612224172801
0.6485240994952619
0.7917570590507239
0.3956921964418143
0.5250826752744615
0.12439474440179765
0.8898310211952776
0.4218145052436739
0.5505954888649285
0.12548630661331117
0.4300737821031362
0.17805357230827212
0.1714254601392895
0.7017543213441968
0.630470739910379
0.43458331609144807
0.47618721844628453
0.6635313152801245
0.548823325894773
0.2785313753411174
0.8427355831954628
0.45634530461393297
0.1250693986658007
0.9760153202805668
0.5520946476608515
0.5144262092653662
0.13648056029342115
0.778734335443005
0.5809046218637377
0.8791045241523534
0.14089638809673488
0.3875846213195473
0.984326304635033
0.2874034382402897
0.08004741952754557
0.0623309756629169
0.5956318413373083
0.16890617716126144
0.42250170139595866
0.7324772384017706
0.5079881499987096
0.08716184599325061
0.602161118760705
0.9253829647786915
0.5734640993177891
0.662850096123293
0.19536939053796232
0.4920917362906039
0.2685555873904377
0.17640172317624092
0.4144696490839124
0.7484181369654834
0.0019533962476998568
0.420751430792734
0.048204089514911175
0.20710439188405871
0.8871649627108127
0.5743984172586352
0.43440308049321175
0.43448893330059946
0.7715525384992361
0.08328137546777725
0.5201069167815149
0.35063511529006064
0.0328884688206017
0.9713747173082083
0.891484311548993
0.6424767833668739
0.0030461198184639215
0.9248423476237804
0.7795763858594
0.9291729971300811
0.12615094892680645
0.6393380835652351
0.11860060784965754
0.3771913673263043
0.6242209386546165
0.54773283819668
0.7344702838454396
0.5826394809409976
0.9550215962808579
0.11841862881556153
0.16265157610177994
0.4936740573029965
0.8716263670939952
0.31006070668809116
0.596248444635421
0.24170990311540663
0.0009536887519061565
0.12370100896805525
0.09029100905172527
0.8952162575442344
0.5283770288806409
0.6868739675264806
0.2154951049014926
0.3766548759303987
0.02181132952682674
0.2443513369653374
0.4379771661479026
0.7208218818996102
0.32364525087177753
0.40796712529845536
0.5895243326667696
0.21761876461096108
0.5909958288539201
0.5763790388591588
0.1180108804255724
0.6303518151398748
0.0730486772954464
0.15356166986748576
0.512083466630429
0.6589668800588697
0.2990197567269206
0.35378191713243723
0.6459655140060931
0.5815527271479368
0.3974336558021605
0.8304634515661746
0.2958293475676328
0.9017185654956847
0.05943312379531562
0.8247706505935639
0.5845943482127041
0.19470870192162693
0.6405690608080477
0.42185587366111577
0.03225535876117647
0.43609640118665993
0.8232079548761249
0.35126027651131153
0.3960303086787462
0.45643694535829127
0.6528720480855554
0.23733266722410917
0.05825252505019307
0.18294572224840522
0.38135489192791283
0.7485794476233423
0.7440097630023956
0.5853578362148255
0.20340877957642078
0.45688282791525126
0.5782356762792915
0.6452588802203536
0.9879748558159918
0.11101440852507949
0.7404651360120624
0.583055374212563
0.6599213399458677
0.3757461034692824
0.6371172044891864
0.29544365243054926
0.9706363359000534
0.4830391404684633
0.3380793060641736
0.6022615102119744
0.6451021744869649
0.24341618898324668
0.8273830437101424
0.6800279426388443
0.045803340850397944
0.8101192687172443
0.19439341756515205
0.9251750900875777
0.884780335938558
0.5787479025311768
0.8417974177282304
0.7568723475560546
0.5337725502904505
0.03985641780309379
0.7497640610672534
0.10910156508907676
0.2854323734063655
0.3493032867554575
0.7581228292547166
0.9577845437452197
0.9626856339164078
0.32984514557756484
0.17159553477540612
0.7698052849154919
0.3726087168324739
0.26858161203563213
0.4186544183176011
0.1555617437697947
0.6473399221431464
0.5625679246149957
0.153561741579324
0.6467547726351768
0.8325036345049739
0.9548456822521985
0.885759916389361
0.4694517885800451
0.1864125446882099
0.945807080483064
0.8393584825098515
0.8393092560581863
0.7095639638137072
0.39847638504579663
0.5735665729735047
0.44370359973981977
0.9798885784111917
0.24410045216791332
0.29971006186679006
0.619860636536032
0.11837274907156825
0.24508683825843036
0.9452244183048606
0.40110231656581163
0.9583546028006822
0.043747489573433995
0.02114788512699306
0.04765665391460061
0.19299223483540118
0.4047515254933387
0.5041186460293829
0.11754807364195585
0.35698664747178555
0.3703908266033977
0.9880705843679607
0.9612083774991333
0.6519198340829462
0.31901211105287075
0.753757975064218
0.2662943627219647
0.25610991287976503
0.6196557704824954
0.2547593582421541
0.2315430559683591
0.6797702882904559
0.20490617025643587
0.44421724462881684
0.23239560471847653
0.1383892318699509
0.09064137260429561
0.22692292602732778
0.27448229072615504
0.8484454767312855
0.3486037221737206
0.5327965398319066
0.32011949736624956
0.8044486166909337
0.20183754386380315
0.1802211485337466
0.17509804060682654
0.005303479731082916
0.5134255376178771
0.8283846569247544
0.91196258389391
0.8087686358485371
0.22248405893333256
0.41330990265123546
0.8522835983894765
0.7160314524080604
0.051223690854385495
0.4861807890702039
0.759018164826557
0.2272857502102852
0.06115562980994582
0.4522188159171492
0.35361268860287964
0.6618206747807562
0.7021057386882603
0.09305339818820357
0.8503414406441152
0.4130725050345063
0.8982752743177116
0.9154910610523075
0.37978323199786246
0.613169435877353
0.36450146534480155
0.8637937179300934
0.14003057684749365
0.9768781724851578
0.9627142793033272
0.8853296879678965
0.4932437913957983
0.3671988605055958
0.5263269699644297
0.6760613915976137
0.43282128567807376
0.8503928668797016
0.6070196377113461
0.6222311139572412
0.8458891722839326
0.49991965643130243
0.5820263619534671
0.8858589685987681
