# browser_rnd sample v1
ua: Mozilla/5.0 (Linux; Android 4.4.2; Android SDK built for x86) AppleWebKit/537.36 (KHTML, like Gecko) Chrome/77.0.3865.116 Mobile Safari/537.36
appName: Netscape
appVersion: 5.0 (Linux; Android 4.4.2; Android SDK built for x86) AppleWebKit/537.36 (KHTML, like Gecko) Chrome/77.0.3865.116 Mobile Safari/537.36
platform: Linux i686
vendor: Google Inc.
oscpu: 
cpuClass: 
language: en-US
hardwareConcurrency: 4
deviceMemory: 
screen: 480x800x24
date: Fri Jun 12 2026 13:43:57 GMT+0000 (Coordinated Universal Time)
epoch: 1781271837726
count: 4096
---
0.5643323809019967
0.24481972536659447
0.3793161883042857
0.5373654170665858
0.5516974207537586
0.3885056264004294
0.413936320573812
0.494277769718511
0.21079291521489552
0.4487511187890434
0.6673729334998801
0.49673398167977334
0.7076064799127741
0.12349818161181525
0.48476253013553783
0.9912069580668321
0.45204710314240226
0.571945322876928
0.33096202715345036
0.037370539858910146
0.10634902402204394
0.5705183151400863
0.3853739404936851
0.7808499593794589
0.5762968318494419
0.6364321664457717
0.7915371636758188
0.8065871774221112
0.7470401208271764
0.7349345448436193
0.6598523463885193
0.9520114546170453
0.14523440527621245
0.008991102142828167
0.07476487208794347
0.9538334483524034
0.06674563424151314
0.11783516177515652
0.9709033927380546
0.6771033163854119
0.7805981124089854
0.7252713233041801
0.21503356539034968
0.8570955199207528
0.27320321350679966
0.8145102626181726
0.14276512805202035
0.20300540699040304
0.33952787594023337
0.6829048151877117
0.3760087008048605
0.4177383949868465
0.7940041729910001
0.011146502294788085
0.9798810720689943
0.8679080187217161
0.7592289329814268
0.5841540740675171
0.6879730111851987
0.7092514708719129
0.2643183234391804
0.5673913646536608
0.46920617435420464
0.4101892115417598
0.260804692217536
0.884366606194801
0.8266923963156907
0.34753077160004464
0.3353588425371483
0.9934385956661205
0.5591896943164294
0.1201170011358379
0.8357477506709388
0.22217702291639885
0.11650740390197734
0.6611347852518286
0.4815388693627298
0.06805357496634268
0.2518724400276209
0.4194968018952012
0.24127138725715436
0.36807585163797585
0.6926764038703541
0.0005968731392154147
0.9516758037889179
0.5602108821905769
0.7337125274868277
0.933333021740713
0.5113434604667275
0.1484521972184798
0.5937758967746818
0.874956176609395
0.5944979040899823
0.30350149166456686
0.03844915159586115
0.983533114044767
0.9751219804147686
0.429945280996767
0.38962137143072706
0.6805040406094969
0.8683420511669508
0.050187168946660865
0.49496670632823325
0.5322970124754496
0.9040992341502503
0.4073755776014598
0.5946496832193127
0.5949211606049041
0.6562445943883664
0.09641339216243328
0.11648424086274578
0.8229045680904512
0.22730004288317596
0.08662855564892857
0.6019835127637907
0.48467134691227387
0.4266496352800466
0.3079851120484616
0.6497500565435619
0.8248393813387456
0.795114248499946
0.7622105905393315
0.25247577208009075
0.2697436542072287
0.4577939181418489
0.46207836072223185
0.5095501546945771
0.55850678438051
0.22544159984160195
0.3213302963671294
0.17626610720579627
0.23751345442886684
0.2593536766787585
0.2579334064784937
0.9211265946144007
0.23491544551893884
0.9444484888419089
0.6732345082518052
0.5927282320978973
0.6975769444551045
0.6651122045836297
0.03216875387549867
0.2969291128595717
0.8917333634876505
0.4873935974004493
0.24170263364253208
0.2831797643369953
0.3310758030840599
0.7114728291562733
0.717535893117037
0.7828079210401209
0.6734958680980387
0.1449203794283178
0.09609288811491501
0.8163658294311966
0.7761015960899078
0.20264889565264754
0.8421840829965868
0.05274175571984907
0.6775696833724569
0.08967241179534824
0.01293548606566608
0.15259542440444296
0.8063020604715723
0.38604170627221035
0.29398869349267387
0.7368728617199249
0.1830917416337352
0.7039220511376234
0.44954489636841855
0.11291549903586162
0.056785152039249054
0.05000831124958771
0.1825144500424294
0.5704686271459862
0.9508116617130742
0.19543913910845712
0.9631999991616944
0.20986007952350394
0.8850121655221721
0.453083115084846
0.7920902202227826
0.8046153135368692
0.5012020503416819
0.6467230209273593
0.8828304744099256
0.881580191725454
0.4354090005379585
0.7104959464987022
0.2957068067365738
0.9879498494452164
0.6446317519875413
0.1536466473363589
0.8045808447836249
0.09440349905121703
0.32354289619262455
0.5172556408572155
0.42726823494092936
0.13939330477408785
0.9311135562955342
0.8689882846161949
0.18069542870471955
0.9852641877045305
0.43493959173806007
0.9608029604807058
0.5127221466656444
0.2942704250519481
0.5973529000638602
0.23497187328420188
0.47607646750740185
0.41056301298831066
0.9908175381655322
0.09183377178623342
0.5185753623472
0.5517163418666113
0.635947426405248
0.5237651662416021
0.8131078430447873
0.03474049215997721
0.9673408490505111
0.6440607736116404
0.1466172294641519
0.4595081754006076
0.15784233448100315
0.7014394916399038
0.06252927145480602
0.602223661603428
0.27927539373273036
0.0451565789313475
0.293633345446084
0.3532574301568432
0.006238349182728031
0.52279387327552
0.4127943431406482
0.8190622617682111
0.885280293709152
0.6202140663697986
0.7530455275560435
0.7118105777641883
0.6582813106861369
0.23864080182778014
0.2019774495384925
0.8020463902243322
0.03875505507588439
0.4942372712521834
0.2853004030853674
0.8349785666470886
0.10164422113530858
0.6492443578044627
0.16977269541505358
0.9557101102181322
0.22177099022297675
0.5437300211644078
0.5408533233419155
0.060454971268453006
0.3015997150092036
0.7626861936644198
0.07892794638994305
0.6279401144915748
0.27478777741650906
0.41007716133470695
0.1654192232423506
0.4077255924979546
0.18979268645898428
0.08354858196554704
0.6663586568963182
0.4736823768879208
0.33907515047858117
0.9777955812719978
0.2811298274412408
0.9765054305695187
0.49869498688801084
0.05120939542114766
0.704833123297691
0.9341634913998051
0.9285777467263174
0.8247059367386034
0.6135035323207412
0.2033025594918827
0.4156076625807026
0.41500737719458547
0.4826108793873598
0.7343284684710982
0.5317532160844047
0.5537635973294317
0.2531663501504915
0.21211373585085314
0.6381193203149393
0.14031168398993232
0.3785315604610511
0.7966410559539279
0.10155888782227884
0.9530851999050269
0.2906924041017429
0.23933619485395363
0.3245439698122936
0.34204688377239756
0.3098578806237311
0.45380823916355184
0.4601588615678014
0.47367864504348023
0.23462047456979684
0.8860653226840431
0.13717067141403683
0.2934058359032099
0.6772744382630509
0.8160089508619128
0.8874057078084416
0.34476881266560855
0.606989756248723
0.7090594128928969
0.9116192794039255
0.723923194004122
0.8195288785508084
0.7995819617916735
0.5088164355766478
0.3633214768583577
0.43302131273997424
0.6102827414355994
0.3843745666220513
0.022493002760290315
0.07115298024179073
0.7592426341302547
0.04634462097596481
0.4659762078860554
0.4829784665258683
0.9926736294029366
0.718284868799681
0.11506895187508781
0.7337918362121743
0.5828221084655607
0.2689115303754317
0.9910416809438376
0.57330062036637
0.8362141518831185
0.6587318090959302
0.8950615653638672
0.6540198227987002
0.7836967161555248
0.46797252819070767
0.003041475855482201
0.021966033887936165
0.5662013989246055
0.5504747748030028
0.39927619424908123
0.02734338312177731
0.6691210025505601
0.3772334815702374
0.021003938616973805
0.37916994322522823
0.9622784341447113
0.5079009631939371
0.8500610207257633
0.5052457874693432
0.29046727092358915
0.9286900938989098
0.4814596011457162
0.6912907539052131
0.9222229903937935
0.20319788573084874
0.7711634773160982
0.940144897327744
0.5671908431484074
0.7577213795812758
0.07365074850442599
0.5578449209829508
0.5423389779223144
0.5407251782974329
0.7650221303960107
0.05474368097021176
0.19973432970161364
0.7908749540015236
0.50119846738011
0.867751548118797
0.9278581980075822
0.20154237756784443
0.04522893834682251
0.8290022519453717
0.03421531218799756
0.5100613079996967
0.7470919857784302
0.025282206132036578
0.5341204635438743
0.45561945177864405
0.8360003429025356
0.9994053083904679
0.48555115869402643
0.7647881807597177
0.09540291498740716
0.4555369239442886
0.11401539377840608
0.3000992711121677
0.21481125388280375
0.3020116349181303
0.952845040826833
0.5249786641658887
0.12561229878472457
0.49807248720911623
0.14212423367259053
0.6480386247969481
0.3649350241389182
0.6576909203279846
0.8423652810001123
0.8637342019478524
0.44749158258153865
0.10412105415272088
0.6982536143221425
0.7413569789766037
0.9422746888335765
0.939406601969828
0.7806730003180005
0.1724145540603894
0.8836298034522538
0.07071791405220051
0.34443529323392075
0.6603939399243339
0.03388058839374142
0.6310917139864847
0.3924487593259216
0.7836742463518744
0.31219755253754045
0.11595089494309185
0.9939574805049356
0.6889552266841654
0.6700434562143374
0.39429694374848845
0.5711815791723904
0.5353272556151294
0.5910994468168189
0.5749070110985879
0.0980354684425615
0.2815963933884953
0.2681485515406834
0.48315947829451766
0.8473181612734819
0.17248875621937731
0.9941811609373634
0.9426517654125641
0.34412376200533257
0.7409740784095251
0.44861836332860117
0.5199606765320242
0.06260954205178626
0.24805982904873147
0.19516069914175183
0.3902858942477474
0.5610933144274464
0.8692058561395681
0.9708196714637023
0.5640523090956817
0.11365216503761033
0.8523842502771228
0.7099608716417336
0.3844626014583221
0.7219358007486805
0.05695698603854349
0.24174744433367756
0.9886183507653397
0.9729835064502816
0.7523926220013262
0.83250807811894
0.4064446080287236
0.07055195379519508
0.4049564738096947
0.8765198689782956
0.7922286153909419
0.4102189855928793
0.7829356694806733
0.09056719684552461
0.8413506784195024
0.44568880756084206
0.4597210664260163
0.2535854909839905
0.8773683112841739
0.032611209973157695
0.7825400981072963
0.43861886126349425
0.21539825910045463
0.329452642811062
0.46925832113303034
0.1651107101696867
0.9084758437021807
0.138822541275345
0.0653508732260697
0.12773610069464625
0.8011839376194869
0.7652737117637072
0.7457768545021219
0.15791932746396653
0.600061781289132
0.4360675654943962
0.15664099070702586
0.8378753148815359
0.05193185209003892
0.7567087535323893
0.5270327674647108
0.8525050419299451
0.07555524236866096
0.09126959658037959
0.08259809817493391
0.05245769726304217
0.2609025661412734
0.872784562775822
0.5521738608354618
0.7386851232437683
0.8763205782008776
0.3016861753851341
0.24012465033840158
0.6648029125205119
0.2898619966581568
0.11291313026467753
0.7901548876325746
0.11561510489411964
0.8647779276308918
0.829913864173661
0.5566220914077429
0.7959231817117649
0.5044531545657043
0.501705979254669
0.25168648415021333
0.9164203603789738
0.3703967277652145
0.16409762124158567
0.3267063086152644
0.15277640462804976
0.7868085791473038
0.8894784514645324
0.8978310595280281
0.6962784176354537
0.02622739287097553
0.7681633756430657
0.8427249294113559
0.8850881986138757
0.8586089531384056
0.2885116862654673
0.13210126188465132
0.4242044708555248
0.29045212598246795
0.10439601376510432
0.22437827734815707
0.9031978570828925
0.49084384919977
0.5444583976384771
0.019612306618723707
0.8510625770933611
0.13980960802395903
0.12087331940031443
0.717435305273822
0.28017687000400926
0.09393571694851488
0.434201501576323
0.5657752640497757
0.9680039921041894
0.5553284777334662
0.3829267154839977
0.8846898145675648
0.7623710945898996
0.7613291608716946
0.8953060978063856
0.7875072873697491
0.4216668938072343
0.6950743289643977
0.5757844789855615
0.9176826218533043
0.4733405116263041
0.10816187059721094
0.8738571094173659
0.66398136969595
0.6125502486822503
0.9847602589063353
0.649341556684075
0.05442766463390236
0.13250576513099688
0.7996187907443679
0.1155567098419219
0.4999543050574218
0.016999292278792266
0.06504290318396899
0.6755717657778821
0.08522697236516974
0.12073691552345145
0.3808668156735515
0.12992457960060144
0.40581311617596527
0.4855017936353774
0.612307253953311
0.35313758018078834
0.2612077614648043
0.20768942570899473
0.6410437617140232
0.15309676062544586
0.7956961731412644
0.9511861945563971
0.10321571043103561
0.8685549757015201
0.9000147740934654
0.18148494804893378
0.3312987819609341
0.7414741252636206
0.6963643261012367
0.9452910415916529
0.8058392470432216
0.5462873822190089
0.18633275205800914
0.2231114643936587
0.6112341335238627
0.2917208596089109
0.48415847734990014
0.5094294190459387
0.16192803574876846
0.6547910034384852
0.6777848169867207
0.04354393529976175
0.27669821700532404
0.45602205083919034
0.07783593308246028
0.18125752043491894
0.4376955393366053
0.061747112145351224
0.7881958140159546
0.18441246880024065
0.16695473171316388
0.7893723024106059
0.5673203997182448
0.5501630119851155
0.6848216889136791
0.6888124439011563
0.1006771357561993
0.7241051275293113
0.17143661317842418
0.8171354846894223
0.567296197620863
0.8792686020061014
0.6456782619479644
0.9060602950324299
0.2891322415017157
0.45853380721982484
0.6928971739219145
0.9537534938037842
0.3539867549375748
0.4336170860151509
0.012375857077906005
0.18354132903585785
0.039857525326711496
0.8731392600140377
0.8714933445013262
0.5080035340810738
0.287251482077036
0.6446470536796349
0.31862696871253515
0.4464371832433538
0.8546345201639158
0.7408802607877094
0.7401041807975441
0.7917232264071308
0.4399390254526163
0.48498830483352906
0.3060489012547638
0.8665468616656253
0.9362733942124231
0.245601659943121
0.1020422929127971
0.11328819103226517
0.9070588271898123
0.8167417217645383
0.35886232694343745
0.5789542342491227
0.8985190586772764
0.7944035201457937
0.9068389858545074
0.801504961374822
0.9942742416190478
0.9200025611262119
0.06228817766461625
0.24935398792612795
0.9572094404939127
0.27753836560191614
0.15229697012519705
0.8809705378795893
0.6516768195134504
0.9310360742006272
0.06220570550199067
0.6162305457800128
0.006085941399635253
0.22137041617751185
0.8723678469941747
0.6820515735932549
0.04047447237304436
0.9724214506398476
0.6798056795593339
0.6367465210912024
0.3306907832999235
0.01562082224374306
0.7145084001780417
0.11565025549253849
0.9326079216815915
0.8744925469998333
0.5928434909534779
0.6975121472681478
0.47109739380076476
0.3703977992112961
0.045170465643372015
0.24535672904620198
0.4854227644887621
0.16293065773592574
0.18826525181694698
0.5280088925145485
0.3600782059220331
0.816579942617959
0.9709085773943651
0.47379139847979435
0.8757410505636645
0.4126237560322821
0.5265715193745983
0.9508605133873851
0.4226682305256515
0.31524655964281667
0.30491560071629276
0.30088678921294276
0.13173999017760396
0.41998613217467606
0.9863092555959136
0.6697533412630807
0.4750671603617098
0.5483565770764893
0.46920151165060364
0.9758809868647205
0.39134668087679403
0.5410593857496699
0.9240242252730622
0.3584649850571069
0.7631983105823901
0.5289843230555304
0.9857457542430375
0.8641364155526476
0.7195512770364128
0.9640572759104766
0.08007864396650088
0.20046565733670052
0.018467204375899993
0.6812052249599612
0.3384964449775636
0.43348569713330365
0.7686181052620433
0.1646053195564361
0.887622362870357
0.789088369859184
0.0063249062006667245
0.5671045010432689
0.17282661635060403
0.4737794121508241
0.8354113701105441
0.5939096457409405
0.6755469893822719
0.30912667319379517
0.09705757863954445
0.36815619923704124
0.08180336006361788
0.4836374749463892
0.314545065034588
0.4224049185486587
0.8523456932015381
0.16725094465305723
0.010709160178602461
0.6531379467899603
0.6681277257357343
0.7656619289119453
0.6524400450552477
0.02639799088877748
0.795884897224876
0.16624735665812795
0.9495974863686005
0.603264601886832
0.45688392105729747
0.9648778557814228
0.7109525454959114
0.27102303709242626
0.6410057952047439
0.03261207469043281
0.6954178951110164
0.7200027713805419
0.4317645304198119
0.0599064647911407
0.8881919992830132
0.5133021396199544
0.6671240082066163
0.11733105389814003
0.5857674038075789
0.014679018524410559
0.042152358679114155
0.5289539761761097
0.31584034742507616
0.9041466940055687
0.5163254977695879
0.7637434754856314
0.13598911719114448
0.7856667230182344
0.6520210863599643
0.7877529442224918
0.7753079725559151
0.9762839033446806
0.6549075358765497
0.164788419573634
0.6913843441166236
0.5453631958473859
0.14393116521169658
0.4288369131033263
0.03532126550653669
0.833727800137325
0.5692420368364528
0.34146154845953136
0.16993855560333837
0.3125813216583697
0.36245824736839505
0.13248517231441936
0.4465246272444756
0.6143649587808118
0.9264893541811299
0.9357037096689471
0.3177916202674065
0.7822077828133589
0.5525719020826676
0.8598752736205983
0.17209523793250603
0.4462208161518846
0.6046031438500239
0.6827535956186235
0.004234219484382962
0.6119486149438012
0.9653202813462949
0.4921795233547004
0.8639823607190293
0.3688732379753299
0.95321529697344
0.995181838370589
0.005295282045800542
0.17182300444230836
0.06721344384172712
0.8337392730891464
0.03732428598867554
0.9455207804789041
0.7551913535425447
0.878157237354444
0.9881790715217889
0.7349652797293336
0.35347653675616564
0.9880126839085113
0.8218219824805828
0.0581059606858354
0.42731937109470786
0.7391358459080184
0.21430407767187676
0.5531026155163623
0.9260373517537837
0.8649810244819465
0.8146252487585037
0.06401242200668555
0.5891218586921889
0.6820174642696182
0.3580610025128137
0.1852638546194616
0.31557311306424163
0.16095523096821696
0.40573038073662926
0.26702940962698496
0.5228176891515139
0.01449605926797104
0.06897158538276082
0.3381047568111424
0.13090698730442019
0.8102194929518214
0.35503777304645867
0.1816186588104054
0.8849658472762161
0.0173830727594686
0.386190833587966
0.5195851194110053
0.33150073281223325
0.06746920971543946
0.9516465319460057
0.31718596253241205
0.41821787214576633
0.01824906400122117
0.049087570592042606
0.3050655453157145
0.4008921553199323
0.022849342497414993
0.8243274318493035
0.14735841164525354
0.8007886687962555
0.040503011505565345
0.6013873064275446
0.5251021172016537
0.9929209996567996
0.8150881123522491
0.6265420387437013
0.13877824847135845
0.6283033058203529
0.32186577526419136
0.6899466822462028
0.23261521444017208
0.3635878368379579
0.43241811178901424
0.99104902803738
0.9462678885197628
0.9760681345731064
0.23440029838940668
0.4715952563058472
0.03290430309351522
0.7297931658206103
0.404860118919514
0.39361163680682343
0.41212647170742134
0.9718484829821601
0.6773596090154814
0.7186072926759881
0.6811735280511733
0.13245382555706597
0.49090098689149775
0.7062207351138914
0.2318110401808815
0.19083890285310567
0.37298492573395925
0.8236846614125384
0.16019256629289536
0.3743531275749248
0.6413877992422161
0.2605198292684907
0.294618925976059
0.856171467783962
0.8130548300218579
0.5186542942189158
0.8136366031404574
0.5270439173919623
0.27339876599485513
0.7722066672251349
0.48742914041628027
0.5985431821846781
0.8931981331458543
0.46069515141905004
0.67286172373928
0.24256275950812745
0.7246905769518914
0.35953686926062134
0.28396030387037574
0.24170186061225918
0.7662297121535799
0.33288522667139886
0.27001808027848306
0.3630584836237063
0.07718384739723483
0.1257360498478859
0.0435380008261268
0.904576396815562
0.5795144405790855
0.019317444051198507
0.6180042895333195
0.04448404444775278
0.4747359663575168
0.610552660491642
0.7501311478218649
0.36366200510644475
0.9960047471868738
0.1998967606612052
0.5653576093853141
0.6261868494815448
0.8963509600177364
0.3405288542095175
0.3600667633412187
0.6279354895265727
0.08465289011386545
0.994992410698889
0.9961059187128629
0.6573650436440419
0.34031307713160386
0.9978441000659537
0.8970886831152325
0.4225618201164929
0.15878005380923743
0.09980957071446528
0.48907581535760825
0.08225720455800811
0.3904458339360022
0.807087030450865
0.043374615932042504
0.6843898793223826
0.3685923788925032
0.3324360421152248
0.9634164561955951
0.07145866097515485
0.12728664487941455
0.42993120700912746
0.15311079176945475
0.015804803563358227
0.7164650654083073
0.018556561149688733
0.15719909760119766
0.3290908898952043
0.024145064029874597
0.37392962614990966
0.6227169963490959
0.4503904225404278
0.1538337223600723
0.2712993702710291
0.38845050399512115
0.3422775797608739
0.6737091059746354
0.6410227268895503
0.5751806028950925
0.31482868257011587
0.9841819071819791
0.45982395059505543
0.5050581763778503
0.40538985432727404
0.1452754455320493
0.0732899085640315
0.32303814834698175
0.050401604077243034
0.1505745019996818
0.4486341889473229
0.46580160564892803
0.90228916148659
0.6701759371540321
0.810629667207662
0.6821748962228955
0.7781686364038576
0.07542198657008337
0.254229972803903
0.21428208262833093
0.06891088486390196
0.017486588572921624
0.15596630526719935
0.675349063918169
0.5638209708705721
0.37650494130413326
0.6210469523369135
0.8509069864143957
0.7516320381604531
0.8683633543314224
0.6039688013157065
0.3491344590156511
0.8445835242956925
0.9793794732224539
0.2925547847607064
0.6272530634008875
0.4273728761460014
0.5844386035574123
0.6408614353177409
0.5758091970248647
0.6333477000085654
0.28820031534324686
0.8046871601179819
0.11633975521675399
0.9493389293493459
0.413866344484199
0.8470405648171113
0.2693067741739892
0.1903485863514205
0.8698875508183603
0.46723337172932156
0.16109532121066583
0.5692531834859902
0.29641651520562884
0.2620654820015349
0.5932534482130585
0.8988392589743779
0.23753706227969285
0.40259286657477045
0.39535477707019884
0.49311035689937155
0.632696834832845
0.9614881472087409
0.7793296055723702
0.4802484863170875
0.4959462599467668
0.6775328710010367
0.018079023408323014
0.41458484713888
0.6514944770797859
0.314711405187889
0.13169620555361106
0.13752619273674793
0.5284051326010746
0.6381025347719154
0.20853150245373597
0.8468890125116169
0.8920093821164492
0.043337609413810485
0.3434146310480959
0.27483369161478244
0.5426443346572165
0.38836892687958
0.9990545614944508
0.5694731536325364
0.13059047581307603
0.45736322072303404
0.11444250178386728
0.453410519424047
0.2737503271966393
0.7252714092270223
0.5519606410286311
0.04038861332966692
0.711272500946659
0.80383246462717
0.08562796480243762
0.6039455247519119
0.7243137611576291
0.822124236041694
0.6343259557488752
0.41775478184779313
0.919821040668166
0.987691103163431
0.21947636434861573
0.6583561210366897
0.8976498196892924
0.08611289938060973
0.5590732678975545
0.324768041361732
0.3881750998035336
0.44762268798501936
0.6532373088167589
0.3615488452559532
0.24246618414831445
0.7249723500786758
0.8940743670823896
0.5892505402097639
0.1903400730826157
0.022512273688686024
0.4256006896272153
0.6977639028771474
0.49374957391908403
0.8054608120368167
0.5741866988415658
0.5162375983332175
0.6622037586419633
0.7277022115389193
0.5824039610251543
0.14131892262902368
0.3641210701357971
0.15923003193350338
0.8703413806994067
0.5104396886338958
0.894687262088232
0.5347384136452693
0.06912511417747069
0.0031604290013598213
0.8814179826761301
0.5226699582531649
0.056309335616247846
0.7642013681298057
0.7003694169760921
0.7334642164308629
0.29456630530979666
0.23964664990125173
0.11987595656275718
0.2700089695682979
0.3008667336158193
0.774337864542427
0.16109283362265603
0.4348450304607234
0.4859686168041655
0.09962738060010334
0.27784778307321867
0.42916669859158274
0.44110648057649327
0.10624850076158299
0.6163184596671181
0.7208320193387916
0.6081732208810307
0.5747357234808976
0.8320284916245113
0.5604991655032774
0.5654802076759065
0.9722238664329992
0.2078953222816351
0.9882866371685135
0.6233661583036274
0.756877259973769
0.49052597757948524
0.10987480005353545
0.789266547069378
0.7272009160444945
0.007888251042965866
0.8268173241652972
0.7200522916310348
0.8624080080660741
0.8888993892419903
0.9872085768465728
0.25508396256642785
0.43553791313691503
0.16275656576949915
0.9100350952597833
0.12188921794248464
0.7168747486017502
0.4825166255311253
0.5424282880846767
0.2789824857349912
0.7854166052539364
0.002978391350576981
0.663884684512803
0.1791793726907711
0.018834650969330458
0.2896028026872719
0.43102587789804336
0.6162360579281327
0.6072788726902021
0.4685940077811226
0.29077489997718775
0.47222617519982135
0.017852212306074255
0.17717210257477567
0.12362387330918723
0.2725602464765404
0.8817819104620452
0.161647385501259
0.6491431514506742
0.24742694948621957
0.7114608508334279
0.5627294897464992
0.5729503280045534
0.8902180051782687
0.30842009174587504
0.8561771466628996
0.6719280750726442
0.9475631144565722
0.1826795862657271
0.2873702746694482
0.6937848137729208
0.8006601580174557
0.5029653299745485
0.05149915864864707
0.867483654988001
0.08792278437992707
0.38942225795513385
0.11270635291542797
0.9586660312495718
0.8708546418953438
0.04328884210480588
0.24896847193418403
0.6703798320204934
0.09015649706694129
0.975111397526724
0.39133257167613045
0.4122291747647655
0.3133721787319852
0.40446333503499776
0.38018957847044565
0.9114637298250636
0.21432933158888678
0.8761594592369097
0.6291456779480213
0.8739513899184539
0.4011083953587511
0.7983092615794436
0.4279875491669578
0.583783412701322
0.9371539461634313
0.8734644227677568
0.9909847740841182
0.21887053278174862
0.8351892309590265
0.042515862346071964
0.5980446665593955
0.31612679506135843
0.7000015353695734
0.46604008440219213
0.9628217453249988
0.9405221277617459
0.9973512859707516
0.8375717224543657
0.28032093447558415
0.2634891061393889
0.7253708527550506
0.021727800038976897
0.5273934878587803
0.4692120526792045
0.7760457946999411
0.5284346437478171
0.42390110223181865
0.22505114337980214
0.8895889179039504
0.5372012051057258
0.3721522341938239
0.49244697802749404
0.08977952212357732
0.17080500876750038
0.2543680054886204
0.8150974186386171
0.6101410451920477
0.5895808760377483
0.26269129379085454
0.4900048564339168
0.1436438684078125
0.8646964453687269
0.19418797278074118
0.1455553517036594
0.4762865812966812
0.5746162904921774
0.4303732536998486
0.8845623877208209
0.4669654349946968
0.7800518657469804
0.9384516775689347
0.908361538788756
0.640632717267537
0.3032236104679005
0.46225245295278583
0.9585274227796194
0.5523417062688984
0.8588503170065627
0.4017639385455305
0.6043466514415026
0.7165536038156024
0.5812164214675546
0.839693302893735
0.5098210278651591
0.6433963704625367
0.9725460851603522
0.1617452451706971
0.6733867516516014
0.9562676482719776
0.9426298933085144
0.34196738250997694
0.7283225192951952
0.1154141353686502
0.07090660457859088
0.054855466656912766
0.23131670388546288
0.9609157744600434
0.27162510680568275
0.6343991840550316
0.45302409869297655
0.3276399981673481
0.3282486740815702
0.08261395376415348
0.9090096548221782
0.6318874789030049
0.8871084053209171
0.2189133739165945
0.4283927337827811
0.16669740781120312
0.2528885543603532
0.8493811727400806
0.029078915129029825
0.0574276227039332
0.07673169411748604
0.5671871361046215
0.19534262297046556
0.780771540860095
0.19721493479581564
0.5377491098872687
0.06368037108091973
0.9250354120375
0.20844719273543655
0.8824974561446466
0.398576938894343
0.9737412327178845
0.41170393962803975
0.49302958607780134
0.40192072918227506
0.9105015926866475
0.41710375492026963
0.19077845803886873
0.9519855573979255
0.009890765846380267
0.34557326570647073
0.8656137620123352
0.3437312627523228
0.3391990497255093
0.6072415832301605
0.6979195471124946
0.729793617060069
0.9243522756064948
0.628984804942931
0.9217887699433303
0.018604195786618538
0.9794845681291262
0.37031050058506976
0.4621166969850412
0.04653038243227292
0.017263349988395404
0.42270820015376165
0.8636059413124102
0.2541991398624426
0.23245974235081102
0.5096353259396131
0.6785185431476057
0.29268424453287056
0.27831812220681296
0.13118996297849006
0.8516863270822286
0.49221116565655487
0.08185490266932782
0.21901265666565228
0.8327192039146516
0.08761906405997899
0.17732690933562245
0.9366845883231039
0.6928151193786929
0.8307904648688351
0.5695377533555814
0.1825849320127213
0.39472566288208966
0.3342577359300136
0.21570947576254018
0.11478682671351126
0.7400689829067564
0.41783568769567103
0.424572674184319
0.7520100803889442
0.08709141354615912
0.048146707287913815
0.5843465996721933
0.6379953895649073
0.9742778314653842
0.676761504018935
0.1060324083348605
0.921375556724932
0.8221595448026173
0.6481114161669348
0.04757410089637237
0.4808563975934883
0.8671961618604023
0.5073238782467655
0.8434494175945257
0.9004573452835065
0.26910715808524843
0.3224933077268679
0.4487750998382074
0.9622556968724088
0.29594884042945035
0.3213286324606144
0.3632892689225862
0.6240888314903241
0.49179956276610115
0.472393942437324
0.36012141090887706
0.5484622310435914
0.6148525836151566
0.5281980737218692
0.9033306823433183
0.8241642352860317
0.12429239341413822
0.8034820559490443
0.3910396948847692
0.3629720161002459
0.9182492289163184
0.5106433877954819
0.7685585829523403
0.24293845532669978
0.02055907235320209
0.8571237177202806
0.8891465951171353
0.2930594030595237
0.5983609192564261
0.8274428853637494
0.7972417505903744
0.22526599763707056
0.21919558089263114
0.6463484339204533
0.23118205660436075
0.7340812858695316
0.0924381722729235
0.5991686830048988
0.004101462555959001
0.8481184548906224
0.5255743705764011
0.5988912315851873
0.5311735587986275
0.6369239010272847
0.017483964821240372
0.8071092860377642
0.3017224706030166
0.7199098150874363
0.6763514691638857
0.35598329374794524
0.2237856161348093
0.27032401009727236
0.11883787907914622
0.743032681480279
0.426262355068705
0.5669520208817385
0.35056455689963006
0.9435178307309959
0.1494957871945246
0.7960733305738239
0.11532699318247941
0.8114565731786085
0.9372130920252495
0.06658997449760462
0.05933760936381227
0.39354353887755456
0.24446217208398746
0.3863016631490921
0.3397817660777982
0.20917642190004293
0.5232714295894596
0.9830184336147685
0.9249541250100137
0.46454744111233714
0.28280303732177914
0.6376820345002232
0.1067548916014045
0.6782980066778119
0.9673769778290058
0.01112930144068347
0.2538381468123836
0.6545276519280567
0.506127047769837
0.8730924099736359
0.8928005372250527
0.8910766686638887
0.29951420996801037
0.5975483880789982
0.25788850631313553
0.258223724039532
0.0396549749291073
0.19383626880019578
0.7021476663766899
0.8189546258798861
0.7543149753510774
0.4314842814492539
0.008570274976529513
0.5837898222805538
0.9971908815300308
0.2235342650918044
0.5391418097919842
0.6528508756853004
0.6946848169659829
0.3826785641737349
0.5931135751157464
0.6055565388611053
0.5927136490076528
0.7432913362460587
0.24480260506826812
0.9587814163274397
0.7242978153265223
0.5179271439844777
0.2889954391990788
0.30291312974910656
0.04843056578441329
0.6757647903005919
0.687285192039139
0.12915863195584731
0.1996127059554762
0.8160682632015699
0.31890424449338406
0.05660302155528485
0.26043595255394547
0.5635139777226845
0.2521210398462439
0.08798262770708742
0.8749150680219111
0.0495011535533052
0.42349287831912563
0.010952160715407055
0.06692153193255068
0.7413194990569036
0.16623252928679433
0.9729797161932305
0.4531884973971885
0.4708032559571145
0.13792564710769728
0.7571433308141835
0.5652720267806255
0.004775680764153911
0.7039125141427915
0.6758045070068479
0.40530270289306847
0.10984228126214712
0.8315753560697763
0.560219321207883
0.9794061934570055
0.9988694835429188
0.5537272136692193
0.6154864951463761
0.5504130854792775
0.5270567646264461
0.5299359027468011
0.03708887483384604
0.1435690718208149
0.4410011010972792
0.5553968968085052
0.6787493615592333
0.7008730846000895
0.7717803545483923
0.6395898858374696
0.5156962732650419
0.4190011382947392
0.480954477724721
0.8369288174954053
0.9941066890654795
0.8882016890493858
0.9339044029052017
0.5573970688362908
0.7912342153352601
0.5022071539457948
0.4035245783542343
0.6178544135582476
0.6748078268258253
0.15447617572562788
0.844303408375634
0.9285051907017936
0.4508378836267679
0.3109643241687967
0.875662429655115
0.9218679984622855
0.1264829839162096
0.6892666201694759
0.6839776332700962
0.4612397446638834
0.20927094509589428
0.5587026833200877
0.4169093147778009
0.7871865240027676
0.8098428754275526
0.07021332866374008
0.4297586310069246
0.3971043947780444
0.1045428595668676
0.2225973939492516
0.9468114154248901
0.26540166578916513
0.6127236100297337
0.07613346555306588
0.1788342755432759
0.011031178945827502
0.09969499270561388
0.5676853107373934
0.8363628828918446
0.7538983261755106
0.5634767444072677
0.03908101969573452
0.3973892927064453
0.9830945227701706
0.04401786128408092
0.9326156519078543
0.18719491832476542
0.04727337383085173
0.8626936670324741
0.08567855002918434
0.3222920427645437
0.5742151539622902
0.9473986862988175
0.06346624357701924
0.5768737127553238
0.4606145575966707
0.247601729420321
0.5843286361171967
0.058592515087881436
0.9666678216865676
0.12041806027203439
0.5340694641282582
0.2629090348004559
0.7137140618930606
0.6676671947783548
0.043464075529658475
0.8254133996130162
0.4265333066561654
0.5614866250012567
0.2611289437848978
0.47337506028187915
0.9472030147694239
0.5446490050428965
0.05993777061999461
0.04296881668831465
0.38631026760626996
0.004860092353836665
0.883972466733304
0.474706841146296
0.19720538412757516
0.3067185904353067
0.44550610285227177
0.6572989918296157
0.34800583281056574
0.04150497724594526
0.8985241305553888
0.18367394973855822
0.5599373906598466
0.8248836339745216
0.1793376736361587
0.18245575598772334
0.15129234171650308
0.9752327136933303
0.9875905680256831
0.6417887961545317
0.8184769792012534
0.3349665552588359
0.10198683960406885
0.2708869029364571
0.817421740855405
0.33360442588496175
0.8836956499657611
0.5286345705576048
0.8885971932146588
0.834364496970637
0.7684740956635692
0.9381532524868836
0.15494776667545151
0.22928630430133934
0.6703481332002075
0.7021310490526551
0.7015468681887302
0.09260941649528576
0.8622408474735834
0.9554907379606381
0.9501405782587473
0.2509839869582937
0.08658392975861662
0.9997511699434343
0.1929315145360806
0.16336642548823743
0.19658186048519943
0.8203891262025547
0.6503163902914886
0.6587375238834219
0.8946707154700819
0.9403667138283252
0.9490702037086685
0.054349191320012036
0.1342617111532851
0.4857159051477624
0.08532718374265302
0.39955545206351606
0.609551025302659
0.37316441355218943
0.02528390565813199
0.904970853739925
0.4669605001688739
0.5137946697338298
0.33990772209471065
0.0164826888146945
0.7713838323348079
0.7276793099154937
0.6184589720273099
0.9772018036812016
0.16541329684334638
0.3404164944449952
0.21893778696812438
0.5356523869731107
0.10234006266978657
0.25090740023239766
0.30969334638530044
0.46118718077784715
0.4473382587831549
0.3251251390610903
0.49100570196827875
0.6953199638692271
0.6293714561851023
0.9386900529861286
0.1057039845559522
0.7610132887842171
0.27969892242364214
0.30744740925547576
0.6277433231540177
0.9998498046503086
0.2960273123130488
0.9390446265956209
0.9564193857276266
0.7275423700683137
0.8437582955657323
0.9383102145322111
0.6566013694437143
0.4656906347185146
0.495115236203159
0.14324691013382274
0.3617841035770941
0.8682505667450262
0.9665889095819504
0.5307634690979934
0.8555129373282748
0.8798672844935509
0.5538166426029987
0.3273570831907775
0.18347131506896996
0.6829079184270104
0.23018237705684208
0.907558618309382
0.45006008518921914
0.6544685647421347
0.19992719943255466
0.856328524469514
0.5771872381825147
0.6677303174704572
0.24379730567177327
0.32434317822061587
0.9401993294331283
0.9165895325660198
0.5082405508408754
0.39503265411687716
0.13419768465682314
0.43175293970378625
0.1503332157763102
0.20125740556771632
0.11275029608186138
0.3149954676540836
0.88821717310324
0.5713558353118076
0.13882295167341163
0.3048542736927682
0.07694226419199479
0.33447194479103204
0.3632032996234773
0.0316684253020334
0.6677576294524366
0.9277197493176901
0.721444368008771
0.02177850173931284
0.7821802446260131
0.05837890662631051
0.29920202974971555
0.12934427124491377
0.6019146403178932
0.3287252109379275
0.3155285860236319
0.7354044581922774
0.313539354482425
0.533041285559142
0.9098894823683985
0.02438538086026698
0.7421760946448144
0.2763921008456858
0.27761575401984584
0.5228917021527866
0.4830249219267859
0.6494352036291098
0.6333435176716611
0.20127525548271463
0.9337601059499199
0.43728491081430954
0.16432662816452148
0.4739717527822669
0.34645081123438004
0.10071614020795727
0.20563417201236822
0.2585734647531195
0.6266001271965873
0.8802192225402794
0.7801325947661155
0.22907794838102147
0.9932461992557626
0.0790735263725808
0.9907519928434758
0.94924844550817
0.6394793601156306
0.4542251997575826
0.6514852574239716
0.8992808110643555
0.8784436732848315
0.6214828015355869
0.22235170336515697
0.24832196179910304
0.35319193117512704
0.06430210399851388
0.9684602906672055
0.7388214295352529
0.1988595091501426
0.5767445696671811
0.6382850418650199
0.24318934162623695
0.879833279227572
0.07853088313935741
0.7886247917876084
0.8024849968897954
0.3771548736872523
0.867419058424125
0.947720563096679
0.9595129309169133
0.33295182232385057
0.03810616274123002
0.9940214913896794
0.8968285406874075
0.8006176758134771
0.6578992014106577
0.5171993826485066
0.933501691999207
0.6417623529348948
0.619719484862264
0.9623268603835908
0.8814836187925676
0.6489702099079733
0.038770712167682575
0.46960840744963894
0.24493769527297604
0.8160093531071433
0.699449821081672
0.3301533718732097
0.03952705002627144
0.017254752544419327
0.21260085334093137
0.6940194981518089
0.6217522737227521
0.5362120455925854
0.6155896838633585
0.48098807779111596
0.4981261013017766
0.26173475740909535
0.7050216835785859
0.43541200088307064
0.5077323144973251
0.0035388387805939114
0.14608653097997615
0.5997932832944537
0.8357090247313343
0.012733734794275753
0.4972561197351144
0.3600546271229459
0.6623012474376937
0.9413625026886736
0.7669980065700672
0.8717012309990402
0.9611999902100103
0.2262975055933405
0.6863537283117493
0.6881551921560007
0.945689550380242
0.6294131012223019
0.8247576827360688
0.6404900336446588
0.4714151660353154
0.21662389309001528
0.2322096175779702
0.8822679435160614
0.6709012321336638
0.19388073484593993
0.5867453871009842
0.7849312347385353
0.24080853321400264
0.26985879999470685
0.31878938208096286
0.197183984775543
0.6950248265850139
0.6503341374546938
0.03696407326623463
0.8815157779634248
0.726011910022637
0.3195333526167745
0.3726621528360834
0.5679205208016569
0.22762381483356786
0.254857768349656
0.18382100223436182
0.16841498258457133
0.1300896580184372
0.26694659051674896
0.26777066364546465
0.43651478709475433
0.5481851880435351
0.7973554357699733
0.8060403531747518
0.8021089802802506
0.6032825231069552
0.6146892059984206
0.4582894381574927
0.8896073157430597
0.4650530674894531
0.5243899908652998
0.6619778090476125
0.9237621739497868
0.5684746301474357
0.1312984658304137
0.8792412658493141
0.5089537216183038
0.6424867842088995
0.21442795583443863
0.356201146586425
0.7118345331141493
0.524456789410666
0.5336050656083702
0.004450447848675321
0.8446863077204303
0.33550471672283133
0.0004959767651964153
0.9034062263211347
0.3283850790255127
0.7599266105653395
0.7523272438034518
0.6449272218378199
0.6109282941989631
0.43265728268037074
0.2842460614303244
0.35931791700203886
0.1943992539239905
0.40371466306084614
0.855885571579194
0.389388427102195
0.08254583812278127
0.47844756252923815
0.6126474084093236
0.29618724319040135
0.3462479783470811
0.1366535655887129
0.19733038957210725
0.0015542582156120588
0.16037250866037267
0.24520183712303734
0.7828651515927894
0.9400550155175791
0.6982582258346708
0.3755355040871553
0.13108336339941107
0.44056751643913894
0.33870208633495613
0.639224949220152
0.9142177249801164
0.5555311178786604
0.34415653168971927
0.7999936467420294
0.5990420642999512
0.04538027850606219
0.08815664254870215
0.9838508250301101
0.19385431563719546
0.7706555198892697
0.9911711259426279
0.1937669559526991
0.5549675534529015
0.8842913349660206
0.7362463250904454
0.43409731296451315
0.5188477446954411
0.772292754741523
0.20971542074407945
0.455757560543004
0.577521064717337
0.2291464646655792
0.6746714142030656
0.059905123568865015
0.12513238373919777
0.4968659060247176
0.12907570516292455
0.6473740318395096
0.5234242683767965
0.826831096751079
0.8431373245619225
0.9848904574122279
0.2910758710749657
0.9374901472423627
0.3351422477118935
0.9808560913325326
0.9162241538860962
0.6934309751094483
0.940089663316948
0.5907983584687106
0.45288885214580765
0.12276427906084364
0.14112916995645763
0.04875948616232151
0.6505503127426222
0.7283611374518983
0.9400914815892967
0.41068734414670094
0.9042442436181923
0.6505733918565964
0.19688146727552147
0.9797163522522543
0.5772678085774379
0.01807170252332968
0.4007019931225828
0.4607260337910053
0.19847644942831355
0.8710891724384651
0.8847618169663694
0.6549139745331756
0.18073110821563332
0.48494636536839364
0.7709542025049616
0.48292228712062824
0.8832915261786058
0.0018910885629346286
0.5227444654855051
0.1391760884001929
0.11304649455145288
0.24816679993515978
0.7166270706867401
0.2575241071724499
0.7995790513969863
0.5297205498348874
0.20574933267411066
0.07702298487065362
0.36541849121608116
0.7152292696458977
0.14534554613143746
0.9034257481885077
0.9381685491389651
0.7862732252760958
0.504418101284416
0.7653645926738177
0.7655040627420688
0.02232074999514655
0.22103953307791224
0.8590065123409873
0.8497162139804273
0.1277527971336736
0.5387479592326816
0.968269273055061
0.8481390062161165
0.27647690857880325
0.95300822524681
0.4346645895732244
0.05509085331200958
0.5190617915892086
0.25970885554731726
0.3567472239061986
0.8816443647318966
0.7549981454638686
0.7036717631112479
0.2032753533817111
0.31913397682873357
0.6031697784414471
0.9227233118952789
0.30318704050180045
0.2200068952374592
0.2666253082247876
0.24586394563652747
0.5754346745069112
0.9856894397692957
0.5550809954301386
0.4248607300914411
0.9274452997908225
0.6703959899931575
0.9658919208278467
0.41648080492075956
0.12116700544412828
0.9745524585720113
0.8178589600862511
0.4303258983613023
0.437536932274887
0.3123605632525732
0.19769275814058163
0.8111970065065703
0.9525859425443157
0.8871128407481219
0.4881095197957359
0.15569528574729907
0.7041970414165342
0.5476116089519922
0.8557768926878724
0.42897870901981716
0.2899265275290843
0.13854408479278657
0.6165419763905979
0.2914128248672332
0.08681508966832174
0.028824014477610627
0.7154537022569287
0.2994838938690949
0.6800966661388499
0.19077286981000086
0.897010622281631
0.31363553052870574
0.24031597768239998
0.6523327581531033
0.6040291794851886
0.782281631657344
0.09730259051645063
0.729619194934372
0.0730132686734215
0.7970710268493892
0.003294809917217867
0.6928012955472687
0.3442500725725244
0.798046487018125
0.39560996795438874
0.4753243702670642
0.9349588098431367
0.15596219203648598
0.5876877749224605
0.872330955605974
0.4007841570897781
0.48001393823270155
0.020670902539263958
0.2663501196604596
0.720413526066831
0.563648631813926
0.4615194043152897
0.45557481926080645
0.9703427529581119
0.23423108050744101
0.3194790567939696
0.24167172232767986
0.7345356718249303
0.6799851878449172
0.5625132928140875
0.07061197422605514
0.4511632851432643
0.8385795018436573
0.009264189541192236
0.3557967617654416
0.5625886662451154
0.6184544960340015
0.49240963922112835
0.9607988696863878
0.7474582440359923
0.7918520570264194
0.6126142634235412
0.5557284169599686
0.8529315929805434
0.5181369561346096
0.416854167495309
0.823889879961702
0.24308425486037066
0.7394283197862541
0.006209434430908933
0.020059314554776497
0.811091517607293
0.2933366902167518
0.9197779222404137
0.18147415579695392
0.29781920148164676
0.5013844827526339
0.9827329180904958
0.020204007107072153
0.5379461604440872
0.5846393225663908
0.9491293350694658
0.7210709898661758
0.5882063940929125
0.5918908983195785
0.15120293556472686
0.08624561464146208
0.4141062920167249
0.748974295176754
0.8221820629059222
0.6168110296733056
0.011379754847855805
0.8382499560709136
0.033328874484281235
0.11767360568050567
0.6611116824959711
0.6506067596769141
0.9515014868905589
0.13092702097486253
0.3916898622780385
0.6035196628686688
0.12475644108414707
0.46826051911087574
0.05809062098525963
0.8405527687548817
0.5500513711617134
0.23271457870827494
0.6005040625932281
0.11110696119496888
0.6702118135733712
0.09751471089182662
0.6657195207835152
0.8403999087132288
0.36894907207833794
0.8914267334108594
0.4828833052189907
0.14105304876095115
0.4862134624170513
0.9088174927967321
0.08185368782898506
0.3383683761406864
0.02514651608944951
0.5588503926987163
0.2366087091849549
0.17399032368901235
0.0352052567104435
0.8330063748696983
0.44846554796479143
0.434988711339406
0.17488171966541066
0.22560292220324207
0.7697324529457725
0.26024672311139674
0.23668893939849367
0.6226566887606904
0.9152288780276903
0.8516435246845662
0.37744478178705854
0.13809151667531339
0.7443320739355783
0.6731200448787888
0.5483713889244362
0.8233816563055889
0.23034899138152864
0.544936822584617
0.24921125858380955
0.9591690608084877
0.18686567507095675
0.9029181289947563
0.8758853863867815
0.8766147976101757
0.8246205836940146
0.03248396289428657
0.17260944446530568
0.5914654373385329
0.9047259524343596
0.2584311006920357
0.9500978396051403
0.4920665979905001
0.3432521639016952
0.998011807610812
0.841044366323491
0.3570479691633721
0.5334605000558104
0.6795445075284319
0.3408853347103682
0.495133310178121
0.9920850252041225
0.46252548196951393
0.10633129657364182
0.08202200834015061
0.40568320831015736
0.22449186927004816
0.5246279057696104
0.9986881318547354
0.09310024147512141
0.0529619334009912
0.9690246443687014
0.526064687967392
0.8493280000118593
0.9790535743282844
0.36998647333838
0.12574428512876512
0.737490386839889
0.19491334869500676
0.2754035944406312
0.7227499253987655
0.46125489919047125
0.9542050637906059
0.7735638936756926
0.6196808428176062
0.6886209141857083
0.8564581822917192
0.8935934974781259
0.7691364266872609
0.7830461153374777
0.23127558438736306
0.373585304657164
0.6756096819360307
0.6846964788268646
0.0565044944152131
0.5719838381383535
0.9058942179881102
0.5791840412429938
0.09663646438430407
0.7310307286040754
0.6903747409338157
0.6996578837360008
0.5370089462263345
0.023048072827428934
0.4343768226317968
0.7721221072076045
0.8839471679249544
0.36344581605462833
0.4404445660769787
0.35993784011001706
0.16515541385829424
0.09683709529264939
0.8882372164778913
0.26959571180776654
0.6543109425820572
0.5189580201964279
0.6120720803343305
0.55918569457646
0.08039558260280222
0.04141301715620105
0.7444963010957892
0.4653532221791308
0.5771348895674797
0.04559051208682163
0.09972150400110014
0.9768743216103244
0.7476852373129859
0.6735075605520002
0.3596554170669062
0.7831166051377143
0.014360856158146973
0.08924053472470228
0.30766908624761835
0.09704259075253363
0.5800931167695944
0.3860189833309762
0.4522946503042702
0.8553617950006172
0.9147888734562932
0.5751910972917784
0.6545650803046557
0.6373277416166279
0.40467314570344204
0.7430585001242729
0.7844528041027197
0.19530967208101724
0.875767838726631
0.07596549519726548
0.8964969025701082
0.3214819006360843
0.7843347187263305
0.33852026433946025
0.31531307793102203
0.35527686629660327
0.12178147835607134
0.9129061309693833
0.5839092004503978
0.9616380384594747
0.28158332931901997
0.8708061430757577
0.7597654259430544
0.03161896231718386
0.4297016432526204
0.17693427732479616
0.4227376205159612
0.8002972070016727
0.6451984671641999
0.6045963703893038
0.20408797814600743
0.15629452792100218
0.17811193393805103
0.3508891296979262
0.8320706641712807
0.6825666587933332
0.496936800208182
0.9356527617445132
0.33919641673204803
0.0019014744023182484
0.7732022494777804
0.9202958559997751
0.5295918779362774
0.22542170702739028
0.9153538143483948
0.8970961823541588
0.5811199672625107
0.07342200151412492
0.639711278395813
0.8836245924371049
0.6396621526619466
0.30666260607658136
0.1687311858115088
0.35083940456418294
0.6333749074356745
0.31661244247829745
0.8749044150183434
0.3758237281608927
0.140238238576325
0.3086903155002083
0.9079862258241482
0.9768213468618694
0.6609604038922454
0.1796700353055949
0.8372608807923232
0.29450245983865986
0.1590611587931514
0.502348409626266
0.20075519162714994
0.6707619541739489
0.20513506807088855
0.18595095755609914
0.4219954568510027
0.06512431204875901
0.128230376401139
0.06435753405444022
0.9728233561052322
0.2567672323353065
0.8658901923830218
0.2701160727148708
0.9502615238465351
0.0949614859077541
0.8276081349857127
0.18919074349091947
0.9765983939628766
0.12734042618389974
0.2901386697154855
0.7063658079345045
0.8476376712430045
0.7146351164425253
0.523182859593156
0.15989221443982138
0.1146347151827174
0.374614765083346
0.012042433800875108
0.4079634195724271
0.17791977846616036
0.8267776474167279
0.9800366185523084
0.9848582546030831
0.7668255282090639
0.5332076180808465
0.5105874307830278
0.5128873034718766
0.7644245337144029
0.6044106307804313
0.36498952116412364
0.4239532553420067
0.8065049646261591
0.9681380191625328
0.19860315856803124
0.18437587199775773
0.8707488491445667
0.36078258488558257
0.9392033879300297
0.6314583477437139
0.09839538157526806
0.7332361951161186
0.5528127173899806
0.9508012260045213
0.9087175830557022
0.594893159135413
0.11607151355878376
0.16338320643818682
0.47750536275355504
0.8912899157822611
0.8640237167251019
0.9727527797757944
0.6871967966922639
0.9834796996711543
0.9666047856920921
0.22597053155010416
0.7944026021136954
0.981994871924492
0.5779052543375476
0.0665336221535553
0.7054512754001836
0.21431989376621163
0.3475239103187122
0.8113494671967403
0.7429323389429867
0.9599697013707309
0.1888104060881688
0.20281266723502833
0.2825997229193884
0.21750501362412078
0.06626348896048118
0.8416262791362075
0.47544047152838464
0.563646822487226
0.9069824227138656
0.2737803749867851
0.7638965163652616
0.5673365689080643
0.06888917231265901
0.2787555194272884
0.8898741850586946
0.907706773282172
0.1412830575038011
0.14776741416457018
0.025426152855981154
0.5904930478370509
0.28589401794448666
0.882371217000921
0.03764315016794373
0.5917939540201322
0.4197775077408543
0.9568717521555434
0.5948293245273109
0.16088167094230887
0.23655194691631554
0.054720176214796856
0.25731294757102696
0.9180293850926686
0.2599756607399766
0.7672739540621376
0.15465660461270425
0.5361503859655039
0.43871250678501483
0.9082884789321424
0.4063191343123389
0.8182360315526374
0.43542383146426555
0.44463024280244334
0.48584096262626786
0.3957224381107187
0.4041193119961859
0.9780895674455141
0.44785129265506196
0.6802683057688206
0.24109874722621938
0.05943532132706819
0.8594657101392214
0.6357137493553016
0.9773452899110087
0.4375068138127869
0.4668991555041204
0.6819678140231185
0.9316249151840337
0.5317048770200961
0.23474065701329283
0.9509927367291882
0.14445339683372804
0.8242512962550463
0.4603865752639611
0.5728645569157895
0.8381203645619206
0.6500251154655523
0.13925532403119223
0.4122538474748745
0.9461726807479707
0.9460953965356935
0.17136790409465008
0.6118525589403769
0.9284433549377691
0.5691557976972579
0.15293876604943013
0.8868313234233127
0.7585324077205244
0.8773325391530555
0.7711460477988874
0.6692841717288729
0.4074281484116107
0.09505341728442707
0.45817244300758175
0.7963811935627829
0.5634206750717139
0.9766916790607603
0.6904694861560723
0.7789166633408273
0.6390509401633357
0.7948902470563846
0.6763897863037245
0.55754124041637
0.7847355508576497
0.4478513249071727
0.01935288250045608
0.29891040681003944
0.16185788862375627
0.8029867003103497
0.12577495202588063
0.8667718396881439
0.901671031410779
0.04502650232828276
0.6986388413001443
0.6522087006167065
0.13632943797107666
0.9390441721555669
0.1661908589455552
0.6531470407981075
0.7630032668452555
0.6128780806996841
0.2162490379660813
0.539012924893759
0.8717223860034347
0.03434960456612668
0.6230079273792135
0.31899568723685223
0.0036684042512431514
0.8202242258189878
0.10584554545226665
0.47943588363463974
0.11180704703233424
0.6396685568075711
0.9400229826482331
0.38259639711389304
0.5016543945397018
0.036128152457390206
0.6559014537973624
0.6535807892357528
0.6487004340906526
0.4470390617808504
0.6585729704098318
0.7028983128699591
0.5621493554209607
0.6035714925302968
0.01322032047175159
0.8348882553885988
0.6657121762202896
0.46684492022218427
0.617434175684128
0.791109339838586
0.1159122331196738
0.44980879316523237
0.9472544924168866
0.30963537754346837
0.5283738646991931
0.7590227174968465
0.2460747342305476
0.81991758073844
0.2936734725781658
0.5134748340268112
0.725815706686856
0.8767961090374006
0.40142717933026817
0.9463471718878962
0.6827549013713436
0.2914123637909174
0.5113815547566862
0.8981812212672837
0.2288003403596801
0.4347236977045994
0.3608161255378748
0.16461278181025452
0.839230850654618
0.5972741116225957
0.25160494270453904
0.9375292658744034
0.17934603872893495
0.07355496996823252
0.21822882111910613
0.18925930069776453
0.2194075880207691
0.08691932172229344
0.6191219911371495
0.9884836027405977
0.124101100821711
0.5839901525910534
0.7256677390549799
0.44814746034694664
0.49479075793061655
0.2717092380006201
0.07286359812685927
0.3088219278276041
0.4029963288979759
0.25990789135805836
0.2291821385882311
0.07796983972198834
0.20939601807291175
0.8441634170961418
0.3407447015534917
0.027252380667676546
0.9469800757586437
0.8879337421832363
0.2357042047478728
0.9317379228863527
0.22447668558442557
0.9314549237070806
0.42753252129153485
0.7092710987555715
0.5138096042963265
0.9696572786790683
0.2483685333997574
0.3886973430338223
0.7119352716653253
0.15617381885320247
0.6354505061586373
0.6099256395604526
0.907712678816442
0.76065334247297
0.2686794317229395
0.9207795177543847
0.05722911741553638
0.6495995835048203
0.4833402425697544
0.7814693553337542
0.6257481665872877
0.29231859879331856
0.4886409751844252
0.9009672186350968
0.5450645760780424
0.6590220656236079
0.5600100366285776
0.8726395333872357
0.29703761460243583
0.7069603389044667
0.34187742297360635
0.025807726148240118
0.4576553274943955
0.25072302837526284
0.2790864671649107
0.6195183820521726
0.20268737247131163
0.7269474376862275
0.28620860015297933
0.8059088276017861
0.20640620019497025
0.5065004207089929
0.24350506587330822
0.2938384957469393
0.11540072080329744
0.4614290150675808
0.9657713903983334
0.5288198024427526
0.7337413781973983
0.161412726106418
0.28747056195381937
0.7649353309953899
0.08749098895518759
0.27725381557948126
0.4988126974454594
0.4686431059104261
0.2819623054900011
0.15489281362034868
0.26761319257612937
0.526437389609627
0.4545355691130193
0.14420400114997523
0.2800402748515347
0.3008372999495945
0.1977566741757022
0.7865230697101324
0.13358066687140546
0.7239052440171161
0.1725829501186089
0.6856980598351827
0.4284812128594042
0.3159206597362465
0.18421924974288384
0.7514859138346819
0.5575679996785399
0.6808705183503263
0.3281457968697461
0.05860912301733334
0.19162147215395686
0.9527401690898192
0.660046388425036
0.02383367578989004
0.9099877207001552
0.6833303272793072
0.4836448718748252
0.6002034305567951
0.8715443897148241
0.5258289278280872
0.9848480995826514
0.18189100365985023
0.30825562607577384
0.48420525880180443
0.006312275539158474
0.3052282576864158
0.47592380196304607
0.7597035120973177
0.702328566647981
0.8108535698338701
0.763988542574767
0.6942655173453631
0.21832219036228606
0.846963807260704
0.9843376971777054
0.9667992390152915
0.3575132302800281
0.38591787908454855
0.6644504756387637
0.41721113124517983
0.6536220794161156
0.14206479944484385
0.16000004670081402
0.5984943609754789
0.2635065255278686
0.028085692529588258
0.6162177145122725
0.21184416711145126
0.14830452857863463
0.06040038016054128
0.45741109531421986
0.785852158098612
0.8389370939434366
0.8366718040072092
0.17450906911138953
0.16144190159777705
0.5303230892088922
0.9998424432178254
0.5192736372588092
0.7110618115742213
0.8059358581502831
0.9211306067134142
0.9577375430101507
0.4923100922778263
0.7158148568589735
0.7467750860877151
0.30354598427622803
0.09057043758810535
0.8220551651478949
0.35152967117040723
0.9516760670496967
0.1493284164005626
0.5181619307209184
0.4392343549659006
0.6533298881680722
0.6467086611079389
0.9262909814414457
0.12076834881257503
0.7649218068006074
0.9602551650757518
0.9257190055092417
0.16670908942953955
0.21254967909656175
0.5990193512362714
0.02143152537641413
0.8473960481558205
0.25731368190709314
0.662565969243796
0.49909932516708344
0.29645998670766893
0.6334676249148374
0.3162851003987275
0.7385602368755266
0.011680475944195523
0.8606652861407906
0.3916659819498036
0.21203941774885937
0.37448537993328146
0.660389393846361
0.6542553089898069
0.23137071229776285
0.7216401272371276
0.3161896259843531
0.09211897843086181
0.9478282582716311
0.3136330495980768
0.6676217354971459
0.9402492093346528
0.46096207777167764
0.08968824904920436
0.3329653990392345
0.48861268109873457
0.8137828076660718
0.6195078137569643
0.7104184604574835
0.46597604270171633
0.2551684993178973
0.3524125126116535
0.6329439549838087
0.926233182258867
0.6839330047425787
0.35918654220611
0.2986075545567024
0.9794844301602217
0.06805093942492646
0.34480437057544644
0.9822464819780363
0.22936041351673397
0.9778723994211644
0.58624152417367
0.9578421830431687
0.165882025528437
0.9112196220226307
0.7200019934114412
0.5223845041717365
0.42555383644133227
0.3337326925903936
0.3156215442906487
0.9779148101725821
0.8966601263379967
0.004277839695181251
0.3156518583948831
0.7236773858677912
0.7256114856822715
0.7993259188439801
0.019047789976591956
0.7552713198126446
0.1050935831702704
0.6816894361932142
0.0571380531266088
0.08861276067302182
0.0802818595013548
0.8964738731106625
0.6660362907918485
0.03524795499140598
0.9250097644007367
0.5706418118763006
0.21852556297666337
0.11703617846992476
0.4759649037685447
0.965651461436422
0.24642940702599203
0.7957307116966372
0.8096095602415221
0.7160404565402085
0.266977934320332
0.6641900954398507
0.44393081961234016
0.28172189914709644
0.6358522900786019
0.7993968904427866
0.2955844578267075
0.2854559189250525
0.3456075614111722
0.35834470895938675
0.3645536147935602
0.7228382527336392
0.40455454764036425
0.5045146195857311
0.6490462126979128
0.7069533560330448
0.9018332902405961
0.30032922270430507
0.6963558310978819
0.5246786442424529
0.8444335368583835
0.5078610016473675
0.5108873662071067
0.22234883538013306
0.7889702859610013
0.24998328784694257
0.7044129680489344
0.9510964717806307
0.9733099630203883
0.03495729092386024
0.6860062322926066
0.789186290182698
0.46411801282059684
0.9009318773083395
0.36113772355160045
0.14161749117496503
0.05603128225381471
0.05023111717853057
0.7501294326713746
0.9146099271894161
0.4657991365912888
0.21848901126184606
0.14711587385905922
0.9214842289837666
0.49774106645159044
0.6303471577479245
0.7490743854844124
0.623210847886247
0.4505341440086381
0.3023917235940883
0.24053669146895307
0.10539739299782891
0.035452029893258574
0.20048190687328726
0.0877094474664617
0.7014233575728328
0.8580281130338343
0.02694458496235108
0.8783588600356966
0.4328561466939893
0.22882720293936543
0.5980603458621356
0.6987302383963452
0.381589804969372
0.6228564139524873
0.0004925723121880221
0.6088386795296881
0.6117813621556545
0.9920736526726475
0.6558686227109332
0.3801228084196222
0.127530205087236
0.13112585268980226
0.02847063843635711
0.4229076256071038
0.5521598934721708
0.724246662316995
0.5968747944547208
0.23092569165067656
0.02802415424592475
0.18818069068566579
0.4977521041523565
0.26506162276747003
0.9558988548859397
0.4773075344825599
0.6666513849867719
0.4572817858015339
0.6323794714884359
0.4174289396887658
0.8201335793330755
0.7791302783253973
0.10989225405637382
0.8194329787852674
0.9313255714014765
0.2954803053462549
0.6595202745406983
0.8161798955471866
0.0212691413883066
0.9525603234548758
0.3054344321636979
0.36178897388958897
0.9963227424919421
0.5426912500928702
0.3478582114618618
0.10847840092486982
0.12373368320756173
0.7325440346616885
0.3628646101603865
0.7329522803447728
0.8745770718128987
0.5773248633144532
0.046924859366563654
0.6124703898137265
0.3244557100230683
0.5660533156149283
0.3315075148031337
0.6873581911270696
0.1493084268049072
0.3232452697408248
0.09949701163299607
0.6091903225957442
0.10653753703718505
0.010319510330505377
0.13896432260186042
0.09145441202957838
0.3614587078085427
0.2191149536353103
0.6378255821034597
0.7121403427190294
0.17822590128049165
0.13632246527533187
0.8922856949118587
0.6052259637411295
0.8334881867113446
0.3303150064908509
0.05682570457540592
0.31861997189592883
0.40100660627152873
0.4055362124498263
0.6230192920326607
0.6851495913188277
0.19328451220786524
0.4723766925509123
0.7207781006918095
0.6530228142030763
0.31567565327071834
0.869382162322281
0.4864432750473937
0.16010112080480865
0.1957753181442714
0.29002205322620966
0.5850183879434332
0.3719796541977418
0.7585036795733631
0.9245592885288778
0.14781451753081565
0.3613804085103951
0.0980436058255183
0.9210296488940093
0.37401255100629927
0.5412687356131038
0.8429462923175035
0.5525095240058082
0.11372247694601123
0.9072993361208284
0.21649572355834867
0.38617572093154395
0.2765019030645426
0.865225908077027
0.8732949812686761
0.41335301624840004
0.7112183572388728
0.27123732616797835
0.6308627515061731
0.37983507189229293
0.7014595806510686
0.09211096411122166
0.0964842721390089
0.9389654394611469
0.06482696174352842
0.24313054921694133
0.007341406898414116
0.8689057685777029
0.2745277405895714
0.8094669985850822
0.6432578068850019
0.6565418822474443
0.6141662083215529
0.4179832181729908
0.11505388249745807
0.31858207656928594
0.5745218842808433
0.1933944165347119
0.6494473241398926
0.5772230643866163
0.3655332811563752
0.7679377844333994
0.7106040925399253
0.4069074510309385
0.6779850052283964
0.7937729426479068
0.4259493405405659
0.4047052569897043
0.4436667538355308
0.9814675959343737
0.19193050077466745
0.9813758364620777
0.4059351300567291
0.7250089819032226
0.08054003628654671
0.12409087398606444
0.5656890401348023
0.20006081282187793
0.950014152017737
0.3814630069043732
0.5412556045273256
0.5264241015174356
0.07399631978008481
0.1491069430944918
0.287844954718123
0.0005047841601182324
0.48061420889380124
0.45646811274441146
0.31056800499929005
0.6305741789822723
0.6991894673889072
0.3926342088106942
0.9494139130421873
0.6876452153204089
0.6751826926441313
0.4941349489071105
0.6061044081846259
0.6191779951696514
0.7905673756200076
0.9490786372154387
0.42298034804868245
0.8116262338450184
0.43514285093096117
0.35305881256026694
0.9029818559906839
0.5923985442731137
0.8555851781441586
0.2897880107910098
0.9989719905802659
0.3256995561286964
0.5509566226219473
0.09372982828920606
0.9520733846848832
0.290325365071169
0.3203533460275194
0.557358651279682
0.6838436665669692
0.051250597756252514
0.821404747798449
0.5624404329084989
0.10766271045652465
0.5536334634697804
0.3572625877584421
0.3304496418410412
0.489466958971019
0.2800635613526181
0.6327652460958033
0.5592608942626085
0.2916063538032061
0.1305907838451006
0.3190139803955432
0.35801865690819734
0.5891832843649925
0.9084515748027522
0.31427945857352446
0.6149958547117949
0.2426421582230014
0.18606192469454919
0.44426874817801054
0.36708307447292143
0.9804646776703787
0.20217807068400773
0.013480757503824492
0.0821132835552636
0.763696770168645
0.1925464755878703
0.3170598316386608
0.4317900011839604
0.6795310463471629
0.3931408710067634
0.8064819607618632
0.7606248149702479
0.6926990438249443
0.4768341826220448
0.06351791090792869
0.9891260375226496
0.9831203328655547
0.5504526544553938
0.7712190980839171
0.9493068133034224
0.9941922169675943
0.6378842214085356
0.8106462444587601
0.538976776036562
0.6214853345398428
0.10114861234458195
0.821463147510048
0.8010113270156107
0.9916882378078422
0.6999860424002875
0.2021856890921283
0.6100090876461173
0.5452796390688615
0.10651529439634233
0.2869460404161226
0.7147285811543569
0.2575996809160508
0.44099814069207466
0.5366809277151303
0.7929997909980422
0.7300845349801923
0.5906747462333055
0.795784461501549
0.05611709636909845
0.9869210986717711
0.8224343212498
0.3478233176996921
0.04277926750760108
0.6207601786944503
0.4905294075336526
0.3972942264737531
0.10095405671457636
0.16282991588051887
0.3963259854401584
0.9861834871917741
0.3561974475971321
0.0396754357229554
0.2940594080150192
0.31880427196001837
0.4205704263601968
0.6317684182652594
0.6075973890746575
0.4296801499140912
0.7443614345866629
0.44533141024414324
0.467880813070529
0.680380305237702
0.6055895401767122
0.9335715602285064
0.8050691764225952
0.47504977578367535
0.10244019969105445
0.14956012644139127
0.2225565931465916
0.2956879534809891
0.4401944894268799
0.8969166123405083
0.337391825137733
0.3708450706562165
0.06551338381089611
0.5828444786013967
0.31288800663805416
0.46687635158276897
0.8226969190873841
0.9144606958202293
0.6749336218021265
0.8505279568171018
0.7440923205734793
0.03542344962141697
0.314433801489423
0.47836007322413776
0.5144396618583311
0.8427232720338618
0.17029863576770587
0.9143738849962841
0.04922983659875291
0.494205784070898
0.5870580544419712
0.8800439878974562
0.407684340777936
0.09063632700262403
0.8793371461541961
0.44148197097535213
0.37863398583910346
0.06320512377147214
0.9878760036760306
0.533748196628107
0.27892198559423553
0.2280216168641025
0.48532915163064483
0.6450575456315804
0.7954940883084394
0.35094156456856473
0.5276438097374501
0.8550046701659328
0.7969347918151028
0.7614282164986701
0.17390908413352357
0.15125689321036795
0.08028365610692112
0.3156218989629198
0.38616802105783066
0.47070149071905854
0.8805541972687818
0.12384313653541912
0.7687649997286021
0.16179000682787903
0.053873285847746866
0.016689196643925097
0.8761280671587071
0.21367821970440581
0.04453478642377262
0.7756851889542915
0.33405060714333734
0.015319653315021275
0.20613889520249895
0.36171953925762534
0.8404146132406773
0.5055205872436539
0.5321897112027885
0.17201961826713874
0.3075842757414917
0.06670182368499544
0.912748183137378
0.5505222623868988
0.3131720076396747
0.7984278279594066
0.6410585904194062
0.08497303618299212
0.49007437222732597
0.6009817055538829
0.9976163039970503
0.18832425332959768
0.5123464225262753
0.8529227270161874
0.6198299861808272
0.05053058644211861
0.44504486195458504
0.5575656833776048
0.4043374773177433
0.041839228731501255
0.709217410869569
0.9272100117073121
0.49573590151390357
0.26363346762102347
0.1500330101652665
0.4951611607483426
0.6396915314177893
0.9623953305996886
0.8980233298964977
0.8656278616446207
0.29433363077348007
0.02497012198092219
0.43407060305325085
0.9974094136509628
0.16009446638555858
0.42567834040688224
0.5637415444140124
0.08371066012191952
0.3269163177171299
0.9045797145452941
0.17115111646596382
0.11060891303848974
0.34730034294060985
0.717164272035467
0.5614779446292204
0.46206108407325197
0.16272578405323013
0.9430162527285944
0.8581203238214572
0.19645763587206644
0.013667931127223865
0.08739652085062621
0.674742546681532
0.38351784310742554
0.342868995539793
0.8222021942851232
0.5463055439312827
0.8025593258604575
0.22881156031040928
0.41270084597882617
0.08092800132405942
0.9014292488961788
0.7591831908394997
0.6823954033545776
0.5296039485775379
0.7021222834504588
0.33699874693365994
0.2345803798939603
0.8123888548879781
0.9567961725499801
0.34563867908573953
0.3798027996413751
0.9059719884187156
0.403476104892325
0.2347768231955405
0.8260015883217451
0.6000085430948516
0.5083915930211533
0.11600089355109255
0.5429544548543423
0.39898824012459677
0.8412816801670557
0.6085328062522228
0.19311803481646939
0.5689778602977464
0.39268979633862444
0.22897431985197803
0.2667693022295845
0.018558916673158343
0.560106016718745
0.9307350991214811
0.5541310221816154
0.9394071790810361
0.46482801965927933
0.8871433015912418
0.11153740128946055
0.9228426309590545
0.5984493985331447
0.6251287260179621
0.5040691756605946
0.011134641178459637
0.9451195533039127
0.5146650601737826
0.8807122201036328
0.9294965934314072
0.0644445554249875
0.27724775460551543
0.7504583106363554
0.3038192741239991
0.48814236427952284
0.9711123451910835
0.8768723477092144
0.3717658854082344
0.48986432058399365
0.11411121463929619
0.4431769927721798
0.4793723928641518
0.6871267129529792
0.9985438785503766
0.2947969563263313
0.6366510494490867
0.5082026028933635
0.17950273168745445
0.3240740285775756
0.5235062805038062
0.3310673833816318
0.5119725846827743
0.5767736753758532
0.34763065366411716
0.48653038955676764
0.9125529294507277
0.17158886743190194
0.9857659629404314
0.857706194810582
0.6915031181702076
0.6116876555665962
0.6164319144440589
0.16524889090979622
0.9898171773662086
0.942252176869169
0.2607112298394889
0.5250469697124018
0.11531339274697694
0.39662671014464346
0.15556673699662515
0.5778088354000896
0.3111641386355388
0.6070760819894538
0.8717908914786616
0.4060384201418883
0.6710068076369282
0.013395048373281648
0.6346972039047072
0.48634285366770236
0.06788004166453532
0.5014841470421356
0.31165228727682037
0.26847142496966603
0.4379594900763375
0.35197215468785314
0.5718032980319256
0.1805631994546706
0.6499639871699732
0.255122874431595
0.3249692563457336
0.6776194269894706
0.7881264945236768
0.44678510299569973
0.6732275597657038
0.818991429902135
0.061211758457631715
0.6994798691367601
0.17385537188074385
0.06512791627871994
0.022584465284966937
0.10822356437098613
0.014901055801739505
0.15451326962311218
0.2158905356666896
0.5628345612773358
0.9808050823761367
0.5690296863472208
0.7092544879640281
0.4609944011207776
0.46265384083758665
0.5292864474696506
0.3321768809234522
0.39116391089534375
0.6795688405745435
0.6545976913925691
0.8380853966360267
0.787961092152931
0.6382701082015252
0.1402398688743307
0.9278394491517152
0.46738514014357824
0.20492716801204813
0.7339929306003954
0.8493899511544774
0.48933912805306146
0.7469014055104042
0.13127862099397336
0.6329999252403753
0.5970475800848789
0.37158529737734924
0.1360717886960916
0.9184294449726227
0.8262093189582063
0.8203291793421292
0.222151902208803
0.5363750921395649
0.7979965795980961
0.7906367254352742
0.35593215990404636
0.8387476539957639
0.8582135839784575
0.5189829514563336
0.3295258431624293
0.7141251088384233
0.3532817033045821
0.18891237535846783
0.433276297886805
0.2106494211376182
0.7824149817649331
0.6090604543175846
0.2904507042802049
0.19310866336742505
0.185904780697703
0.1658516174896536
0.2205329228144013
0.6129003236539461
0.573167230076403
0.5016160673511747
0.708040315455658
0.13576568286652524
0.5554154038769965
0.886188543494717
0.9063594960424544
0.459827124805672
0.034432361544234125
0.5703778189559665
0.1998821096494574
0.8693764804049444
0.13638124582504085
0.08300792106986798
0.3931377320793048
0.2932259118903169
0.052339808466551174
0.8253946999244315
0.5005475720549337
0.18780629498866652
0.08930977010943142
0.9625623005622066
0.4831918007794209
0.152429302626524
0.5214283288434238
0.290747512175501
0.23110281873201233
0.3409259496278654
0.8080679935862687
0.20235915963511264
0.8369387589948811
0.9763896597879678
0.9831310306242083
0.2668328611580082
0.9459416036410484
0.7256717754715467
0.8434792291427469
0.14651921934568124
0.28374847528139835
0.6877136068291978
0.3670748050037955
0.02307318528809632
0.5084706369008183
0.5796196552156054
0.1553269855382733
0.45675930720609914
0.029327670431504638
0.10385065245262304
0.5759636826799543
0.3842835331007335
0.26340889959422453
0.9820972071050218
0.7663900238512882
0.6897813751366364
0.8323865689759689
0.5642499876855087
0.65327619125469
0.1812579748971328
0.7602676507000705
0.07340311913315412
0.9368038474210971
0.9292415459537087
0.44949477218814304
0.5058454422097156
0.002164000122605758
0.6349461243832151
0.06552454212285785
0.7001426226656093
0.08009740313657576
0.8452190756176654
0.486273609387458
0.24559803063308094
0.6845937882940718
0.41697013151281204
0.9804733092881484
0.003349252696283722
0.4801264410832551
0.9141579345824908
0.525459657618045
0.08955329397218459
0.32731279900142884
0.06343547492610457
0.5525105961260073
0.36320802649315587
0.7324411170762637
0.18720540804261043
0.5781334640582221
0.20694965826764178
0.6671717214371531
0.8642446114937365
0.9747675128719511
0.6958631978222543
0.8445456715313278
0.24341575254306913
0.6702418690271099
0.7790377525012129
0.45806778674912785
0.21081191667228838
0.734321353623163
0.6057779887337202
0.8448263372677507
0.7399668685331713
0.3807727118594266
0.34473020039961644
0.37878791697276326
0.14419342406065816
0.8859839024336775
0.3076220196202917
0.843752319022248
0.6315744181317822
0.540547722862496
0.4943288961727239
0.19048139647585072
0.4816959151639706
0.23194251971845925
0.10422919368009032
0.2765889647431432
0.6156092593318252
0.8422000467764466
0.014535103797770565
0.6698295471058371
0.28166864852093365
0.12102293856463131
0.6626708504133254
0.14095408622661854
0.6379720190948199
0.6722858154045968
0.9477820386693911
0.6363201124455258
0.21255950917552546
0.8021722258216768
0.6081097575880468
0.06024948954761267
0.8311167061434372
0.9458055689623244
0.8213213629320424
0.15526295074424246
0.6867005053039579
0.18955179720610604
0.06194896278294437
0.023764636965975194
0.10448730897264769
0.023168933237160072
0.8114878912100216
0.05132136095344464
0.76157724876263
0.9913426871009547
0.7559345954703802
0.7503910047631623
0.783887599219564
0.46720105371648635
0.6092391185263795
0.8812372749486508
0.1455550636982954
0.6559602484171307
0.013847292002793665
0.328451507003209
0.5396383841208241
0.8406580728586266
0.332004909371868
0.0341882161080127
0.7503307592911179
0.8673163758889213
0.5257975573321907
0.4953185498593997
0.3314503042748247
0.1913563138376746
0.13113919166644883
0.6837452344607973
0.3758144298019721
0.27860814725505767
0.06242336733961351
0.13010757132492579
0.029459376468263798
0.8589389310934912
0.22241889154578853
0.527194905046297
0.769609031738645
0.5853453293954047
0.7151154729132603
0.5790052073739522
0.9903883778650284
0.9084990625868357
0.21925880630465366
0.5122673900653016
0.24422604103057433
0.4691632714769225
0.5158190441181341
0.3418463075447664
0.0885199034362254
0.9698321490664854
0.44303543843378557
0.5869014407858726
0.5848922072598584
0.6760798313621477
0.19684732463137644
0.6613046183411666
0.4407987501321462
0.09357283190072208
0.8682528405509988
0.8700733292152318
0.1586690137164144
0.8382046375032184
0.24042937323728086
0.8231895238362354
0.32392820616366524
0.3033300405207957
0.19969930328907304
0.4632414617494085
0.1038762773932842
0.2959405368959045
0.033316296441874504
0.8127208441945901
0.28838891599051486
0.11413568487127135
0.8329479106907722
0.9328656377542788
0.09966959172689904
0.5213796431978839
0.6151171929719579
0.5663743656997853
0.4466765522317433
0.5212395674516899
0.5495781281639258
0.05490172273287164
0.6264355345073929
0.5321424186298955
0.7151752260720423
0.8577222697139533
0.5607646568831033
0.46363927548520945
0.7588080444804137
0.5301519871145366
0.5670670069855204
0.48006301208468805
0.7123508889106929
0.7328249770867286
0.5805217741797126
0.7747846736440895
0.4531163131943994
0.140193770764657
0.9721114229190577
0.07405840852235013
0.7592286951382925
0.19583557664666884
0.3599783984709246
0.40348899797929216
0.3867539579202224
0.5145120061903126
0.7274586384001753
0.11125065664104095
0.5283107913553919
0.3622464872786253
0.5924135801238357
0.46208414312972756
0.3008244842674963
0.9654501436422154
0.4398767700167132
0.5688371761415132
0.2716763785728511
0.3470378577564359
0.5468077168924719
0.743987491982703
0.4521259396296782
0.3782025189629503
0.20149268255483022
0.13791447134748802
0.09883606880248985
0.2353795795984721
0.277397916679734
0.8259062358064295
0.8185279694850827
0.7245245853553961
0.5639054741137837
0.4983449386017369
0.8137069044187004
0.5504672691307297
0.4745742258854193
0.006506437546272448
0.4426038309931488
0.6862163391487865
0.19994949446515276
0.2879843512730922
0.8577024494387218
0.8242843454630793
0.4951223686048061
0.9180974097910315
0.4917116054143478
0.06537062224523438
0.7315974040342315
0.535167948789018
0.589265900000183
0.6368076488710821
0.5077913646263539
0.7766926159057199
0.9996909763437034
0.5686740468562397
0.9971422633309437
0.7248277474979015
0.9334690162159558
0.8918196797457945
0.15663458529281415
0.8495890000662254
0.43163414257371224
0.3315080273256916
0.25896840957644884
0.5153665041791018
0.8742916149816806
0.3218076296021646
0.5279736568215974
0.4838292219590543
0.478534999515035
0.88456367104616
0.10625106270992668
0.1986385339842225
0.562774744802774
0.6889978734134523
0.23012186335381157
0.4622255549170591
0.05393746562881341
0.8256632875493883
0.7436346266454905
0.6848747443068015
0.7224595146221213
0.08056283148317189
0.2856708640705439
0.6909897240600518
0.2700352356267901
0.05596422943635293
0.9096167849751029
0.0054752714525960755
0.4921655153240001
0.9109991293796582
0.7072426237939602
0.5412117050547134
0.31104224181293394
0.34353704139134966
0.4423200382908814
0.33133225986201187
0.024313585746615463
0.5813300340550451
0.4232424491541833
0.3158015796574707
0.6051202595280478
0.883697409199026
0.8730258530385129
0.8167700675851983
0.45278626564052193
0.864624559716068
0.02924021044937475
0.6909190913506678
0.01857753999774303
0.45367726684530485
0.6101519972282667
0.41300517398505177
0.14663252979802355
0.3269838241504923
0.48737681422791823
0.9326704450411827
0.5238865707558524
0.5173791556968739
0.5261964224543327
0.6006928212031726
0.4905342324062145
0.3208740607080405
0.9352037612679842
0.10303660071357412
0.6954549881633394
0.8162571753485051
0.21605304893476496
0.8994671346929635
0.06106700732355308
0.7302107005635776
0.367808809223658
0.4064049184343339
0.9766258951980002
0.09920472438388583
0.7413074218920848
0.3539854279910213
0.6864625554970474
0.9632546918972893
0.5195046504190053
0.19664910446997053
0.6604751496295502
0.7629315071031435
0.6596193027351522
0.9268724354115239
0.3923666635115113
0.41530405142974325
0.28195968552242334
0.8529247008965197
0.12372285772974156
0.7086934375575207
0.14476782819741385
0.010960885639085483
0.43699255963924544
0.10958915255984714
0.8614390712897002
0.08502827086570885
0.2058811178282529
0.8083171768179882
0.6732658548318935
0.21172801615653225
0.9150933549593379
0.8419704493049831
0.15916729973059796
0.6536701137133825
0.5377132921968217
0.4011216500630854
0.788627523425854
0.860993319727297
0.6322531347726481
0.24383452714135934
0.9405271333935934
0.5279603346818762
0.9633567935975165
0.3858175368262473
0.8089635797114996
0.5248360836543646
0.10405568214051719
0.7233530459146262
0.17048782490661596
0.1821510475884296
0.8033790330779982
0.2673332278587712
0.572939527878831
0.764992962164158
0.45866228829336
0.17672987073092417
0.878456320945362
0.6589256997459951
0.9307145653559912
0.9116751773103542
0.9960799188698977
0.5006720823307516
0.2376330017311732
0.9586215361812938
0.7641634988210648
0.7117214803501697
0.8802095152314766
0.4632429042562043
0.9960144056112217
0.7784603010599227
0.006976749971320917
0.005341384498877666
0.907686580338253
0.40174550555929023
0.6346979350732467
0.675570178924459
0.5896517748384924
0.874397623283308
0.9990923064456836
0.6986953703483727
0.2657197756327674
0.49231619053819986
0.4452475663092239
0.2787448506133283
0.4136754718035005
0.3418078987122015
0.46291366634164866
0.5867193598280065
0.6657462468658015
0.9632577648252749
0.4280210963419444
0.5116927744616386
0.547473834499776
0.7950968469122173
0.9354688715366846
0.7340921904486892
0.3575960468093915
0.6279242340711555
0.32101925141411747
0.6442956134578859
0.4884297306837173
0.07230982719145218
0.18664971006216824
0.08517505625188382
0.7298620347254343
0.23464984587259474
0.12895401184752586
0.7354402101280162
0.8218425880821065
0.7058304373948892
0.7197093809589306
0.6874200866829421
0.5963584852559347
0.6615249654452733
0.24687088223020415
0.015440176053667098
0.5772052626173976
0.5177331067283886
0.5447723401005773
0.2056042232405184
0.7833211977625343
0.048464648566702406
0.45284410892489335
0.07666127949340429
0.7745610056519243
0.47951116502097824
0.18791734011807049
0.3992557734889215
0.8768142118792066
