# browser_rnd sample v1
ua: Mozilla/5.0 (Windows NT 10.0; Win64; x64) AppleWebKit/537.36 (KHTML, like Gecko) Chrome/78.0.3904.108 Safari/537.36
appName: Netscape
appVersion: 5.0 (Windows NT 10.0; Win64; x64) AppleWebKit/537.36 (KHTML, like Gecko) Chrome/78.0.3904.108 Safari/537.36
platform: Win32
vendor: Google Inc.
oscpu: 
cpuClass: 
language: en-US
hardwareConcurrency: 4
deviceMemory: 
screen: 1024x768x24
date: Fri Jun 12 2026 13:46:07 GMT+0000 (Greenwich Mean Time)
epoch: 1781271967471
count: 4096
---
0.5014923301488614
0.7089359979608609
0.6124499634980121
0.0022691679804696108
0.07999545715557743
0.07647204747903813
0.9107834020399195
0.6922970169701452
0.5096784655054083
0.9351066183936971
0.9650779487965588
0.44040565603447357
0.5832507698771252
0.14162466008646146
0.84591906215077
0.04863356833246879
0.9812690242124593
0.299146024430025
0.8538703234949181
0.827362093051534
0.2753054272094482
0.7281252368453188
0.4171457993041925
0.17887472985359487
0.3446854498429799
0.9778634978621041
0.36326920920585204
0.8197221120124942
0.3810460477434845
0.7114757329516908
0.8981986280401648
0.7427554046553295
0.25057150234390435
0.3417336537893878
0.8100620323068413
0.6148893858531523
0.6789423226261802
0.09193064606837531
0.10509116976926558
0.0007879796251559767
0.2917331831921399
0.6167158891868232
0.30932266655463336
0.8523839753969324
0.28572986845357295
0.3951886846827921
0.9073710163500248
0.4520044321337413
0.02138955822463129
0.13370100639672722
0.9466030397878993
0.14406048718937026
0.6558558276519189
0.7840414399720301
0.5017205398183662
0.5826395591171312
0.576022329800522
0.2086701631679222
0.206376978560167
0.30744758948745976
0.5029881954627549
0.09860542750346846
0.4569787890670951
0.6109985046367135
0.015019287964289418
0.8188351756785539
0.7824422242286488
0.8286396031921435
0.20893623357424906
0.5954077808159297
0.12442048768968594
0.8889719714157458
0.2735814723432579
0.7564633359379773
0.1623211717876032
0.016979566052699457
0.03252674896542462
0.6880057734275262
0.8734653479945813
0.6438250296847186
0.819493611577311
0.4433892986747767
0.24241693237304918
0.11525455958242747
0.24953116310470858
0.9204370722905408
0.14655601315529276
0.15822612058506014
0.967920658550748
0.5420198838866883
0.6435246289298411
0.14318585900778724
0.37292252454479136
0.3601875490957134
0.8035371075202693
0.40710806554427004
0.6051475104868642
0.9406083832018819
0.41779828110456174
0.5189565564023242
0.46879012425111544
0.659063855362332
0.1621879307777192
0.09127039759268651
0.560500227680143
0.24197419259103858
0.7471584145885932
0.32458684671949456
0.9456669233233421
0.07245751634018127
0.9802816037124922
0.40782135729682745
0.14630207041229704
0.7194753835162331
0.8012256996133447
0.25707986438180463
0.549561262310069
0.31361503769316657
0.7250226016083559
0.9216229926042785
0.9222712211443898
0.9403363425797786
0.26532773640903606
0.2914373845826439
0.9758379583384182
0.9103245298735896
0.7789704611951758
0.5968198434723355
0.5517926006029694
0.7396140884888742
0.060855775840939375
0.015211664678355108
0.4497782584885204
0.34251369881986915
0.8633174866119835
0.8551597969037663
0.8110693433766372
0.25014261400917115
0.5473094003816283
0.4902475707160354
0.8579660850800215
0.053691467091292466
0.7733539435575818
0.844595916778724
0.2270540184941765
0.6077088683486636
0.5146306911710639
0.8023592034796618
0.22463386847813882
0.3619658538650754
0.9494183762680426
0.2588651095874346
0.4741400220237595
0.1571076005310479
0.6115460162243844
0.6746077649389828
0.01619842094228785
0.6844260728109084
0.8735606021708062
0.2650259972135769
0.7175160850574183
0.13912699740141599
0.8596910574234291
0.03994798180631509
0.41288098674757423
0.5243826982138451
0.8464679975244793
0.457003494000336
0.6505428602788617
0.9461004884289612
0.12338582201529835
0.14642677123240988
0.4443791262615868
0.6183371296893996
0.8848295272578424
0.6223182546080328
0.3844957499429793
0.14913962551522375
0.2522798799129451
0.30951704528678636
0.8275544477864125
0.2101442409517984
0.8689375186301873
0.45689661767741496
0.4599586572623029
0.5843235947519294
0.5739805041120025
0.8704719365075981
0.44118551727569044
0.5555808779987388
0.7798726826127329
0.022450482531471305
0.13424097014478864
0.6499682075929032
0.9640678702647283
0.8694533772015842
0.2287932721874295
0.4873644824944279
0.4994452267608147
0.18677928148925482
0.9424446380276477
0.4170639162477201
0.4777227499525494
0.3178310700856346
0.9636430580289028
0.7508550173742223
0.12065281365771563
0.09385022840783441
0.42018287510395025
0.3327759684316105
0.18169451511178591
0.3452316689406556
0.2583375222761888
0.7259457873095296
0.03801583606200931
0.8410405400841536
0.07991895568733254
0.11653803239267879
0.1891392738536164
0.08735802578132312
0.5068451948300088
0.00017352010507898363
0.28107306652216146
0.27181530111314545
0.3220140114687242
0.5739157819591316
0.7410846339562283
0.4891358997620672
0.8507945655191391
0.1336060197827309
0.0751367699230705
0.49720612832031996
0.2819719483880556
0.7668098151517069
0.038002791742191455
0.53785971006143
0.07048709038747702
0.11562830495632759
0.8710206530114579
0.6194531163036996
0.6303262567132661
0.5951038187228332
0.06735255207546564
0.8338994216693938
0.02358648288244658
0.01908121610407787
0.4833456842894297
0.41587174924034365
0.4702895179779385
0.45483462809799224
0.32001750076644475
0.6977154719675802
0.7897947942722929
0.5481627060447796
0.7690139425206144
0.38390066232575193
0.29020856917851634
0.2296382276214055
0.7643530011083812
0.6593584202618912
0.3781457001624082
0.3229431634128843
0.3549851665777113
0.21321609562705857
0.6608963931315448
0.17142280390504094
0.6008241302861399
0.9350504118245824
0.7466268286557238
0.48154368029602357
0.6371835952059621
0.3142096438248496
0.6191320927199842
0.4343318497981532
0.592928099688762
0.9364971030814215
0.17021719548030667
0.3485940234096152
0.18463556371409862
0.46305787607706383
0.4154584648019872
0.04558468958376394
0.31669869315208254
0.8860350513919459
0.633144744594609
0.9453265307351761
0.06826761431325634
0.20462487223845427
0.800519217717852
0.07996987409572265
0.8372745582636891
0.72282510769621
0.5324088219048706
0.9192339005277292
0.7608700552105498
0.21548522947812065
0.5447224967956534
0.28451907101867224
0.8179011432317433
0.00011367802103778857
0.9498379390251435
0.7447351578328512
0.04870656224065817
0.43466757126038247
0.48759783801017775
0.3246189656481051
0.8464778622071565
0.0959552019926353
0.5552581912038921
0.05748064443950751
0.6834802843709136
0.1267676950593879
0.8653697162004668
0.36734755520777296
0.8771279319363923
0.7985776005930496
0.05655626354684129
0.6082610280998029
0.9428339472821963
0.892664379642129
0.8969484494415729
0.8005023961713378
0.4004390611970081
0.9452047774506169
0.11869782633116244
0.5516188604171408
0.2245698767533144
0.4842407478661537
0.22538584248213578
0.3664322046305448
0.6176043722789548
0.719248471761794
0.4722735131454281
0.6311707949831269
0.8735095294773378
0.09399061185423241
0.0022957059691641746
0.6281500721084574
0.8866490435961827
0.22011285760605492
0.7222576599009749
0.2919350611058591
0.10461102827333746
0.047438068488693474
0.6850419909420495
0.41460225421361785
0.9691182660862283
0.3306077451443432
0.3807534937583208
0.42132513132007676
0.9184075453053826
0.21818241063324906
0.9076278454671087
0.7294204706479532
0.5021507527814772
0.7122202573295005
0.92603574496812
0.32620132377905353
0.8550370207279356
0.731165432516194
0.3977640886404459
0.7944548230725355
0.9808328550519851
0.3948816458584343
0.5675712895122089
0.2019402719607597
0.12742334714950143
0.3022737942179934
0.4712644914907107
0.598734697566536
0.3653943223915579
0.6915921521151256
0.31235785942508243
0.09373937967338763
0.6407660227286229
0.6794920107442532
0.5996666627357299
0.007213736724519082
0.4297056153197938
0.28844322546263057
0.16848208116108587
0.9017017033756367
0.5575449780142934
0.9972084272441286
0.053404865949243874
0.24831793338540264
0.44927266297170076
0.156366991151625
0.7760953445288192
0.05094467272879877
0.43959459437924653
0.008148252770855624
0.700851053911757
0.9846963050834989
0.7814939652747452
0.15633381722653583
0.6622796400949629
0.9915341717919028
0.46404577912034184
0.9409829955450124
0.6926363965015692
0.3881722851287901
0.024750093161291842
0.8513546870000543
0.7020444181346612
0.24300030828133856
0.2762557022299259
0.47395169821026717
0.964400861904678
0.5334475073729867
0.3317765195925859
0.4361344221281702
0.22169923946895076
0.858234590302585
0.43942339114886186
0.4007795813129629
0.01980496382483876
0.505068884588679
0.8395800975617596
0.3960439203101549
0.1482979759950367
0.26072073083788205
0.6931398912455307
0.4978215157721555
0.8507179132582756
0.10389599023826523
0.08131490252190554
0.7739333847595757
0.820659041826143
0.9880761992031666
0.7382045472601797
0.5081733177065881
0.1584729060940464
0.2545746470233552
0.5076960214683686
0.1005812703738369
0.8186576710216742
0.453014699663274
0.4282762779777962
0.5210195310551236
0.883318786922821
0.7495240981813469
0.605732414319454
0.7744709116853103
0.15425001052904452
0.5612632757634723
0.8958672646072354
0.7713249547173695
0.4702355080576788
0.640601172539343
0.1475775234155532
0.6269385992902456
0.43212734682135023
0.7901169083299135
0.9111510876602942
0.15808666287267115
0.3305507403128245
0.2434465003682067
0.6426545150048877
0.5459201415481123
0.6758988510188091
0.19524825701410187
0.2350893769523743
0.7317050353232792
0.7736454314767174
0.1452653819806624
0.21819827933741487
0.620998209376008
0.1584270604299931
0.5736193827759974
0.6144131604167316
0.5171086247786076
0.55102212174973
0.6295070239751366
0.9928438449342414
0.4172579300886321
0.5253638115320707
0.31622978875257424
0.8206312677918817
0.8415913980320695
0.304842626407241
0.18009242014232973
0.8360271109655497
0.7206642927528628
0.5982685048666316
0.6589296506625071
0.5472684789534938
0.4121865393595423
0.7820703003844145
0.05080517227370818
0.4924106277661544
0.44355261442909244
0.5873984814926245
0.17748258017690977
0.10706205682247427
0.9589858965611477
0.48108703910930206
0.5760557790358678
0.05967913898294919
0.7851046718489361
0.684941102233213
0.8530472208616187
0.4784230064848678
0.960737864447039
0.3265725206893175
0.36332177902363405
0.8585918943068458
0.8229263221819965
0.6855849694053548
0.7240956143703723
0.03732897309649896
0.5200690282278424
0.016264025363832868
0.49676465901103484
0.3406274524485806
0.06907108133256501
0.9487874156300224
0.7703172147720123
0.6412678453962417
0.7761313503889973
0.4732601771776155
0.7631997451941168
0.6460428382958403
0.7054432419058705
0.24422528568806756
0.1953632496615081
0.8803619061832018
0.21402691564828258
0.5816892699748402
0.015557960534658966
0.633268500241031
0.7179588182663099
0.6295319446231809
0.9789435772566417
0.98773356127137
0.7335763860241609
0.4523128517272992
0.46503433541049644
0.5176857115033358
0.6472518845571726
0.17648590174848522
0.1666167537828449
0.04054999999099018
0.15368831512403736
0.3799965737816826
0.36354543038414766
0.9644192208981437
0.5736004380202222
0.8831439642942542
0.9296729104788717
0.15564383948176652
0.25935358193936064
0.9384014110684733
0.9911777153072854
0.06897069336053674
0.9907786928635611
0.953132163754518
0.29288545406844313
0.9053022084905209
0.3209221358934926
0.12996084459034662
0.15806893775496067
0.8974989563872726
0.8332319375979276
0.18734611546323965
0.8303363538212452
0.23355743320837785
0.03424035366522338
0.697183550079137
0.575982709318182
0.789351453589874
0.19627182715254188
0.5102351293695735
0.7405300522818457
0.7793122495290419
0.7278885544596669
0.21332410503907884
0.5265474366044132
0.29615509301801146
0.9363714618037677
0.6311870841090275
0.9974743954247463
0.03321758951617393
0.6844151434182106
0.6051911401313785
0.41856221807919325
0.21421239111405788
0.03128997513484966
0.1460967192879712
0.7982640123211118
0.9136054519911407
0.5622921782987222
0.027421162036807223
0.6592422873712682
0.24137014990845107
0.9483845717175763
0.8732180672384717
0.19259334917244253
0.3047059330996702
0.9723903572345716
0.11746295215187041
0.511959123401865
0.3338801601869976
0.3435552723344517
0.7381413869966502
0.9414947154006219
0.2508004967954318
0.33270059717005585
0.2106474791423738
0.6270879210492692
0.7268364650473487
0.23651017531439988
0.159273586404183
0.031504882669587175
0.786348332462899
0.7414397581309624
0.18959406206323437
0.818836613021193
0.7530768075370047
0.10142767831303301
0.23984311723456386
0.17932069742270706
0.7514965314834838
0.5875837187894724
0.42285898061827254
0.5804343739232203
0.26304384856768737
0.6503122382477551
0.315378154425888
0.9363447546246759
0.8906583017863192
0.7713839778717426
0.9431800619048119
0.3631463539684803
0.45776377278389235
0.33469754290400555
0.7102782502210843
0.22803462989918022
0.18823286868599376
0.6277398666788314
0.22431035802520016
0.48780451959354676
0.48701944627426164
0.570364543380312
0.5445075509097201
0.8081679155651131
0.0023637139711716326
0.9022968004036633
0.33667656049892036
0.8278261884710325
0.5452344484078493
0.05026713975249497
0.09631271656964313
0.36609772301951593
0.5513570048988088
0.8153566122754328
0.022175829952088888
0.8174272795820783
0.5777076813600845
0.8716824788152222
0.7953138981750165
0.13771929964193097
0.593406498055941
0.9170792542518054
0.35953618639614615
0.7847657791154989
0.7771864319675099
0.1408331590327747
0.46847588805835483
0.0035394816740264012
0.2947906537422287
0.009407554739010227
0.5609758824645603
0.4014518164064502
0.10832452163371209
0.5440946771838879
0.3307317217558239
0.06469926957528638
0.3570737984626233
0.22939234285195664
0.1577140435393194
0.6517480259035038
0.8535808716024336
0.7727441459683366
0.6256372628250035
0.9956697947914812
0.996743516020262
0.43801289141855393
0.3922960662290358
0.23636366836991374
0.28820813501074727
0.8941939555289329
0.16846603434742224
0.8706908305986039
0.25998422098046037
0.5657233059041249
0.335256639661377
0.4602002728780894
0.5753023267531965
0.4264741594192176
0.8486233507977488
0.06093381733801517
0.30659968818327554
0.46198597160511956
0.2981514280734081
0.5923442457366459
0.41800280704443815
0.5277822593873687
0.24763880087209666
0.059986557409317465
0.6583073850357257
0.7010774708543415
0.23237766349133815
0.09616035995981953
0.19129253322978945
0.7399135330044122
0.9626570324808419
0.3585007269227296
0.24336392617859715
0.17090395758671173
0.7163630290576619
0.2539332945057573
0.678142113597626
0.13690707813541492
0.39631961839697083
0.7953489487458287
0.42051920541004506
0.21846098816882686
0.5538824580166388
0.40869293479492863
0.5071592800057259
0.9659627816800749
0.8603398402399791
0.7568175693899319
0.38107579763130084
0.7029357048507807
0.7760487891919032
0.06661324404751912
0.3539244594213795
0.24704974361856724
0.12606492912452172
0.10777867069556524
0.14412821792782404
0.15094150315952737
0.8335851240632943
0.1198611172994899
0.24512278523407693
0.08376171678186761
0.1878100762359225
0.059535642315628134
0.590135414260506
0.06764203752042963
0.2714439347600637
0.5156620518244153
0.74700444856167
0.8998533326177331
0.13398438467179985
0.11451325996468831
0.8363928687790085
0.81006109908985
0.5595854028307234
0.15703611451945498
0.9194902535830125
0.5677259350308039
0.9134810237689046
0.8861890600498412
0.42437200604590153
0.7515553599719467
0.4407754969155755
0.41606734422473446
0.5372608396504155
0.33010252916465066
0.21677135418264748
0.4142844723273196
0.7332005383286078
0.048691376015842724
0.11532672227321505
0.9735410105367333
0.22514615818483708
0.3280529470101856
0.4030078712164149
0.10778143223304726
0.698754287495202
0.027294359887548802
0.6940776136216638
0.6342325308625829
0.9151656598446607
0.34040202162925803
0.31398223948349857
0.9573678906667289
0.5568814482407369
0.989003840234782
0.9630505466681265
0.223817849024311
0.7837607894956629
0.3038308304659254
0.9700987922177629
0.28068994836336403
0.4223016293699786
0.3116808403483122
0.9079268927386082
0.30067621700978986
0.31954419116857435
0.09138644222125425
0.9166140165465033
0.050084583956081286
0.9085363218924101
0.2677336487936559
0.8188610662460982
0.8762714217769623
0.3539684319076031
0.5691572630219717
0.40797288871802406
0.1626164691513472
0.48350682579422566
0.7178360100989578
0.3639637907906397
0.106188648278436
0.8089488190979695
0.47193284933852553
0.44515344789052036
0.6704470676039243
0.06698391374503632
0.8868536174108721
0.3142905991265741
0.5885770496991687
0.2769898773131647
0.24587630420481776
0.8687560086276969
0.14319326625563034
0.6505201292577192
0.2405764757241302
0.9569947048507899
0.897268912218347
0.2537143611072332
0.9566307448068649
0.2581064654618064
0.587968364568499
0.1406302380317337
0.8209381553680697
0.9498937153349518
0.415900265560345
0.49641476862787126
0.5670468231047108
0.9236643325016443
0.35097159655884846
0.23023731231760936
0.8058892103861379
0.9262858748543017
0.12377586809455887
0.0780896998239966
0.7690540294621968
0.37183791779847986
0.8325248132176304
0.7806233529812954
0.1326588629805283
0.9815225738100526
0.45415957968247067
0.8282299465508507
0.7901875274488301
0.3718263215839097
0.09074574814246694
0.5942002311762318
0.7896153056115167
0.6693658797923798
0.8933288482052637
0.7917038822915872
0.844950075411552
0.8429461443609381
0.6151657788986049
0.9310286812962019
0.8786308261363649
0.9103252774530315
0.05765736435618973
0.4324395104733383
0.30343737352969935
0.6452549128829748
0.23303268251956832
0.370149940377817
0.5490451948210855
0.714882778613142
0.5780881235573334
0.6816529680505057
0.23688602533699177
0.8486836307697743
0.7389582809044617
0.37344494273780726
0.2692927896394419
0.031988152932432845
0.9466489248871741
0.47238201021093085
0.6581245822654684
0.3735491783166205
0.5719974842215989
0.7577951011194042
0.7338364013924903
0.05467885353797963
0.2732081356579228
0.5302415861266674
0.7024379305649375
0.38341323578849384
0.9939439518035651
0.4645243784163795
0.8958293710845382
0.755330362770325
0.6637178128025689
0.3718674441456473
0.08246539709186451
0.2872644679824299
0.7249113195680246
0.06648920528269398
0.6613543042193886
0.9215749891734604
0.7115648931575018
0.7827935915562183
0.5332714276309092
0.3350279429670644
0.21112476815362857
0.5708389216641758
0.1803779052631218
0.2199973484359954
0.6134949379821408
0.7745191320301381
0.7690586595159166
0.8618415435889881
0.6386217750770831
0.42176629050991554
0.9414021039766101
0.030095888627861056
0.18943688609115394
0.4617973873154415
0.7563677466965204
0.9482966984410479
0.9064054318750274
0.14534917473095343
0.8952698894131219
0.2894484447840071
0.23384947560586444
0.7072045527450495
0.32557092493162787
0.7852790576211626
0.33872733120740417
0.4099006612407967
0.09026922716673669
0.44156170589635013
0.08589487705618892
0.007159637814768027
0.6276620274993356
0.24589808263452562
0.7491824783346259
0.8351551689952101
0.6221086928933359
0.7272472310046663
0.141450048119371
0.5771621530191522
0.8399540637357532
0.8365561087975568
0.7504826796886956
0.9164752944657006
0.8924473295751703
0.7614543195957046
0.7537234902516778
0.874553426154455
0.01377965350117405
0.5542334697820128
0.6758054659676402
0.621568769210354
0.12484218828289984
0.7411150025791298
0.8980833625619598
0.25289214818049865
0.23343260520629783
0.720540495143476
0.5450840034710278
0.291721281278688
0.6758076456122006
0.4163914384395666
0.37837572734181424
0.00484407482310778
0.7684986169264141
0.3215046635876213
0.14491602215831567
0.8202110113024093
0.9248904102233435
0.2809316491911542
0.9422634067428102
0.08661146508437634
0.949662456305989
0.9499665601184679
0.21425357039928095
0.4020803733848195
0.975686152438971
0.3835759149413054
0.2217900320899846
0.2022667421021047
0.5629378087402241
0.01954098365151946
0.3776129436289828
0.8352236377442852
0.6886944795043635
0.5218528360263142
0.8081438519092567
0.8911381584387277
0.7761942057252196
0.5389337145654072
0.7798649710134249
0.9941224680157761
0.9382514701771298
0.5467472699098641
0.05977636042214618
0.42738400857236347
0.49808289001319417
0.9662014123526126
0.4579443921706339
0.44232952006847603
0.0972306862882435
0.9474220999161957
0.4907723180029475
0.618507989449069
0.38230484825
0.1466230917555229
0.9628997837576614
0.4596510709422297
0.3271460312330332
0.6011597811919851
0.01242444359393069
0.767127319547606
0.49676915648237085
0.3975225531219435
0.25642625768774296
0.8544589275787531
0.15001591923609348
0.2588872605059691
0.3864151271067586
0.4447812221320333
0.8348760337309118
0.4666985064370588
0.1344086530937738
0.46857930854807517
0.41420522312770847
0.7656602682542044
0.39497790256796894
0.7785693883470832
0.5946703229293904
0.8902465983030532
0.001572070520240887
0.36775120983058107
0.8248484793195816
0.5403560434228101
0.28123451700107926
0.17759476642189886
0.5774146287465189
0.7218387156856017
0.47685102421724657
0.9794190192548176
0.14445717834082883
0.5016779146054138
0.35423529065457426
0.7609516494249533
0.3497922131375921
0.819951926675135
0.9021239795592477
0.3122174110988498
0.07205459262807601
0.6705868198567702
0.5592565792368602
0.8593997920423679
0.4485397497069703
0.07181367123878402
0.9753939625856725
0.8344711355432102
0.5687732387878275
0.9046657847301729
0.6207580458921513
0.92583961246826
0.8123308104095222
0.5939246094719295
0.22033017109831854
0.40313133940652857
0.2130733029330556
0.6116661788808675
0.9388461533339041
0.5269229310402084
0.08023564620494628
0.46350412847591205
0.20458015199623736
0.6097090090091462
0.6914719461031276
0.940566523861524
0.766704263882519
0.3160800209239485
0.6634325075335281
0.6696025516562729
0.10667718665098103
0.2341374809986374
0.8101671858900137
0.9012603844422
0.04167522651041655
0.6422506908289092
0.9973891161298754
0.3749693654312807
0.3480864733964715
0.6189295763977587
0.8567307126882995
0.28209174289002936
0.790028136854056
0.2670844524828202
0.6378746243052138
0.466577477937856
0.34585923547284647
0.6508869572338991
0.6507742817992117
0.9686194620131976
0.8633014617647545
0.9964532656044303
0.5104109797330718
0.20871022754717572
0.945112380299141
0.2447438213185904
0.9251623319040803
0.061807735652557705
0.6337837284555048
0.18168097894514457
0.05610031023720419
0.5579460477668987
0.37617646193442034
0.8113573944101342
0.833558974140592
0.8048443593348384
0.45377629216268645
0.022759407735485127
0.23105231433720363
0.21096909463765123
0.9767984110719676
0.23229968151096725
0.9126029204793502
0.611525572071034
0.5295658049818541
0.6586659790540899
0.048094169819218324
0.27134345548826766
0.013359223642535722
0.9737571176761373
0.1436068857450541
0.7166972658348587
0.5994945814638906
0.5048577409457857
0.028348579551614517
0.4250529942622512
0.4817636538212584
0.0972210240577791
0.7037383129930286
0.25612520303268216
0.4235984803123325
0.5810273556848773
0.7220204174972089
0.47515980424285864
0.843556176175146
0.30399762258048457
0.24493034396807634
0.1393401998993622
0.9467824620521035
0.05673561957843343
0.13285921462577943
0.00432243087270523
0.9994784429537291
0.6110812885039711
0.5069634776926453
0.5182897565121376
0.3165737783638234
0.27143282482697706
0.06049300499233512
0.7035324564684651
0.11583252565768798
0.8401678198295639
0.16169308304754604
0.29189428164751074
0.8837819704251211
0.5920185144219545
0.8463106961405973
0.5892144264647725
0.7784084720568734
0.8736229605109376
0.7550620854230343
0.26720659180471773
0.3248089356547308
0.5420436400497661
0.22511754942538786
0.3662376322971894
0.313173199212303
0.7728287913882692
0.5463429829859268
0.2797131583180785
0.22707521468616632
0.2651455692730118
0.865514116513425
0.17902120372829233
0.9191634780876554
0.463593803441535
0.8384380691058422
0.7999334841839889
0.5847799255857233
0.8117985234975467
0.8786928330446973
0.9526575639634862
0.2974838461754086
0.6047111922102795
0.8451420137188117
0.5532188187553309
0.7588135709615103
0.9685002231010607
0.9449643810640909
0.19822162419037825
0.3052610665232256
0.3820750849929746
0.8736832068600429
0.6045797041806265
0.05230275171854015
0.755108992992203
0.5554136345209926
0.22810321535072342
0.3679689068667469
0.5385706338715639
0.8464268517053863
0.8939355265619051
0.7806857804180289
0.2340885516875566
0.07693921752076016
0.4333923192128515
0.8332440443623506
0.19215983643614098
0.924885873092026
0.07068190720095191
0.37197811989777296
0.6870504481547612
0.08890770659788694
0.27008902841225346
0.6134068737414415
0.26203627661758855
0.7809716583894435
0.4074655681450179
0.5980223672045375
0.17390416463027591
0.41833232274175214
0.24588185240480076
0.8284578928436637
0.5835388300573945
0.026550087955470092
0.9554878953852282
0.1450264265025465
0.4221027780807616
0.5711775846249048
0.8411396934585413
0.8298797091092798
0.7086518659710188
0.31205942434435974
0.5474802808289676
0.9519592749264878
0.7580920148291028
0.1348614781884112
0.9727078795386543
0.2682381417508197
0.7310816079850024
0.23281809878769844
0.22907086931444542
0.46259492231373045
0.18185453222917491
0.9559244719962481
0.3364411052755232
0.6679590979646906
0.27907559074695754
0.46630401668133814
0.43808808924290177
0.15363051005521067
0.9733059026046231
0.40351423304330614
0.5231643642199801
0.03112382467414032
0.18800755693633242
0.988495444342179
0.12834464663340484
0.8287417935157089
0.9691493571318375
0.7915292859906904
0.7476531927780998
0.23278716873085514
0.7556951369710807
0.6973103621864976
0.6915764524543155
0.44310384378792445
0.5470385907369733
0.49914342287658475
0.5731446004729621
0.7968487918851186
0.8291825712707421
0.2860607311600778
0.7370656886161082
0.7137335851954596
0.5221856309410167
0.9020451111550727
0.1283078508447606
0.602589531087748
0.9729050712405027
0.9424828971200336
0.05532944504528614
0.6812810083002618
0.32874035295844295
0.7345489590864456
0.6812497704616178
0.526397893523709
0.7959507570614623
0.08377675360529868
0.5252850469122634
0.6234080850201005
0.45984225549645874
0.4257858429039967
0.014632476039975195
0.3127694421839784
0.8247190120450549
0.19400926800829899
0.21376405106834184
0.7674976305153278
0.22807643219274287
0.6405683001025413
0.9131085203812941
0.9209723034759933
0.867498023468138
0.6881544021788895
0.546691167076448
0.9397388451247124
0.3177851635176232
0.05781062646584023
0.2959295605921206
0.2149649197407726
0.6516142907020499
0.010992714683899063
0.8608393037575182
0.2590251698867092
0.6337880176418953
0.06301759943207719
0.9594653016416836
0.48990191255901405
0.37766991944783324
0.8609808393193574
0.2518892273007365
0.562205562364456
0.5851952258240551
0.9695424894162867
0.13551858780166381
0.5756284342473386
0.781741795037932
0.839457101004633
0.4637967834678307
0.15785855437014296
0.5557888525546204
0.0019919456165011784
0.23510786284696583
0.7286027102803092
0.1874008967068923
0.05409069016717072
0.3765200685064509
0.1428006036255729
0.09803883636091948
0.4893745485755856
0.10048609874493009
0.058044602226593245
0.2121206676401346
0.09870936061736701
0.4392470565997486
0.2098451091717859
0.7074739862422847
0.15510292680477566
0.7233839237708937
0.11981326351674304
0.964103736588116
0.27830442011524026
0.6251766765394193
0.8484458020078356
0.5681654104471301
0.8738195411614278
0.4617669847640531
0.23217208074318751
0.8561826452916168
0.6785258417708526
0.5283312731728187
0.5943679450338326
0.8357404221821021
0.9126160910718211
0.1639175515824638
0.8908473422512133
0.5854562931199472
0.8242624564663956
0.48356988893957564
0.6695016639673899
0.4864365664111101
0.011412838955870752
0.08302812798776715
0.5070359215164295
0.24087842234837908
0.14566237906786794
0.9422643081491329
0.8356587894373666
0.32071202565517876
0.07258434099493738
0.0850263509718332
0.3897941161261771
0.9199953812807227
0.3006221972037417
0.8361435464986611
0.381503937450161
0.9080908744931717
0.5945671880168939
0.6812337479355444
0.8896537821576174
0.0037613275120120804
0.29058273571179405
0.8543047384131603
0.36121520989541755
0.557479385515008
0.6330980588040671
0.5074429126755136
0.6513271952426394
0.11264338882125191
0.22554952084933633
0.021734729867301406
0.28324442574989717
0.49161782152134714
0.049584415700481665
0.7067926850202124
0.5451343300746712
0.549334371397912
0.39129571757659987
0.33325347204428013
0.9546996080839889
0.4828145330225473
0.7261473192375525
0.10638425931199058
0.6185511632470109
0.7281080777896216
0.616908159954102
0.6257054245340035
0.12758029877032961
0.9195709731109336
0.20253741373200818
0.4189339520222579
0.5211690503879627
0.10668050735519485
0.65205004475265
0.9499520429307748
0.02856639891391377
0.4383496662339539
0.030525140798622452
0.11351506920022403
0.00989044846039211
0.4464231048764018
0.029313500624599476
0.6900292362190992
0.08507056668829871
0.40691003822210714
0.17225138189128986
0.6886187738175007
0.9620847004018429
0.03370252933182338
0.6198167057148536
0.9465891590208861
0.660499903332207
0.16081445777331393
0.5729624119418115
0.8944409197541212
0.08068499107091376
0.8188713947241084
0.24546623035159953
0.9180629274070073
0.4895007203439439
0.3806010443488328
0.29441956779896894
0.7602366100451092
0.7269907239199098
0.597543105705683
0.5343172150562028
0.40341037113916123
0.8961195996463007
0.39670537767918357
0.8065156110422802
0.21308274448796016
0.8541350524533127
0.5165743120493256
0.1081739986107908
0.8916049580130576
0.16504893717075264
0.7516493864475413
0.20822368533650004
0.30709478061092654
0.09501306875812032
0.7008912440555057
0.86008816541599
0.12959543542497554
0.4938085691134544
0.7044044635638467
0.5189279685181949
0.40732030235372174
0.7558151697216866
0.030207953650226882
0.7061616713214001
0.05464681913459879
0.4124310988392965
0.9995427855946826
0.24466081374931115
0.46361860257419796
0.1147643725502443
0.4045049009201891
0.31998886681395455
0.8346791136044989
0.2799232918441845
0.8003235305200456
0.6881200351707182
0.7866822135085692
0.012066540472613019
0.7011656132767166
0.6054055889014214
0.7152112268891775
0.7190725309610329
0.8561905418218605
0.3783414381917052
0.4113731173462434
0.38099460681698094
0.7047190352733455
0.4426818660928704
0.09914563426371381
0.9255972526767087
0.8276699960410812
0.48624053756704533
0.10324586002658842
0.7026648595061142
0.8235036709210994
0.13490322405742994
0.33820493835951804
0.838429049936043
0.06905514821489334
0.7510355744987998
0.8994528314445169
0.021847264649402787
0.7284784734522662
0.9090625454306682
0.030231873258670605
0.5627147550902796
0.04290647678309201
0.11784953105751361
0.02192080826370435
0.07731366552821495
0.12632944714531957
0.38810554928033336
0.5026055293403915
0.7311988290740195
0.7777005418072713
0.7690866854288321
0.5000348705652033
0.18600230454000366
0.8139669299123746
0.34024735209816503
0.2600259510420353
0.5858764054438057
0.5431360436494801
0.1185915473270347
0.8346873824351246
0.8806578118832895
0.3124528504561854
0.6095890041914598
0.25080187049396163
0.6711596808963494
0.8904943503777503
0.4621923260646572
0.17420634312622818
0.35202598610470925
0.49399376331884204
0.40766683789258185
0.9301139079930212
0.8005258192573228
0.8727061737391311
0.1264124158086657
0.6724040895204031
0.7017442285359199
0.4929397561180475
0.7285203296140033
0.8283646184696953
0.23015443440211714
0.38655919398512784
0.1282289590696828
0.4822126893932115
0.07479480305525388
0.24946896337960123
0.29726259451401327
0.3555627058999973
0.5746119637160518
0.5902009452854726
0.19792213600460662
0.4398606167291059
0.1288520418171497
0.08015957702395338
0.5039779792960908
0.6658637821522253
0.38968113469410115
0.6578778484233887
0.10869202785364984
0.43635104412800985
0.7901118687067401
0.03250070551043871
0.8590204836756861
0.6596931793482983
0.3999384741382901
0.9474151414075604
0.44385062404746956
0.8228959224669736
0.7054811825860621
0.24263779454955903
0.8222575601991293
0.8707715508215754
0.8022776553253632
0.6156901782763173
0.23230009317900668
0.8482572435221576
0.31438060949614277
0.8547547252622785
0.3807872439811848
0.4956558669389408
0.9415955462397982
0.0292972961604685
0.43138427701189186
0.5300497926625032
0.137646531167531
0.7804924711882872
0.02656410738929682
0.2176543431031377
0.9082985939213526
0.933853767897898
0.563743304356102
0.6239808653435477
0.2212434072555518
0.8208190748686999
0.8510880709559925
0.8005399439460974
0.6032092047301367
0.16112107021914568
0.6802795070439378
0.08587867901508339
0.42741165621633104
0.07232384853170992
0.700482583015209
0.9633158851839676
0.6012272667779279
0.8890863121101202
0.9024344223814935
0.041821724811699434
0.6733757563980125
0.542204281364743
0.21327651302071282
0.77193945356908
0.8751186220964033
0.6877547006783333
0.6498959019241735
0.6779261698308043
0.2662356729122586
0.9947786438518751
0.860960650676837
0.4375062374424705
0.022535879927524594
0.8344629557612273
0.8056477449812447
0.3873568142451973
0.457269292370156
0.5104864335326011
0.9113261843675908
0.21788470267516669
0.7451523990781015
0.014264409727884342
0.8230908437741513
0.8463469789032514
0.13636126041218422
0.3899955272579685
0.09564117774059833
0.9978985213005369
0.8176615491383956
0.7215686545763262
0.9360631137589945
0.9224229730801801
0.44265096766263934
0.223026948243376
0.2959330098451112
0.816249207679927
0.3364188434356339
0.2171759239621085
0.02022020736020358
0.21106815558864134
0.4377570465248357
0.4604544881589445
0.020714521751969528
0.45034671010944427
0.1659573747173626
0.5161336497780806
0.25500177550367065
0.8690934307416351
0.9117633655300683
0.7510068376220325
0.600354157665512
0.5379522816622706
0.14392771798799608
0.48919913932922166
0.07757202268063912
0.6758613306500205
0.6333888904107738
0.3842553410185079
0.8393533335273908
0.4862951976190222
0.026995858314746046
0.5225933787232042
0.79068127707394
0.3850631924308119
0.7709129367200265
0.041287026063557386
0.5530144285175487
0.9645945364254274
0.6217577328612702
0.17967429954159808
0.08091195224981651
0.08391162617853176
0.7936958853383449
0.7854271043419416
0.6143915203695474
0.6517544921958416
0.1832189659886514
0.9982306322533474
0.7117586617219054
0.8857639634381052
0.7251108797868966
0.5760476328837747
0.9153808059663113
0.06580834555156234
0.7383300399196357
0.4978235748911375
0.3673852218762135
0.944564439682392
0.3746213839139374
0.1680985117000111
0.7254613402042269
0.7319277719953141
0.5068492308065911
0.5531749385472957
0.05733978885442337
0.3608950224348837
0.08760276652768262
0.3461440888104055
0.6970477087894851
0.027177562981246295
0.830072805742593
0.26027423896358415
0.7039206190577036
0.23329660909867012
0.8877999097092781
0.7559440254597773
0.580835069738646
0.7782327616850946
0.18727809026771958
0.9065395597603589
0.8270188664690685
0.2600889770261945
0.7580900579647147
0.6169023650764991
0.011946602232697279
0.2412434383910571
0.07058717909752077
0.009293219862660296
0.8885117708823873
0.23249767467505023
0.6668626602160597
0.1264973512463463
0.3397807908153918
0.8391263039252319
0.5570303270122761
0.03228250892965412
0.06430406434146341
0.5707636522857662
0.20402571108010825
0.8188264927454834
0.8404439922937783
0.7443540954049337
0.44099141345634396
0.07221899744351257
0.3582006959097348
0.38811466234822056
0.7814145117460201
0.8519661954116127
0.24425210645128126
0.5920213996796384
0.7713618783715557
0.4273022709435923
0.14011425328957916
0.6725176435849389
0.5188145689423114
0.8882335180392438
0.6081218701431339
0.5264122477025652
0.056280860224992235
0.6399601900460954
0.4740297593640943
0.02047418044056637
0.30086293136023023
0.998215522478352
0.5454658536139618
0.6568908523794232
0.17988157902243684
0.3033659213913833
0.26924147051050795
0.3748598502474305
0.45153086285490684
0.35112052667370164
0.38715258678886855
0.08829190414183508
0.25486090254077265
0.2842239287675865
0.582299782396003
0.9662462670985092
0.456717620896941
0.2365429099860048
0.3204177740911074
0.5279189244273808
0.8242768077779157
0.12497822001892733
0.8632414415485439
0.9998380229643933
0.4217820507219545
0.9411665671442095
0.47887300030291247
0.8145341104285149
0.2510779995151722
0.8390357820475145
0.20775909891075206
0.22871087184470795
0.022475724289557908
0.8004866780840834
0.7705719528750683
0.7551425439187691
0.10811056183605339
0.8456162226030188
0.5120148960348088
0.5985033225125034
0.8848414386740284
0.9838015439038554
0.2145494444742313
0.20217299413184397
0.24512985159159428
0.8165288996119722
0.4742903218789052
0.7115931892768839
0.6711814832385974
0.04068614149959782
0.7379204171319205
0.573543565496331
0.25482755109247224
0.083040091525312
0.6612200724118833
0.04498871765751167
0.4558946892866824
0.5875271453295494
0.4032651809424992
0.9573657532489106
0.2085547034113331
0.5151361542115036
0.17709095585757595
0.3929245221020736
0.27334464165807226
0.8262301622536994
0.22916074693824595
0.9793212505122568
0.609359307156552
0.4980679893840698
0.19462368901658778
0.3298642757042849
0.7235249116128619
0.46110351163137997
0.3163268118089504
0.5149707371113419
0.5823121397949456
0.46863381622664413
0.013461456445489794
0.3041254548903054
0.7043977952458889
0.0022716490145782142
0.21026414683037853
0.7899039981134566
0.8671857277429884
0.32274547468067905
0.5857464198846667
0.7049882947875956
0.928571796160381
0.8092501866191564
0.07106234909737208
0.3028125244296751
0.4308598274233255
0.5409011438926392
0.10618889290328282
0.005652256378049891
0.7898161189736066
0.7107674473512724
0.029090579933810368
0.6563325051748838
0.7022600307538298
0.7600695906764829
0.9138670678506893
0.6713680628418504
0.14729254301552253
0.2397001624168209
0.3019909065465176
0.4446156033115458
0.06631364505462489
0.04960923530002548
0.6761631599289881
0.8727660774080495
0.29454728182520706
0.6988409938887796
0.6865371867331143
0.1539318833088299
0.5062522930992839
0.6835138835217773
0.4647345960180129
0.9787719410719331
0.3026544754731153
0.45290240836628226
0.011159924937296894
0.13429144923223468
0.7156092634135662
0.20044525247598877
0.5846715056377467
0.6774135882001255
0.04379930530831255
0.4926088863419047
0.7317652471706335
0.3619820596174148
0.7296252684735121
0.8147100466063006
0.5942470964378697
0.002769503753152769
0.4046560521289191
0.5265468218894904
0.35032662421006755
0.9427802778057475
0.9388328011300604
0.09822918109574896
0.16432234802715384
0.4865534676834409
0.5923778718460808
0.6708549561836048
0.6918597878076456
0.07933867673109041
0.8012609967501125
0.9636214002956793
0.13705135539434354
0.5320646006423431
0.7100446368086111
0.13148666748222415
0.6165330455282156
0.08969279124407148
0.749805832660092
0.8154337973197512
0.6524463632186768
0.44080317351970155
0.9038818109445688
0.865404044379624
0.19831502817949076
0.6823705741562212
0.01757759977165363
0.8969829452414064
0.4308825207726441
0.11174077888008505
0.46758055938380005
0.2834538387688561
0.13885690117432103
0.01565556932197243
0.9897736138373046
0.6476281120726906
0.25733066783045366
0.2193773637314449
0.009039852182724628
0.23032712962566282
0.5305077728872949
0.052213750962185834
0.7121330783059332
0.15610094224005522
0.0594436668609053
0.2665856392112056
0.11919514347926596
0.6641032624754699
0.6004322977761196
0.9672029931930537
0.6173041985182486
0.24205354806727652
0.11539944935451096
0.5154791639861902
0.005801990164074011
0.11831469683205853
0.44866471641283034
0.8772171195652494
0.06033153703054861
0.6608859630342419
0.8507409689851377
0.6575591381116048
0.5475165833300957
0.5251674214642681
0.9332625738772611
0.46663285788668496
0.8098276065713572
0.8881805369056508
0.7066670176121126
0.781485870350844
0.7660982278037609
0.809266538934764
0.013065938101784136
0.4123824415253159
0.3104654726106475
0.18025577478399013
0.15597430183386818
0.9640215630693769
0.7414844543499655
0.1839784849487549
0.16163250601707113
0.6829253028513154
0.4161173017680826
0.9511088389720386
0.4027994865917217
0.5918749588951735
0.2061432322324641
0.9748965924706039
0.42577262299908303
0.5810629137222161
0.3838842634461648
0.07446347437284562
0.1984401064018244
0.11569812719703387
0.44900719710979264
0.7742044522277796
0.7217601593683698
0.24389043478118277
0.1782112918842711
0.6090744175537508
0.2314878167555765
0.5623337702288891
0.8677774281103434
0.4630838815923035
0.8426939840730769
0.4097025142190456
0.5267375975391861
0.9424313453371047
0.9302838564549811
0.7333095841424451
0.22393315136784686
0.5622124732561455
0.3179970867178983
0.6735549508214147
0.9649852561112877
0.5468480366276427
0.10519545064259095
0.5092545837667881
0.7960337789118497
0.32631851459135164
0.8811945290453331
0.08123667856829342
0.37356944893757493
0.4600047164916088
0.7191711154217524
0.5291929592496063
0.09097125016582508
0.09245425816977937
0.4100457914650233
0.9185686802752091
0.40586434501423607
0.23003085988400995
0.6077567071482379
0.19282180823604267
0.8303076616837985
0.9860781551035642
0.6065537574024509
0.12458544634206747
0.8072566138795545
0.9191191466662083
0.9553582451507305
0.7910699645776706
0.05377163915944516
0.9042508752261977
0.01883935110132451
0.698815502829752
0.6653806103296094
0.14346685821103167
0.47099482570597795
0.6450470653521763
0.9583698701553993
0.9774592715777639
0.5924127813289439
0.41188383330079503
0.08123575620043932
0.09748749681997837
0.29685357574217286
0.2862013700910202
0.6687827899872802
0.31885727672845876
0.7562142885340613
0.43634021259702216
0.8112129427305366
0.4441628240395845
0.9874146295922723
0.3952372447450294
0.19838995855032748
0.09520748989647321
0.5153998925361638
0.5811172795564241
0.4900701540756396
0.5936246506291449
0.24246809844205242
0.34260761659401107
0.11612766427785792
0.496669317206784
0.29319061784469724
0.7094846375037009
0.4295849294130323
0.9884045297839517
0.577512623347084
0.29453589288693593
0.2638910539669381
0.35403744238078416
0.6956542335574785
0.05398319912993288
0.9982334674784281
0.7511085505051527
0.9951934521095374
0.23323726897290387
0.5287250588506518
0.17012901202949093
0.15517920788000228
0.7803171630777948
0.37836533815416495
0.8644139144239058
0.5724090557188171
0.24056976397424656
0.502642892159197
0.4736982306873865
0.13833437604057885
0.18386131023735985
0.5281091385009409
0.6239552756751268
0.6808758633056615
0.3990178517132781
0.9846498018479188
0.4941564671267866
0.2523474404781427
0.39699916342486485
0.725971414185967
0.018506627886894167
0.10248776122426362
0.4189472746808556
0.8573578195782141
0.7409445110629316
0.44414414064904495
0.007450318876647932
0.32494928103726184
0.45105983398231975
0.47668210897346697
0.6354900206497618
0.7220081540240624
0.599897684485935
0.8781383938819456
0.37603832460348574
0.4895170917027092
0.8851025102247592
0.9889510138550939
0.7910776415421465
0.08696578312424275
0.2884464958055766
0.6758971151784483
0.2740871473121713
0.011051644558782936
0.9172461843960753
0.6742788872672649
0.36988092632515834
0.24091515667153462
0.2271358190223125
0.9275488755572154
0.9998936842587698
0.8958162031465453
0.8225750663431715
0.8470783154961512
0.16351749169204122
0.2727013476140774
0.5711699715676473
0.3917836787813098
0.8273933109079077
0.33578215652671206
0.6718028997399359
0.49441701202333155
0.47853299225984824
0.6295879656673904
0.3080377082631909
0.16328785113442734
0.857905118044388
0.7623694173386009
0.2194124612113426
0.4618731202733861
0.008406555369126156
0.5048549124725126
0.8050982118628429
0.6623239399248824
0.5300558657134746
0.22820831291841936
0.6260502476341911
0.8699764332732487
0.203851853900342
0.6645735803621153
0.567967541240713
0.9033596348119959
0.39897394926778884
0.7007810110364496
0.13694893861649238
0.7108590777859545
0.2786171220485678
0.38602454237723927
0.04284670179526984
0.13027337633535274
0.27890723048764543
0.10102206463359464
0.2470161176875061
0.7764261812611188
0.9981009990376588
0.6183833661745133
0.7907985056447644
0.982749067091855
0.04011657630639354
0.9164804347354614
0.957157741219534
0.7502090780099047
0.8170077698071683
0.07020834404262977
0.3845713896105454
0.5229338362490663
0.6198318568067951
0.6457347563653284
0.07364871037346177
0.4187015130376419
0.5997974725447559
0.7447747346407254
0.6557145719291944
0.3811065521537811
0.2569419776742432
0.34194832661749186
0.6103045393028861
0.8254621144808296
0.7621511874929732
0.8345546451900865
0.8034142083880502
0.9590225133790811
0.8036212872629112
0.10274745638494909
0.8389296537275492
0.6569447986046197
0.8196469169303013
0.17507354410244558
0.5529656934280183
0.5735445262638921
0.5977488189726472
0.972827905263296
0.4351434779392689
0.7590040360245387
0.9198862641760186
0.30733804759458594
0.864688094960899
0.4619727012215564
0.7373775354853258
0.7260227740549994
0.13641788435811097
0.566342955359681
0.8487471841812466
0.8246526246092507
0.5598486089314316
0.5643951651624066
0.6973863456694891
0.8629678478769052
0.16846433528702076
0.5458556993221917
0.8906926236112906
0.7315742769007458
0.4061808850224995
0.990936175510085
0.5301234861270181
0.799789632970574
0.7304969951670941
0.33623470444146064
0.2390059010315937
0.08747786159938564
0.1326228430116949
0.2003561280979591
0.3886477284968042
0.8702119062418059
0.9411623837805048
0.007674597088801027
0.83678278598119
0.9290335867279118
0.26139133844270335
0.7389113987277687
0.31979306699631316
0.9338653105751509
0.0903788404238477
0.4797690524146978
0.9246764785031849
0.6786895077010475
0.0869398523510756
0.2794870121633781
0.1462456531548304
0.9345204298163414
0.968932771253993
0.4470878118937809
0.1301023565202175
0.19092242599135134
0.30389635096440726
0.6912264590362538
0.41865439251069403
0.2810457479975559
0.9980319531776003
0.5580876126533705
0.11131363262920413
0.00849515970398862
0.2916119494269258
0.26455486342152157
0.1292917914825753
0.7320612491038692
0.9086398421455475
0.41909220476607967
0.8303844142964023
0.018787947982932263
0.8775738705655667
0.9834059624261835
0.8087130582117401
0.574563581411301
0.7123742002572804
0.7696953864113838
0.1594853827279452
0.527483036202506
0.9441676579472689
0.18630449150127304
0.5836605184885539
0.94371489216509
0.9015049348613449
0.7161397487119476
0.11867741494714479
0.6274404570775638
0.5913548663320649
0.4198537303735401
0.8059935804001739
0.9008199291754477
0.7386171323590642
0.17480569672281843
0.21051605241196403
0.770257575459059
0.8136980685031068
0.4262958132907182
0.1519160995023523
0.4955656775837287
0.7451602104054058
0.5237816898322409
0.7517899524433487
0.4439765651222176
0.7202990100356614
0.9164302513649867
0.07077398937098822
0.6265378412238518
0.8237404081047108
0.7315739140835444
0.8609416139339938
0.3532614993194807
0.6063214676656956
0.2573077085074955
0.2917564587440429
0.76984474737202
0.8062061377709699
0.14892496793068788
0.9103770262781332
0.9793602477997716
0.7033184355632809
0.5434018101799569
0.7969543873730383
0.3755523149107176
0.8000351641936545
0.2497616499224471
0.4355240595787342
0.45243193365669754
0.9966981278476008
0.19145342612750027
0.09115217320746227
0.538757286844463
0.921657855301955
0.8104761454184757
0.6087349352247224
0.6227874512615426
0.35482458697009744
0.25368362911510833
0.21225597544029218
0.4734466148455998
0.4251014160526101
0.8239203426287902
0.8252124104151493
0.3975662460644107
0.7982544279034707
0.7712653190491217
0.7868178786141231
0.8575945904414566
0.062304987143799284
0.06534752471382976
0.11493146519487185
0.9929916802249075
0.6390254799330886
0.5513947981153551
0.7107669838221498
0.3583000169118553
0.9788285590942316
0.20153445877552212
0.7829328782053118
0.4610245888984674
0.8824189154212585
0.9809648305004592
0.83817634560548
0.8546082933711876
0.7342449089671632
0.6565339309787079
0.810430806386055
0.5150622575071662
0.8739716499690597
0.7504395975181852
0.19301404747424744
0.029138083570602324
0.1144364081981657
0.22244121265207806
0.7627546670731606
0.19573554846613161
0.6800961938041201
0.5793839731845556
0.5160329036060376
0.8220699737923731
0.4969114257767988
0.5635062740313903
0.6067498271148064
0.3066870298080864
0.3354528547218478
0.247395889932565
0.3198885001791638
0.9582105409283361
0.6538805979318252
0.7941402911185322
0.9152545362709794
0.7398588193567244
0.5499824117340653
0.8713520684908902
0.5030795126562002
0.7284932013855359
0.9571224226141517
0.8510087237826622
0.3556027970454494
0.6026871318945874
0.9793266337150766
0.5674394302752139
0.5297918228148544
0.12428808640568056
0.15217861464104865
0.4398335561791624
0.7460721622110005
0.3466894136049592
0.6970204507554978
0.7083882540315916
0.5040327935699385
0.37009470673769873
0.9456600163255493
0.9081446252898531
0.9845282912154549
0.09635806682632153
0.13848528630353507
0.7307056788535209
0.7550274549093114
0.18753055216211711
0.3732274392402233
0.5289503228280792
0.7316257225632092
0.2990339327079268
0.9512836952954007
0.35982428635002295
0.5612467677413826
0.8168225300824934
0.09966615178019556
0.9235360794487557
0.2679534111331012
0.23828732729083968
0.6943990925153889
0.834306043254547
0.4382265901633322
0.792601756455344
0.5736173577909649
0.4237019067094454
0.9544093659997044
0.6098827142315908
0.6190427495399426
0.05054546085079137
0.3628498084925209
0.04870574008401096
0.9294625210553282
0.6892071151690657
0.26987434576030744
0.5555838920469738
0.2089047424203765
0.34523664560635847
0.1915579270906569
0.9524576192432828
0.011938781396973352
0.5787234776606174
0.7277269574793239
0.7097963820529622
0.7223535436592798
0.14293541470842208
0.19707258699114272
0.95671330488234
0.4764715132225388
0.12285084388395995
0.4908316261975838
0.9869761012928773
0.44228445748125234
0.9514592280637042
0.018312993508867725
0.6040651116173075
0.35656258711932365
0.8304764132369058
0.0916091914664412
0.7348300814412174
0.8327179543033811
0.6433527234515082
0.42704118639342226
0.19652139939544155
0.9673627208550293
0.6643320843502685
0.313725358757206
0.08238743959883377
0.3559470318002933
0.08143727240026699
0.7360428514277866
0.4960776373245219
0.8959750122399108
0.8749510368159612
0.5849468331386658
0.4156661183422199
0.7622005030460071
0.5937844745142002
0.9650137033729529
0.450863851413535
0.5191230776362181
0.07448981917542641
0.663332252753537
0.24173849902055267
0.2165261075656144
0.5033223081071305
0.960207731651374
0.5419390200207688
0.1355376680695053
0.6742463133216976
0.9302114695526689
0.22450595896253378
0.06647500692545871
0.022911927488416195
0.9227331843598583
0.25852986229213704
0.8413063852507554
0.002999613854669292
0.6339954686530047
0.47908387713777567
0.2977162100723241
0.22963870147144294
0.03786903587621793
0.6804533737203711
0.028146103357808316
0.18226772904729627
0.8540124833763756
0.27043470051076013
0.10372990606627974
0.2979866359342762
0.5508997271558222
0.8602174657722739
0.5137561348771591
0.14390009427051043
0.6241756941209253
0.44935617227387126
0.5874481772253646
0.2583565298879529
0.9205133020406033
0.9097481078359897
0.22305372094262355
0.8021942510454083
0.33506544004232164
0.29513690764014555
0.21092381128957172
0.6762373239850019
0.4431749477832658
0.19469474895214134
0.40850188220768757
0.12777310327788705
0.17553405686658463
0.5939340090089416
0.8825691142475669
0.5942499497268479
0.6493213027299027
0.28586917706627224
0.8702558511253262
0.9101930255520592
0.6552395301234979
0.8828271239753884
0.3948282155586671
0.13200135847927008
0.009429130092839522
0.16332483777043194
0.9031414746169222
0.5135711792444106
0.7873982695754949
0.5078163535953395
0.5220631129184741
0.22707310203413078
0.8771533216529019
0.5645989524883477
0.812386244528422
0.8973662530932036
0.3210245931695672
0.022406064984105134
0.9513721038237652
0.5725712052754215
0.8568057689384883
0.617899399216375
0.3591605567069711
0.4783726631023204
0.13589179669825735
0.1974550980142593
0.38741272101621926
0.18295043681597178
0.640002480794871
0.5501394280423961
0.9752216146640351
0.9834407040599458
0.036170368622476134
0.3564745978239976
0.8076449170519411
0.7653184339498593
0.6501037679973676
0.9056453119823549
0.9851351666813868
0.7125587079276336
0.7009719578367055
0.48759203860036116
0.15988718313391104
0.8017562148220783
0.8084594212249985
0.22588172280612717
0.5915968866735246
0.9185756768676419
0.3742853568477791
0.9946114171333149
0.2987549217442873
0.6475659716585511
0.9510378962342911
0.06002847568009728
0.5202912656105694
0.9605918524445489
0.7135549515717785
0.49780347766315813
0.9500958001637758
0.395114768964147
0.45078574375973424
0.31384900496220536
0.07394626076152133
0.3608974361953552
0.7710529025325463
0.4139741589206556
0.5186966845368839
0.9594109173212446
0.08622245828188269
0.913103346843948
0.5064269893169207
0.0842277397965745
0.7671956988274449
0.32247423219748184
0.5758901860217893
0.6496977096882672
0.40723959985164115
0.521516954322649
0.5697272401797169
0.30640427496665845
0.22575186490500876
0.9304780482955948
0.29576034672123797
0.3023896109880939
0.5576342978138804
0.645728516811573
0.5094543294488103
0.39729777097945385
0.8820849685270542
0.8570814575303858
0.8198952578774767
0.1604722904042173
0.2335128501128052
0.4236670130170548
0.24295847560394468
0.8870638242538176
0.9079132328214814
0.24386479942487593
0.6945224291644063
0.11186272791129048
0.42411741707032635
0.933456137207483
0.7149896870503187
0.09382942411038897
0.08041974697437193
0.38292031669017046
0.9877894568754606
0.6208920479590645
0.9673072796073188
0.6330692522521713
0.3842096589107351
0.6713089251748348
0.2658122244999339
0.2586786364810749
0.7724847513983006
0.12273259115028257
0.6554710256868297
0.934328358431096
0.0030312874484543784
0.7867379368132357
0.13126896705162427
0.1467063191585143
0.42782490401021245
0.6088043245578727
0.8514542801565606
0.21195643599018998
0.8674570553338512
0.18352398586368035
0.9486532221495705
0.9028243102339801
0.652065479735539
0.5112056448938507
0.356208264369287
0.48530717465350515
0.7418280369111236
0.09415767798726216
0.6285760233565447
0.49526188706448515
0.817442662724055
0.1640335947538123
0.1060849295862063
0.8444743058518358
0.9762505567286568
0.17392981669811558
0.11264929628642939
0.44976070683994696
0.0932132565248196
0.2593447149757697
0.8677440339759768
0.5519468863717052
0.03903595851163333
0.9786844841318341
0.6426654271500878
0.48989917495884483
0.25784690488510753
0.9660221078182705
0.6916308422834887
0.6224082527142452
0.5153121565016783
0.15473440062846233
0.5367106409146292
0.4594939776438931
0.863904134334176
0.12346741141377682
0.880102770398183
0.38019867218310743
0.004526794513725507
0.1373008803239948
0.06341590834673316
0.6784967922936738
0.8512940874275576
0.11153190248841738
0.8839516822080844
0.8834294215482996
0.6173753284065899
0.349730509165848
0.05910763548025377
0.6934432867620419
0.7990466887911207
0.2922234794900471
0.9734434482864973
0.0191052812605379
0.9078252416525268
0.8536379588974463
0.24407160867914324
0.026975856200690984
0.9955011337400215
0.6936308488647922
0.14587073499396475
0.9426848169341815
0.07946917431490608
0.6916791592271734
0.24187095120378332
0.9858415651160117
0.03808471942618552
0.767200016286935
0.7079502907082531
0.539909599081013
0.2657781220071791
0.478038394993443
0.6253915542921527
0.5725043917053556
0.8609541575158937
0.48159816378571296
0.598815350980404
0.5558447150003041
0.8417297305926645
0.239018129185135
0.9050281112509599
0.8244016215107286
0.8819019595982365
0.5393244888957551
0.08991104216174439
0.26854286792914683
0.9079885165166952
0.5240702828886639
0.570433376530302
0.24523069472691206
0.0689574169955216
0.6532518306554886
0.12888259737992858
0.3502430759475914
0.5139673923924153
0.9843082585159038
0.27745202157502824
0.20745271905520646
0.2051347822981091
0.9344211736134902
0.022530659308266587
0.5559679738384475
0.6957798272080631
0.9530604852890374
0.1781269817092832
0.5962576003626547
0.619418999033831
0.9898965337191616
0.8209848039984635
0.748194285108938
0.8226163085554088
0.7674638821770805
0.9882005351042176
0.5169164821682664
0.802948440017969
0.9692091577537074
0.7929238078304977
0.5942805608533954
0.40454866984397264
0.9824744482489858
0.570261842540406
0.3358137903415854
0.6310362096423796
0.38692290682486097
0.8591538786260211
0.14226765771872185
0.3965426208916083
0.8885273498577932
0.18524666577518456
0.00893280577265565
0.9924132615195018
0.7383033341151064
0.03207567856864624
0.7843778720048848
0.4632126942444421
0.053979957258162514
0.3117194759924682
0.543639172299629
0.17288540706319577
0.13651246093639235
0.15740134147062967
0.9578542707256894
0.7100734006265546
0.36622489858288
0.5793601853496426
0.6814365870720627
0.47531834409933205
0.7958827150910501
0.36453377421050237
0.5528260597105024
0.4679365936295803
0.5621778320749844
0.9289162261072457
0.3474467074663863
0.4644345957099554
0.2559551520120793
0.7277714671441364
0.3004698414053406
0.9468377850846623
0.08914478512098811
0.7520692517103476
0.31804389098866914
0.8210368471991325
0.9840493764181908
0.3014339678611746
0.26276015747142356
0.23636534201169734
0.4451733893667045
0.9981119273888319
0.529576544592959
0.8989593527296078
0.44532824479642774
0.6246959026018644
0.9924265238856176
0.6128907189812409
0.47775233939323924
0.8631949696313579
0.7076034637037838
0.9741782623974848
0.054527909355923
0.9578821666683262
0.3766959424485201
0.8030807193392291
0.6418997094338816
0.8866799526012519
0.42792286497301446
0.5253012222443441
0.8517362112132358
0.22102730203976284
0.24284075047195808
0.520085753690446
0.9497536756931277
0.6182331928355713
0.06314784162858555
0.8113566943714445
0.2805809491750231
0.40747223803447463
0.29134218630736
0.8804852681388835
0.8478755294274152
0.22714046264054422
0.21851040913899133
0.10618234750914723
0.16327429053994602
0.5604468274904386
0.6458036917722298
0.29615537914439827
0.9168273230151811
0.32808136315833014
0.5222682044751759
0.41317555287203245
0.08584785161094155
0.5043140636503793
0.8421289042838598
0.490322252289064
0.8498325886302291
0.051962096837682825
0.5811246931684715
0.27492974694259353
0.1306018772487192
0.0807138027872667
0.787567494598364
0.006470306135796244
0.17370782993104372
0.12898028494391078
0.4427975994329898
0.09000745757184592
0.9846906188268492
0.27403791864567006
0.8429360901809824
0.6184467150583213
0.6723011608772245
0.653257439587065
0.7268232932276406
0.5972201255091532
0.21699143456985648
0.9860647111222549
0.4270813049354987
0.6923570782047872
0.33830255779675156
0.5532533424100041
0.2009718307716899
0.26838826872274213
0.17247406946362798
0.6243618686063208
0.17804832681876603
0.8659421726706933
0.31369157156699523
0.9535897346182163
0.4755296548473644
0.5687739980518367
0.6562643349896518
0.626369428709036
0.8902174140021257
0.5784570982961317
0.3430475146183758
0.08779142319175781
0.3257696716119447
0.3270901546945255
0.8416067174003092
0.507872823065681
0.7712701037555838
0.11993066675839303
0.17205798243528814
0.502804829443634
0.6482283444382619
0.8397507610433097
0.13230148834752242
0.7763900989204922
0.05109929016116621
0.32064480788714467
0.017780823422922865
0.8147428659910485
0.862995986336625
0.9357844460467164
0.18754708924427876
0.5818708294420147
0.6692943645773028
0.9596833931542283
0.6848621301617126
0.6827472393460481
0.43935530720418137
0.08048877593607418
0.9556050972346677
0.47712643170397673
0.6158307879835363
0.014156805402927963
0.9076328828855231
0.5239573036797234
0.6966011357380109
0.4091699555449806
0.25541515440569174
0.9114789667274077
0.018437227489512376
0.48903698514745764
0.3452935376787911
0.4919530566041843
0.24595285737333983
0.3464907536796973
0.1866695031294201
0.7865087679284983
0.7912347522198984
0.3666496714763401
0.19239004239112534
0.30568672850122836
0.3305844271673435
0.15153124749962665
0.4567871124524394
0.2727162949346773
0.9719634996476798
0.9685325971581418
0.2897917353776913
0.9565502746230439
0.7961623021958932
0.8146396799658506
0.9717885123579848
0.9695454614687664
0.40559380089688735
0.46726976730574643
0.283936422773007
0.2984388411433656
0.996980784425104
0.06991012521329587
0.24030695266849356
0.026825567124408645
0.15819228587062972
0.3131497495556048
0.15378706112724916
0.5953636217631382
0.534319380617962
0.9522749052423907
0.1877028099481297
0.3620240238542003
0.7191858090162118
0.6802958597376718
0.6761428989355627
0.5965404042630338
0.4098335938973323
0.007310383726536029
0.7430904913032095
0.634614600600796
0.9614672560411341
0.12947266802365975
0.4980446884730574
0.7652084369880874
0.4487288958713658
0.24999529811020138
0.8272923971110027
0.9203245675540472
0.2708856449677757
0.009293636605213207
0.15955596411612927
0.8661454874129022
0.4851339502835872
0.4929221718239034
0.29944363919241224
0.6006325089172659
0.685660300275001
0.597935162175872
0.9742457643098514
0.6678209055900433
0.7106011987047518
0.43295853668299666
0.5955574825815273
0.7943383743869632
0.45752431734546706
0.7795047135811322
0.8239258975979247
0.20170809643331444
0.5142565234160292
0.6283755380865481
0.06508424310985861
0.5037417637668404
0.5160622691046521
0.11505891085302378
0.8243298877190186
0.7723170573685658
0.3445840247577041
0.7860633529399403
0.14459821024855946
0.3008218562423406
0.08379524827868146
0.7171692773289944
0.05285092416317472
0.2557636477979519
0.9645894440207718
0.24613625210712353
0.48080548037962934
0.6287951343334559
0.3454230444102566
0.2557123572973117
0.36175683398309655
0.5859965278144337
0.52104274302356
0.8997164914381452
0.6455000369161565
0.7430348383987422
0.5675149607711687
0.8701308899323732
0.2010682210991488
0.6287527444298413
0.6654143602719811
0.6963210967068454
0.9062218665579482
0.24466066580135304
0.4360326187516739
0.377622031414371
0.38678984911652714
0.21467807393192895
0.38582446761712785
0.0019206201208465945
0.32385065423918014
0.022484820036930975
0.1093494057859754
0.1173440218946038
0.9063647901413654
0.47874719487039363
0.6633589544090193
0.7322150953929325
0.02498532309061785
0.12210197855403626
0.6028549091204025
0.8279512333146943
0.5040918330999122
0.65580164878703
0.4700183117487995
0.25005455301015656
0.5283362563088385
0.09481905355088194
0.1571763415049514
0.8554959201635852
0.5769985171703511
0.3653346398811923
0.8445286853308416
0.406151757714434
0.7308489106693663
0.2655310179559127
0.5076332656117417
0.4357543799568453
0.9576311238906692
0.6615561488747117
0.3472462913957932
0.40116793990470634
0.40920833804952905
0.8668668063363398
0.11131985919966048
0.4687513977223239
0.8073939880379108
0.34408365871933144
0.8481140507988791
0.6524299560373643
0.4797803185819871
0.567784941081187
0.026913753439861354
0.3369017548519728
0.7658545471854483
0.7609575834300168
0.5071918095029642
0.9406444671758292
0.20397857072846515
0.5690448681515163
0.3609012337388664
0.0020982982842681075
0.1210036585538361
0.7850172326533846
0.7628219226696458
0.1274310551270348
0.9008029723998559
0.1722125904964904
0.5542809103647393
0.619721442150009
0.5640067472740813
0.9456220850422721
0.8552044297546966
0.32427018693430076
0.06703956088351726
0.8893224752980413
0.8521255444061164
0.7159670064134287
0.45146097196220514
0.9053762122597466
0.11105007316248439
0.39612467529408746
0.36677350331098757
0.25198167192401266
0.020771633928718503
0.13670163190970808
0.9652633446763055
0.8022099848464532
0.8286746658318787
0.1151561755746926
0.9543655203011454
0.16616830398897764
0.9212084063609818
0.7317132326129434
0.23993246905183807
0.4192055377297299
0.27089346358177213
0.46256152930836225
0.1796052599268958
0.29964066629622277
0.9670161710850176
0.11015780597529035
0.5792520642075605
0.9660978909394466
0.5523706592865978
0.9182924708276461
0.11524313501603722
0.5366482138417181
0.2327627760665294
0.6094573954809344
0.7696620685090931
0.8663043402116779
0.19934191358075126
0.10560810089984218
0.6696150914845214
0.9527628736302094
0.0926685702191703
0.9947859174487519
0.25753601314317565
0.0641536155669209
0.360378312407984
0.8483429648926584
0.5860202402872066
0.6514034168396095
0.8905747920427849
0.5418149007212583
0.44823385587293196
0.7385915839681674
0.2325509731366584
0.3372903842333237
0.7437732013477292
0.8658112537140734
0.4070674236709666
0.1918774268395369
0.7360765809514496
0.9269711227332107
0.31614327514504925
0.6579696041659571
0.6217046266938446
0.6949450405068829
0.5967924250446108
0.33495098195229045
0.7068850368054298
0.534890939321246
0.978238198188091
0.5140629937429093
0.6172824986032699
0.048774727567596265
0.4962000760643195
0.6850561928687986
0.33090144625155493
0.46254069242296425
0.21616722156302104
0.574199059863929
0.4007627680843553
0.8290082367008031
0.9698635688566966
0.6767583494966503
0.7315781033838311
0.7743983046207625
0.9356759278999776
0.17799425318593198
0.7654708632853311
0.04820273919104623
0.211681839810395
0.4389970647276129
0.8230199315068452
0.3020690602848448
0.5486619563604989
0.838012110279915
0.14748567305532645
0.6421286273482267
0.3566692894928074
0.37617547781213734
0.1528809201564425
0.09303347056098299
0.7924714061323432
0.7658501979908707
0.9473017437048794
0.8883722824409197
0.173729090761376
0.10799119839970195
0.02477338236959059
0.11014764761438056
0.8920571547725629
0.55936318233837
0.23670236392175248
0.6055016706970646
0.8097783815308031
0.6712144611430333
0.8408953788999594
0.7168788663498122
0.9986296442361144
0.7079720483724079
0.08203069790810313
0.4383621001515934
0.7489790746379641
0.18138514548319207
0.27462301758293406
0.27375080353212544
0.18561889969988643
0.35218706155304336
0.47815156717167095
0.6374385968956009
0.33749169816063707
0.9937641672692672
0.7127815626918237
0.16093318219146213
0.2515177573823799
0.47991932348366984
0.2675554150593351
0.10070921826530688
0.09991839720709716
0.23961880665590174
0.29381065813656626
0.993313852772975
0.5254587177092926
0.251718905167289
0.6965420789277315
0.5803934813973328
0.15596616322235501
0.16935045651024638
0.6141581021049252
0.9813430669508818
0.9371523307222529
0.8515503169897034
0.6267953619312052
0.8133688763234022
0.21887997178036023
0.05043553041711912
0.9417893616352062
0.6069977761144847
0.6768970225021307
0.9264154261995812
0.7535890939389502
0.8668275997820807
0.0038037439700844278
0.3949573897018732
0.2235560849520588
0.30615783587819534
0.1739323566949591
0.5274842856152597
0.18601912449463187
0.48028419278208734
0.9329520145998873
0.6909049921550454
0.15943795016588758
0.029006847109810385
0.8621837649849515
0.6945697563275133
0.561899052321527
0.5237687490924066
0.9137121290626005
0.726928214505256
0.04973404075560239
0.5690610590410048
0.007061196884360577
0.48280905744860947
0.9963719273320835
0.6351810870985226
0.3837340174746644
0.18484091011945925
0.9473957716936523
0.4581206630068033
0.09242541361630385
0.49443270102575254
0.3133002785295098
0.31229583981234854
0.27754477821110823
0.4643328777186957
0.6169387904156158
0.18366643982427577
0.6746573589579268
0.9438581997863666
0.05516532949984865
0.7520283755064971
0.8532072403178541
0.8360972166508314
0.5017293151776034
0.3388168815431356
0.38849767564010307
0.13259399879022538
0.7696747218951501
0.2027534056089646
0.9390502006483659
0.14974259112179
0.010933617590122457
0.19463921584791422
0.5969514454750233
0.34658383658788394
0.6055714317747212
0.6627387302402388
0.5881622602433958
0.3705844142940782
0.8224129801503717
0.8943645249280665
0.27032511834232054
0.958941499114107
0.8940056956287277
0.8759523563182869
0.6117605681059941
0.4898651846557316
0.5964332191873689
0.8386562110286513
0.029602323443833845
0.9810413317823516
0.41634685832157126
0.6086108733390436
0.6977528649291513
0.3621744466461292
0.1898797595406081
0.48429461646194816
0.39095009970965844
0.2072757682762798
0.8376198445532848
0.15686175755059573
0.09628342412212354
0.5803261567458073
0.16072090206399947
0.7897912820824062
0.47941322330803704
0.758938604435609
0.3835559910002797
0.6522493392712183
0.1282312740127638
0.4451506099998368
0.6594880791139797
0.2399613728323502
0.39646541363007537
0.4340574997742288
0.19407191677250646
0.18402081060598374
0.22460319464671508
0.3663161153136443
0.25950838943830123
0.9147232722071048
0.48358271435459765
0.6284113159500091
0.08709988620788045
0.242996875500336
0.9537365270391618
0.14458214450525197
0.10465929465474777
0.20989561567331605
0.0033413393751289266
0.3879946871652913
0.906269853716539
0.49383425210815624
0.8119125783913246
0.3099479670246146
0.8735055174319202
0.9078064526565433
0.9501113615741161
0.14026000756057466
0.2047755591304985
0.09259617337436366
0.10744300128358697
0.5971277453506563
0.6198234697526381
0.49291425587988846
0.0205498811589091
0.40641070315874583
0.8235778508778833
0.3359109084729812
0.8018697846794942
0.9819980132695312
0.6860755204721747
0.5561370675428068
0.6417138007146925
0.5409339221134022
0.9970801852128717
0.08762972212000264
0.5546421282109664
0.42775499358495517
0.4812699087354857
0.8391185378843169
0.09209467728309972
0.8425363409113102
0.23362564850948564
0.5627154691337428
0.12225850883440348
0.4978187010620432
0.6335463235399816
0.21764313194949536
0.42246055306435015
0.8127861672615415
0.2933022934614309
0.46767686900964156
0.9101736348480771
0.11691802895541104
0.663615150867602
0.7455769827693182
0.5043700440489984
0.981430622282129
0.9917240774974552
0.8018157238209387
0.7987006887957975
0.4180772799071666
0.2924966726311973
0.3417138413579792
0.9373558696479594
0.8690126421784308
0.05216672870259931
0.7268742812909177
0.6518505893497419
0.4730885503078812
0.2622236743964248
0.6023499518901596
0.04656420041511522
0.5485611100283605
0.9877566673548908
0.9746618909709335
0.555468862610442
0.8334718509251411
0.33882558989028966
0.29365215115768106
0.35297564035339124
0.4235244379893095
0.5888191017079847
0.442224090870055
0.602546750469084
0.5989145572077246
0.3583982403743775
0.9706273351746635
0.5595346898645577
0.5607631172910199
0.5646331981848571
0.779563170196715
0.36731565421168866
0.7344190057405853
0.08002078089117926
0.8681121423179792
0.2845466745071481
0.054800223973399786
0.5892185941489385
0.6341443334374663
0.9451900448032986
0.9685201217952748
0.24073293602800683
0.07594531255158854
0.40423176688849116
0.7394511444837006
0.3020027388837443
0.16782067479395169
0.7082296399912371
0.18233569761833124
0.37304756249661386
0.6141800787724612
0.957714106695315
0.9893722037403212
0.289316565953625
0.5259267324374863
0.5721414530494124
0.6738961601231628
0.23829841797594464
0.632347129468356
0.7506424620714007
0.9453660937873078
0.2695427495805258
0.05168148606372225
0.2958832995593177
0.3101620720173499
0.0928614228542719
0.15373009442187846
0.29197770083563346
0.8125655343204383
0.3870904416022616
0.05178067011950116
0.9644538875425082
0.09443675146474373
0.9960260466624908
0.13639602262306894
0.8189883296001859
0.8755203575738202
0.24501538984338
0.05469474969749544
0.3180039384487907
0.8513239056787809
0.38751160151759034
0.539348863445765
0.4043114849513365
0.014575234689718553
0.5143109446254717
0.41635524226299414
0.16373810210900142
0.020794424312195803
0.15371430473477155
0.14383602461290645
0.32839695718292794
0.5355396242130519
0.6391531818501974
0.005768081166964034
0.6164744194622616
0.31618020513657363
0.920979160301209
0.8795305910113225
0.37550358977140785
0.5506669347835844
0.47023827802420937
0.4665573257538851
0.5893119097689132
0.28436799784196554
0.8937282836313687
0.5779077209800276
0.37987287640154777
0.8821714013376913
0.5917829384960884
0.2794723739522247
0.07277521599754966
0.05820397837075397
0.5596688478279517
0.8338627018243285
0.14568489764818326
0.29348024496426595
0.22493879124475313
0.4509909161134724
0.6279232401248298
0.9418773813326762
0.4425374422780324
0.2544487423566557
0.6590696092780406
0.48790056513869806
0.6939357994022606
0.36976403925375423
0.5697432154990629
0.4059509824117744
0.846377990489763
0.8805484018150489
0.9739160242410756
0.3351192837353487
0.4034070725849035
0.023820663145288412
0.32381298566527894
0.9975325668384953
0.7202981812261269
0.7919972604055077
0.0758522012294418
0.09328529904222593
0.7803895190829635
0.41483911596263057
0.2986709929548099
0.3980763273704113
0.7311834780032647
0.9409022545880013
0.24448841316689363
0.4454536122528543
0.14926808078914933
0.8765306120534775
0.11934528912964804
0.09028636382635447
0.02253842928161509
0.6273188229241367
0.24383754806799218
0.6855610839474284
0.32340416458845334
0.5346779179138517
0.0011162582731139015
0.19703253863824322
0.6269899097895784
0.9377483589976219
0.8466164507733289
0.17896437900178142
0.9481362140835732
0.324147767188411
0.09382935998874808
0.7764623818083154
0.6306142209442651
0.7429796803168158
0.29924415370159396
0.6130121267752653
0.397216881518875
0.07350706102348292
0.019130998998021953
0.7405277097853789
0.47527739445904604
0.6273743382826502
0.8034913635377579
0.674495310292583
0.9425013737596839
0.96822984991328
0.11855651101284925
0.6982244677982625
0.6331777642204255
0.3904208482048275
0.47161301661742083
0.39777868921715376
0.32699779367497483
0.5333100254172807
0.4856004302291912
0.2713551156351963
0.9001235809585855
0.8971846432910828
0.18424954121542703
0.5757588566695315
0.8142219093835066
0.11987678596808427
0.5766485172202758
0.13201304380504486
0.3850612420494697
0.7846433573986811
0.5924250175671932
0.0750843641869523
0.3019667611740944
0.6312278508794538
0.0393609883147823
0.0912990257286348
0.6457365416029246
0.019461478533388643
0.2683511846833613
0.4439035886504068
0.3305094696358848
0.7230709326191875
0.06336521997523126
0.599986337466349
0.6150033570895577
0.020753265228422135
0.20214327220889605
0.8763090179898931
0.3066863554576431
0.6085452088718704
0.42711671819516983
0.850051067308542
0.8109388925706578
0.14184322314872566
0.04609631006841175
0.24925292297163715
0.8097480513538506
0.6473877826936347
0.08676344006111192
0.5761839300640177
0.3307325621650241
0.2589755747761482
0.8222030846787025
0.6945101180990461
0.4766872048941282
0.3605828990913169
0.4504148164004711
0.21397258051675405
0.7090397998891382
0.943452292476868
0.3297776060241737
0.17666715793897358
0.46561849787528
0.9678921316792872
0.08114821659433002
0.47382624181996924
0.33633067997924604
0.7498090940753446
0.8323514745537888
0.4527567741468641
0.9127022397400117
0.9154357240053579
0.1904397249446521
0.1489814504650313
0.17176201804908398
0.9259368036019469
0.5476097216650004
0.8696632085340679
0.0755867072359
0.8421328190852022
0.8100636059818167
0.8897192455824523
0.08973672723389803
0.6325053371692468
0.36815236935992357
0.2832015415979179
0.7952532609149485
0.988685428602252
0.8422869300407994
0.22512055333200776
0.004945389588010496
0.5290739236314077
0.7514251798427201
0.29354322517156306
0.5751171225026968
0.0036365803998257284
0.6453966158083801
0.3263943150380224
0.0063300091579288065
0.088216336686326
0.3521906496656475
0.29059195837254714
0.9084315266298497
0.4277215970609174
0.7585716581677104
0.6110959291663027
0.5652150879337259
0.5312469653998495
0.5120081400325356
0.09368980818764983
0.47863041535531625
0.8542534968799358
0.841757949112409
0.8751344595909851
0.08004082880535845
0.3346395800315882
0.2673212432028915
0.4373100391646765
0.8056654808399688
0.7001268949976518
0.8951707595593084
0.7169757939882393
0.20660154812810028
0.20941409047378445
0.1737722368046184
0.2902968319551136
0.9686716281982857
0.5052707479099685
0.2190167078277958
0.196102922541338
0.6872611818015162
0.9080100607543675
0.3645738488259298
0.7269612621704926
0.27728708167466376
0.3155085649982423
0.11680365161681294
0.7358355454569094
0.10470363286166018
0.6808311980435902
0.25484895227909643
0.0445109475737524
0.8145707374774689
0.8734914085360628
0.08447219176270471
0.17764364530866983
0.30445211617458345
0.4021363288498454
0.8669892507349357
0.6515412469350139
0.796124659927095
0.3127855346960726
0.9993244875505678
0.7661570812988836
0.2246780406967006
0.02114581727062137
0.26865952842410534
0.904815393526935
0.20071048290758897
0.20394657596902555
0.43608181596046025
0.9343677408256614
0.6195224663405408
0.03622740177835704
0.48806702121245094
0.3813631628126599
0.6661681792920726
0.603193678548396
0.9349977819929487
0.029160195150022217
0.6728034336550035
0.8194211100018483
0.7474610519728428
0.9963982783079728
0.8535382276371986
0.575480546220529
0.710171101669711
0.1006644067133744
0.810933755510499
0.7755516466411996
0.7663758045458617
0.6357616933437329
0.5538048647402409
0.28682558537197145
0.5103634922053133
0.35209209560816124
0.7336203322256354
0.675620353360924
0.6661896396846214
0.061937813481967474
0.5184651771164646
0.8706243436326091
0.25873018447435747
0.2671632583835142
0.4471521918321195
0.924368244943494
0.4226769148066858
0.3501806078471055
0.5077480917866515
0.3451452851399339
0.3137143300542655
0.8647296229792945
0.9138622753741343
0.9351023267059639
0.3258430166066306
0.5267484461947836
0.2351753607046585
0.3414794120615383
0.6056562589133017
0.19790279809762845
0.4722817918566973
0.21537881969835548
0.5778792929698329
0.1970899806926394
0.26465509941709486
0.15158192416533134
0.6640040636746425
0.5269817159755275
0.06775513212071149
0.14640327673035936
0.12694347853094112
0.011034015491217852
0.8470388625208223
0.39824220536678245
0.07343407716046602
0.5031647644663928
0.6020582952255857
0.5727891364610664
0.9728506736256044
0.9376567134832083
0.37204198083936113
0.27478681943531846
0.15743615532842425
0.7532672503802609
0.8293612286412555
0.7527932916711888
0.6118894257866181
0.4893266117859043
0.6129745827272277
0.3859832898612672
0.5947812080407873
0.09745632228215162
0.05980641394541153
0.720562424856837
0.7516075104455966
0.8199984626640568
0.1812295019175587
0.6107978093553195
0.8119773258910603
0.054140015673904696
0.07397387220080187
0.6715122111415603
0.6962375693168954
0.1716042990935296
0.09203547908155607
0.22287762418180002
0.316211759320983
0.024880580435626243
0.4215643691247595
0.28197981678172934
0.154642226325022
0.6762909603278762
0.7606004811845424
0.512750378265062
0.9039774716913829
0.979420974188411
0.38373142477293487
0.03582567799639036
0.3987340987744281
0.8480533017475254
0.8419554720227187
0.8247190554114885
0.8236554667559703
0.005807638414359273
0.8463796428617798
0.6716676289848789
0.5695562225599295
0.9035067397347634
0.8877964717189724
0.09434534431341435
0.0648233797284905
0.5980632983372414
0.8353661728763531
0.5616672947242611
0.43388619506893966
0.7872691346861969
0.5764572867405289
0.8859563734566249
0.18532530878655384
0.46475860256304036
0.5884431373252179
0.9535850380780799
0.5680057945772972
0.05195145692135483
0.5331680869450752
0.9328927304073358
0.9341047450706448
0.5471478169248634
0.5810487231050725
0.11022949432383577
0.41670559447613
0.6027729422100894
0.21447488946034632
0.36986159627834003
0.8304223701676898
0.3089937889667611
0.21398826562490902
0.10200927989266106
0.3664020005109858
0.5231570909900132
0.3877132811473647
0.9301365654422373
0.649057408541279
0.9270540053958258
0.5593949278398687
0.7950069503318282
0.7681546807670663
0.6380030719819179
0.516105281157538
0.2117303691206247
0.8015218372972726
0.623567628035997
0.10715762245706473
0.026170433731459886
0.3947944011534157
0.42472351300371347
0.015830403963052353
0.8572357537998501
0.3627674000463794
0.12611540029460078
0.029645381032672224
0.5723908791986305
0.3261705368663621
0.7007357415656579
0.661374722293046
0.9854533553190556
0.053627532302608305
0.30250450808072293
0.49557605296346985
0.32010583689509553
0.25412302377348706
0.26111642371107857
0.3051267032469347
0.5346559901290622
0.976681379958497
0.3460290628965512
0.9817732990627075
0.18790740699250885
0.953175097378109
0.7660299539621989
0.2964616399207407
0.12989612610359025
0.5163792290649039
0.9543818613233179
0.5903404835908554
0.7960314344278858
0.9149994509452006
0.7091820931404258
0.9748540698232444
0.9451150586534507
0.2780311476927766
0.5146410713821079
0.369875860463748
0.7354723668107612
0.058384647603812345
0.43207083463819607
0.5234399914886829
0.13721117923735116
0.9597328084368142
0.7449079044807445
0.7440609882935845
0.37321737118889664
0.90118347670338
0.9238369864034555
0.48163657705285834

