# browser_rnd sample v1
ua: Mozilla/5.0 (Windows NT 6.0; WOW64) AppleWebKit/536.11 (KHTML, like Gecko) Chrome/20.0.1132.43 Safari/536.11
appName: Netscape
appVersion: 5.0 (Windows NT 6.0; WOW64) AppleWebKit/536.11 (KHTML, like Gecko) Chrome/20.0.1132.43 Safari/536.11
platform: Win32
vendor: Google Inc.
oscpu: 
cpuClass: 
language: en-US
hardwareConcurrency: 
deviceMemory: 
screen: 1024x768x32
date: Fri Jun 12 2026 06:41:49 GMT-0700 (Pacific Daylight Time)
epoch: 1781271709522
count: 4096
---
0.8047375667374581
0.9757785368710756
0.4930053371936083
0.9842966871801764
0.8503860211931169
0.8201283933594823
0.8053923691622913
0.38339648582041264
0.9359566136263311
0.017926097149029374
0.8334105869289488
0.7773474892601371
0.6059181885793805
0.9058035577181727
0.9846154255792499
0.6116539654321969
0.8013279407750815
0.4369179029017687
0.5368445422500372
0.2964427040424198
0.331860370002687
0.27557712187990546
0.05278001609258354
0.24976168829016387
0.03676934773102403
0.8260326632298529
0.6227673748508096
0.8802915143314749
0.2140516561921686
0.16822782601229846
0.6047658622264862
0.40588597930036485
0.4239829385187477
0.9142108866944909
0.5416896464303136
0.7926047965884209
0.5119687204714864
0.12186309532262385
0.06329677696339786
0.967985698254779
0.6678688346873969
0.983745314180851
0.07062137685716152
0.5558072139974684
0.3299908582121134
0.4011016704607755
0.5178906682413071
0.19632630818523467
0.42241323669441044
0.7187260072678328
0.012114147190004587
0.1683500218205154
0.1516727909911424
0.9983797071035951
0.4581377289723605
0.15689678094349802
0.9249351404141635
0.6439413311891258
0.8456617488991469
0.49896315415389836
0.4801903925836086
0.9181033701170236
0.7271683888975531
0.688484734389931
0.46822534408420324
0.3033468455541879
0.689656836213544
0.889197796350345
0.27497159224003553
0.6370336995460093
0.0784101050812751
0.2866351422853768
0.12943380954675376
0.4365015982184559
0.5424095788039267
0.41558276768773794
0.902091161813587
0.08353412849828601
0.6968666771426797
0.502470352454111
0.7364568086341023
0.7489413924049586
0.5891418112441897
0.6098666891921312
0.7898773688357323
0.6912052487023175
0.2557960096746683
0.8911270142998546
0.7978617311455309
0.873301925137639
0.8403884479776025
0.0898706610314548
0.2521082863677293
0.2936486976686865
0.018588882638141513
0.27108807768672705
0.27008429262787104
0.10159756685607135
0.48456009081564844
0.06300928303971887
0.18970704125240445
0.6586439239326864
0.8451141773257405
0.1168413944542408
0.9110500793904066
0.669849555939436
0.9361926172859967
0.41956844297237694
0.7152279345318675
0.30007905093953013
0.7416869660373777
0.6776259506586939
0.3679537414573133
0.45176254981197417
0.08422354678623378
0.6759780319407582
0.489869705401361
0.8115077356342226
0.7270578241441399
0.009926976636052132
0.810900988522917
0.022023197263479233
0.8021442689932883
0.7472666394896805
0.7277494864538312
0.02698977431282401
0.2331981505267322
0.9239909898024052
0.30842171842232347
0.24682004540227354
0.6435685250908136
0.452784713357687
0.5634724551346153
0.26671488699503243
0.05104080634191632
0.6248999882955104
0.4206929448992014
0.8887299839407206
0.8352898480370641
0.47904634731821716
0.7515554924029857
0.4341812136117369
0.5437533829826862
0.36963793565519154
0.060944752069190145
0.9588151366915554
0.7455358249135315
0.403726453660056
0.5914659630507231
0.47656846954487264
0.8626929072197527
0.27115079993382096
0.34187076007947326
0.4558167920913547
0.24412864004261792
0.1934672778006643
0.5089644009713084
0.9567883154377341
0.2748098021838814
0.28583822143264115
0.6156638239044696
0.6583404997363687
0.9691642068792135
0.9546908531337976
0.8557496017310768
0.888167152646929
0.012737276963889599
0.019987466279417276
0.7051452656742185
0.5134499843697995
0.5616458381991833
0.6156540145166218
0.08379050041548908
0.21756871091201901
0.21504989615641534
0.9675951509270817
0.5304910333361477
0.24459767946973443
0.5092625834513456
0.10518859256990254
0.30804309505037963
0.6056019354145974
0.6407968928106129
0.3189373544882983
0.6501252413727343
0.15798097988590598
0.6354970415122807
0.9301925185136497
0.901899759657681
0.4628945291042328
0.5654086978174746
0.8195644298102707
0.03677916410379112
0.7757748644798994
0.7346400618553162
0.20278915879316628
0.658569403924048
0.8969649416394532
0.11793629708699882
0.44322431669570506
0.8731402708217502
0.1623749965801835
0.6504384551662952
0.6211367235518992
0.8577431486919522
0.7393355360254645
0.40628447546623647
0.7806359517853707
0.4339698199182749
0.9512920961715281
0.5288240816444159
0.9179524423088878
0.046332980040460825
0.7893230768386275
0.4964377349242568
0.17971074185334146
0.568140834569931
0.2318544953595847
0.3989506624639034
0.7581405935343355
0.8181669269688427
0.43870345083996654
0.09421946620568633
0.8837602504063398
0.5688294672872871
0.11464657937176526
0.5440170275978744
0.3235341862309724
0.6885266471654177
0.8194886110723019
0.6073095686733723
0.1510637658648193
0.24667826434597373
0.8114613154903054
0.031890504993498325
0.7134092112537473
0.43015875737182796
0.063052469631657
0.5927995529491454
0.7090017208829522
0.1003038517665118
0.4886464811861515
0.27541805361397564
0.5415318962186575
0.9897295485716313
0.33429373311810195
0.22014974779449403
0.7787901251576841
0.36551592126488686
0.6349196489900351
0.5562939129304141
0.6429354515857995
0.47988781868480146
0.660627321107313
0.6154785335529596
0.4169617423322052
0.295457603642717
0.10516288760118186
0.457588569028303
0.382284598890692
0.48479300644248724
0.22981153894215822
0.873873294563964
0.2772813565097749
0.5019282274879515
0.302946305135265
0.37992661842145026
0.29369312711060047
0.3089364608749747
0.3419579495675862
0.34838703321292996
0.5333119293209165
0.699901290005073
0.741192017449066
0.8667621398344636
0.9303345694206655
0.6848929235711694
0.5589113663882017
0.1722211877349764
0.8224480452481657
0.34603859344497323
0.5890177318360656
0.12751019187271595
0.4587146253325045
0.3699746166821569
0.10160951665602624
0.7215039615985006
0.15659735444933176
0.6550715032499284
0.5910990971606225
0.7851903210394084
0.5749851975124329
0.6623114142566919
0.24290224397554994
0.8754158830270171
0.23302675178274512
0.9540207595564425
0.939891189802438
0.6712298425845802
0.31720591988414526
0.15151788177900016
0.5305082199629396
0.6443923101760447
0.8913134504109621
0.1824150315951556
0.26329171610996127
0.06995497387833893
0.201990106375888
0.0440745810046792
0.3693236317485571
0.9269286461640149
0.019974307157099247
0.5418158390093595
0.7738151955418289
0.9071924218442291
0.7529412473086268
0.09007273684255779
0.6192275453358889
0.9182453467510641
0.9268166737165302
0.5697644306346774
0.8319728691130877
0.4430017222184688
0.8201802633702755
0.22532605100423098
0.6446742028929293
0.825046218233183
0.3898951718583703
0.5809420528821647
0.8510541166178882
0.6273618538398296
0.09207357955165207
0.7616170903202146
0.5135955272708088
0.6685282120015472
0.26475026342086494
0.6240638163872063
0.9814868499524891
0.9560056815389544
0.559211672283709
0.4757822856772691
0.9365883057471365
0.3119057258591056
0.9616185596678406
0.9796967320144176
0.9156417029444128
0.34844175120815635
0.5994766051881015
0.052799999713897705
0.5491621645633131
0.8972886796109378
0.31534778070636094
0.10423249774612486
0.03664610511623323
0.857813690090552
0.27342229313217103
0.04882153728976846
0.336709245108068
0.6633919640444219
0.39117730571888387
0.30564558785408735
0.003818715689703822
0.885053429286927
0.7557103794533759
0.6904414126183838
0.3050749993417412
0.49191216100007296
0.27960263285785913
0.5675339254084975
0.17645593732595444
0.12878111097961664
0.2769268562551588
0.9509313132148236
0.5841645230539143
0.002818123670294881
0.9785373578779399
0.5970871651079506
0.08051735511980951
0.544113437877968
0.2657802328467369
0.3402780301403254
0.45659974007867277
0.02135082962922752
0.36544236564077437
0.8204592482652515
0.22249936312437057
0.6199872381985188
0.6872489412780851
0.13243810925632715
0.4764924901537597
0.41028577159158885
0.13185582146979868
0.01306834677234292
0.6403028913773596
0.16165159083902836
0.13225461030378938
0.4023292863275856
0.4898188025690615
0.8987527040299028
0.4144644804764539
0.5079073251690716
0.12811938859522343
0.24052655580453575
0.6482066074386239
0.2376010192092508
0.7013386185280979
0.07728823972865939
0.811050316086039
0.8290637370664626
0.7669783709570765
0.16801022994332016
0.4371514192316681
0.8455315222963691
0.14099156903102994
0.6619658097624779
0.6151410322636366
0.9346578062977642
0.2189827689435333
0.6858797878958285
0.6476592181716114
0.6028794494923204
0.9413051398005337
0.2948448546230793
0.5407654268201441
0.6813432152848691
0.7872865167446434
0.8687283785548061
0.8417417744640261
0.11298252502456307
0.43739461014047265
0.9884169974830002
0.46586389909498394
0.7511021981481463
0.08992507494986057
0.8304546300787479
0.7056058556772768
0.8253474137745798
0.12274547852575779
0.8800798272714019
0.7287956774234772
0.8149892173241824
0.5289883320219815
0.5046532084234059
0.07351829041726887
0.5381394857540727
0.8013196401298046
0.2770362936425954
0.6022538975812495
0.98796331952326
0.7288837677333504
0.5179893234744668
0.030418918933719397
0.794797781156376
0.00794342695735395
0.14031904260627925
0.6481682490557432
0.7216867371462286
0.5154093557503074
0.5345426888670772
0.14621824445202947
0.5603676091413945
0.9285605184268206
0.9771238057874143
0.436656303005293
0.49729717103764415
0.32286558765918016
0.45288203842937946
0.49554509622976184
0.9141411047894508
0.749294595560059
0.051629310473799706
0.33063345681875944
0.7620196542702615
0.9689324023202062
0.010351968230679631
0.755098610650748
0.7815242640208453
0.9121085579972714
0.7455075522884727
0.2057319988962263
0.47461327677592635
0.3686015766579658
0.7330649751238525
0.7886085151694715
0.071154949022457
0.1208227057941258
0.2591939677949995
0.11888902122154832
0.17981613497249782
0.9963816360104829
0.8006379925645888
0.2759977332316339
0.014717264333739877
0.026720022782683372
0.17908638599328697
0.07509226072579622
0.37534061213955283
0.349808266852051
0.845925084548071
0.08719985722564161
0.36566193006001413
0.09089574031531811
0.6374028532300144
0.7644680386874825
0.5965650144498795
0.40139943337999284
0.820127165177837
0.4469424078706652
0.3808246389962733
0.7844852600246668
0.3419270215090364
0.2959789540618658
0.8431128936354071
0.6292474565561861
0.8275365834124386
0.32183867669664323
0.6787302480079234
0.7444067397154868
0.6926844285335392
0.35869125579483807
0.11603817180730402
0.9977771095000207
0.3649449811782688
0.4492161169182509
0.31072750641033053
0.7986210028175265
0.7223699546884745
0.1741865638177842
0.999849263112992
0.6738531349692494
0.6401478808838874
0.9999942593276501
0.6617510749492794
0.9055098332464695
0.9813303486444056
0.9432457624934614
0.2292286572046578
0.7790638713631779
0.4565844663884491
0.7254488382022828
0.913309856550768
0.12959814071655273
0.1206301178317517
0.9993023788556457
0.7606970011256635
0.03708839858882129
0.544949155068025
0.14660662855021656
0.5338805057108402
0.8904576897621155
0.7465354164596647
0.9264707628171891
0.8998531841207296
0.8206071532331407
0.09005974465981126
0.21986787184141576
0.9009353083092719
0.047487030969932675
0.6963803060352802
0.43064662883989513
0.42299473960883915
0.7975595840252936
0.9330658805556595
0.06303107319399714
0.5239039172884077
0.7495501120574772
0.9616894689388573
0.2867055351380259
0.7698391249869019
0.5750946905463934
0.6794713281560689
0.268291997956112
0.6628020030912012
0.4282572288066149
0.056549310917034745
0.673877160763368
0.5165200375486165
0.4571108859963715
0.5048941543791443
0.9328615530394018
0.9384648592676967
0.8044217785354704
0.7110872671473771
0.5673198483418673
0.3932661630678922
0.9200689373537898
0.9044160577468574
0.6053963578306139
0.670332329114899
0.6339247194118798
0.23889469192363322
0.3974104216322303
0.15648866933770478
0.37972553935833275
0.046404782216995955
0.4515924935694784
0.06693433248437941
0.5593814698513597
0.06168395257554948
0.0225991306360811
0.3977001376915723
0.4635863942094147
0.9719167968723923
0.29778480157256126
0.850263541797176
0.4678120238240808
0.7505404716357589
0.12250967277213931
0.4677391848526895
0.6414372217841446
0.06080681621097028
0.3160259616561234
0.20896186004392803
0.744335929164663
0.09784942562691867
0.8169600374531001
0.4366869709920138
0.4526605769060552
0.48428226076066494
0.8391425209119916
0.18754831748083234
0.21235747006721795
0.1650561229325831
0.26036157202906907
0.08860790217295289
0.6451025640126318
0.5939596020616591
0.6892175837419927
0.23285836982540786
0.8350678633432835
0.8806031357962638
0.5011971136555076
0.5755969716701657
0.3875214662402868
0.851376167498529
0.5681685663294047
0.04651401308365166
0.9679702566936612
0.10555575764738023
0.9883002531714737
0.28211601497605443
0.7815870209597051
0.19846413494087756
0.1827343157492578
0.4830403747037053
0.039746246533468366
0.42523992992937565
0.8847953781951219
0.8302736836485565
0.2328557064756751
0.10760870645754039
0.12163436110131443
0.046987070934847
0.602258380735293
0.4814554762560874
0.15904544875957072
0.4091315446421504
0.7830479394178838
0.9312521158717573
0.600128356134519
0.06529992469586432
0.18490258906967938
0.31771757965907454
0.26273419661447406
0.8609479723963886
0.7044357794802636
0.29471920523792505
0.17444000369869173
0.03883897513151169
0.8885855458211154
0.07994749862700701
0.5180271214339882
0.4768444895744324
0.02456572256051004
0.063501066993922
0.5655762329697609
0.4964355961419642
0.09321130020543933
0.9854128619190305
0.3021563170477748
0.8764726743102074
0.48845097376033664
0.1700446952600032
0.582450341200456
0.11444291938096285
0.2018976891413331
0.8715340320486575
0.7730344599112868
0.872887423960492
0.5143155220430344
0.3619359030853957
0.10729605797678232
0.6052934832405299
0.07801137445494533
0.5163463684730232
0.6662344906944782
0.2328006918542087
0.3648195443674922
0.7962130468804389
0.4044899698346853
0.40734831849113107
0.6472900286316872
0.2517174929380417
0.8511390793137252
0.4176480285823345
0.7688226099126041
0.48801491665653884
0.23912321939133108
0.1664701895788312
0.12877621944062412
0.13473409367725253
0.7020158383529633
0.7592214841861278
0.9780043500941247
0.9097558902576566
0.0007826334331184626
0.12517683510668576
0.7740571654867381
0.3218929972499609
0.33675623149611056
0.2730776828248054
0.25734173553064466
0.8419233744498342
0.870174394454807
0.7634857906959951
0.8864601040259004
0.10725731705315411
0.40300373965874314
0.029937641927972436
0.39800050179474056
0.18150495528243482
0.02367922686971724
0.8790764641016722
0.9502348736859858
0.34437309484928846
0.8145865234546363
0.1482834960334003
0.14026286802254617
0.05990412435494363
0.49243927164934576
0.03981097764335573
0.8220224429387599
0.08383896108716726
0.1115941412281245
0.2954459204338491
0.15943652275018394
0.024865657091140747
0.38795068487524986
0.15638111578300595
0.519142190227285
0.34020704170688987
0.6452173078432679
0.8946994212456048
0.8482874871697277
0.3174655030015856
0.01062283362261951
0.45284879417158663
0.6175522508565336
0.8367477275896817
0.17054711189121008
0.3928149116691202
0.07205951143987477
0.22784635284915566
0.7207906432449818
0.5052810329943895
0.9770111027173698
0.3668921058997512
0.3660708307288587
0.6274373119231313
0.863051492953673
0.7958960523828864
0.8972240914590657
0.4779593963176012
0.5300078643485904
0.8827483106870204
0.287953716237098
0.19315841584466398
0.596134492661804
0.713875790592283
0.11576975439675152
0.008268235716968775
0.666887542931363
0.010848190635442734
0.9417562934104353
0.9126765497494489
0.45518582430668175
0.6229637104552239
0.40160926640965044
0.5916313675697893
0.8915942749008536
0.6047647329978645
0.4681895843241364
0.37384245707653463
0.5073236739262938
0.8941040427889675
0.9357027737423778
0.6991620534099638
0.28480901033617556
0.05276949447579682
0.4158724471926689
0.06321765924803913
0.07408612943254411
0.010378091828897595
0.48148077935911715
0.34255569661036134
0.225067199440673
0.8411984797567129
0.47766917455010116
0.17114588851109147
0.7941565401852131
0.6851408267393708
0.6336379053536803
0.9453471135348082
0.1917100737337023
0.5002983266022056
0.21172391436994076
0.12341409781947732
0.6287520108744502
0.6347797361668199
0.7475668860133737
0.6758001481648535
0.7016035097185522
0.3121136238332838
0.7298902459442616
0.4289512981195003
0.9011267304886132
0.3819380768109113
0.5440953052602708
0.8618510060478002
0.5123342820443213
0.6935260659083724
0.8384495445061475
0.489662543637678
0.09267428331077099
0.2944062203168869
0.7758988928981125
0.17649331642314792
0.25659146439284086
0.5949436768423766
0.5650534182786942
0.9554964476265013
0.9389716251753271
0.6633609633427113
0.0014893959742039442
0.25499624432995915
0.17580070113763213
0.40074872551485896
0.7831013316754252
0.6715845849830657
0.6166893464978784
0.14414075366221368
0.593546493910253
0.02130061318166554
0.9156498559750617
0.8479848126880825
0.234736850252375
0.24436872615478933
0.9415562022477388
0.37720501120202243
0.050240518525242805
0.43566683446988463
0.25470391917042434
0.7901270666625351
0.6807053613010794
0.7038308861665428
0.5794508648104966
0.9168002197984606
0.009224701672792435
0.10758959339000285
0.6410771333612502
0.8503649525810033
0.3758987484034151
0.767141385236755
0.6663664521183819
0.4636176945641637
0.8832737538032234
0.9585834618192166
0.8621888991910964
0.4831988231744617
0.7385662328451872
0.26683906000107527
0.5395283121615648
0.1584753943607211
0.7361543159931898
0.9827600906137377
0.408458411693573
0.7444617073051631
0.2446653035003692
0.31158899096772075
0.9831041896250099
0.42419944098219275
0.42104033287614584
0.03661945485509932
0.6673216954804957
0.7561502866446972
0.4368122851010412
0.8753608327824622
0.7294759743381292
0.5001423403155059
0.9460915962699801
0.11980924010276794
0.5431119385175407
0.15313960146158934
0.148810476064682
0.7147205092478544
0.6748701557517052
0.1023902001325041
0.8174341239500791
0.4541407886426896
0.3575416603125632
0.789189639268443
0.9799807125236839
0.4681960050947964
0.19966845703311265
0.49508091155439615
0.8273380030877888
0.799108857056126
0.8584879031404853
0.24219733756035566
0.9648253009654582
0.792065211571753
0.7075492134317756
0.4343646476045251
0.8076707981526852
0.5176689776126295
0.05763844843022525
0.98323864932172
0.14159231958910823
0.3412672090344131
0.47585184569470584
0.4790763482451439
0.4181559190619737
0.86627331469208
0.19672218547202647
0.07191430102102458
0.3151908277068287
0.15558169153518975
0.1394224555697292
0.44780623516999185
0.2233781088143587
0.3393083775881678
0.6001010234467685
0.20319792279042304
0.9160710165742785
0.7299007549881935
0.5276822161395103
0.8747227545827627
0.2774174683727324
0.7327365146484226
0.07140513346530497
0.5422993344254792
0.5013923530932516
0.384803221328184
0.4332853539381176
0.3635207610204816
0.2217356013134122
0.6908020256087184
0.7085517353843898
0.11148313363082707
0.09961663838475943
0.26294317562133074
0.4248389133717865
0.3490793760865927
0.1034866061527282
0.011038463795557618
0.7820797432214022
0.25433625071309507
0.12520379736088216
0.7509699563961476
0.7643994125537574
0.024999000364914536
0.2992738080210984
0.6321367705240846
0.27978921215981245
0.8130715093575418
0.24787673680111766
0.301996533293277
0.2552706601563841
0.232847954146564
0.5049627341795713
0.7765483679249883
0.10932965646497905
0.9438326698727906
0.6510431754868478
0.0616925077047199
0.5602320202160627
0.76818354614079
0.026312067173421383
0.2792049322742969
0.7003002865239978
0.0591716505587101
0.5680201514624059
0.24648947827517986
0.5121598760597408
0.3851774747017771
0.6159661202691495
0.6807500773575157
0.42203654255717993
0.6499630575999618
0.42266979976557195
0.1669243830256164
0.24166513280943036
0.9193512252531946
0.7574840460438281
0.9041509451344609
0.40185458888299763
0.9918175358325243
0.006325248163193464
0.5943466799799353
0.34227638761512935
0.14387203636579216
0.3587807130534202
0.6359523863065988
0.002358416561037302
0.48883917462080717
0.22131974902004004
0.7095350606832653
0.45264432998374104
0.2815411789342761
0.1762842582538724
0.1213540704920888
0.39584122598171234
0.8928203983232379
0.4834266409743577
0.7900804213713855
0.9079931024461985
0.8139277314767241
0.1068959841504693
0.9001255354378372
0.5412591386120766
0.07542002247646451
0.1922536485362798
0.1559718009084463
0.9818923184648156
0.39932655915617943
0.7984487970825285
0.540589532116428
0.684982304694131
0.49582502408884466
0.9038435590919107
0.961532793007791
0.8203262523747981
0.8095858206506819
0.6873472405131906
0.2068030999507755
0.045782316010445356
0.623077065916732
0.0998142333701253
0.054413860430940986
0.26812814408913255
0.49115251284092665
0.11899433308281004
0.9871103730984032
0.6073473659344018
0.894869964569807
0.9047529271338135
0.8022483310196549
0.7601514514535666
0.22332145110704005
0.3111193482764065
0.19419951364398003
0.5626147647853941
0.13815494789741933
0.58245804393664
0.45412023621611297
0.08290192973800004
0.7675285779405385
0.41585436556488276
0.3322291767690331
0.20975348679348826
0.6659029307775199
0.3617441360838711
0.10660631419159472
0.19752453546971083
0.26512778364121914
0.39365431177429855
0.5034560523927212
0.4966431218199432
0.933865143219009
0.9899998372420669
0.5322357229888439
0.7338349737692624
0.7995596071705222
0.9183276076801121
0.16210424061864614
0.6442369252908975
0.5820769816637039
0.624629738740623
0.5499694827012718
0.41612140368670225
0.941851852927357
0.6986358086578548
0.15507670491933823
0.25424582161940634
0.6260068251285702
0.8315400767605752
0.23335738410241902
0.44856673828326166
0.05136608798056841
0.7400356612633914
0.07707164948806167
0.709129735827446
0.44183398969471455
0.5953698956873268
0.6569734425283968
0.21784743899479508
0.6028018672950566
0.2879394027404487
0.836232410511002
0.6442018754314631
0.2821480326820165
0.47649462055414915
0.17319096298888326
0.08657323941588402
0.9098660124000162
0.3554763305000961
0.8568331559654325
0.44785475567914546
0.12049350468441844
0.7421795737463981
0.34076361637562513
0.5815318329259753
0.08411622093990445
0.6209843184333295
0.5389712469186634
0.7316584279760718
0.27816849341616035
0.7975839341524988
0.4744720058515668
0.09394264733418822
0.5960436372552067
0.8738283759448677
0.19441007217392325
0.2504281862638891
0.30365873500704765
0.8568582884036005
0.20021230052225292
0.43197487527504563
0.09999743243679404
0.48640558775514364
0.4275904616806656
0.9482472215313464
0.6925455443561077
0.184974511153996
0.18966934434138238
0.6229467538651079
0.32759849540889263
0.9474156310316175
0.8870062446221709
0.9870803779922426
0.7061865224968642
0.046048463555052876
0.4782166101504117
0.19621282815933228
0.1807217246387154
0.16560141020454466
0.846842558356002
0.4623688387218863
0.07003227504901588
0.581892573973164
0.9095234256237745
0.4291858305223286
0.506244845688343
0.3918842156417668
0.9483004817739129
0.8676061215810478
0.39309080597013235
0.2155326318461448
0.14802063489332795
0.09385898057371378
0.2503594912122935
0.6026424770243466
0.43903449969366193
0.028808510396629572
0.19336717436090112
0.4274269959423691
0.9388799967709929
0.5643606465309858
0.8528707372024655
0.15130426594987512
0.6368832043372095
0.16184821585193276
0.4531068946234882
0.5632722901646048
0.781531420070678
0.37070848047733307
0.7387029200326651
0.5357986399903893
0.3508497818838805
0.6174252440687269
0.2291620997712016
0.9214598475955427
0.1619630625937134
0.9265220935922116
0.47947878553532064
0.211445254040882
0.447309797629714
0.9725932313594967
0.4918009703978896
0.02602434274740517
0.974151287926361
0.7205714534502476
0.6248631258495152
0.7012323730159551
0.3273531363811344
0.43832888873293996
0.19584208214655519
0.4778617969714105
0.17355117667466402
0.19693872146308422
0.0611163885332644
0.2565275728702545
0.5868888576515019
0.4854200524277985
0.7186455051414669
0.8447355988901109
0.09325604466721416
0.05840004188939929
0.6666715627070516
0.1909802658483386
0.805827465839684
0.7121348690707237
0.31862097419798374
0.16324301017448306
0.7373236152343452
0.8958598310127854
0.785717096645385
0.6976052434183657
0.6394674316979945
0.9475097740069032
0.15895287017337978
0.3540218553971499
0.5774223327171057
0.3629983477294445
0.7122615678235888
0.7045256157871336
0.34442539303563535
0.6522640851326287
0.27014825167134404
0.8111159314867109
0.7648967036511749
0.3126999060623348
0.7852003036532551
0.7064995733089745
0.42687239428050816
0.1381265390664339
0.9869390407111496
0.47592161200009286
0.28645112039521337
0.7549310780595988
0.0005763208027929068
0.17845909669995308
0.7057215133681893
0.7347053068224341
0.6470698763150722
0.6727245475631207
0.21173330256715417
0.5897391752805561
0.8462249501608312
0.2882280698977411
0.41093123937025666
0.6505754461977631
0.7118654537480325
0.44146245694719255
0.5316696099471301
0.4734784790780395
0.38415130390785635
0.2725276432465762
0.16322684846818447
0.6788580247666687
0.07017302862368524
0.15166012081317604
0.04076061281375587
0.014082517009228468
0.32023069472052157
0.3845483520999551
0.9912659251131117
0.17295695911161602
0.5597600196488202
0.7830548514612019
0.11267226212657988
0.49603433115407825
0.15988828614354134
0.027317298110574484
0.30283507728017867
0.7381885282229632
0.40950746508315206
0.9847913235425949
0.028289815643802285
0.3775385345797986
0.3479758684989065
0.5270449679810554
0.17289495398290455
0.012084912043064833
0.8070463775657117
0.3407800479326397
0.3207964380271733
0.8618160076439381
0.9621513616293669
0.6130175951402634
0.1680428588297218
0.8821720250416547
0.3826333358883858
0.667638948885724
0.35933716455474496
0.9590871664695442
0.84761006757617
0.7186052293982357
0.2486190414056182
0.5894796021748334
0.4650486910250038
0.28037508204579353
0.058865305967628956
0.08357229130342603
0.5073011480271816
0.23139772564172745
0.15664608497172594
0.2611263692378998
0.26070116250775754
0.04038095660507679
0.7012119563296437
0.2340687729883939
0.7260524486191571
0.6315643745474517
0.17613001470454037
0.01250481465831399
0.6390853610355407
0.27380028483457863
0.3766626741271466
0.9658321850001812
0.9531554009299725
0.4845036726910621
0.39428795012645423
0.7872712411917746
0.7189674784895033
0.8538615396246314
0.5968319384846836
0.3995718378573656
0.43107386818155646
0.007933737710118294
0.9933205272536725
0.6394501889590174
0.4025552533566952
0.5803477186709642
0.9804283631965518
0.332276992732659
0.4824813122395426
0.6952648316510022
0.19778396212495863
0.8904204939026386
0.23460152908228338
0.6073773894459009
0.5215291823260486
0.9624923018272966
0.0008331523276865482
0.41871431772597134
0.9796917727217078
0.8339554707054049
0.013482667738571763
0.015806824434548616
0.8197251486126333
0.1838372629135847
0.7315570937935263
0.2032287868205458
0.3012227234430611
0.9289466491900384
0.4330958107020706
0.23909181635826826
0.31466633873060346
0.09482983127236366
0.07181926304474473
0.8926623004954308
0.7442717615049332
0.545827726367861
0.4458315749652684
0.36844391701743007
0.4488988269586116
0.014019387308508158
0.5975554883480072
0.8277631490491331
0.35595143120735884
0.9895572771783918
0.4487210982479155
0.12011332577094436
0.6779656992293894
0.6772819997277111
0.006952009163796902
0.07786488137207925
0.7247898974455893
0.8182661132887006
0.5447038065176457
0.7637987683992833
0.9995786321815103
0.47093134885653853
0.39338068570941687
0.7510992998722941
0.04562312667258084
0.9866178480442613
0.7583482484333217
0.8158956123515964
0.12726051243953407
0.06077130511403084
0.24237959645688534
0.5065141303930432
0.4980253770481795
0.7956252191215754
0.05542526626959443
0.4918630456086248
0.8856213765684515
0.27794270496815443
0.6340317605063319
0.2206470442470163
0.5514947334304452
0.976754950126633
0.9185549740213901
0.02124935225583613
0.3333725035190582
0.6630115979351103
0.9317181631922722
0.9313630270771682
0.7327664641197771
0.741704179206863
0.007368234684690833
0.5302146587055176
0.5853663962334394
0.4005520867649466
0.4120077497791499
0.8966035908088088
0.3574269278906286
0.2637700019404292
0.9017441985197365
0.07061122823506594
0.5329480268992484
0.37308029644191265
0.9568181203212589
0.5157411640975624
0.5947757030371577
0.43082301365211606
0.8799961514305323
0.6538001804146916
0.5351286521181464
0.989203694043681
0.9222531465347856
0.5938939568586648
0.30265310197137296
0.03822801331989467
0.4925627135671675
0.055241121677681804
0.50381262274459
0.3728279087226838
0.32397054391913116
0.35409069061279297
0.25080214301124215
0.9702175064012408
0.776964470744133
0.18555213557556272
0.5994324565399438
0.9617724996060133
0.6148603186011314
0.48737762053497136
0.27648482052609324
0.4770469448994845
0.6275189144071192
0.42748588719405234
0.9661158185917884
0.19526011776179075
0.5417709315661341
0.5680084133055061
0.9627806816715747
0.14791007083840668
0.0019294738303869963
0.1971658975817263
0.544111764524132
0.9953471668995917
0.6634240439161658
0.3656905440147966
0.8789359198417515
0.11796902632340789
0.8564075799658895
0.783705108333379
0.11510191671550274
0.8292316284496337
0.7793869599699974
0.339768776204437
0.11981105199083686
0.9317358813714236
0.8496272251941264
0.0036716635804623365
0.6666786428540945
0.5939752915874124
0.9043777345214039
0.3294888127129525
0.08800328709185123
0.1628893145825714
0.6327230292372406
0.41880441294051707
0.5258914206642658
0.5838100851979107
0.09869598597288132
0.3863815190270543
0.2489492695312947
0.7703842334449291
0.7416297378949821
0.8328669143375009
0.8717654524371028
0.037459773011505604
0.19803540804423392
0.6802639113739133
0.1740507825743407
0.8272075059358031
0.13047747663222253
0.6866735573858023
0.3309412417002022
0.5155669488012791
0.5167704808991402
0.38620473677292466
0.8802073479164392
0.9631286547519267
0.4628978876862675
0.791576664429158
0.5058264916297048
0.38289898890070617
0.2785611941944808
0.7862379269208759
0.23874377226457
0.27901213872246444
0.3439654898829758
0.587177607929334
0.040738196577876806
0.43844004278071225
0.44034699629992247
0.9618710309732705
0.17373651219531894
0.6080887471325696
0.26077024382539093
0.04332338063977659
0.09601933788508177
0.6050301890354604
0.4045882220380008
0.4452357531990856
0.7578165458980948
0.8819534427020699
0.9920411261264235
0.6710581697989255
0.26466897455975413
0.43977344408631325
0.5272621223703027
0.33528848621062934
0.796455028699711
0.8333341276738793
0.8335938490927219
0.5141395458485931
0.795989713864401
0.5426062762271613
0.582846952136606
0.5374485624488443
0.18718106928281486
0.29708566470071673
0.7358741220086813
0.0963469238486141
0.5595934863667935
0.276371180312708
0.6848500177729875
0.052184638334438205
0.8623523435089737
0.7854637813288718
0.7391855507157743
0.6676438676659018
0.4587973980233073
0.5662020524032414
0.759613741422072
0.5381089404691011
0.4590821908786893
0.3853415483608842
0.9470819467678666
0.5598980435170233
0.6021230437327176
0.4876913547050208
0.9887975435703993
0.4504578057676554
0.6967066975776106
0.443894054973498
0.7210413035936654
0.5387556552886963
0.8559891891200095
0.442490694578737
0.7650917423889041
0.810488672927022
0.634640118572861
0.6615253584459424
0.5515918515156955
0.7726070093922317
0.673708165762946
0.5096975343767554
0.8924672077409923
0.032478859182447195
0.5162971871905029
0.6535782278515399
0.25134619721211493
0.1610699719749391
0.19525696383789182
0.8052374175749719
0.04830331611447036
0.7958830851130188
0.460922863567248
0.7069911756552756
0.6073579145595431
0.7470644095446914
0.04872548789717257
0.5169960279017687
0.06572847277857363
0.4808588882442564
0.9261685761157423
0.7372535760514438
0.5053561453241855
0.09684040863066912
0.5570713588967919
0.6888392511755228
0.9034908036701381
0.7658883112017065
0.3681733768898994
0.37991578690707684
0.1725006173364818
0.16400813241489232
0.42865716898813844
0.818365590646863
0.5533382003195584
0.09019602835178375
0.863848369801417
0.05109972646459937
0.4643248717766255
0.7467492644209415
0.362659131642431
0.9282561615109444
0.9031329380813986
0.9076719381846488
0.6416512147989124
0.8081762401852757
0.2189629189670086
0.9293858781456947
0.7051636138930917
0.5579159159678966
0.7754865519236773
0.6520016666036099
0.02299312688410282
0.7419908607844263
0.6647993011865765
0.7377347506117076
0.9124431626405567
0.35533296107314527
0.3481118232011795
0.797081233933568
0.3625101239886135
0.15403967932797968
0.47937972331419587
0.48664945852942765
0.8551422669552267
0.022948609432205558
0.6136597145814449
0.1985326202120632
0.18146970053203404
0.037739463383331895
0.23351141856983304
0.9457837820518762
0.026618276489898562
0.9051907015964389
0.9489549256395549
0.13955737464129925
0.6208210824988782
0.9297423048410565
0.6027986686676741
0.9985118780750781
0.0477723628282547
0.3697115103714168
0.24703554855659604
0.8430697615258396
0.7094003560487181
0.907439002301544
0.6841035834513605
0.4263565381988883
0.9306654795072973
0.9053669867571443
0.5468942346051335
0.8690277952700853
0.6997678226325661
0.34947120025753975
0.6387000270187855
0.9789326733443886
0.81472954666242
0.06789747625589371
0.668930567568168
0.04133430076763034
0.9627195920329541
0.11897626938298345
0.839772220235318
0.14479005127213895
0.5057961519341916
0.8781459634192288
0.4249055995605886
0.9844575389288366
0.7590683510061353
0.9199762395583093
0.8214607681147754
0.8733748917002231
0.3349154805764556
0.922374885994941
0.47854866622947156
0.226145941298455
0.09381003282032907
0.8538612853735685
0.8407605104148388
0.42767824581824243
0.09261956089176238
0.7435588964726776
0.4030422370415181
0.32266655657440424
0.9654302538838238
0.6886557056568563
0.8805345881264657
0.9724182998761535
0.24257232248783112
0.524843736551702
0.1564343476202339
0.8120204901788384
0.7655563221778721
0.37205716548487544
0.7586791571229696
0.47572385240346193
0.807248531607911
0.16447654319927096
0.6218010692391545
0.3390640295110643
0.5529075649101287
0.6374100728426129
0.8932813585270196
0.5669745055492967
0.10079121706075966
0.3714266470633447
0.07187863998115063
0.8062592842616141
0.8345105252228677
0.3057577491272241
0.9397356901317835
0.9113293411210179
0.7090097165200859
0.3982241479679942
0.5531762028113008
0.5333725111559033
0.17524324962869287
0.0921583822928369
0.3782086977735162
0.9369613190647215
0.7673857577610761
0.8657751586288214
0.6049898413475603
0.4342297608964145
0.781695275567472
0.0291108600795269
0.5168359943199903
0.06288633751682937
0.9681358074303716
0.8983471286483109
0.3681116874795407
0.3712670295499265
0.870242145145312
0.25960790924727917
0.9954942553304136
0.6511371885426342
0.1216809106990695
0.8259339588694274
0.6249500785488635
0.961166673572734
0.46904177707619965
0.01767419627867639
0.1723419134505093
0.8324144470971078
0.48773225769400597
0.09861705265939236
0.616913819918409
0.16674343519844115
0.6711622236762196
0.9863324535544962
0.7047924301587045
0.8820029876660556
0.7440507896244526
0.7787867770530283
0.023692852118983865
0.045618814416229725
0.714084132341668
0.9354804106988013
0.16365692717954516
0.5314083595294505
0.95896006654948
0.7346585257910192
0.5326383037026972
0.33023943821899593
0.0649147320073098
0.20877009793184698
0.398139008320868
0.39222555654123425
0.8190209777094424
0.09027512790635228
0.844145211391151
0.39246360841207206
0.9166510431095958
0.37797741941176355
0.05417212937027216
0.720982906408608
0.24509297171607614
0.2515023935120553
0.3930978530552238
0.322598903439939
0.9867529249750078
0.6238324791193008
0.7457353591453284
0.37740410631522536
0.27179325581528246
0.12630980205722153
0.2734558896627277
0.5874970292206854
0.2945802379399538
0.3992063691839576
0.5156294179614633
0.7904748222790658
0.09669086220674217
0.4998251274228096
0.5128636765293777
0.49085933435708284
0.192522895289585
0.5694585479795933
0.12046204973012209
0.7760718625504524
0.7071180387865752
0.8560755860526115
0.9532455489970744
0.4056884690653533
0.9902861597947776
0.12497290410101414
0.28581646201200783
0.36473745317198336
0.20775064500048757
0.4520069593563676
0.6401741770096123
0.6351723549887538
0.8607576228678226
0.8806356023997068
0.832770859124139
0.37701519508846104
0.6043235757388175
0.7964941335376352
0.6295146872289479
0.9030571943148971
0.5696451172698289
0.45534314890392125
0.8732253457419574
0.7931204235646874
0.4329341505654156
0.20382716227322817
0.5800329269841313
0.20913298544473946
0.16385595640167594
0.092959986301139
0.5012214782182127
0.3559845807030797
0.8743650238029659
0.9560490474104881
0.15667748707346618
0.951083394465968
0.757083558710292
0.0121119380928576
0.9001872723456472
0.9786247732117772
0.38084896956570446
0.6297614467330277
0.8757445316296071
0.8477065148763359
0.5774181720335037
0.5006936073768884
0.5927749807015061
0.2492509251460433
0.6376527899410576
0.642395910108462
0.022592058638110757
0.2808285017963499
0.2546278820373118
0.8648852789774537
0.7084362604655325
0.41735022026114166
0.4313712560106069
0.007600094424560666
0.9986750464886427
0.9247750844806433
0.7418636938091367
0.4765175215434283
0.5802265407983214
0.003685358911752701
0.07955011655576527
0.5338890366256237
0.15057305339723825
0.6067633940838277
0.6936526871286333
0.44390434259548783
0.5110528133809566
0.7134461516980082
0.5637795671354979
0.3341311316471547
0.54638143745251
0.5326913446187973
0.8353906974662095
0.028608744498342276
0.9123573193792254
0.6240779620129615
0.7438170255627483
0.524470527889207
0.8832140159793198
0.8602742308285087
0.19094426883384585
0.09304742282256484
0.6240672431886196
0.4456511898897588
0.5563728967681527
0.09961773455142975
0.27170775714330375
0.6091467686928809
0.5965897107962519
0.8460377755109221
0.1078258769121021
0.5687639361713082
0.34068101667799056
0.023768761195242405
0.7358108735643327
0.2533972356468439
0.6858431848231703
0.3087374127935618
0.6175173448864371
0.40243824291974306
0.5071575946640223
0.7411802865099162
0.8827431590761989
0.6497642719186842
0.5537172262556851
0.22290274477563798
0.9344004753511399
0.5090272461529821
0.34840628621168435
0.510200111893937
0.002986779436469078
0.6764775586780161
0.901665783021599
0.4430262690875679
0.5367040752898902
0.7887488310225308
0.24692807253450155
0.008094621822237968
0.6363845944870263
0.9207386740017682
0.7284418495837599
0.6224797524046153
0.3462987255770713
0.27328532049432397
0.6059263006318361
0.48638157080858946
0.15042620548047125
0.3629211918450892
0.2687613251619041
0.42719154502265155
0.4987011458724737
0.181153409415856
0.917588944081217
0.3031922080554068
0.6084526821505278
0.5462912709917873
0.9362501348368824
0.709521971642971
0.8852240624837577
0.1589305812958628
0.918417630949989
0.3535035636741668
0.6121435833629221
0.19919944880530238
0.3098975885659456
0.23005831730552018
0.42572970734909177
0.30259758164174855
0.5274554134812206
0.6188199769239873
0.2331603649072349
0.6251358792651445
0.1417703260667622
0.44792091147974133
0.9666885482147336
0.005398925859481096
0.7882038962561637
0.47940753935836256
0.08170822123065591
0.46867199428379536
0.8715386500116438
0.5444318819791079
0.5507270873058587
0.5440875641070306
0.8392334319651127
0.7377234611194581
0.47313518170267344
0.37722099386155605
0.9196641247253865
0.37172419345006347
0.8069623548071831
0.25603196886368096
0.01191586465574801
0.13580202008597553
0.6294327867217362
0.9520869166590273
0.29128204262815416
0.7172147661913186
0.13877408229745924
0.3361504632048309
0.20845213858410716
0.03667486319318414
0.07186424126848578
0.7129613745491952
0.7280720055568963
0.5000839543063194
0.45776773733086884
0.4897509953007102
0.3109613233245909
0.4105244781821966
0.47718387143686414
0.7560684736818075
0.129077787976712
0.15441610268317163
0.5939833845477551
0.9009528942406178
0.8729603665415198
0.1773300541099161
0.3857043420430273
0.21176549815572798
0.9279367185663432
0.7966783142182976
0.9959358321502805
0.05028789001516998
0.5143351033329964
0.829662112519145
0.7674532185774297
0.78762137866579
0.4692191514186561
0.24541931389831007
0.3851549660321325
0.33250890392810106
0.8715310886036605
0.8791491254232824
0.9533921789843589
0.200309329200536
0.10775746824219823
0.20371770416386425
0.5376283742953092
0.7303046369925141
0.2533049143385142
0.22048247582279146
0.16915226844139397
0.2662237340118736
0.4369439927395433
0.38760041003115475
0.3462171594146639
0.9530515356454998
0.33582783048041165
0.37110901554115117
0.49120551045052707
0.47213123622350395
0.4878828909713775
0.019666973501443863
0.3550114769022912
0.034764374140650034
0.9809270573314279
0.9631647786591202
0.11834386829286814
0.7110456766095012
0.3760047925170511
0.09828396048396826
0.8001638809219003
0.38203537301160395
0.9100449632387608
0.9231659669894725
0.6497678288724273
0.4255981920287013
0.049643415492028
0.1568206932861358
0.5804030895233154
0.8180853130761534
0.6465564598329365
0.006837555440142751
0.9780632704496384
0.1638078847900033
0.7497200542129576
0.7888912276830524
0.7219595692586154
0.08554300875402987
0.14840595913119614
0.5858437141869217
0.1467700549401343
0.05473251664079726
0.20624481234699488
0.622601413866505
0.4312993814237416
0.1827446771785617
0.7570556807331741
0.9372985693626106
0.007165673887357116
0.9144729101099074
0.5381318174768239
0.40847180457785726
0.7598651165608317
0.23408942972309887
0.4395198964048177
0.22107232548296452
0.16489080735482275
0.5442949056159705
0.4260536921210587
0.45461270678788424
0.5193464059848338
0.5601445036008954
0.22282834677025676
0.7512301267124712
0.6012914648745209
0.554270954336971
0.10763002932071686
0.5598065443336964
0.9042730608489364
0.9499525050632656
0.26283766026608646
0.2678366806358099
0.9031086617615074
0.02648393833078444
0.03534412570297718
0.9966972616966814
0.9883446623571217
0.4609283965546638
0.34243022184818983
0.05840462609194219
0.1543702536728233
0.38931392319500446
0.6592739669140428
0.42636363534256816
0.8540354075375944
0.5822780760936439
0.8896074509248137
0.28531737020239234
0.028225667541846633
0.13692220230586827
0.7549361039418727
0.12240212969481945
0.5171873001381755
0.05951163452118635
0.06930614658631384
0.0860411231406033
0.40086902980692685
0.40691563533619046
0.6301290607079864
0.0868088430725038
0.9166386665310711
0.9898256014566869
0.6239333853591233
0.9074636742006987
0.5905540168751031
0.16640934790484607
0.5993962425272912
0.4685137369669974
0.6458755654748529
0.2684563882648945
0.6507877116091549
0.9242136047687382
0.37401698320172727
0.14387393044307828
0.5070555356796831
0.29909628466703
0.8388796257786453
0.09292996348813176
0.9226571791805327
0.4995910122524947
0.2819825364276767
0.7873584325425327
0.942394195124507
0.7245010349433869
0.901081969961524
0.7913811465259641
0.0730248752515763
0.6957406254950911
0.5636352628935128
0.4015095508657396
0.5295201749540865
0.5905267272610217
0.9913352348376065
0.485058834310621
0.13961249915882945
0.16442706855013967
0.6688980853650719
0.9288452253676951
0.5838268406223506
0.5596252593677491
0.6214037253521383
0.26951751997694373
0.8828348284587264
0.47002606140449643
0.18905417225323617
0.27069618459790945
0.16197877447120845
0.6512522192206234
0.6775008903350681
0.11215465888381004
0.4986704101320356
0.11744145164266229
0.34007570892572403
0.3723417208530009
0.5891819095704705
0.3412865619175136
0.9491972145624459
0.02531429030932486
0.5090404227375984
0.5131186335347593
0.6516591259278357
0.3974788209889084
0.45662610651925206
0.6887794241774827
0.5510449605062604
0.021375951822847128
0.08880197419784963
0.48198991431854665
0.4261803396511823
0.5981628408189863
0.747077043633908
0.7431806740351021
0.5452450937591493
0.22290597297251225
0.6532290133181959
0.5930831250734627
0.0317987569142133
0.11898238025605679
0.8590673061553389
0.09024136234074831
0.9490741088520736
0.6308834382798523
0.6912716128863394
0.11762962047941983
0.6699531383346766
0.015256792539730668
0.8953987341374159
0.9408547894563526
0.36015520221553743
0.8826571840327233
0.07971555972471833
0.3339696356561035
0.11109766736626625
0.37312584975734353
0.6515455204062164
0.6157998023554683
0.4788241512142122
0.13538683718070388
0.4405443703290075
0.8050292157568038
0.21315382118336856
0.9995733150281012
0.15384700964204967
0.7534820523578674
0.6388786267489195
0.08894518157467246
0.39679326047189534
0.9617506987415254
0.7218971466645598
0.36697102547623217
0.31643636361695826
0.3346382200252265
0.027122426079586148
0.6571560250595212
0.7779791492503136
0.4308702158741653
0.9766358020715415
0.002932495204731822
0.5517986989580095
0.11983876093290746
0.8272743017878383
0.9277312716003507
0.06474477262236178
0.6112692072056234
0.15600482490845025
0.37755119940266013
0.662403033580631
0.00019642896950244904
0.2518054360989481
0.9254109850153327
0.7321634844411165
0.9355973810888827
0.12047181534580886
0.45994042744860053
0.18597055808641016
0.0848244542721659
0.7548494809307158
0.13203494879417121
0.7579971314407885
0.5131994718685746
0.20898756734095514
0.4963639806956053
0.11174623249098659
0.40784286707639694
0.6971481260843575
0.3087640549056232
0.8056257902644575
0.39907614002004266
0.28808093536645174
0.7767724702134728
0.20707858260720968
0.7168654343113303
0.49326334265060723
0.1641445029526949
0.37599505577236414
0.2943263007327914
0.8093079570680857
0.6613054517656565
0.6967338852118701
0.5723903393372893
0.3072764736134559
0.3763890939299017
0.5139782151672989
0.6711821758653969
0.9437162284739316
0.22863709088414907
0.8353220808785409
0.9679505608510226
0.5587257328443229
0.5567027265205979
0.12585712224245071
0.779070092132315
0.05513779236935079
0.9107648471836001
0.21553630055859685
0.4317797473631799
0.8521909064147621
0.12491026730276644
0.20175343519076705
0.08618653565645218
0.29577252035960555
0.3802999092731625
0.6805251170881093
0.38309555943123996
0.9520106657873839
0.6193649650085717
0.45886178012005985
0.1559558715671301
0.2894711692351848
0.2911343288142234
0.6048265844583511
0.3222353933379054
0.3540396518073976
0.20472338539548218
0.24189671664498746
0.4848367136437446
0.2362309938762337
0.6769665686879307
0.4466880508698523
0.8100208712276071
0.902323788497597
0.6788203585892916
0.6730247100349516
0.42440264392644167
0.6563717732205987
0.8778414039406925
0.6116159320808947
0.1442262118216604
0.568050071131438
0.4096086819190532
0.028559047263115644
0.026918998220935464
0.8774003414437175
0.9319503146689385
0.8008644876535982
0.8130339805502445
0.9293867321684957
0.8948893814813346
0.5521894150879234
0.6180197165813297
0.7411699504591525
0.8439346975646913
0.5310250504408032
0.38714542402885854
0.7289009904488921
0.6748836888000369
0.9669345715083182
0.08749825088307261
0.20910419337451458
0.9567917753010988
0.05184044362977147
0.5252540046349168
0.770891469437629
0.15929007064551115
0.7418885526712984
0.05394089175388217
0.5006504193879664
0.5165299323853105
0.896732218330726
0.6868588300421834
0.960162963019684
0.15365310129709542
0.7692297790199518
0.8729867471847683
0.4891756623983383
0.6920316419564188
0.2283914303407073
0.34957409370690584
0.9711291971616447
0.8368782468605787
0.9876053265761584
0.6601761679630727
0.04376226710155606
0.5720781036652625
0.47905002534389496
0.8873249390162528
0.7117880862206221
0.5557310658041388
0.9055259809829295
0.7882797257043421
0.7062407918274403
0.45447802636772394
0.7394935027696192
0.9882714047562331
0.5527313277125359
0.9846324450336397
0.9314551658462733
0.2113148954231292
0.3427250685635954
0.05328527418896556
0.7725822872016579
0.3256233721040189
0.7179464320652187
0.556031969608739
0.13518242887221277
0.046418265206739306
0.15019358205609024
0.5699990675784647
0.10074613359756768
0.047860207967460155
0.6529141559731215
0.17687209020368755
0.8202535843010992
0.8481779345311224
0.5540077469777316
0.8547058922704309
0.9558084663003683
0.6659557651728392
0.5000502455513924
0.2554154621902853
0.21576584479771554
0.59489442454651
0.9263039487414062
0.9996146243065596
0.980018861591816
0.19976047705858946
0.21694236248731613
0.3276410314720124
0.7859844227787107
0.7912917279172689
0.4618292422965169
0.8077439104672521
0.1982490939553827
0.9379576679784805
0.3286767473910004
0.3196655479259789
0.8528709034435451
0.804267191560939
0.2474759384058416
0.9107033829204738
0.7356425442267209
0.7821380544919521
0.26875054207630455
0.3349747504107654
0.2176395223941654
0.4003897216171026
0.38183720177039504
0.38300650753080845
0.3592696979176253
0.6947001412045211
0.33493699599057436
0.0817123509477824
0.28893490554764867
0.302435586694628
0.8405180189292878
0.5795267624780536
0.2095879928674549
0.3192588575184345
0.2914016305003315
0.9107915710192174
0.7693622894585133
0.5935104852542281
0.010644605848938227
0.8783485470339656
0.2601469410583377
0.33836449566297233
0.46265918924473226
0.2956248123664409
0.3940942226909101
0.6675796040799469
0.3169680475257337
0.45607987022958696
0.534851306816563
0.8455872335471213
0.93497200217098
0.7899781577289104
0.36099415086209774
0.3394013724755496
0.17199520021677017
0.9515313587617129
0.05635618348605931
0.2647861351724714
0.15048652840778232
0.7890815718565136
0.6916426722891629
0.9929342039395124
0.30185667611658573
0.5353113270830363
0.8643321022391319
0.7490721365902573
0.4371646661311388
0.7046254242304713
0.17387690860778093
0.04573473893105984
0.4744503565598279
0.3025409609545022
0.3560762272682041
0.7707500264514238
0.3935522350948304
0.8320626020431519
0.2759024437982589
0.8384256255812943
0.791455244179815
0.24057468469254673
0.25136548024602234
0.7430079209152609
0.9217096853535622
0.46346085774712265
0.23597542382776737
0.024821069790050387
0.22427027951925993
0.6719601138029248
0.1982658647466451
0.17894633929245174
0.1952820646110922
0.5313951130956411
0.24659283296205103
0.5930911391042173
0.963978988584131
0.6243557983543724
0.49821214424446225
0.8258025785908103
0.05703333765268326
0.14945487561635673
0.9802314699627459
0.9359735907055438
0.7419735547155142
0.22231909190304577
0.41570287104696035
0.8102014530450106
0.7971891595516354
0.14016259391792119
0.6617690869607031
0.9446112245786935
0.1189563786610961
0.9285483653657138
0.2722845848184079
0.22647247789427638
0.4733550774399191
0.20789636787958443
0.2705288880970329
0.5881418820936233
0.7952630145009607
0.4585145425517112
0.2344240602105856
0.7925011597108096
0.5897970458026975
0.5417290292680264
0.8415640448220074
0.048583823489025235
0.3824732140637934
0.7863529904279858
0.1256876785773784
0.706379771232605
0.15176105382852256
0.9607840867247432
0.8785624096635729
0.8012052071280777
0.3504584755282849
0.5814589911606163
0.4138761586509645
0.033247682033106685
0.1149328825995326
0.9014507196843624
0.5920580688398331
0.3501001284457743
0.1342766296584159
0.05044970824383199
0.7593936228659004
0.4210377677809447
0.1997863647993654
0.33990035858005285
0.979702650103718
0.6028620693832636
0.545961732044816
0.0793729186989367
0.1059937987010926
0.10525838588364422
0.2868058804888278
0.9251845290418714
0.07161234552040696
0.49952285597100854
0.4414483590517193
0.9147892673499882
0.14191273739561439
0.27134507172740996
0.2776863013859838
0.3044947909656912
0.26948303496465087
0.4459279626607895
0.5460887416265905
0.33593139541335404
0.4426144442986697
0.3386587556451559
0.25356405205093324
0.29362454963847995
0.8098893358837813
0.5593392273876816
0.7353044596966356
0.5500620955135673
0.5381638817489147
0.8644855285529047
0.6775020523928106
0.8927352298051119
0.16785411071032286
0.19603045540861785
0.4694985265377909
0.30846868152730167
0.39891782542690635
0.8492024538572878
0.6995419026352465
0.4404037185013294
0.1499950196594
0.055107697611674666
0.5959774237126112
0.7021305810194463
0.9093072947580367
0.14094314258545637
0.634173323167488
0.38889234978705645
0.9618513938039541
0.5320758274756372
0.38003306183964014
0.07610930409282446
0.5308111058548093
0.9665848361328244
0.4949803873896599
0.8105809134431183
0.8596274671144783
0.3207334002945572
0.5426759654656053
0.12331157131120563
0.28132082358933985
0.2747651105746627
0.982195480260998
0.6603468772955239
0.9457839936949313
0.4941579164005816
0.3059858321212232
0.09695907705463469
0.7562019601464272
0.8810347022954375
0.28627295698970556
0.5917042857035995
0.6020758710801601
0.7995360393542796
0.3936505557503551
0.3736326296348125
0.6526767374016345
0.5974427105393261
0.8449410044122487
0.5206775437109172
0.1357652936130762
0.14393388899043202
0.9044465138576925
0.7375230730976909
0.14545692480169237
0.6061185011640191
0.21487585152499378
0.07853354513645172
0.09661122225224972
0.6283780704252422
0.42346578813157976
0.7750504210125655
0.7377227905672044
0.8735334330704063
0.5180651075206697
0.18602013238705695
0.5889803029131144
0.594933700747788
0.4485986225772649
0.640080785844475
0.7280950578860939
0.9918271258939058
0.9337557267863303
0.8278388194739819
0.4255647088866681
0.19309443095698953
0.6586402133107185
0.3580738401506096
0.7444789449218661
0.9276642729528248
0.41430454002693295
0.7974418504163623
0.6303439300972968
0.6568676133174449
0.41530681890435517
0.6363784288987517
0.6160408810246736
0.07522581936791539
0.7975197089836001
0.4420240286272019
0.8264265009202063
0.4033804754726589
0.6889878981746733
0.9974041401874274
0.9267560956068337
0.7554057869128883
0.9164690852630883
0.6212097762618214
0.6048815571703017
0.11130592855624855
0.9098318421747535
0.5715083617251366
0.1252270818222314
0.6999510943423957
0.39417615439742804
0.8955631391145289
0.8803613712079823
0.5448614880442619
0.9420322279911488
0.3136671644169837
0.5398856094107032
0.7238835515454412
0.9147248174995184
0.2688611769117415
0.4631107379682362
0.64095314941369
0.48566509201191366
0.7069564529228956
0.33542298385873437
0.07715885550715029
0.8269487007055432
0.3634584320243448
0.797993453219533
0.4447324355132878
0.805768073303625
0.3887286458630115
0.524384128395468
0.11126016988418996
0.8418237909208983
0.3656174133066088
0.534524752991274
0.6621039549354464
0.7463417514227331
0.4712931050453335
0.6419435751158744
0.7053379993885756
0.33572058263234794
0.513805937487632
0.45329752773977816
0.8437735664192587
0.732246576808393
0.9584197865333408
0.17124547995626926
0.601146497298032
0.23164568236097693
0.8531541400589049
0.07739212107844651
0.5960211509373039
0.753936571534723
0.19660687167197466
0.5311370806302875
0.8555126150604337
0.09976766305044293
0.49181458726525307
0.6191284600645304
0.42700904817320406
0.3899312124121934
0.3761852744501084
0.9364136033691466
0.798868958838284
0.14891080255620182
0.5676683690398932
0.13739666645415127
0.9215165299829096
0.3910650231409818
0.35609301971271634
0.6319021605886519
0.6253344127908349
0.8776875280309469
0.6752919021528214
0.09433626080863178
0.2500002116430551
0.06722817127592862
0.5220125401392579
0.15247420314699411
0.38672088412567973
0.23453157721087337
0.28192972647957504
0.08608967904001474
0.6451377088669688
0.987421931931749
0.35465825535357
0.5431524065788835
0.6368705159984529
0.5740872302558273
0.8218049011193216
0.6777971002738923
0.039117909502238035
0.9780765653122216
0.8940100695472211
0.5575249982066453
0.9272854565642774
0.6945271624717861
0.007972412509843707
0.2517585661262274
0.9972892412915826
0.0622374271042645
0.48528264672495425
0.8538224403746426
0.6254512220621109
0.17015908751636744
0.711838364135474
0.47106384742073715
0.03170951176434755
0.9000058188103139
0.010852515930309892
0.9370911265723407
0.7561389694456011
0.442284184275195
0.530780236935243
0.30193371302448213
0.5673448303714395
0.25504580815322697
0.6821491750888526
0.7641201224178076
0.2658073608763516
0.37754433578811586
0.7171534732915461
0.07164178811945021
0.6506365356035531
0.5235030113253742
0.5245949216187
0.4250083731021732
0.7679465513210744
0.10923034558072686
0.9200027363840491
0.5008114110678434
0.6856820164248347
0.17122768657281995
0.5948526503052562
0.24095347290858626
0.37623778730630875
0.7769452296197414
0.6713788933120668
0.19939243770204484
0.020826812833547592
0.5107670379802585
0.15842410502955317
0.1945888213813305
0.6059789545834064
0.6494855319615453
0.6909940377809107
0.9645337064284831
0.1772403207141906
0.8321561999619007
0.1914943743031472
0.1469898228533566
0.12711625010706484
0.08603885746560991
0.765537966042757
0.030200308887287974
0.7270681166555732
0.2800138141028583
0.021878074621781707
0.7023927250411361
0.6286257712636143
0.26272273645736277
0.5990962730720639
0.3371142523828894
0.6239124566782266
0.6557863305788487
0.7107876022346318
0.5767438090406358
0.7062972225248814
0.30167729896493256
0.5974616853054613
0.3744124062359333
0.20838037598878145
0.8167935477104038
0.6336216176860034
0.6093804291449487
0.7163908439688385
0.12538790074177086
0.9468448995612562
0.09588763699866831
0.18401857395656407
0.5271102460101247
0.24249905720353127
0.3791855708695948
0.17212643544189632
0.8205465637147427
0.9809695230796933
0.15810077474452555
0.7492514266632497
0.8649407373741269
0.37986430898308754
0.9624927612021565
0.031056974781677127
0.48989144852384925
0.5378468525595963
0.480383746791631
0.926342346938327
0.7344471549149603
0.6897523365914822
0.6126362425275147
0.8426457613240927
0.7013264780398458
0.4095505094155669
0.6019147641491145
0.2634183685295284
0.7660392390098423
0.04766145325265825
0.8652240871451795
0.7848629392683506
0.4475970692001283
0.01183383073657751
0.2830187799409032
0.681075953412801
0.46333614992909133
0.07770319725386798
0.8546704011969268
0.3350593054201454
0.9842405077069998
0.8304577909875661
0.815552328247577
0.5709099841769785
0.08536399086005986
0.8301248925272375
0.6399112814106047
0.5582624399103224
0.17024863953702152
0.8539686563890427
0.6744324851315469
0.35831982316449285
0.37357927509583533
0.8063468006439507
0.38241894682869315
0.5097203995101154
0.02037910744547844
0.023429960245266557
0.07005092059262097
0.04126671887934208
0.7501020778436214
0.7541825065854937
0.8401269454043359
0.6651572182308882
0.3174546326044947
0.4474970104638487
0.34799864748492837
0.5224841856397688
0.8287297340575606
0.6917586252093315
0.7224656355101615
0.16587361809797585
0.040887873619794846
0.17888333345763385
0.3846183232963085
0.2763030077330768
0.6842602763790637
0.9447658380959183
0.6802548407576978
0.8943329427856952
0.6783172346185893
0.09699146915227175
0.5570803633891046
0.6888635901268572
0.4611108817625791
0.16245813621208072
0.7902722966391593
0.23412432777695358
0.3085257518105209
0.4941902314312756
0.40710075944662094
0.28083567158319056
0.0589085198007524
0.5716053873766214
0.39739387785084546
0.343097479082644
0.9363199193030596
0.04698701063171029
0.06267536990344524
0.6547290128655732
0.08223608019761741
0.27640871051698923
0.4820497368928045
0.5240394419524819
0.0031438996084034443
0.3747297772206366
0.758522936841473
0.6184952899347991
0.9999354805331677
0.12216950999572873
0.05464210524223745
0.9446387647185475
0.4135080792475492
0.024504323257133365
0.5579118875321001
0.30689036985859275
0.33208261290565133
0.18203440494835377
0.8338097783271223
0.07257566833868623
0.2034825833979994
0.23012565542012453
0.929591465741396
0.6359305249061435
0.3947140406817198
0.12452788278460503
0.7550473283044994
0.1163049447350204
0.9180307777132839
0.6042268113233149
0.3440862107090652
0.49017592146992683
0.5743020186200738
0.7541369961109012
0.3729082483332604
0.8120117275975645
0.6864578553941101
0.9659511118661612
0.8277420131489635
0.45866547990590334
0.1014169396366924
0.6335503051523119
0.3643375413957983
0.19466411345638335
0.9877639946062118
0.6875987167004496
0.02060572523623705
0.6977755862753838
0.07496594125404954
0.010549218626692891
0.6185007106978446
0.7216830977704376
0.7403881964273751
0.30428562103770673
0.07670490210875869
0.5232164985500276
0.25188211211934686
0.301852794829756
0.6772105442360044
0.1352794449776411
0.5440724969375879
0.7233945352490991
0.2964549877215177
0.24447386502288282
0.5619861271698028
0.8838888863101602
0.3480675760656595
0.6200355014298111
0.6284594021271914
0.4058961174450815
0.43061405303888023
0.6449484417680651
0.3890576702542603
0.05603319616056979
0.3223186570685357
0.08307608123868704
0.1704985739197582
0.555335855577141
0.2960502386558801
0.4361005325336009
0.548569442005828
0.06030888156965375
0.29804802127182484
0.9634400345385075
0.6438211281783879
0.6258099570404738
0.45485122688114643
0.6179484478197992
0.08672156324610114
0.6129947539884597
0.017751344246789813
0.024827059358358383
0.3725608161184937
0.9624579248484224
0.1683767510112375
0.6016727925743908
0.01383679686114192
0.22454646602272987
0.4786114445887506
0.26217955304309726
0.9378582695499063
0.04619760857895017
0.9825145793147385
0.8245740125421435
0.5376305712852627
0.554878257215023
0.754892967408523
0.029823153279721737
0.5443642057944089
0.27042558370158076
0.21811738470569253
0.16536689247004688
0.7687228922732174
0.09328847611322999
0.037229983136057854
0.659173300024122
0.0037559354677796364
0.3562765431124717
0.8939025439321995
0.1294704817701131
0.02405178709886968
0.18370926566421986
0.9305960254278034
0.931515916949138
0.5904287984594703
0.38490563607774675
0.5492647972423583
0.5931133364792913
0.49075447069481015
0.26311638788320124
0.43742860620841384
0.16971432883292437
0.5735380384139717
0.862997934455052
0.5717461893800646
0.294497782131657
0.0006757394876331091
0.7230399737600237
0.010799164650961757
0.05124430172145367
0.15409882459789515
0.7169782603159547
0.49992686160840094
0.6375693543814123
0.45764524186961353
0.36719157127663493
0.8674227325245738
0.6519218655303121
0.003047768957912922
0.11007690103724599
0.29671077197417617
0.3710908186621964
0.6894168010912836
0.07426380412653089
0.6703110428061336
0.2766977767460048
0.15278632659465075
0.10391416726633906
0.6239285529591143
0.1484022221993655
0.9691960292402655
0.7186751363333315
0.4675300745293498
0.4161634244956076
0.24330068146809936
0.4744222171138972
0.8696793743874878
0.25071876705624163
0.7198892873711884
0.22458987031131983
0.30281903920695186
0.14169295085594058
0.7548204388003796
0.4508057034108788
0.8353243381716311
0.5419076737016439
0.7438448341563344
0.710669701686129
0.5798207137268037
0.9590069737751037
0.30580574832856655
0.4383218411821872
0.21398228220641613
0.581143846269697
0.7054966068826616
0.9434930351562798
0.8467387093696743
0.7515885150060058
0.7458628111053258
0.7830309523269534
0.9554412323050201
0.5359272945206612
0.06014877464622259
0.08810044336132705
0.9001064873300493
0.6056698083411902
0.8970763988327235
0.6367098824121058
0.8148082464467734
0.5757175118196756
0.5661851102486253
0.443701678654179
0.9901880035176873
0.9505681041628122
0.7882790043950081
0.41586033161729574
0.5471589658409357
0.12401599949225783
0.9449217994697392
0.10316139832139015
0.20657090633176267
0.7702078982256353
0.8021319208201021
0.5376130396034569
0.3153601929079741
0.7948414664715528
0.8542094391305
0.40354072279296815
0.34556487295776606
0.6195413037203252
0.2630051481537521
0.38219418260268867
0.47880025627091527
0.3731774005573243
0.4511280842125416
0.7236210007686168
0.8013996756635606
0.14111472526565194
0.9499795557931066
0.9562303482089192
0.22075874591246247
0.03542136983014643
0.0026039001531898975
0.2008416976314038
0.39235488534905016
0.7158233772497624
0.7483954536728561
0.4760503813158721
0.8687649809289724
0.8005474773235619
0.3583461937960237
0.8967023496516049
0.22453313576988876
0.8883515461347997
0.11291927308775485
0.49863624572753906
0.6297001880593598
0.584126093192026
0.12235764949582517
0.7028119980823249
0.9516702478285879
0.6440546298399568
0.2928086444735527
0.14112347550690174
0.8081655229907483
0.706778310937807
0.8005985992494971
0.4981640682090074
0.03851777105592191
0.12357708555646241
0.22922960575670004
0.6658018697053194
0.06683737738057971
0.29475189791992307
0.6937539458740503
0.47220536042004824
0.3807853066828102
0.5823653843253851
0.9185234699398279
0.005093363346531987
0.4771120089571923
0.5974415736272931
0.7262999105732888
0.49697629106231034
0.4786282319109887
0.4078272543847561
0.7297820022795349
0.876524736173451
0.7926241271197796
0.7206089068204165
0.8289494833443314
0.8596572382375598
0.5805462514981627
0.9658505364786834
0.42821530462242663
0.09541743667796254
0.5352578279562294
0.8308985547628254
0.915659561753273
0.00405471958220005
0.09808952151797712
0.4444093625061214
0.6856018947437406
0.9007845199666917
0.040539966663345695
0.4588140193372965
0.01868697488680482
0.9900836308952421
0.9500182166229934
0.47177124582231045
0.2725264383479953
0.466432997956872
0.7741128131747246
0.32322687306441367
0.7339107473380864
0.2748277497012168
0.7357800928875804
0.4869298168923706
0.875774938846007
0.714065347565338
0.6092978506349027
0.20525213843211532
0.002211296930909157
0.7199270674027503
0.47969410801306367
0.8482795532327145
0.13205465790815651
0.06284130364656448
0.16377159766852856
0.7277995001059026
0.7007894315756857
0.6186920793261379
0.8417244902811944
0.11298381490632892
0.15858679707162082
0.29014783655293286
0.6298087865579873
0.1989668549504131
0.27186712715774775
0.5403708377853036
0.2163692789617926
0.594079188304022
0.8699694597162306
0.139402165543288
0.4620268002618104
0.6689362309407443
0.9180153633933514
0.47949105338193476
0.34850801550783217
0.1749333282932639
0.836763680446893
0.09270382556132972
0.1820585757959634
0.25500302156433463
0.08679687115363777
0.0453334697522223
0.5037268849555403
0.13947949092835188
0.5207742406055331
0.030258160550147295
0.00734129105694592
0.49534503440372646
0.1410983873065561
0.5160987987183034
0.1985050984658301
0.08457668544724584
0.4366056961007416
0.7846465858165175
0.07601429894566536
0.41307302517816424
0.8358363241422921
0.08110369695350528
0.8333201925270259
0.9826599273364991
0.48374314373359084
0.08863591169938445
0.5438573402352631
0.5977264065295458
0.25166812376119196
0.9311007296200842
0.22136012162081897
0.7390553501900285
0.3494597296230495
0.8132117437198758
0.07969600870274007
0.40841449005529284
0.7017929726280272
0.3743763614911586
0.7736210413277149
0.026673953514546156
0.6936336513608694
0.8639330028090626
0.9164119567722082
0.5361774025950581
0.719551479909569
0.17005265597254038
0.8560407576151192
0.6185311817098409
0.8877047635614872
0.23331057815812528
0.11568974587135017
0.6893179407343268
0.4239227722864598
0.8082442218437791
0.8312059522140771
0.6380070962477475
0.7993896324187517
0.3821949018165469
0.9071570378728211
0.713451427873224
0.6742405062541366
0.5308896715287119
0.5515874940901995
0.5726350219920278
0.21597083751112223
0.5172145466785878
0.8764954993966967
0.6180975642055273
0.22574480762705207
0.18626568582840264
0.8989752547349781
0.44243793305940926
0.2891833840403706
0.027732770889997482
0.4944967785850167
0.6264778708573431
0.332947616931051
0.6761392357293516
0.3474566137883812
0.3394638351164758
0.7258581754285842
0.47854825551621616
0.00785323791205883
0.6124711164738983
0.16720456955954432
0.31347207771614194
0.7688691571820527
0.36516656121239066
0.9403430621605366
0.08087614155374467
0.19215385452844203
0.9028144557960331
0.8471232848241925
0.33823505812324584
0.41983452904969454
0.19466598704457283
0.9335571425035596
0.677880707429722
0.1614264971576631
0.4483085961546749
0.6398361714091152
0.4303662986494601
0.8307938941288739
0.3072797441855073
0.6575923254713416
0.8723029135726392
0.8412210943643004
0.9128208050969988
0.5183390963356942
0.2855147779919207
0.3402721369639039
0.39240249153226614
0.9396780570968986
0.5414236143697053
0.8746600290760398
0.5145206025335938
0.35980467591434717
0.7234736825339496
0.49976698332466185
0.6420108457095921
0.6650129330810159
0.961964656598866
0.2122698116581887
0.5685830265283585
0.1633231369778514
0.64349694410339
0.4777103429660201
0.44044329156167805
0.36698495293967426
0.6105861715041101
0.39024102385155857
0.5614456457551569
0.7930728166829795
0.6489354725927114
0.33280960749834776
0.07920004520565271
0.4915348053909838
0.4551376015879214
0.29640835570171475
0.7514613557141274
0.8041691607795656
0.33713441132567823
0.09934859513305128
0.40084361052140594
0.7135638007894158
0.7636765674687922
0.049255575286224484
0.6986830304376781
0.23063792823813856
0.4323452743701637
0.800239363219589
0.5207485181745142
0.7265145471319556
0.7973567044828087
0.044458259362727404
0.22712762327864766
0.46896735043264925
0.18563815229572356
0.4653290545102209
0.768411508295685
0.624579343246296
0.5563235683366656
0.5462432387284935
0.3640337325632572
0.5938337538391352
0.5196937890723348
0.29071811912581325
0.6287382447626442
0.6814671319443733
0.18183708819560707
0.7488647787831724
0.17981647863052785
0.10236624465323985
0.49440385308116674
0.044034843100234866
0.9173287230078131
0.036996412789449096
0.8459799808915704
0.4638639548793435
0.04599727946333587
0.36504378146491945
0.4385157853830606
0.3431685552932322
0.5054185942281038
0.8690496843773872
0.8276080384384841
0.22514500236138701
0.6493894315790385
0.7724462174810469
0.35508090374059975
0.6387970536015928
0.6534535735845566
0.19429964828304946
0.3069092237856239
0.509503809735179
0.5140337515622377
0.8932725174818188
0.39316812879405916
0.12890341458842158
0.4982412673998624
0.7332389722578228
0.031239719595760107
0.2598367379978299
0.29245044686831534
0.48157647834159434
0.5820364805404097
0.9519364854786545
0.2110236461739987
0.07491254108026624
0.24747711047530174
0.9861229695379734
0.5893461620435119
0.6733630520757288
0.9759521721862257
0.24463563971221447
0.19114649551920593
0.197544481838122
0.56748540350236
0.8747933530248702
0.4038315631914884
0.5095654227770865
0.7501511157024652
0.6515110491309315
0.9541434065904468
0.07802931009791791
0.8227085608523339
0.1991887241601944
0.577753933146596
0.17515604151412845
0.013319151476025581
0.39238687977194786
0.08176137646660209
0.42025304958224297
0.8605244737118483
0.35951992054469883
0.14961010054685175
0.6893361790571362
0.9213281525298953
0.33846340724267066
0.5291064421180636
0.8356119059026241
0.7220104993321002
0.07447458151727915
0.3040631399489939
0.754282055888325
0.7372395142447203
0.7362550022080541
0.25942536420188844
0.4031581864692271
0.9303032467141747
0.06774105923250318
0.8432238849345595
0.44763760548084974
0.9343282545451075
0.3410665784031153
0.9327483009546995
0.8713201752398163
0.8400021868292242
0.327800780069083
0.46911853132769465
0.4442827820312232
0.90700788423419
0.24548298446461558
0.7860495692584664
0.23213591310195625
0.8270176507066935
0.35842074803076684
0.06496144621632993
0.7742782412096858
0.1389756987337023
0.4191396711394191
0.2434989979956299
0.3091165686491877
0.46475019957870245
0.7651407003868371
0.583445273572579
0.47364262165501714
0.4656672687269747
0.4707809535320848
0.6654305059928447
0.16362432180903852
0.10753204999491572
0.7082372880540788
0.0935288688633591
0.6209234963171184
0.3566168106626719
0.40922724013216794
0.13838719995692372
0.6282431646250188
0.6469319714233279
0.06388449459336698
0.8491070503368974
0.3514239280484617
0.3939095849636942
0.2675048434175551
0.5722944762092084
0.3055470597464591
0.5904433480463922
0.6045105806551874
0.7139375305268914
0.5819398572202772
0.3678494612686336
0.3794640167616308
0.36535629141144454
0.9685905431397259
0.2776776740793139
0.4292005733586848
0.8876863569021225
0.8776293201372027
0.21491731400601566
0.13016083999536932
0.7303818308282644
0.7429672842845321
0.9399966027121991
0.006497473921626806
0.06520658172667027
0.649361684685573
0.21575292362831533
0.26241142000071704
0.3954599602147937
0.19482542062178254
0.017950176494196057
0.18440201599150896
0.38214461505413055
0.4569054124876857
0.9124241543468088
0.51026024017483
0.9967167901340872
0.46928622922860086
0.41900787432678044
0.31416762177832425
0.7347105611115694
0.9104936539661139
0.7347181064542383
0.8435823412146419
0.32539971196092665
0.1371272651012987
0.044246939243748784
0.8606366773601621
0.5549687889870256
0.3543824970256537
0.031087826006114483
0.6447900536004454
0.14088917966000736
0.6542770494706929
0.18168999743647873
0.3713045089971274
0.7941513541154563
0.8347547941375524
0.5302706316579133
0.07078433618880808
0.6358654440846294
0.8308734255842865
0.10727470181882381
0.38746811426244676
0.7448933708947152
0.4641117565333843
0.24578349781222641
0.5875991235952824
0.7506716935895383
0.22298585763201118
0.034906765446066856
0.8717465819790959
0.3270630512852222
0.32766199111938477
0.537830248940736
0.15628431038931012
0.5153274931944907
0.05246674595400691
0.9733335431665182
0.8108260314911604
0.3147821556776762
0.857457741862163
0.3562190884258598
0.7137139297556132
0.5394607449416071
0.540447307517752
0.4759939855430275
0.11371382186189294
0.6492567684035748
0.9986932165920734
0.24306726921349764
0.31507158861495554
0.11210971255786717
0.18848652904853225
0.7149692371021956
0.7744630258530378
0.8054572734981775
0.25272854417562485
0.2975979479961097
0.37358048814348876
0.16208790289238095
0.28321496676653624
0.06885587866418064
0.7139957267791033
0.3387750207912177
0.21128986729308963
0.9227602139580995
0.48437197832390666
0.7369784789625555
0.7815802244003862
0.11618992080911994
0.3462694576010108
0.7835477518383414
0.8816679727751762
0.910676276544109
0.912512167589739
0.7520922627300024
0.6865505804307759
0.27367355301976204
0.019861041102558374
0.8958455505780876
0.8645440540276468
0.4045897023752332
0.2387819574214518
0.3120306481141597
0.4399358993396163
0.677225710824132
0.6858340124599636
0.6359979850240052
0.8603387407492846
0.16765160067006946
0.6320037052500993
0.03661179821938276
0.5169883121270686
0.20175395929254591
0.33489265060052276
0.1533936602063477
0.994280198821798
0.5247127257753164
0.2051468533463776
0.8177396750543267
0.05921151745133102
0.9251513497438282
0.14758759457617998
0.5543224683497101
0.3752570659853518
0.4619577273260802
0.27091374481096864
0.49016222916543484
0.6476689844857901
0.3848240568768233
0.8922897262964398
0.5820881365798414
0.5543793744873255
0.05406647198833525
0.33044842327944934
0.4168126380536705
0.3580464718397707
0.701160702155903
0.416460779029876
0.25756678148172796
0.9248329252004623
0.13849312206730247
0.9569913139566779
0.8659688087645918
0.3522438786458224
0.8733244659379125
0.2737663323059678
0.16315946448594332
0.7033618199639022
0.16423523356206715
0.4104933615308255
0.0877459414768964
0.7242873858194798
0.6198315734509379
0.9692104931455106
0.05923707433976233
0.1068200427107513
0.15616959054023027
0.8857328179292381
0.11204076139256358
0.4655316818971187
0.9999241516925395
0.5674708734732121
0.33170802635140717
0.8417667087633163
0.8238745294511318
0.2542191785760224
0.6274715119507164
0.7380375806242228
0.7117888133507222
0.30500965123064816
0.24314608611166477
0.0037406152114272118
0.7523042480461299
0.7549136930610985
0.6425069065298885
0.007074870867654681
0.5078720322344452
0.9689137740060687
0.8001031533349305
0.603273956105113
0.024129100143909454
0.0825702918227762
0.23466151976026595
0.567157416138798
0.12366343685425818
0.7010475033894181
0.4690595206338912
0.0845186859369278
0.32700748834758997
0.5505200321786106
0.5798951759934425
0.7266792366281152
0.6020885661710054
0.18567396653816104
0.408623582450673
0.5195320066995919
0.9387708469294012
0.9171174091752619
0.2435503602027893
0.7964746435172856
0.8077558658551425
0.45511096296831965
0.9904675774741918
0.41494997940026224
0.45582553860731423
0.031274385983124375
0.5310134952887893
0.29995929379947484
0.738567108521238
0.5187224072869867
0.41666594543494284
0.4131663190200925
0.2311419399920851
0.6236743535846472
0.8861899652983993
0.1888498542830348
0.34373186086304486
0.7281995520461351
0.2095184565987438
0.10600898414850235
0.8386371827218682
0.9505794148426503
0.6066350529436022
0.8496676168870181
0.8192383199930191
0.21518457657657564
0.0871292189694941
0.2380295975599438
0.049080952536314726
0.8577130048070103
0.8827304136939347
0.10052798478864133
0.16182276257313788
0.18822996760718524
0.12822485715150833
0.8001934413332492
0.15713103697635233
0.7844368419609964
0.23397970688529313
0.8671901093330234
0.3627141898032278
0.5650608062278479
0.8666382196824998
0.13858380331657827
0.7531328734476119
0.6399058622773737
0.9094471393618733
0.9815413157921284
0.08115722192451358
0.2224518982693553
0.6470504077151418
0.7389871731866151
0.4922739032190293
0.3256227078381926
0.08211294934153557
0.8843109370209277
0.742532325675711
0.10613733367063105
0.8692949151154608
0.4562390046194196
0.4073666790500283
0.870867142919451
0.9802766926586628
0.3462276423815638
0.11831174744293094
0.6087678044568747
0.07121285609900951
0.464775102911517
0.4656076186802238
0.07418616418726742
0.004646878456696868
0.36493095220066607
0.4055388884153217
0.17738611483946443
0.3706743479706347
0.4308464312925935
0.44485047459602356
0.934010615106672
0.484982528956607
0.7992395127657801
0.2027643525507301
0.606893009506166
0.24173684953711927
0.15729308291338384
0.6260520333889872
0.8500915770418942
0.14373132237233222
0.3394942295271903
0.8540816972963512
0.9065613246057183
0.831488978350535
0.12655450031161308
0.5180391287431121
0.5353792840614915
0.3884700108319521
0.43018910265527666
0.8330439368728548
0.642904463224113
0.6509237815625966
0.910700116539374
0.05725187947973609
0.8433982979040593
0.0694267472717911
0.2563333627767861
0.5918925809673965
0.1728404585737735
0.054270902182906866
0.6155191245488822
0.7814494171179831
0.7820106821600348
0.5630181790329516
0.5058602693025023
0.737405648920685
0.7340247023385018
0.03908383194357157
0.2028992660343647
0.48609535000286996
0.8101262971758842
0.9347521266900003
0.80688122427091
0.670381641946733
0.014457218581810594
0.16342081711627543
0.7195981754921377
0.8328979650977999
0.005075246095657349
0.8956179542001337
0.8415552699007094
0.7746159029193223
0.21078967675566673
0.052229543682187796
0.8454865496605635
0.26689190277829766
0.26641570474021137
0.3918502184096724
0.3935077318456024
0.33230956131592393
0.5976774988230318
0.8682948867790401
0.7030063776765019
0.6690593212842941
0.7278465854469687
0.8872949543874711
0.9447028809227049
0.06388188619166613
0.9321112970355898
0.501700688386336
0.3728706769179553
0.15984905394725502
0.5747283902019262
0.026736210333183408
0.5202357408124954
0.4490999602712691
0.40221474040299654
0.253771242685616
0.07548409211449325
0.8547431444749236
0.10120828612707555
0.1890198306646198
0.2616845911834389
0.5165191134437919
0.923924628412351
0.4115211491007358
0.2595770175103098
0.5190809243358672
0.2536744649987668
0.7836721036583185
0.4591155727393925
0.5932424776256084
0.3235496797133237
0.19024750380776823
0.42043745750561357
0.8184060472995043
0.945153477601707
0.7579558792058378
0.5549314748495817
0.6528311443980783
0.7391264769248664
0.49120891420170665
0.29593542008660734
0.6997204937506467
0.9805729943327606
0.9446938650216907
0.36872671730816364
0.025034364545717835
0.3739551950711757
0.4052077343221754
0.8125873133540154
0.8725385605357587
0.11240874091163278
0.6415519898291677
0.47111717495135963
0.12744009215384722
0.6831882416736335
0.03706797305494547
0.8960203726310283
0.37873956374824047
0.9896360265556723
0.26744652236811817
0.5533524267375469
0.9125146139413118
0.6524782597552985
0.4259353852830827
0.8359880039934069
0.24561042618006468
0.20593750453554094
0.8661058191210032
0.8613577368669212
0.6100597870536149
0.2813166363630444
0.24693188932724297
0.07574996841140091
0.7322356677614152
0.30194107512943447
0.623507482232526
0.6056195928249508
0.9834759889636189
0.5464712881948799
0.8049293989315629
0.08178528165444732
0.02325435052625835
0.1835897855926305
0.6059792137239128
0.9949109319131821
0.08266830421052873
0.5965362440329045
0.4445458047557622
0.1945766273420304
0.12809550389647484
0.013722603674978018
0.7680633733980358
0.9221923393197358
0.6957685342058539
0.7306793020106852
0.10449324687942863
0.8227229984477162
0.5550917808432132
0.43500379589386284
0.9180991265457124
0.6448719117324799
0.6428992052096874
