# browser_rnd sample v1
ua: Mozilla/5.0 (Windows NT 10.0; Win64; x64) AppleWebKit/537.36 (KHTML, like Gecko) Chrome/100.0.4896.127 Safari/537.36
appName: Netscape
appVersion: 5.0 (Windows NT 10.0; Win64; x64) AppleWebKit/537.36 (KHTML, like Gecko) Chrome/100.0.4896.127 Safari/537.36
platform: Win32
vendor: Google Inc.
oscpu: 
cpuClass: 
language: en-US
hardwareConcurrency: 4
deviceMemory: 
screen: 1024x768x24
date: Fri Jun 12 2026 13:45:15 GMT+0000 (Coordinated Universal Time)
epoch: 1781271915174
count: 4096
---
0.04198632921808154
0.35398954634761415
0.6483600092366351
0.35171337678269876
0.0874396458112201
0.41820420669110714
0.04396992464306382
0.579818243219431
0.1942996599586586
0.15934104337368127
0.8420713911309392
0.2964399702476359
0.31205795126477276
0.14533676263217354
0.5059163474147916
0.933782493570998
0.19932035987126895
0.027981025696786066
0.4244908506591376
0.34279289667732815
0.26264232040321356
0.339196116736761
0.9520894169493441
0.8483266216973335
0.8766292086750116
0.3399218834313811
0.2342404781824139
0.37981844590433167
0.3510062708942774
0.31325523965852153
0.283396989758804
0.6470100568252901
0.28622205761240616
0.5580929975129902
0.11401675393181998
0.43780373222525704
0.8022378238321701
0.8540879971866306
0.21786905836182768
0.6732598846891924
0.5846529073152966
0.6352012881207219
0.7254625030340058
0.22794510491432485
0.7610524004437602
0.9976199902206611
0.42932919429001104
0.3437326873865236
0.19050670174198192
0.36583128320669167
0.09595506915256746
0.14730767929412103
0.47326031514056566
0.5448311380610114
0.5244306866606276
0.34972695481821825
0.05917046260405856
0.16246920787262287
0.6648747383286993
0.9409550412614944
0.2764178981463674
0.6538821539246986
0.5864135584429488
0.9525184345616808
0.48048879149143553
0.06873102172074375
0.7374951645420389
0.9673010534415643
0.29575204889122064
0.8195359026324698
0.81817547000683
0.44745569778499394
0.7544391615615162
0.5365454233065896
0.09118227622543928
0.1395421911546797
0.4937845815547999
0.566633915935018
0.6945406639340215
0.27662448867941425
0.7869642071522205
0.7528953920612464
0.8414170586850356
0.534775331263246
0.48295201553721623
0.2598296039541286
0.7449418937650352
0.045698519567236584
0.4099274715249368
0.37442937334946835
0.5452986642252513
0.4046350362849038
0.8711883067314572
0.9201075225654296
0.9042640719414627
0.28324368803326494
0.47431216695192835
0.30761581627641865
0.9380511976622268
0.36740301576668166
0.04051740675105009
0.061269206923001196
0.4837657800674149
0.2742310996463575
0.2146216682694757
0.8534603913888736
0.6097059774198628
0.6293421869438831
0.8655965182088341
0.7996041403272265
0.07116651678109065
0.7995588864044407
0.6221523591613323
0.6291489540113457
0.7401642218210285
0.24824013000787692
0.3932657122395822
0.34325874456821803
0.14609111383630813
0.29037800102374733
0.6816302245996035
0.19730172616852126
0.794959824298068
0.31949824361754153
0.8354867110974689
0.434941401444618
0.7082164361924408
0.5298775870826256
0.8501976632054928
0.9344751468041694
0.49489239239131644
0.2672207159346023
0.02486064867945159
0.044467840969050654
0.2080517078240689
0.017951396629936278
0.8477870117969759
0.4324553847071415
0.532606869887353
0.19555447478002375
0.17051024080482913
0.3393035305011891
0.27765813210626344
0.5716694013988721
0.9289803768582878
0.7901382100808823
0.9184229134298751
0.8326425498592267
0.8684102149672028
0.2304510108788076
0.5935811341522246
0.5690868183260303
0.42187838738659345
0.9304894300210282
0.27338883643136813
0.7900432802422486
0.8626444728189
0.6353206281534542
0.24097088154371948
0.6346617031038311
0.05872470920745387
0.012723169377073296
0.44238489728265495
0.34314538810878714
0.9396046204815054
0.45710633058699424
0.9489653666425981
0.10846836687296757
0.4305114183197978
0.7466922750871365
0.4479802417272045
0.8388519413829998
0.17644912434163262
0.284110152715197
0.010426092536010678
0.46314015821604104
0.23531380669497626
0.6073616528045993
0.5547398520915783
0.61965734319293
0.4349564909861512
0.7483368285100735
0.846005562856506
0.282047889756849
0.48323475340036626
0.867543569573652
0.8219225964490278
0.23764359457075246
0.8008562913326502
0.9362927816733158
0.03604509474526152
0.9113777949730717
0.7366433576655067
0.4065748741009405
0.3585218858381687
0.4212871007698322
0.16431165952442606
0.6418573733423019
0.0803352123185288
0.17927510903379318
0.08322515162946953
0.65555436884587
0.47685549061723664
0.23574887290895363
0.3191379420352356
0.42602491420758093
0.7723252740906588
0.3088575488254599
0.9911368447887097
0.3571596042110883
0.2818294684116267
0.43725710955035346
0.868433234056945
0.9091161904402252
0.6353599523656408
0.5411542358707864
0.6816939742649137
0.5549492436027772
0.025336402901718236
0.12503345703430901
0.3873752678434146
0.6617482799361163
0.5694425532234026
0.8745293502280649
0.6882681837699609
0.715782743381725
0.4010839916930786
0.8216927069204703
0.548553135527335
0.23589019585947946
0.14381987828448617
0.4912071698597731
0.9376531436073783
0.8216965645246699
0.7810894128157686
0.4242765275751408
0.15524620415540036
0.027362262892487665
0.8783721627622636
0.9359549322526053
0.7315593604021116
0.5795054140173386
0.28219049010791886
0.05821929243540169
0.052863036898277205
0.4238759800431946
0.7446451036566046
0.36757618758427135
0.519437598184326
0.8219368497570696
0.023849644015179194
0.8879988490716615
0.6954638609554316
0.1947592946264174
0.393605697465798
0.7514966230279945
0.6428397894782627
0.8968865281955976
0.621751173458108
0.7530700836655391
0.5278419073486924
0.6196943341310304
0.1417389203813897
0.16718322789814666
0.647676905289055
0.6497136546846003
0.37415568359789364
0.6638605969086524
0.6874785841292634
0.27031698974157137
0.9997329810340958
0.5501669896950543
0.16043857958634988
0.8074328207704218
0.4245913676333868
0.7542239888960871
0.23532337769692946
0.8596207058191199
0.37080630602466313
0.3771815162390735
0.2863976318378396
0.9824863459716684
0.4558506935856852
0.4663236105518844
0.547734804411466
0.7402178375745472
0.3497852575040794
0.6529347020325864
0.33036561787517704
0.4513049722821527
0.36898249082127554
0.9274147453652446
0.1422878016929865
0.327416015247032
0.32664634479865806
0.6870524509217408
0.30065067882739793
0.9197107592617733
0.5942508278637528
0.09984927385353037
0.6886310809732812
0.08588632765424364
0.16204554438632246
0.8402246141915837
0.5554150865881777
0.9086768262359108
0.4674648126152814
0.314009166945463
0.21352434967544132
0.5965657226986079
0.11798604584519667
0.8086964234429053
0.5006924053303121
0.2750356240490075
0.5619267568105291
0.332697666434989
0.8431577345185826
0.682631155567214
0.5209704620204463
0.53848596022835
0.18576242171230173
0.0625773325179273
0.8204214486978372
0.26194471169694467
0.2409591286684294
0.3612083358924085
0.8346962577085046
0.5438352836900999
0.8579804325469882
0.7893429522193305
0.12209380369944811
0.18452751377242604
0.032889988316765484
0.7555402397361908
0.7033995972341667
0.5183448725309621
0.5532931969633386
0.974698297947667
0.3104944505574192
0.36669002992582844
0.02268136638587337
0.3687092095833717
0.9798148430286391
0.701372276634963
0.7542049327379414
0.639666893227953
0.23674015621070965
0.10299867625216796
0.5741887931854259
0.8055986494798943
0.9940554661443097
0.735693162350165
0.3301677809391299
0.7230409764647583
0.2318166302374447
0.8415005603705377
0.6106288956482031
0.5180479062843546
0.8282538413852238
0.0130203160294744
0.39121814979360137
0.0006746535065549342
0.8413415790581864
0.2484452616562287
0.18863926487926674
0.5364914566875181
0.3092858745661713
0.854602469476077
0.4373000832725813
0.28458070658918677
0.5265821972400799
0.22787796904232827
0.9455359348045849
0.6203519509137421
0.291996854360592
0.20577023952885432
0.7547006305997412
0.22250793009773306
0.8924437899641346
0.6925839131719735
0.3318702661933317
0.32128604852165243
0.5439069932176617
0.1830925903595586
0.5608036715763969
0.15510279265335347
0.4649499501731851
0.9742198781249671
0.23700984697716265
0.3943714654291284
0.8845504197104459
0.624578249350616
0.07090716795118679
0.041435066307933255
0.5054648638973498
0.5594874642694088
0.4175155631946621
0.4825913451272117
0.022020349647387416
0.2887406608841474
0.42780663156976706
0.7724370815852364
0.9712082522957888
0.47167638206272033
0.36531995125376326
0.41200581764035693
0.34874718530734294
0.9644291134800635
0.7152674313260727
0.7530236845943705
0.3498425699410652
0.0004462717698945351
0.6645561399382292
0.6893549087774589
0.8446600150244259
0.1678599429921599
0.26778384591761295
0.9209277060371746
0.9102441399755139
0.9351975832490993
0.8770462157749788
0.07658006086016567
0.02125370056502307
0.4301316109325648
0.4683523310964015
0.2976701659153669
0.43561820142597973
0.7215330130543616
0.3125723037921455
0.30040331386693153
0.18836869898113995
0.8630884439566429
0.8631198630876693
0.25300636923060127
0.893079813833112
0.22995026350634795
0.9085197704449297
0.8839509710672939
0.45075839465925793
0.15431448383439372
0.09779146962176433
0.18036938488754517
0.2085348378295544
0.6576636457732121
0.5775018300392121
0.905348641942493
0.8869403112284595
0.6384820527053243
0.5268608064460805
0.8325436044003125
0.5839326115046233
0.8056038089000983
0.8798164997626574
0.2649081260146391
0.18597824008378305
0.39617217013254424
0.5313994600403611
0.2956821503246678
0.4617657314779422
0.2320655616625582
0.4262418897141593
0.9586178823688425
0.6207852394187443
0.4738137809469729
0.8019819459565816
0.2376211326655615
0.35945697763084783
0.9053052100712706
0.2022988237709782
0.3744631464786963
0.8932853381764192
0.24822515480896734
0.6188707674369527
0.028690415780020073
0.04593128848587802
0.7140537175989246
0.7218033102223766
0.21453383235999102
0.5646331453028874
0.3843835312997812
0.43224067813221634
0.7465735319398281
0.1838539832556827
0.7344535794310529
0.21844978861953224
0.09475154600036562
0.2873477219299718
0.6378562387628717
0.7668465592822586
0.4369243424170013
0.3599157294546733
0.35792701334897536
0.5189356223463755
0.3792975835388517
0.7965594745081919
0.16265529548654034
0.9237836665523844
0.06303725670572913
0.9711632750703925
0.17336938011526315
0.6552829086998817
0.3432154490106083
0.5939740427179427
0.8318747408475287
0.6370862647366056
0.1932828755078384
0.4543521284118386
0.6556191923440982
0.1961543713244649
0.16171869473995337
0.04050720532526042
0.7743797176615674
0.10549102322331017
0.8393794353418607
0.5803161083878889
0.41591801126141004
0.8942912938186658
0.4507045736113815
0.7295189114821756
0.7733956632977854
0.5481113136879119
0.36194611574480806
0.4580163535308863
0.9806009320904121
0.026723448476736245
0.45500523301000784
0.725725387873317
0.3725858418396606
0.34325143018175597
0.3938413171205668
0.21748817182523905
0.04037885049532841
0.17135490018516752
0.319339923698839
0.12420146439080137
0.5227043385461678
0.651854901043194
0.8090958503034043
0.8581268425643176
0.14022531705825703
0.19486186358328927
0.3642981421527651
0.6995240299527619
0.3902499143473024
0.2886201856017716
0.7509486573878157
0.7201299897990079
0.6065908536219127
0.9347597120204338
0.8548870900926546
0.2798935706715102
0.6521816530945825
0.2818793847604102
0.09513055836999973
0.9962638241564423
0.503587294243004
0.9943893558525989
0.42734385426776744
0.18779166224238608
0.23822777044760146
0.8741417914436933
0.8257029281713433
0.8099811989749108
0.301764287745381
0.5815223561447032
0.5789722565844
0.5249547392783136
0.5765193112932081
0.011751543249424179
0.4308294052579995
0.26258828418253577
0.9102647444462788
0.6175841249312302
0.3477200484393814
0.9122352817029469
0.061182349522958646
0.8009537659433503
0.9511028760351803
0.010255841916740005
0.8441028789602756
0.4813776768514515
0.6756635978029699
0.7121359564138907
0.2578720267432224
0.5826594090981168
0.13825451783124376
0.19078821251363132
0.8935905655117355
0.7546168664628039
0.7585964090531461
0.7417550976358962
0.050705128894688034
0.8208346828956494
0.8064048367848027
0.3505558101109929
0.7098952692275808
0.10640739985729675
0.014860114686098935
0.31746867751269536
0.8241012694490706
0.6880731822897992
0.06257539375130783
0.2859828365455659
0.42715992983845164
0.9455029770617231
0.5603447035622255
0.8193540185451005
0.1600974157043209
0.325911839644522
0.9073341581204293
0.6473283910290055
0.5093683971018401
0.7947107463271386
0.6928721631264454
0.1384803472928391
0.6752400690741227
0.15345700499762227
0.4568552967981465
0.6841694100750328
0.9744372529187011
0.3561228576508362
0.6472107209004705
0.8191384296918978
0.9617965827435697
0.7540612102047206
0.9908290852700428
0.32874946692786633
0.39241204316815037
0.5132087111638561
0.9682575542455072
0.3267730656539485
0.048877794753587
0.9359140027009396
0.4533667075828067
0.7071327187899481
0.7505390858851015
0.3258455105339644
0.36497244897933667
0.7282158976451383
0.3576908989695946
0.06271802724906972
0.771573013673349
0.8862966557203036
0.4780430034744274
0.7374711205774584
0.7935491863418602
0.31413735799941267
0.46910534955213823
0.6648182283635482
0.40272125100837686
0.02321228796860053
0.25025262077042343
0.9645359157771218
0.023717485792751347
0.6425892508000914
0.623929529064148
0.212730175488129
0.5965664617040496
0.6634829077369999
0.10700859596251622
0.15875549339856
0.2563096817416579
0.2519591048947023
0.7623178671249609
0.49726915215866385
0.21812695811457594
0.14042799706134068
0.37994461756940145
0.4244919037968993
0.43278007355757064
0.8890768149788388
0.007474249566645108
0.3128813143918059
0.932271808080926
0.279465195364484
0.9001164805595647
0.04752024161114554
0.7199871922296115
0.8219933985186509
0.5802929395305989
0.03424397769446563
0.6890874114513046
0.3354760321338075
0.014607894330627813
0.26182306807171374
0.2833417692212927
0.17015077173850313
0.6993639245913845
0.47454439196271125
0.23534655119499814
0.5235044673324225
0.20741147507850344
0.32961105159065207
0.0023121097733473928
0.47086991951096846
0.4052879958719635
0.04325080865312669
0.6312355759038857
0.3381861430131261
0.11738290611661295
0.10302782005267219
0.5637995694885427
0.10340113206819113
0.826773565980145
0.17673705745589885
0.8823700097758689
0.41861971093644645
0.5458662516685424
0.8032367440024577
0.15494482299139367
0.5761380761235229
0.6940264727388441
0.11652770592379902
0.9561057503969221
0.966828122076338
0.21777763427430918
0.11488042639922291
0.8915836580968992
0.3639487794095968
0.09881623105540194
0.8080443789884211
0.33799880792598924
0.6599796044916408
0.4091965661830226
0.8018446031213053
0.5918430322926698
0.8232143560757532
0.3942405142915646
0.11105056584218564
0.46928954153984614
0.6759304745490267
0.32469517281748583
0.9279885382969271
0.1579541670514677
0.28912586717935707
0.9726883896685345
0.12946910510531984
0.5852650767000864
0.5736302315166999
0.06022167595838379
0.4216526701402288
0.0017685167986867256
0.9514512531767552
0.9957072795504882
0.10267389902619684
0.8734896458682617
0.675805021463463
0.02964406695255062
0.5953876017525279
0.9349456357981984
0.909239247412345
0.5777755474889901
0.39592708574805324
0.7232283724431936
0.5718492633220376
0.11859610169913926
0.6432800481973169
0.7726017829176581
0.972846102164987
0.9213707256633812
0.9546887756822571
0.23755254010161586
0.8239226463969793
0.04792752520594257
0.6126257025396447
0.8563105220210985
0.26549792479941114
0.22189290823953667
0.255107787650265
0.3122015252866641
0.38751678801513023
0.8816202643392284
0.2733549808604585
0.6291495586136346
0.21488485670061008
0.21358080237442234
0.9723734824274131
0.8063411713452215
0.4984373194613032
0.840882349151334
0.49832854760398715
0.06976529631733097
0.7223272131014817
0.1886798858091321
0.36223457199980236
0.6620869364278794
0.5204111863789651
0.5421543896911354
0.8027448367568293
0.04137173940668326
0.22099387623273548
0.6012585963623509
0.9042934505279072
0.9906868352814773
0.03620029410740866
0.8011267454404931
0.578086417022539
0.269324791664159
0.7587813237625278
0.5025085240652292
0.838791916205369
0.04096142779450407
0.37085300787149533
0.7463955784326559
0.34213873299797637
0.8695323719229613
0.44302415493717895
0.6521350187280064
0.05420420806409032
0.9935697714259
0.9087294466312612
0.38130348520275836
0.08843512815030419
0.9097384958769328
0.6603014875705333
0.4477845669302465
0.09672317067670022
0.5547339787661165
0.7948635060996998
0.9761647864268816
0.12035109677264377
0.6454874584822092
0.35071335836615547
0.14440284297069605
0.17110602136091502
0.7960649453759814
0.979348314317698
0.2934373097766594
0.03410195468176025
0.5686191107187606
0.8054688382410005
0.05320636287240377
0.17939733632601929
0.3097682517236362
0.13559344414979613
0.9284307362234874
0.580003900163593
0.4950988327190191
0.61676245514854
0.38595634772457577
0.8755324031384812
0.5617681803353662
0.9562029369325187
0.663980105373591
0.1518200020921996
0.8170280894550106
0.8086004522436379
0.3798045511691801
0.6698383117336526
0.8254287359585659
0.252270963336076
0.0484919099583756
0.6329567353031316
0.08490487740437325
0.732957487966597
0.025761563577028523
0.2331776053370962
0.05697312379945618
0.1813926823880918
0.4105396614817969
0.9932601122137075
0.3013844315294687
0.005471431662996906
0.90540679336402
0.9612591344544617
0.29144935089025426
0.09639926447694003
0.6023124195653469
0.4067605634873983
0.3860113102737901
0.4994625398759742
0.053172596064225086
0.020582969774601168
0.9048517865522674
0.07009052628145862
0.9511184716426804
0.14565381769366392
0.25634260087612204
0.6113249029326735
0.1729493074352313
0.07057674329672103
0.7277591843617621
0.0868619374887003
0.011109791075292197
0.21449054872995577
0.018366120994780077
0.4916868580118572
0.7625541362687551
0.7179133934568875
0.48026145158976274
0.30514055637207727
0.8628769965131888
0.6225083002402982
0.16432874354432303
0.8236905818648559
0.005547282125744735
0.4254847463927376
0.9068124916592619
0.3665504274507725
0.9251200375839721
0.23898441166392548
0.036621671451704474
0.2893506876951366
0.621079786473042
0.2839165461543598
0.5539824196611465
0.1226690831105417
0.2674169348389479
0.9729227582047937
0.8627572514704882
0.9684302593373597
0.9081659034331526
0.6440573611589189
0.11292842796996316
0.6985572627107484
0.04165978943301796
0.8135508784218053
0.6425340765046608
0.4168828867862979
0.48347374284869327
0.6054266148731591
0.6540981858476604
0.8067750870379098
0.6831245157431891
0.07784002438088011
0.25048541886641873
0.09683791325535918
0.12238505832122493
0.16544213042032774
0.5636635596212121
0.22651237431774418
0.932281646460297
0.2571407065354889
0.34929418101634635
0.17441501660292769
0.06370358425917022
0.58030410502084
0.33560941422560453
0.3723582766070834
0.1830381324456567
0.7736826797943253
0.5709304189723348
0.5332689121060674
0.13986566354651786
0.7360488284167863
0.13778754924313463
0.3203027019420497
0.3059205100465179
0.6776581643291255
0.6993643418576596
0.4470242764849248
0.25937897112349506
0.07836510431868882
0.4639372977792833
0.6784534227991437
0.8391231998347741
0.66071365596225
0.59151028497087
0.10293831121001862
0.9553806156119005
0.04136668349120609
0.44282562255404745
0.8240159345888036
0.48745690258164176
0.20595998806459792
0.11283926133749889
0.8184598655721107
0.8320313805706541
0.5254480252139522
0.21063296796616338
0.2452350322422021
0.7206092715831514
0.160119853105686
0.509772428319581
0.3990276811438773
0.8672817026390582
0.905315205400949
0.6550864719160014
0.11091057773865853
0.6570470425712946
0.22792965827350642
0.5777472264795875
0.9206639835871426
0.42867005891993926
0.8624853318440628
0.3071206807683915
0.9407055836763809
0.2545645234169871
0.2111147083104672
0.061214622363476634
0.5224536341261676
0.12594767388163985
0.13780075627282362
0.7688051199813399
0.08163642298481899
0.6073183171959675
0.7152315641397202
0.7378953176212224
0.6038488826780908
0.49220649546316264
0.08132266265798282
0.9253979354223616
0.5590332109347722
0.6429434751297385
0.2298549494533877
0.43063568346834824
0.9985287987917315
0.022359559357294057
0.6520917847698215
0.3407931273836906
0.7997408199205709
0.7680460657484278
0.7289496300382972
0.18680719370692822
0.0553832777718124
0.18472660272743324
0.9123726826928049
0.39405985280251055
0.34466288485384555
0.7411735119073333
0.8855225424671094
0.43020083810118015
0.33861623436670696
0.5728500681734148
0.6672758380213117
0.8500251630029563
0.4470534330385514
0.392727590807636
0.25330249506025604
0.9664568692533113
0.14007909057133183
0.03265283858862755
0.2154365911284899
0.9813413341835664
0.5165373422866613
0.7961855776667037
0.8366848946785057
0.3700495079860111
0.1182455526695263
0.7935937102121411
0.1237270584121799
0.5067428747386942
0.9859573107433506
0.5260668971791012
0.3552662284226087
0.9288319580253692
0.17064459463712978
0.11291287586035859
0.26955347614769054
0.6984159849487268
0.03741025847894974
0.18324119862595478
0.15720666166080455
0.48821693387728704
0.5899183469622575
0.4128765474544711
0.445362633424472
0.8904585802303313
0.7513766669074935
0.1585835270667575
0.7311510238470509
0.5962573341389779
0.29579525077458513
0.6195791128588706
0.5182295225374272
0.10109269797833775
0.7165376144199223
0.6153364419166347
0.15241909675631482
0.5771223498674614
0.002268159846191109
0.40532755335366666
0.1927419109280606
0.7635479671367389
0.04159319052593924
0.3444277727943974
0.019009153512024257
0.9017170342401677
0.05956291277260006
0.04084466566167744
0.9732472879949317
0.8880856111856981
0.6397101551904829
0.06910580210470951
0.7372975734331502
0.7427433818436016
0.6113039995062539
0.6866309110139286
0.7122764018982284
0.867544863154446
0.17951944735997993
0.1589242049025137
0.23245635575220458
0.13798549049180187
0.17773857215260636
0.8660367519620478
0.1121958403609129
0.7705827971381249
0.31122906055121424
0.8792715575544503
0.4292611793482386
0.3433573074107308
0.8326830785534225
0.18824681033632618
0.9207347699838389
0.8220999287168422
0.046941782238936636
0.09352633799514942
0.6746818680599731
0.3165578741156212
0.9426171839900122
0.6556751763504838
0.7569883574558272
0.48490203646554275
0.8353583105802267
0.2180622360505784
0.9160180131598206
0.6558918332342307
0.9769757648238984
0.07186082731418075
0.6452539327170066
0.8005709032154973
0.255984801954404
0.5684224502154662
0.8675522869954926
0.40134944449024723
0.3638626213932794
0.9154053711114605
0.9141016441805285
0.006637574132703827
0.25221439224147124
0.3377496112752707
0.056378256778942815
0.37440634134912965
0.8875084754622518
0.11530597574567292
0.7830780999515885
0.8814488893071337
0.5904683763976071
0.3656476936691897
0.9670000361489606
0.4066250035803065
0.14171370669434213
0.9754967344448155
0.15561663832964112
0.5799172269639796
0.14426369560015728
0.530810178410225
0.285085497144278
0.1958105551179128
0.8660440032523207
0.7538995963592119
0.4361117421350782
0.9219550208072003
0.8188490057371862
0.9374364402008508
0.6120022102112537
0.7311867216936674
0.9891911571477474
0.9886227524892659
0.30027834183927693
0.591506022330146
0.8123709057765396
0.6871757467486783
0.4674700608904614
0.21958564242241763
0.00956705860158058
0.7380816371711023
0.655615103122136
0.29483477043464834
0.5246696970363587
0.5295613160046195
0.09243382066809613
0.36584756409966146
0.1273078222703421
0.9233394346098789
0.8468461129855989
0.49419907205242364
0.9772893620662246
0.4295008077169169
0.32271668559705136
0.05449380847333596
0.6532846653486193
0.140043918551511
0.277839990224529
0.2019681144983161
0.48331404439324954
0.17437820353824218
0.8561342415446396
0.13880811074164634
0.5905598921488191
0.22257811406729
0.8053678730371905
0.8720669941572283
0.3280171467553761
0.12766893786017852
0.7142876114479857
0.2178891458074368
0.24149235934266633
0.7160637068337952
0.710061698852521
0.526667537332794
0.2064011133108523
0.22471291362952495
0.4932345687791819
0.49010911337562724
0.035330896367945286
0.3954221090659791
0.057130859497241726
0.5706768005869154
0.99864904725251
0.6224656848266032
0.6940607476147482
0.5987770220917388
0.5707192099620737
0.9325054762511822
0.8550281106748485
0.9203221647795994
0.2610873522637758
0.6673760430819151
0.09023952441598615
0.19088501348834086
0.05919553753366347
0.38972751621547297
0.3895855021428971
0.12663342062616856
0.671414006590598
0.5028095297504962
0.3366937029212713
0.18902264857397055
0.8411974539244755
0.3785794413735746
0.10559626516285148
0.30345025206788834
0.9367161660524843
0.29760228763498575
0.38596674854840374
0.5625543291144359
0.2444376705065432
0.37615738010838284
0.35121763087573377
0.8003241965792023
0.1682623317903602
0.3153348822534954
0.42137254050950856
0.4218641894868558
0.32909039599891887
0.22245920039682643
0.28710069027700413
0.2884905600635994
0.13077415613133936
0.9443021533608327
0.6481615850536979
0.48003675728200434
0.7487650367568641
0.26420933331243
0.695260561043705
0.6579643907889627
0.10816907986775526
0.23883468606207914
0.5414348449846145
0.256878848416195
0.08724544804934942
0.5334558333413222
0.10994047060461476
0.876391822906925
0.14518545257414206
0.7476853700823447
0.9663636000500913
0.886356671754962
0.2965347014294919
0.11164625994111121
0.8303926605328613
0.6945573658715791
0.7050533076479923
0.1291225216669205
0.056486476900693194
0.08354297005425648
0.404402433225306
0.7461582188879594
0.11966821836572095
0.9255874517070193
0.9571201835432392
0.09439838019337055
0.9408595701460216
0.5034927614374329
0.5101802286878381
0.1393200316628509
0.8875377485613689
0.6700242064416839
0.843426540191907
0.5528502398734647
0.3612569598883635
0.009257534348042107
0.6611295897055478
0.3212735622070406
0.18404231411871397
0.332866806575812
0.4110634415718468
0.24263858891248735
0.047722143618180946
0.5988678538222625
0.9903446924864998
0.029137061788625074
0.7450189908473837
0.25157367888354143
0.24091443579959204
0.69677446017932
0.2957962473343816
0.24176022597567814
0.8393809351748756
0.8342995935063939
0.10562611766967578
0.022309278677429933
0.6826809274361778
0.8107609027000653
0.4551215273254674
0.9723885375478287
0.37530862375720253
0.6221606767502208
0.15021894552971493
0.24286145303111173
0.9606749926284923
0.42333849129031087
0.3483158054775104
0.06271066026423111
0.41150559508012274
0.03402751027097639
0.254698411033488
0.9064636982726113
0.19534189777245503
0.634341772841662
0.8805279066143272
0.07932464371106818
0.09107767159820734
0.6977176300785963
0.5753189579209703
0.6408453611000253
0.6437479944631532
0.2688923987535716
0.7140908724277204
0.2609753240098436
0.03980421935749412
0.10666910730891921
0.06687974947489206
0.9832577639742823
0.19913206637269254
0.20310675850895898
0.8087866073624306
0.5581024224772815
0.8340755199728178
0.36871481185881083
0.7217235803314326
0.24633167388876576
0.42027770558051625
0.3534574578022509
0.5425958312352344
0.052735193217548604
0.0008270178549483198
0.611325093446718
0.09758788565924537
0.059515064452025035
0.07510388129945467
0.8494556869618504
0.7231368363444832
0.6733687874134866
0.6591895510177079
0.12483991465115207
0.9440353245466919
0.9370599993173105
0.8004729536562691
0.4443014053200378
0.02359947346250202
0.6455452232429029
0.29398702459369397
0.624006085909766
0.4787661649395871
0.8697700777693544
0.5022231511116735
0.7396148310212478
0.44205895667994244
0.13106857889295487
0.004723825293351913
0.8930238206612888
0.0668840355785687
0.5809607958578367
0.40625177959515213
0.2580260926411322
0.10957577359090354
0.9313432799762853
0.4047531587934057
0.7885394395208902
0.7648847613299123
0.03220522504917778
0.7904847868134448
0.5557024833420428
0.8873835388585716
0.6562585557870535
0.9923263439598178
0.20652620626670948
0.4043472620339199
0.8157032148673065
0.7734612754201544
0.5723356109142028
0.8753186882906654
0.3868187747844145
0.37845061902782184
0.414930750550943
0.1759948915946563
0.23175507615549362
0.4244291162997724
0.2153777334933349
0.01829998156426349
0.19081747687007833
0.3301513646491847
0.7294542635210579
0.7171057880278153
0.09189225485894426
0.029349881954372492
0.2315166197979377
0.6423040147233383
0.6368791144930741
0.28329125786204856
0.17112180602557236
0.49685193434359953
0.6348314240957946
0.1368029111473763
0.5909870969105877
0.9989194031624695
0.6671193550494185
0.8882944239704991
0.3332009450015947
0.8544536142558778
0.1157437052187762
0.21545731285789005
0.7867144215549351
0.049572700166413686
0.10442160043370619
0.5973637769480593
0.2699181769540937
0.46574111786173344
0.2931765882205122
0.8303019892080419
0.07092554013678254
0.7336495506871286
0.26258527243184115
0.4723262190866413
0.3256618271336289
0.13160384167726158
0.7312181935985518
0.0652187514128284
0.47265980509722905
0.6393748270860717
0.22237371013622842
0.5563349822348287
0.09581609722545048
0.12770995049013867
0.6244761533658434
0.5164861955347373
0.43215125299434476
0.8973742793953208
0.8843304409967598
0.0703845125928182
0.5304579099968985
0.37116012480099103
0.23466466593317215
0.5844974474585753
0.41650801630344825
0.44841345763986884
0.0498789645201867
0.5015544883972873
0.08224852089093249
0.055512262212952246
0.6418803629539473
0.9219034045922985
0.9582409547237674
0.9041919699948875
0.6818872376579239
0.5784712871530067
0.9524632437717471
0.9711387899563901
0.9718360842709246
0.06071079515832034
0.3691159082784099
0.4920237269283516
0.39777759014387715
0.05402947494696475
0.9082220199073392
0.00902794632208126
0.6896181526903937
0.5880402495620307
0.5949877194690361
0.2588019727701072
0.713223507868805
0.49832135963617263
0.3899205526497269
0.5291453130598092
0.3837181956567768
0.5915780599399367
0.2891633209293478
0.6933823139240609
0.21924278310176093
0.9316496137200352
0.7078834043776316
0.06217674369272652
0.691357736536752
0.30581986222461643
0.7998942371692042
0.3559534370732056
0.9454123256088911
0.12562245558699803
0.7746855115981568
0.7008239426945735
0.20312181430751308
0.034657541796899505
0.15242470621484605
0.5395652828646824
0.8453554461245656
0.25955200951270685
0.3410110237728381
0.11641109406522165
0.9090573350963462
0.632541695880487
0.6902722091985154
0.714089114025104
0.9748499393261221
0.27645612206239334
0.42160759337311005
0.9062416305910732
0.6735129507616497
0.16974954347957505
0.7345937091362937
0.5375878768526354
0.35978512910506666
0.6816779947978595
0.9214154600504787
0.5493197188543906
0.050237944170496984
0.8339313664484238
0.40751167477380057
0.39104889017051603
0.00036216358207452615
0.9221643843315996
0.011486283950936427
0.6734841179772333
0.9431043118068523
0.9913638386862527
0.2785425539693378
0.180304954142682
0.003989745112760179
0.26131396637425075
0.958335842335817
0.006539906427443176
0.24442741760020614
0.33077793362384766
0.5064400339491584
0.49249919276888177
0.8087269294676753
0.37981472171490904
0.7913402787637696
0.05276425470844792
0.945798898601768
0.9994466306049419
0.1528076133003884
0.48884387588152434
0.8966043888309043
0.8977014410421349
0.10413767158908382
0.7700944218150954
0.09311256201631668
0.5039016390456525
0.9939598335729891
0.24943545521940913
0.4140668714809397
0.12786906464206838
0.16811339636672185
0.5638368855632392
0.8448621496033348
0.6929975717631736
0.4109534025567536
0.8234766770970467
0.11440308703953805
0.9921697613179601
0.7336345144874199
0.22057980218669893
0.565989741757958
0.07505711710470386
0.4457117252899063
0.47882057528309585
0.3890946409999667
0.381040390820264
0.32043281946888813
0.13650370458674121
0.7475237621320432
0.6864049667859513
0.3975893819034375
0.7012331743584859
0.7519356115715234
0.6951975533785346
0.5993045460974185
0.065657165066215
0.35760448228642483
0.37081600244157387
0.41933648951746205
0.14768791966085404
0.6665741075775915
0.9859939157034217
0.33300292675452026
0.8667432613274335
0.43973910450533005
0.9330523329200362
0.7046129899971605
0.36126387434870577
0.8520053858069057
0.10551352677498693
0.10018144209417112
0.9260768814507117
0.9494481122698062
0.6922815661619504
0.7019207410183377
0.48212021304872454
0.5675888478595952
0.6656281055317517
0.8143300914032945
0.20515171372536356
0.9022011766317577
0.2898920291414602
0.8673487244126621
0.4798064152274728
0.5310853883481956
0.7882232912395413
0.56464467881708
0.6142449101799261
0.2621517547810037
0.018690807242390584
0.10559527429883864
0.45310955319713875
0.3022334751034228
0.244016766937746
0.33816506235060895
0.07102161402931162
0.6864324710435254
0.4714605534200891
0.2509293068272236
0.199456339474259
0.5145565199394844
0.503666900226363
0.9764207577083961
0.6285779298862237
0.22802226397340153
0.3445326995694673
0.3398550997597882
0.4511035067416074
0.10558584308549812
0.05971078910289718
0.801700454879545
0.15025268682005133
0.8328116231015887
0.7635231242528011
0.2980156409107966
0.2373053831563976
0.984395569444432
0.5220212067399386
0.49703598330878695
0.4798818231922355
0.6152736658238553
0.34737536297870086
0.041210748203748704
0.6816642269859312
0.9631977465927613
0.9672711712966175
0.8275931863282784
0.546558342716009
0.01672248376754104
0.6440831624462815
0.47232840597210046
0.2319190387338792
0.9057843258284697
0.4310474036738121
0.8963038235888958
0.5084873479814433
0.6117204407957408
0.34991529915996056
0.5118137924216724
0.0358683856846993
0.32723043576251265
0.05371598488191753
0.7409047948582088
0.5293391011239741
0.9338820973568089
0.1936617312090121
0.4422056301068056
0.9955489330383844
0.14617522550510897
0.6805205892324229
0.663294569852585
0.9418308692418447
0.11400214115824836
0.1856486516520659
0.06723119487216467
0.5316913978536628
0.83059493337975
0.7402329304076882
0.42531216388908577
0.17653798902639206
0.061299718162697525
0.18508589914036278
0.719886135591834
0.35714707350059194
0.3173521394383292
0.5088734068367757
0.042726498810312874
0.15124794005160158
0.06425359669591102
0.9952305294822694
0.383930629578924
0.4320524866136082
0.19939282529381996
0.39229657965955167
0.42136314358637494
0.8958368203137759
0.9867469603501475
0.8791902032033512
0.635421471992353
0.21572193209188728
0.03809793122483818
0.11931706985850665
0.4330201715078641
0.013074690026971147
0.4790998805052096
0.7074392795986433
0.002945519746573977
0.19834488961593788
0.6516813732800748
0.6845300473200555
0.46613329590273245
0.39768966923168025
0.6950168178717147
0.1145666583728766
0.8303192221632718
0.3758248882033606
0.0927850769246179
0.8988507473511815
0.877812870494314
0.5606619758268996
0.9974978642492378
0.41251434071679904
0.590924382908429
0.21446285035050683
0.1244316988073293
0.8567465480562189
0.9378924614587056
0.690775228483667
0.9972037968828034
0.8749305682236936
0.287970711032691
0.7686741736335874
0.7649433979180769
0.825548390049563
0.7907161539917591
0.6077665699083901
0.8399419221033169
0.31108319908520654
0.5388033470553737
0.5493250242085543
0.057099824686802414
0.826548733585662
0.08989570011479175
0.7368982398164372
0.16266507003824127
0.2753869087878005
0.679596633711461
0.8318542537487708
0.1077461701844522
0.9210988453931126
0.6845118251588937
0.5798200148242287
0.8436725049574056
0.9589970959733229
0.8722894178726242
0.998266200187149
0.17351794832887935
0.29034049516186733
0.2532813730346277
0.7979991169657099
0.5414587287303596
0.6460510360613727
0.006976538163470547
0.6257746674762337
0.03600366823260703
0.9687598128907502
0.8636018243311627
0.524477915521139
0.11566427666761636
0.7562935772661672
0.9744861300420826
0.4455139985778951
0.5681046368951235
0.7190826365109011
0.7493133054384289
0.48346072249686256
0.7424196573442656
0.7766540064941179
0.7446217268047883
0.2689959092851806
0.9450168664037677
0.01866313161562272
0.011694069874693236
0.04378092896561392
0.7262057886177931
0.9949895499346342
0.1444424854802311
0.5115789588220974
0.7836477079282071
0.5285082818727527
0.4288094202477224
0.9538592243230732
0.9630225223927651
0.6829835979164673
0.29410267765862574
0.18403062715970142
0.05032591927177954
0.2951369771917627
0.13086431050806913
0.011942912360266789
0.8577002254838721
0.04473791454632425
0.05796514368450967
0.35181693719200124
0.030601063312501342
0.18970554197847012
0.751923557014196
0.8055337960132294
0.1726625126227841
0.3505218903289222
0.1705264291667088
0.5503660435654409
0.04847308023408603
0.7722283924175626
0.6897475092179657
0.8178604415097619
0.22723655210594873
0.16424033114290482
0.47999696935329417
0.04442707994355666
0.8183820993868094
0.8912551696263251
0.6118275714262644
0.7674113199988866
0.1646491824430183
0.1728150557875041
0.8134196026480323
0.8316158851979871
0.10296632280461471
0.8891120167181186
0.368410665339169
0.5092987118656083
0.016190271861281635
0.3402685901964537
0.10631147401328911
0.09320942868425819
0.7225074414701653
0.6778438103753386
0.33107402999369717
0.1535298666198026
0.8131980465868316
0.3017998608461172
0.9001890994222377
0.3494918282523667
0.631040110487495
0.008303043817779132
0.1792585320223381
0.3332963560555551
0.8187630964298687
0.27231356571161625
0.2202471104946364
0.5093883274588631
0.7346959142306384
0.2704805709879854
0.6825629880608006
0.09998368569852056
0.002388920504257097
0.20686342471347752
0.9168827379203797
0.6863533789171903
0.20099144730198115
0.5663454589607431
0.29400681368951176
0.10410580091186361
0.9463464783643891
0.7750970341909977
0.6154988602471463
0.7627899165882601
0.10305062155896172
0.631109532303056
0.006224361434454151
0.5677629939149673
0.6889629515656641
0.6083427345061236
0.8368676890956486
0.24678521728101965
0.8132342366185406
0.5820983024775461
0.17338233130897795
0.24161929112633773
0.05926479332988199
0.027481461860859646
0.031903624549487475
0.6340214821628694
0.3636292179352669
0.8435675095197677
0.28917381209209814
0.8472920978004885
0.6882068080621055
0.7510901282097806
0.6864497187095164
0.8187663798794405
0.5330489828854579
0.2285509572488249
0.4549690217522042
0.5660552820524001
0.7122455028692014
0.4850695554938571
0.47981032015468594
0.2547412253041317
0.4686478730785848
0.5411765260021615
0.805547738120105
0.8843482317577995
0.8012618875430702
0.006940982648638849
0.6845717893918617
0.7115458364741283
0.7115323167548779
0.20896389591426012
0.8957003830374528
0.07217678534006922
0.004417891656538719
0.21628369578318662
0.002462293426311879
0.7695794044925337
0.42524369503165516
0.6355187946154097
0.3583254319797322
0.10993539038223599
0.8780531470396964
0.7265503728192773
0.5808703664313619
0.26736931933300845
0.5182139074467611
0.8125115711506514
0.9742394303002846
0.9170919375639985
0.15678027063314381
0.0706795235094344
0.3192753100426422
0.998946515899432
0.16224044913215319
0.7113179416244835
0.12571653711850184
0.4313622677501694
0.2038472268837328
0.034188189780639755
0.6386249808477451
0.10134025770339172
0.6762545218568561
0.6244901619805265
0.23634970851868164
0.5191037839910111
0.41449103620629923
0.044539558514651745
0.2937363583052566
0.4455801482637707
0.7971960255941988
0.7682623242290723
0.05894506335401295
0.1275260351217109
0.3189017167625319
0.6805654611665659
0.7102373191153879
0.0006545229103180894
0.6316958760406888
0.9687346622278699
0.9120688136705501
0.8139295349211095
0.9959388709780639
0.27991395117727547
0.1395139223511337
0.7838551610290574
0.5526055574490492
0.8541494158355247
0.11271134531951588
0.2801309236199754
0.0375950722736218
0.7881526387882738
0.7858465954028988
0.22555163192124295
0.431759073441335
0.12200585380547824
0.7377159359872316
0.008707956345088252
0.11098821579385931
0.6458371556483111
0.48194632044150154
0.050939658306207836
0.8362301143236146
0.31920236846439054
0.8015355219054001
0.17750068845396472
0.6021974656763203
0.04629525379898336
0.760185995794656
0.05623981689190849
0.8276248123173204
0.08658072890974311
0.05909058956230773
0.15211752056263328
0.06582513127134937
0.4115592685760676
0.760962335065936
0.257208694845132
0.6702106187670822
0.42466360655854984
0.45970507829671936
0.9052305215242953
0.9384192685509121
0.1233915128242189
0.05601333174170087
0.695634679791286
0.3326147689469774
0.06611919024451351
0.598610146418106
0.0418139115931353
0.352016781266449
0.18446487168087455
0.21532073720967615
0.10031366419650833
0.9988492508526325
0.5364285033605134
0.8268842274726564
0.5915498498692191
0.49930301079269324
0.2908204359971258
0.6865450957127737
0.9630685305238338
0.8548042195008918
0.030367156304986986
0.6780394839620898
0.20522613770342368
0.30587933553780244
0.39312411769854694
0.9542965733580875
0.14989766045066677
0.8476091674237249
0.014877198929482027
0.9637348863856101
0.8367122576075117
0.5560910323956221
0.7716637392928773
0.8951397756900326
0.4540768063494669
0.6729613828337839
0.7530404444523593
0.8651947611890687
0.47175912814986587
0.18433017029066767
0.150360279504403
0.7719659566970076
0.14157435664636742
0.9789006836817078
0.04071865454157453
0.6590726786765893
0.4622527158391416
0.7698686253147446
0.36303519442966925
0.2727337908735217
0.9362975314998252
0.09560164162005136
0.17203126650235023
0.8046219318799577
0.6116567241924034
0.6225738292831409
0.9111193319739315
0.209871919778293
0.07593176511928235
0.7148440563078065
0.46901486645457924
0.430624083230841
0.7160486734406297
0.048097590515490785
0.6869628526082556
0.6302468790006401
0.7534272439871532
0.3991724287759373
0.889687451101824
0.31564853584258334
0.0863453918541095
0.7823935219171188
0.49336130922307597
0.7329328123728043
0.010930034859001347
0.10478456492687638
0.8714030715840357
0.6387506007488839
0.959704820645841
0.9918583239202237
0.2374263054273782
0.8255409705632253
0.2121761807914293
0.43392664663071767
0.2253940556979397
0.1846359343669126
0.43814973852886063
0.5106223662566134
0.5542969105093709
0.25030557033143674
0.5802312313900175
0.5158152955448037
0.9430576422787573
0.40004886083239755
0.8840087006311461
0.9299567240342994
0.32837180435293045
0.7460821890252551
0.15017280570258484
0.6617011064299001
0.9881645980869587
0.9517740785272026
0.7488504279963546
0.6012929482343283
0.768916831608891
0.20416634226784014
0.8715784771124577
0.3429253979456519
0.8627337608675982
0.011434976929716845
0.7643690247144164
0.8833618328876012
0.8875018072921037
0.777444931711109
0.6132850317332932
0.8604268460810318
0.46841564340666153
0.8689345670224089
0.7119460254218968
0.6742725096070032
0.2809980349565413
0.5158179325493553
0.8552210447605653
0.3388644495800983
0.3457420863321494
0.7207320587417445
0.5947303139894735
0.6273441912352016
0.034074209806176814
0.7077428237794356
0.009720176420044524
0.27425824915955155
0.9553055394317893
0.17890067373645624
0.462295852186583
0.5751411657132914
0.07425367385313342
0.1572925636904272
0.3766811318494918
0.3056587009159406
0.5439166600981677
0.809450035088545
0.25682425765466643
0.22301551306905854
0.22068050542668316
0.10891583165092533
0.40333464928796525
0.012501776019166133
0.04095964788534845
0.6339737973232489
0.19514722832025577
0.9962212353441615
0.6875975723295533
0.6606163857800187
0.3210050217843232
0.950854424547364
0.3115887560457491
0.7438056481863067
0.517167742267999
0.26173525725266145
0.26133483904910326
0.44207733161643126
0.22503734115383622
0.19028824195521787
0.03286993561886553
0.10764111733228421
0.3881578970361752
0.22783580539408144
0.04116765573593484
0.7989240867843086
0.9877492463328827
0.9973466168328855
0.764780610929972
0.2316260374235839
0.40838069470316096
0.9780622318541781
0.04524333471762554
0.44231110848418775
0.8597532094984799
0.850356394692696
0.20339193275368306
0.27608688690154537
0.11999230647636683
0.8433979227896813
0.11777625581053242
0.7415832821688662
0.48612199702778836
0.7440904974188056
0.7016747527202265
0.12242496877203002
0.38163671515472064
0.2545974551626149
0.6865460348177992
0.8504988212772155
0.9105759409149758
0.42906074107895265
0.9088626412669152
0.9511051727571813
0.47788195383132237
0.16095168893251266
0.1881472334645975
0.0395801156986062
0.06425752233319093
0.8988516313437218
0.1599905335412266
0.6263955154956014
0.8737905431165678
0.43710613998296965
0.170796705379882
0.11710805473279873
0.09637995707302616
0.08238173287903505
0.25328568249450156
0.545946463016008
0.45700463648670064
0.2779267691570211
0.24498248725878047
0.22027614803870077
0.02260136748759556
0.4722920978766527
0.5258026103180664
0.01631164288549458
0.8728868205867277
0.1834762048117342
0.35620160901037523
0.26899769207646895
0.6189859516905316
0.6490500553056571
0.735860766953429
0.7645648540709777
0.6013511298983805
0.9705565731254084
0.7779737295008518
0.05821123054532462
0.8841824734518837
0.09739183835696763
0.3790285120469279
0.9883269690406793
0.5587097495102293
0.5596113192295031
0.256829054085254
0.6835056990521395
0.21244738677195918
0.11937874839189688
0.20126057947468445
0.9488864987513639
0.9256862614243981
0.49664442297925904
0.8965936258222307
0.7477197823061703
0.1372286648493104
0.8550434441705483
0.4454338009286809
0.26489387974210477
0.8856948406521183
0.5744062896718176
0.09385495340114791
0.23652097188150623
0.9967310259300053
0.8086954414096337
0.676048232821008
0.18734256079604417
0.07338852443541533
0.2823000501247732
0.7621216297103335
0.14114888733575337
0.0452213197347513
0.3319283105822539
0.13524204397578243
0.32260491183933104
0.14896992881375604
0.07908563340986374
0.22127533458394621
0.06810358630205693
0.6257396676592375
0.8812997717245787
0.4325739364461434
0.347559433357836
0.24912512745183912
0.30468048656021884
0.04217832952630629
0.9607170460550829
0.24160775677547752
0.001705262933977325
0.8484266868465724
0.46629556175859643
0.633214121901557
0.8206641708130871
0.11782091024523544
0.35435671663793666
0.9708236139728883
0.740099325440591
0.07186834122165364
0.9905913260406842
0.525460173125645
0.8731609157197124
0.14994400710817368
0.7775109107302227
0.050122014124936554
0.4482144980583287
0.2068175424849774
0.47429171164705997
0.4318602248469181
0.9445376275843251
0.1619813098596372
0.2739104771248988
0.7482305545806462
0.8350553719005385
0.009423304413958666
0.5419431166137931
0.7037135646452153
0.41681973085899693
0.85552978775797
0.4301720707138368
0.2700929568369812
0.84431135054878
0.17614337061232144
0.13137600783889325
0.5311295442779562
0.5282527363779219
0.10485471509363098
0.3724525881499616
0.002960952604339484
0.7841137159275882
0.5576129289229153
0.6447238787234912
0.8259828056919309
0.789898125589362
0.5145129686903485
0.9569630313098956
0.09597509348066802
0.6716910934079656
0.11853154619607098
0.27463173302748256
0.9341131109767089
0.1482707916748971
0.6585983495726411
0.5845198851180806
0.10725661169372147
0.766045247579306
0.1689890568015049
0.5104160820837933
0.38224551463462175
0.6676345214257144
0.1671889880604982
0.8512670219827212
0.21277711044366288
0.9128738670374399
0.7236422777830609
0.06191246172933629
0.063074904836117
0.7895421785719039
0.00024924900749900836
0.9596764145572179
0.32442350997029035
0.4481359515801546
0.06153764503799031
0.583479035717066
0.36158392115340665
0.8321197167016021
0.364817360856029
0.1465254639689626
0.1422634555734006
0.05681122065833932
0.20113672018835782
0.299565606413738
0.7607787535812089
0.5048477720988738
0.3184179153689015
0.6331258354084821
0.7428681020314636
0.6933424087601385
0.8614417108857415
0.7983507670452599
0.9429424859179347
0.22941482427798254
0.1802478907532068
0.6495189307470559
0.4847303575177999
0.06318793189153493
0.10337572838169629
0.3634850193459369
0.2187326478405185
0.6994901718034792
0.436659326383398
0.844483497045659
0.2780349183993134
0.03919727592031097
0.11372867982012003
0.0888832816063001
0.22138609897339134
0.5096824970520828
0.41983149278531906
0.19397972182251388
0.48765732628366165
0.9009419287826577
0.43714975826603064
0.9512906646316917
0.7306811992955413
0.13257305765419858
0.4742958413382621
0.4595756878575006
0.14436987041203664
0.5514031483240127
0.5177059384688598
0.6932669546683057
0.7037891754190253
0.5308170927198002
0.13917363454105125
0.5709346786240372
0.33838306700676934
0.04430363321371833
0.12910789110564957
0.11729159409249346
0.7943350022295801
0.02775953070532977
0.6920786488021844
0.6801625602681038
0.9575625555915839
0.8970975571245476
0.8978860328519234
0.09121645575580373
0.07170711497236404
0.3415577795581568
0.10191850328606722
0.9175742452516991
0.28369745254426526
0.20194155813874315
0.1386508161316966
0.074960472055835
0.40759853650247724
0.15522830040899027
0.5258961661100754
0.0490814063466789
0.8756611841284396
0.902757650067741
0.6084209219280747
0.13482694251868454
0.28728150613897285
0.8976197907561514
0.47544417808203776
0.032847592643759915
0.8292674597266876
0.6429753865669077
0.6662938419082443
0.5837816723988236
0.5100330996521347
0.699565606638322
0.11051656948612631
0.6928098341591102
0.3781090741299191
0.4079787404645998
0.6398378216961758
0.14984940638851207
0.7306599908554587
0.5828473607057076
0.29797749335127977
0.545518436866195
0.7093791302593595
0.7729427795298598
0.03863006534423574
0.4368015098996547
0.5364524048733543
0.6232517329260008
0.1448806765537256
0.3672850307745237
0.29275179534226137
0.032921565977019895
0.7385776040883809
0.18363006156298223
0.04992957359613781
0.5257464225234019
0.17219813460921918
0.09196516733423854
0.2350740468608019
0.7449280717798494
0.5871442653317189
0.10560467278345143
0.7421447265561094
0.5917473070026715
0.6699126372086708
0.11801995439820012
0.5573910754039813
0.40682911529821997
0.4660130226258157
0.915268177702036
0.4826623082848138
0.28328655346920617
0.7912280529403979
0.8428194922377787
0.0713299582936302
0.15437458549581384
0.8957766073694882
0.8173248860564333
0.973277425984677
0.10108520926620135
0.21037528900224478
0.47031287307235514
0.5002126459449012
0.7587917121924428
0.33899737360009974
0.2589229153239474
0.6076113651728063
0.021241529242330026
0.6796225546996746
0.573440340476763
0.6270468978645494
0.2364834615744822
0.9401071577569406
0.7056657637114518
0.9605581396815479
0.6255903101540439
0.45247032031464673
0.41123911491951826
0.5995855945758664
0.9370703845545907
0.9582566636633862
0.8006820484495587
0.17384959252425158
0.29501005075440556
0.5158269270498803
0.7342628782794065
0.18056023949737354
0.02523023807705016
0.9241590224445748
0.5152967465307596
0.6073144618550341
0.31929043363108
0.4322952797801012
0.1601566584034766
0.2217339138689738
0.761844494750664
0.28780778609149715
0.38969921013436926
0.672171178502897
0.06711505306553978
0.9531252725232713
0.8240057490112342
0.9999580201968143
0.16392803423527913
0.6867694230067674
0.36449382985320566
0.16086350180792164
0.4523736274274355
0.3031542410521053
0.6087767656673742
0.3362391592543288
0.16365133420621758
0.0333421786779966
0.1429753331286292
0.3116393554166317
0.6831565824086068
0.28744896161322675
0.23883746299742903
0.3376809520419424
0.5288437512723019
0.6488323765980215
0.6096176791258674
0.5548718814280833
0.29910473458923215
0.5011619640616944
0.6690073495746043
0.022885940423248874
0.8769965535562196
0.6029016371152427
0.9514409942867432
0.8819596208892202
0.8762777978737186
0.5562526658126579
0.09324282124699712
0.505815875143945
0.29789016902424237
0.6424984230052491
0.5456057058561723
0.3873372436474458
0.5406618578944968
0.6149590556412377
0.9371466603733472
0.018443639502283782
0.8325649790692806
0.4692562416803925
0.32268428783742054
0.143015510473546
0.3004266298071101
0.8023465448400844
0.55715573541208
0.7914499684029686
0.610905032768319
0.3438527653900527
0.22853624769006187
0.7985565284796503
0.3833624817400134
0.1000367066998118
0.56723588148118
0.8016191520943625
0.6076494192501583
0.7646184661537236
0.4786260289691937
0.48249289521082805
0.38151399822070853
0.7657080731209898
0.2337616227887951
0.8196386313085584
0.7371156619482446
0.7465507772241138
0.9585162358403003
0.8338517691223077
0.6689211778146242
0.35720362012336726
0.5475693328228428
0.7872647190642326
0.4002431797886912
0.02069755396269657
0.33761956790878056
0.7014832350944109
0.6771213154679281
0.1478443420976021
0.19051894186747975
0.02985168375141445
0.1379001234544346
0.2695893505204814
0.9185524645305403
0.8510637842019271
0.9601148102430925
0.5054522368300385
0.7587072507410382
0.33280480952340596
0.9160884011300692
0.44546148821230713
0.21671351043871123
0.578034262422803
0.14193850794756857
0.03924152145913262
0.16677665939705366
0.7292117597968688
0.8834466273942352
0.803372094956945
0.5671679669498619
0.9795715391469275
0.1232215708580433
0.9112814720857407
0.7388491984012207
0.3666408107101269
0.4055607948315716
0.6851815680982665
0.2062216980563083
0.5390745483500237
0.5772998542589161
0.3199811317670236
0.12608085684235015
0.6261853956985572
0.11993832827918594
0.16382510542785256
0.27637808840628497
0.44073738152811237
0.718573630730978
0.9531017788072156
0.5827776605885198
0.733403260142764
0.5693945582961137
0.5426384959897201
0.577565852994401
0.8877572987494424
0.2958002365903445
0.44931779614801104
0.17295957588229993
0.2836910597374931
0.13357761824403935
0.1627705409314293
0.763861391731768
0.4614588748761508
0.7966342560796604
0.5999459197123778
0.6618208862110486
0.07730211466164616
0.9540400871130748
0.847016483151573
0.6250837505367721
0.5696334731768284
0.9868103029612285
0.07261997454753666
0.21257803979703604
0.921572424035749
0.29581649146967925
0.12872368126923228
0.29451800890653423
0.8917754366317574
0.565813928827229
0.22749821035384032
0.02488060888341259
0.82071553844746
0.12026152506204113
0.9295281326175511
0.8227385439140291
0.1962294640679232
0.19948766552813613
0.5532609878846715
0.20943731590327852
0.508249905956933
0.2891710985100209
0.3269012699386069
0.7489926396322577
0.20486555638548443
0.5358332409013049
0.7145493085020374
0.38686375170338305
0.29500479920569567
0.020342252089659008
0.5786424700955275
0.5353613012011311
0.8467715708149137
0.34191716010672746
0.08629591452857
0.14271633564511332
0.2999234787887577
0.00794367970669052
0.808502137760174
0.2671124378984653
0.4842767647374917
0.42272035204142
0.53533001186862
0.3294902559714321
0.5246041793226939
0.5540638415882668
0.8940671605428545
0.6297418810431901
0.14305548429590176
0.16445907190828857
0.4817991805348514
0.00826970642642988
0.6977147813151239
0.2052534241442765
0.22367772428811517
0.531966152556191
0.6284202418980893
0.6403849773316241
0.9546465833915752
0.6554814504315296
0.4093300380771261
0.0779300764973363
0.020952998849584903
0.19161846099443625
0.4563027920678171
0.8769553477717227
0.923727925941898
0.5979338390379554
0.19935694634190604
0.3295129529462837
0.5285540670676669
0.8672869266361654
0.814890568066988
0.48308532926843806
0.7811158209818858
0.4797801703949718
0.2106422822854681
0.8363927123783286
0.9031463883686248
0.3842727334538636
0.5514354744255603
0.11804758818010996
0.5039302194843909
0.5511924112860409
0.910116659895734
0.8559027607476988
0.05088105746748561
0.10907468849974267
0.7441784927662791
0.39796504404411204
0.8243519106975257
0.11447711831663909
0.047004909396505035
0.3415402500722491
0.6962121619680308
0.5138749363120998
0.6131420942279158
0.38376778237076037
0.5447211813786637
0.9148472563817376
0.06363218326388109
0.703376568114189
0.3817733255600184
0.41512855884171973
0.8082707845986234
0.5928212643711457
0.3534426704625513
0.40425022950767286
0.7364002607544331
0.05973182092329776
0.6472001179947593
0.14123815987119137
0.1272376333729619
0.6985051289297202
0.18308886727980922
0.670124675850889
0.3543895333616842
0.6347195297868067
0.45507246848571214
0.13336967870363936
0.5184401063660604
0.18345147763102565
0.6716004617638276
0.034889644925745644
0.3531923263401169
0.13427584658262037
0.6381791659707736
0.1562460246490125
0.366815310567866
0.38552750305454575
0.6809195955408218
0.9506770669225175
0.37316084026039587
0.4848869820001598
0.9976619317897204
0.6552524738829801
0.24983935392300416
0.6668858765380945
0.2220725629404503
0.6770677860853203
0.9369158122355203
0.5544653905030146
0.3322054404481789
0.5294737068213715
0.7926477307526305
0.993451678753668
0.9148387753137579
0.2870344357126726
0.8434891051865516
0.953781892892408
0.7150029636970088
0.22259479568079632
0.20833655942325424
0.9421722873162723
0.24287616940815893
0.30642026729579563
0.4154789568861117
0.6237548270786155
0.5172738365923057
0.7662637084354025
0.9601043116064156
0.6939182878778005
0.8250308741569323
0.24240891478106552
0.6380372412634585
0.3180131670995594
0.7099453543808387
0.023060069042035725
0.1584463831205789
0.806016789399518
0.011013017983944273
0.7129180912118562
0.5198101078435293
0.43044392654338925
0.36061057050273004
0.489506281536211
0.7980319174447508
0.4916963338692879
0.6295988637596301
0.2272033574322032
0.10467773759045951
0.0037255436508230044
0.5475778086511371
0.4272960283435969
0.05543338483741089
0.9147240563630605
0.8153348214145848
0.49795869267966375
0.20961864032544608
0.07732443189891858
0.7123053745520989
0.4230383382496461
0.17732190687276472
0.3298194507513499
0.7549338006803064
0.885291274430323
0.2911699309100335
0.8634031364631967
0.7040944265648046
0.8062946383453444
0.05339389666527672
0.8607397226650908
0.2712047792148069
0.5140602712888669
0.1987599078954052
0.43459831095439094
0.024506134865292184
0.3797416725158882
0.8067792253458372
0.7099616650949556
0.457385904326848
0.9340509398801089
0.550878177886029
0.14950528944319652
0.12297734069673805
0.25001936836602234
0.11689618350455566
0.8429049896751448
0.1405718223405854
0.4950150896568868
0.7419117543178098
0.6279113757956307
0.887422084104802
0.8599203376566602
0.8577519527608837
0.2761725490074809
0.24739368374116943
0.24519887898970927
0.09328521343173524
0.4854841630084692
0.6761340828344427
0.7178979397721108
0.03104783463273164
0.09105725933698938
0.7720104256281282
0.40029020225437706
0.28924607122616575
0.09147122275284847
0.4098145019072168
0.01867717285321069
0.9277206069649788
0.2059205607517829
0.049779872159205985
0.5501514323401542
0.7208340432847722
0.2292803595412991
0.9633110112650312
0.6155107401935458
0.5685417626561253
0.3809809003107576
0.8354152617134465
0.8757260239035398
0.5599627171977724
0.1761771749877905
0.45574985021825
0.9667067149708592
0.31791720665448864
0.08464833521204085
0.2795319572465802
0.7463222654373263
0.3115335364150613
0.6982680866778583
0.9111573790450607
0.4944957667453671
0.7867222273201915
0.5003863833425108
0.8678045977570106
0.6767588795357649
0.33234335784104796
0.5855714593710337
0.24956250149856762
0.35759329120673855
0.26949359503818804
0.3101445809354477
0.05391073521826106
0.5191144674539916
0.9684777850195287
0.44442975651435845
0.5791696395831125
0.7541808060266002
0.5442547639866382
0.06052878742648082
0.6208981400595452
0.237483224493225
0.173566526889938
0.42842382054424544
0.3964337281640504
0.0438168067013347
0.42879569696108466
0.7057316090667509
0.5312631509440109
0.7969132590379826
0.3165367939708499
0.45203255801270714
0.580468143411905
0.6420284823877971
0.2182948622507983
0.8458164088641793
0.03606318233932493
0.2829234230893223
0.9788100710482588
0.9996984363870443
0.3459915360100705
0.08909805942977944
0.5229074710526005
0.2655734796693776
0.7041620548739744
0.6476171400666861
0.8518377298529118
0.17752961193513017
0.41985340235150437
0.6808223613832873
0.10594068383093624
0.3508452086318037
0.9273212774039357
0.3747048281819416
0.8643074556227006
0.5825144162809881
0.2974640151848358
0.4422148056576274
0.2211895014872436
0.5057466965293149
0.007196273743348192
0.8548397247096062
0.7635235900370265
0.09615576324933084
0.654882250495257
0.6398741141699946
0.3414465575508421
0.5374231921508263
0.38425943098836846
0.10742949707907878
0.26354863991124944
0.4600415440272032
0.7085384744286245
0.6567907820074192
0.9949555266446068
0.8956228139899522
0.9995022882603923
0.6929975356627873
0.1986591203246708
0.09764285166651576
0.8128293725636493
0.5861161196978217
0.8132473929708317
0.0813445238919861
0.7814624369776473
0.6540127376540288
0.7712457971954771
0.4375282610359841
0.18084163741604353
0.7531970285850988
0.23520384108269932
0.919491421206436
0.2295942220723628
0.2432774230299013
0.08401108579710415
0.07877197858191476
0.5234846508404978
0.5064871401993711
0.4971703854039202
0.2107435218578939
0.7666304777158583
0.21706391753010923
0.6948910502452834
0.7291987225642516
0.04418897630120555
0.4860234025680019
0.34180034726886044
0.016559384677893085
0.2500926348061361
0.2132908639636537
0.5640258672645777
0.007410961720276665
0.9159188847983208
0.16732201040201589
0.055823541664997034
0.9349393601438845
0.9223243058938708
0.11282314343525113
0.7304935809176014
0.6681798756724178
0.6620008616966815
0.1630356515697724
0.24530884531958597
0.14543333011385307
0.674296583705992
0.5404778737450608
0.48199014255412864
0.6696364108106858
0.1594871249302785
0.3058200841534744
0.8253632438521545
0.5295409087821699
0.5349089932480995
0.2354103564937906
0.358923427437136
0.9138923354136592
0.12787599240730296
0.3659347989107695
0.592720498645841
0.11329875470278572
0.5187996693092118
0.04200274640213553
0.2003076958201666
0.34647826906663903
0.5276137501424893
0.1415896395267644
0.367365716559066
0.6044853779224777
0.5183974802529345
0.6394809175966791
0.8039220472809454
0.5755263553825667
0.9151427395963776
0.9994240434771708
0.48960368744549676
0.4742081146270709
0.010629060932026535
0.6356141387559804
0.5556490636378852
0.7165232430681436
0.7266188279367676
0.27183691085289907
0.5745525865371843
0.7040051681601647
0.30047672044082274
0.9968474313395947
0.6554246222719176
0.7505708452623148
0.502542722639314
0.5842362442407079
0.02594686465884144
0.8751602709494146
0.9776132241429107
0.2943551917934242
0.754498772425996
0.14706071459210124
0.8256284258659548
0.18381546156771678
0.5405492140925294
0.6089178615033126
0.1005051174321947
0.4026423568346795
0.6624944020006838
0.3332008848781969
0.7169306629169117
0.129848333064156
0.5625474484225939
0.275830741801079
0.20903144921741634
0.33166744185987707
0.07565908981889735
0.17161588945859063
0.6294139146634261
0.4070067270651192
0.03232142391517723
0.7106187146210616
0.23842901021428853
0.5969375447349914
0.8243173914368995
0.11358288990858312
0.8036710040918769
0.2158865816501887
0.7547723333146534
0.6264729900802173
0.36567404715727125
0.38501353534974925
0.013709215706531275
0.7016808775718346
0.7282031822414292
0.35497132832415335
0.16250679324476924
0.294740107000073
0.4723638417253446
0.4463748046496723
0.24791696195860569
0.13737886310541558
0.7883345883101016
0.6108860329704471
0.0020776191873825844
0.7118432721185597
0.4577725844059872
0.7982739281433617
0.1070581236914332
0.5903940499265179
0.574249162945321
0.4283111586703423
0.6640851891810444
0.1995857901581417
0.1015455130980083
0.7558996822994026
0.8849892708959275
0.3102546242894666
0.7508844648760995
0.7937987169189928
0.5859374548024963
0.6345379337301937
0.09511663757330835
0.30376827340500756
0.1762562359315012
0.8063649752607356
0.049590103217852066
0.8439870005602887
0.887800481157526
0.2579286663366047
0.7336514119847102
0.4514460015461954
0.0383149094669093
0.17032245628896514
0.9398892907370682
0.6872679539782376
0.33073676180966594
0.3866425275930143
0.9824383025136536
0.17903956244088626
0.6949615961601772
0.9455779111842963
0.7394227975501775
0.15350847323105965
0.07852215231981474
0.5668389360836352
0.7371508151772199
0.21927333881453048
0.2987664681496762
0.4704765138024356
0.7900961629519856
0.08482118300905128
0.45571788184480577
0.3724427513214077
0.11398925952373884
0.18843060093573016
0.8503907865992479
0.8275345835553731
0.06724513851171321
0.3674231306079323
0.790992918088133
0.35404858683493234
0.85028425298535
0.33262966115149384
0.23880835699992553
0.3805241628715579
0.6449966399647076
0.5723641323609268
0.16542054608192225
0.2776302098317063
0.3064047262223055
0.3414464434813711
0.5168236034642415
0.9308500575932348
0.5567254892212623
0.060395769657753506
0.2460632021796454
0.7939590191437744
0.38347763921586364
0.3512236479641073
0.25628079763751677
0.9432620895309376
0.5249946371265375
0.09132377826488502
0.6915996223871617
0.6540633445196391
0.8520576713424843
0.8859771041308748
0.44695857657082505
0.8191638295838102
0.8444053511884364
0.8229979105266467
0.2428274399953405
0.8761696875059466
0.2508099816334539
0.6598928014706267
0.4710905031583812
0.29508121124995146
0.3200167878523337
0.5323271239766849
0.6852046804341965
0.5190083551909566
0.9790919800615963
0.3694622669960781
0.7475656398182042
0.6596577508212689
0.16240528140824861
0.13678403304987086
0.14720597081836306
0.8138378667584043
0.18598805106822547
0.7664840500573824
0.6958896338492377
0.9391528994055343
0.971869913173292
0.06740249408433474
0.9532277721663556
0.3856073058862932
0.7263678532378901
0.17765664600049424
0.20597536871240663
0.061514626488661905
0.3213958038309259
0.3291844174906515
0.7046715851880143
0.9707282896304397
0.4939614769838945
0.11781842674280085
0.26309920988446733
0.46550907676389053
0.1376800645647911
0.7046797128593008
0.5416281362750817
0.2350032343037236
0.5325557286064468
0.9768864281538681
0.15964643406555923
0.019475917433019463
0.6347624726423935
0.6925433984893199
0.47620206087074957
0.9303745210918704
0.19110091365075754
0.15919677875488802
0.30159213358923265
0.49370969626723293
0.7633578703927542
0.8030603456384959
0.6184687096061297
0.7596636497179583
0.5311546157230933
0.4672929281956475
0.6968319724452483
0.5082103348566323
0.0025586117375300255
0.8035117755917949
0.6322562009130521
0.36931362137346624
0.2390957783896006
0.0921552722165504
0.8445483383663503
0.48629530699431833
0.4176562794643752
0.6377831352066803
0.05342981406229441
0.3975405447075815
0.6481778386631423
0.5448288076191448
0.42380228774212636
0.5983695379280038
0.35930641678541275
0.4903559383577205
0.5013042270022388
0.5666935950287391
0.6679689559526194
0.7390124235482851
0.7384153209407747
0.9442468814614493
0.48595561870991366
0.655392427976417
0.7384582043954353
0.42397719168659775
0.503528632873812
0.344534242695937
0.1640918193545695
0.41922522772972326
0.0051238835374070035
0.8409428286061509
0.7679506627024104
0.20868517772033202
0.060105799972698826
0.2971535279015025
0.845827056083021
0.25469170029359156
0.7811406097680369
0.8918146353791521
0.9662750758743512
0.867170072595238
0.8742463539485408
0.9540055943834083
0.5938502195961819
0.3976165102596996
0.4717780971162604
0.750864966403016
0.5306418236116635
0.9039600643032295
0.24333874833709412
0.8226287558535059
0.8744061610966924
0.9248200513245453
0.3280377839151194
0.8497337581123947
0.8783318301001501
0.24493074784124147
0.24402461949210963
0.4082103261240877
0.6061960225190426
0.24971733068162738
0.8686099623441421
0.20441995090536236
0.6523328185846309
0.5044108720227201
0.8600522260861148
0.6869802413579187
0.2554989096713003
0.3564130913148036
0.4460632095083161
0.07633664949032459
0.8593023690645156
0.257561390110127
0.6597972153622542
0.8954564389917277
0.5129226216124123
0.6206886733835362
0.5602540461247238
0.894576186567561
0.9944719769914407
0.9671407844903321
0.0007060808956989018
0.0200123724775092
0.7975678188316022
0.9948048850511433
0.9082803549317275
0.6248381779804069
0.8705045774862754
0.9209581217434084
0.19388938169899972
0.6557248224210965
0.7018799957896509
0.879809732215586
0.42728701232382105
0.072074486951611
0.4069792140474169
0.22140076893486071
0.09573367610638028
0.7592815022506851
0.9541675069603619
0.3299253444746486
0.7295750505082923
0.3388677502242454
0.7475467116349388
0.7384325659780842
0.43176143468231354
0.05407582146563117
0.692455627993634
0.7940980754091282
0.3171941243296612
0.01828511005391431
0.07846251202092791
0.23916640016660806
0.29216925981667785
0.8593711014962322
0.9224769949371021
0.712511123041562
0.06792870682643093
0.7928203856335101
0.12324163508525188
0.2957430625378863
0.08270624330364895
0.3471871644587805
0.9776179453046088
0.045630295314064595
0.16393516590433044
0.2467967409025531
0.23366679858037775
0.9626322922132995
0.3979289123677321
0.927839695576193
0.5060713336969063
0.12308519498348969
0.066926903639277
0.3892509252862655
0.7034771174963272
0.3797330514146735
0.3762499938907027
0.016167285510722884
0.7020153811992382
0.6898911032042341
0.10293699495723385
0.33244168751855785
0.3918057880613628
0.6957865372688594
0.3331502094430143
0.07396232603246
0.11209706732941194
0.031637552318361406
0.36283925561292896
0.3920123803557698
0.33885007259795263
0.9401292513509414
0.7926891357625485
0.25060766674537205
0.04162853974060243
0.9770894873314959
0.8778729514280188
0.7244844007819
0.34595727983653757
0.7783228338944206
0.09555930255441036
0.8309679085150974
0.1471923484400619
0.959084870560867
0.9823864900194339
0.5389425191153525
0.5165801005116735
0.6425833298251677
0.3295125313529619
0.1886362734089051
0.05722754202518643
0.5153228924612943
0.048255861301158776
0.0639456063085404
0.9749698515867347
0.4487730987232019
0.5386438381710927
0.6900190909745585
0.5984549907811134
0.38827673111383043
0.32215555392569906
0.18043436071861674
0.3417170248917576
0.46838165013075717
0.047826906963409854
0.7016082742577099
0.5566908349900239
0.825180522225839
0.4998809258764898
0.13782925138301727
0.21936731254515784
0.9391118190417254
0.08925567502004639
0.49441714218613697
0.45015789357207225
0.8679998906348516
0.8404647680587645
0.01317751885302676
0.48403950762668657
0.017135082204418506
0.3966616513268115
0.3073561411724517
0.9891301198273244
0.5952545609243765
0.6046686170712301
0.6289760636528257
0.7908906870157932
0.3985072437062285
0.5111366727702595
0.18538913673651503
0.294305312905087
0.7208372189975725
0.5534232251557347
0.3133454793471573
0.9008431709508684
0.07159896427552748
0.3548143720772714
0.533825963811351
0.8453126000746196
0.6181149254304497
0.8573483960383592
0.05051938149174351
0.12069222770558907
0.20897128035054124
0.24155546272966566
0.32621709777460617
0.03186671737830271
0.4283358110367015
0.17064122023310002
0.6894681409623193
0.4308433483314298
0.24511681518347017
0.8461986222902687
0.2920229047848628
0.7281311936767254
0.7673757322300581
0.4728802475636018
0.78846758075325
0.5560926490213856
0.27504372686317025
0.8186084151482493
0.19613856187140932
0.0471873396731568
0.6351973548263394
0.8852502461953049
0.31467235859230214
0.6188920943503999
0.7862085139594877
0.6711542592304911
0.2949166493120625
0.10335266350428252
0.007672586005394777
0.41648822329705437
0.2777676789334129
0.30077199706695024
0.10166216729363486
0.5423862767057992
0.16673525908887132
0.6364496958430335
0.7794099225545486
0.5924035249313844
0.06528022912736575
0.6622387387793416
0.7309073219706506
0.7303422281465288
0.39200274911355315
0.013974531201294882
0.773459867473973
0.8002462430416704
0.4389985179290574
0.25931858963333343
0.826256857029988
0.5503578321134537
0.7366338837709325
0.6956743609187506
0.7806085093585311
0.7012327640577907
0.3819161753989433
0.8329036270733536
0.760253961365752
0.3196477025290503
0.8611853490629309
0.28118798618632024
0.6775272148650706
0.32218309908672804
0.9900969278505338
0.08558329702094425
0.09166872497345047
0.8053054570758487
0.301747271967129
0.04584080384535283
0.7722893372257749
0.18104670956663593
0.4535610228507778
0.9083971617676143
0.6348014166909643
0.37571169907538415
0.9217002584338245
0.16545434366226575
0.09998355443416407
0.0549580146654407
0.6451654073911997
0.4696131735125919
0.38032516664962057
0.48176758093449257
0.892380561784107
0.2456760953679713
0.623512777051078
0.18677944627915988
0.6975950015976318
0.7623323641840412
0.5884649637596027
0.7952383300744448
0.2162061233111141
0.8704295317183135
0.773526690683157
0.055552016436226426
0.6768686051843149
0.14877492441455664
0.127509197200959
0.7143773661573534
0.35352120398062414
0.8478002796913748
0.727096465262679
0.42555511736021656
0.623525296012087
0.4605990082634155
0.3522009478750323
0.08910706316176165
0.9027046765876192
0.5646386599770437
0.8246621659613651
0.45040216337025685
0.8449414335751009
0.26606046367538005
0.8009646317784109
0.44626486077072647
0.6434896120509768
0.48672183328827123
0.59360901258492
0.8215842513530032
0.34732319289392555
0.5538522039722908
0.9751078097682384
0.7267387874351225
0.8215451920328796
0.018681576743123207
0.7600666377898662
0.4089535097203103
0.5250485149651221
0.8245332528828313
0.9051799414537369
0.6868410834459286
0.4801305767705071
0.07033679226329315
0.6247620541108918
0.3332174833559167
0.7446988169561732
0.8304490146421342
0.3868589444134589
0.3529149209089466
0.5562762875225793
0.5961133598652144
0.3877242159561707
0.7150994896869143
0.6035176882604596
0.8383083320434899
0.5864164652379662
0.15022902514002756
0.6365225435306763
0.07595727788500883
0.9145907590283138
0.2864963635890867
0.8531634179488956
0.45058129746436726
0.6798131499559312
0.17574309635602003
0.1680205659766314
0.9364608415744198
0.8500783579190656
0.4651339357774751
0.23507971439494746
0.20248037246493844
0.6262793166829359
0.6765177541930869
0.12769069421440715
0.6680219352768448
0.6532641856742722
0.9977302492263203
0.21197359919579695
0.27007443273604337
0.6115598603781345
0.4343719140709179
0.19275900856347716
0.16132717912622652
0.9924030183356694
0.16448831434751732
0.5978434444875138
0.8073840726415411
0.7667383644513894
0.30044284745525895
0.02755124106801743
0.5578788245134938
0.4242206687436121
0.044590939364998805
0.539472094695286
0.5631193003360884
0.8401748897304013
0.9668506014832263
0.6177984172212514
0.009993483846004514
0.44440006342956995
0.6590196918685294
0.9485730136010677
0.6096627444255445
0.612111562142825
0.5018224124048849
0.39756422909512645
0.8151300200798157
0.8409724692523557
0.8206709427519936
0.6512978840145442
0.13573173716464892
0.08725959915820702
0.8565124197294418
0.3007118114798377
0.6097703034296629
0.5496939850751088
0.3925823514020421
0.9738962731385672
0.4845993378548872
0.9506226135485301
0.6839342267569817
0.41410807642086356
0.43370957462656046
0.01920449823955317
0.3334540420620067
0.1882170893249966
0.6206948736620033
0.18215197344205647
0.3767986074997187
0.04391256250097331
0.2266325137109544
0.8196287010404963
0.47224969565757813
0.035343125568254585
0.5554461478476143
0.042004174547415785
0.1787783695423839
0.5623794388896539
0.785992672221169
0.768983782303549
0.647053320105444
0.4408766113414009
0.7121711239027566
0.7216466060784046
0.5657270691562413
0.9168923808461522
0.1948743218262985
0.8035831558189599
0.05143784801397011
0.8188308556602921
0.8216099808351465
0.6580020988935524
0.5948197703728346
0.647277424823482
0.13743735796541046
0.9216247114586233
0.8958419773644186
0.10740305006900841
0.8881131547682297
0.9060970692955834
0.2588253351513776
0.7544441691507635
0.7809378227883264
0.43068878750153594
0.6166521555108699
0.38154561174806956
0.02787351390516757
0.13657954543416717
0.7230602040913015
0.781793633387599
0.7876749898367752
0.18767728728777833
0.32231791837988477
0.8475918445965722
0.6912273441206007
0.9962784755110619
0.006253755829007446
0.019465801506221903
0.19018199565047444
0.8553905406419373
0.9407997254987677
0.5645929252125632
0.3701230578903618
0.8694681007697944
0.39732049679809855
0.07313623925078239
0.25337846255713536
0.8577645467343833
0.1237221383036109
0.1564477589975286
0.12815095085203954
0.2984930596585049
0.4677438862175678
0.4327621856310193
0.10375642961358422
0.3385616703554375
0.0032486081780891407
0.7045427421760317
0.35990010605426104
0.6522992022871721
0.8494069742405108
0.1319441042296714
0.0038969480860184813
0.5637365213650347
0.6718350925134513
0.4221084525983816
0.5013819074535895
0.3240407400917271
0.5748124427778136
0.110053523441213
0.6477598151419592
0.4373916192113865
0.18669329857260109
0.04633251388366144
0.8822705474653592
0.8704275138810138
0.04155709858479084
0.29025299764411017
0.4664019604884355
0.2995559505792984
0.9043718410200139
0.28235636809324083
0.7720238465979417
0.17128999819798163
0.18265983495859328
0.12635137385939288
0.012707835926552224
0.12241366333696835
0.30477587230341485
0.6810955996900645
0.1981669454306496
0.7341267052263618
0.21971973097858233
0.3646157824096252
0.1286865796888672
0.3074461459511577
0.09913652722824784
0.06036977126774312
0.28852598359250625
0.5425094125265901
0.16379212347070848
0.9052340112149955
0.820796502894058
0.5045014268358246
0.1469107226646429
0.697231303320933
0.036205723246411914
0.6519240279979264
0.6190303796177588
0.44037634051703556
0.5183776137392184
0.5638977756371242
0.34070852577742383
0.5685218977340813
0.8408662164318588
0.46139957795059927
0.07107993375269617
0.9399053550761367
0.11454248427843683
0.20316742072047234
0.6352480108906347
0.867478285243346
0.8240780450767791
0.21449663958003362
0.5378181253063867
0.8376980317772078
0.9857663677650135
0.9937600886029618
0.11400534169540277
0.4686265684429365
0.3885761544244306
0.03966940877148306
0.6653917743994171
0.6892170980572951
0.66603811860638
0.8733209098573524
0.6928018053509095
0.8516884691834301
0.9996129966850895
0.39241138175545154
0.9651146440341778
0.5902791044065043
0.46627391470385393
0.6697217576213499
0.1839777171664947
0.5446319650046214
0.3625520433493965
0.878682519913186
0.7654607891236174
0.5129602702020746
0.348789107953962
0.8424993817261881
0.6974078698206161
0.03974264070706113
0.7093836130801983
0.7489871978964913
0.7438203935972487
0.8426039025112004
0.6885835945592451
0.18192425807004997
0.7270933561795803
0.48384391489735945
0.1087431731449211
0.7572320261140473
0.6053761546334133
0.1298230262984994
0.19757467942308815
0.8477420558588424
0.065195319768524
0.5354523959798614
0.10600966331722717
0.891050274563074
0.7948724274830292
0.2885799363000847
0.7877393234057672
0.5377169893736575
0.224132355968365
0.21500784522134708
0.04335606351941679
0.942088937967132
0.5838814300020829
0.8499312092332629
0.3024415976845054
0.0923334971787857
0.8299549290536239
0.8304094184442328
0.4326187885058179
0.6534091369542521
0.4137072118121188
0.2324696728867639
0.9836201265665689
0.2908614325426959
0.0952567653030616
0.4733019076468501
0.14674547540519134
0.6526720503732226
0.22988184930971567
0.8741240808937853
0.5684724396997725
0.9009089064204561
0.5181230248509929
0.7919932197589983
0.6535129440873986
0.4853714787422396
0.09546122117463018
0.29359223651685706
0.42676630527488224
0.08856632596150438
0.48576152683771934
0.11621230431539598
0.47550393274349356
0.27389921359422487
0.4965213838604199
0.8171799072022987
0.6916690018258171
0.5988670556923958
0.8553900656491047
0.7491576655254732
0.9532639464509141
0.31935919541947433
0.6433334357449203
0.19271239831486153
0.2897810786003332
0.24635830727474017
0.8308425701914279
0.49124843924311534
0.47944889394615164
0.4587239558199043
0.04271412139599362
0.8304253421215468
0.2021620188481672
0.8959022769987197
0.1323598583604113
0.6111262258076027
0.03186544297314842
0.38456916351017933
0.4256352217290791
0.4844094098180931
0.08976248257846153
0.8383508605892427
0.5250574676589357
0.6092374078049276
0.6809675338722383
0.2518320632463178
0.6269461281263919
0.514123009333123
0.8834447571050819
0.7902615871177754
0.7945017679659903
0.3605062204310381
0.5870816714102813
0.2712002468430974
0.3963627472402602
0.9325299033356627
0.03675490741943688
0.5092432971854757
0.7244923349009018
0.2619842850634475
0.6518853141619376
0.5051522723538846
0.7774188372798412
0.581761696716439
0.6321583922248686
0.23196340275645544
0.35415086155485054
0.9306359961452446
0.040959923956588984
0.5867404278662649
0.23268004127091624
0.4316614582885374
0.8824423202133942
0.6071637962189789
0.35820271132202475
0.8117818902477014
0.2748842026291667
0.655682227728343
0.7933616836630026
0.1508344758152218
0.046171176402820535
0.22733772894947757
0.9850231175249782
0.46575328015626294
0.6375570484221329
0.7340775057118787
0.5219655769287068
0.48885610855127815
0.7556970388668953
0.31915294280894946
0.6587529445043689
0.5851672202660567
0.29509740643347593
0.39661750002200646
0.9928604141736566
0.4495814930181219
0.2928162551499687
0.1274531005203452
0.34263279935152635
0.84426876121103
0.13930185709291365
0.3597355669470126
0.8894009124798066
0.09564283086381598
0.3173752504593301
0.22920780812084085
0.6504113437034931
0.5316765402526287
