# browser_rnd sample v1
ua: Mozilla/5.0 (Windows NT 6.1; WOW64) AppleWebKit/537.36 (KHTML, like Gecko) Chrome/32.0.1700.102 Safari/537.36
appName: Netscape
appVersion: 5.0 (Windows NT 6.1; WOW64) AppleWebKit/537.36 (KHTML, like Gecko) Chrome/32.0.1700.102 Safari/537.36
platform: Win32
vendor: Google Inc.
oscpu: 
cpuClass: 
language: en-US
hardwareConcurrency: 
deviceMemory: 
screen: 1024x768x24
date: Fri Jun 12 2026 13:51:44 GMT+0000 (Coordinated Universal Time)
epoch: 1781272304682
count: 4096
---
0.5593945537693799
0.44557680771686137
0.35336637077853084
0.24967021774500608
0.935616290429607
0.9162072297185659
0.7223190993536264
0.4402175706345588
0.834541535936296
0.8766015497967601
0.9371524129528552
0.5310381888411939
0.8313669969793409
0.7671582715120167
0.14191712625324726
0.439289181958884
0.22209948860108852
0.3339928323403001
0.8719785490538925
0.17452316568233073
0.9424018452409655
0.7386717603076249
0.231371502391994
0.3846789125818759
0.7547284695319831
0.05471169645898044
0.6545319713186473
0.7341482618357986
0.9677471530158073
0.9513841534499079
0.42031975416466594
0.38184444163925946
0.5279123752843589
0.07532305433414876
0.6550136341247708
0.6863881442695856
0.83102623722516
0.7004838795401156
0.5133217324037105
0.9114855255465955
0.3783429665490985
0.46568658435717225
0.0715351109392941
0.837839788524434
0.8603871006052941
0.06036381842568517
0.8488300950266421
0.4710137357469648
0.9545817582402378
0.3227291072253138
0.6527448673732579
0.2803197840694338
0.15945064462721348
0.602435210486874
0.2313572692219168
0.8587924416642636
0.10268558142706752
0.3057753616012633
0.3630821837577969
0.682106122141704
0.6092439233325422
0.3839924114290625
0.7553894582670182
0.6257115812040865
0.8827336016111076
0.4781677529681474
0.01127753360196948
0.3476845594123006
0.8243373977020383
0.038815147476270795
0.1395014349836856
0.8093956201337278
0.7333997096866369
0.6274097331333905
0.5471940299030393
0.15889756637625396
0.9877524601761252
0.42290600296109915
0.6526046271901578
0.14732415415346622
0.8080534695181996
0.1293641875963658
0.8151507319416851
0.42897435976192355
0.3672844481188804
0.18387787509709597
0.3024709294550121
0.6476994692347944
0.2627821834757924
0.06821440462954342
0.34618015796877444
0.4457731863949448
0.1277248051483184
0.9496534850914031
0.027498435461893678
0.28714836691506207
0.45583156449720263
0.6470783294644207
0.29197844583541155
0.8763433638960123
0.9761931193061173
0.27446543728001416
0.1812193701043725
0.3886060193181038
0.3985162212047726
0.8553353883326054
0.4139621399808675
0.29465095209889114
0.9781289934180677
0.42907537752762437
0.4341592735145241
0.17501699388958514
0.6730047189630568
0.1445222762413323
0.7192660239525139
0.11175390146672726
0.12146645388565958
0.9810865179169923
0.3331939014606178
0.6544309752061963
0.7903387658298016
0.06833490333519876
0.44504614151082933
0.8061264911666512
0.49881173577159643
0.37802939768880606
0.495353497331962
0.6867713045794517
0.6632878093514591
0.8399545298889279
0.5030148031655699
0.9533961929846555
0.30457372264936566
0.9217162344139069
0.20180652779527009
0.28422683337703347
0.9702376134227961
0.1348204908426851
0.9822013007942587
0.9698741857428104
0.35881905304268
0.2845326061360538
0.1722582543734461
0.44300713879056275
0.12417168519459665
0.9829246064182371
0.862514415755868
0.6241256867069751
0.4269897004123777
0.13657788978889585
0.7319827214814723
0.09096065000630915
0.6457676556892693
0.5840639194939286
0.4539088427554816
0.45864929468370974
0.2759948526509106
0.5467001243960112
0.6506393162999302
0.5862301820889115
0.1179844313301146
0.9142095160204917
0.038141348166391253
0.6175241069868207
0.46635821624659
0.40646531130187213
0.841321381740272
0.037621462251991034
0.3262561415322125
0.2932823575101793
0.8354483158327639
0.7285969918593764
0.874838360818103
0.051991646410897374
0.5694772279821336
0.8024688642472029
0.0581607767380774
0.9850243059918284
0.5550544697325677
0.08614138653501868
0.13956734375096858
0.3104894692078233
0.296674519777298
0.4510928897652775
0.4931509068701416
0.044478873955085874
0.2817248082719743
0.8507607944775373
0.3159998832270503
0.38361808145418763
0.19094107556156814
0.8207321036607027
0.9835764823947102
0.7673424207605422
0.2514292011037469
0.02930518868379295
0.7845750723499805
0.9865665237884969
0.26728730369359255
0.8339961245656013
0.3027778728865087
0.3357079685665667
0.09859623340889812
0.5048565831966698
0.8570323765743524
0.2536311843432486
0.901971748797223
0.9471664594020694
0.7951106147374958
0.7006774919573218
0.1976971838157624
0.5675253921654075
0.08394754817709327
0.20149249862879515
0.5438464789185673
0.04744886723347008
0.10885909385979176
0.3758637676946819
0.0027539425063878298
0.5263391702901572
0.8325339872390032
0.32908783247694373
0.09736143937334418
0.3605941478163004
0.6636113077402115
0.3711124623659998
0.16437804326415062
0.24550796882249415
0.48514589644037187
0.7440458068158478
0.8075448789168149
0.6066404609009624
0.018896623980253935
0.9348602115642279
0.39861366152763367
0.16850326885469258
0.09326072433032095
0.6607778421603143
0.8776665043551475
0.2669516166206449
0.32099380623549223
0.3962348762433976
0.9190773216541857
0.13023508433252573
0.739070107229054
0.46347484248690307
0.04561060620471835
0.7669715620577335
0.6466549637261778
0.7352196257561445
0.48325547436252236
0.40022958372719586
0.9464509154204279
0.5504852507729083
0.9858542250003666
0.5155747390817851
0.8387734938878566
0.434743802761659
0.7451456680428237
0.147634563036263
0.7829950514715165
0.952201537322253
0.728170256363228
0.37916239933110774
0.6801759821828455
0.3880972450133413
0.7090531170833856
0.8556109687779099
0.031416102312505245
0.8489652443677187
0.6238450068049133
0.055801192531362176
0.48423776985146105
0.03143934835679829
0.745417759520933
0.9145816129166633
0.6260350905358791
0.7823678499553353
0.4902358914259821
0.8117866937536746
0.5368523949291557
0.8191999394912273
0.058224663604050875
0.5231730563100427
0.34056920162402093
0.4775537084788084
0.010070503456518054
0.8781003260519356
0.9623307988513261
0.03317670151591301
0.5949149806983769
0.9451061363797635
0.5803257611114532
0.2255171702709049
0.6206948875915259
0.4201822492759675
0.9196372828446329
0.24430546164512634
0.459523665253073
0.5984548195265234
0.5419807275757194
0.002188705839216709
0.3955784481950104
0.049889307003468275
0.09757048636674881
0.11659030383452773
0.8232024693861604
0.4111464358866215
0.9123611808754504
0.5913465020712465
0.3180816131643951
0.06782379513606429
0.5545490458607674
0.5354044511914253
0.9107050232123584
0.7462178312707692
0.7979918592609465
0.20291155483573675
0.5341874214354903
0.7855573799461126
0.2508670559618622
0.6937745988834649
0.3661408652551472
0.6247496027499437
0.9294307925738394
0.6547560286708176
0.74213303392753
0.4200960104353726
0.14112690021283925
0.5407187337987125
0.5928873277734965
0.7242026620078832
0.7150608396623284
0.5967979927081615
0.29113700869493186
0.5270189594011754
0.8326737997122109
0.8387384109664708
0.47761500906199217
0.2642985039856285
0.4152597994543612
0.10870371200144291
0.3416357773821801
0.8796128297690302
0.9371123383753002
0.043937251437455416
0.5072608755435795
0.8959475897718221
0.5339320651255548
0.9358687945641577
0.4566328127402812
0.745018006535247
0.06253111851401627
0.20056718168780208
0.11142358859069645
0.2609297540038824
0.4598457517568022
0.9704316868446767
0.8781710756011307
0.04246817296370864
0.9569541097152978
0.21180375991389155
0.1328162201680243
0.10541777894832194
0.8734200126491487
0.3202691909391433
0.3908889282029122
0.40022023930214345
0.8510419193189591
0.4376068920828402
0.12186653935350478
0.32134656491689384
0.6749147006776184
0.829233099706471
0.9354767415206879
0.5683828482870013
0.11286646267399192
0.27002795366570354
0.08165590767748654
0.016153674572706223
0.6001963247545063
0.06486013252288103
0.029304929077625275
0.3599060419946909
0.8187758850399405
0.9230329487472773
0.7664099994581193
0.8777044541202486
0.3419742356054485
0.5766755663789809
0.9761410080827773
0.35441984166391194
0.7061911509372294
0.660590440267697
0.4238339141011238
0.12729835812933743
0.5091426444705576
0.28424447146244347
0.055929250782355666
0.6201561270281672
0.1957918975967914
0.482971083605662
0.4401640079449862
0.8616180443204939
0.64951879857108
0.5987257892265916
0.5440767391119152
0.20114778936840594
0.701565695926547
0.8312544070649892
0.16588904312811792
0.6985410053748637
0.4051617009099573
0.13628911948762834
0.28882464091293514
0.8779525368008763
0.809450319269672
0.5666911031585187
0.6403402970172465
0.22215852281078696
0.15682753990404308
0.6982439602725208
0.6867836492601782
0.16216610744595528
0.11315466184169054
0.5241327891126275
0.015619295416399837
0.8253364900592715
0.5818308405578136
0.14419328048825264
0.8385724583640695
0.4276724725496024
0.510261484188959
0.513024649117142
0.35168157424777746
0.4584742938168347
0.48335867025889456
0.902183307800442
0.635931524913758
0.875027687754482
0.37205111025832593
0.6498273911420256
0.17807661253027618
0.9858461057301611
0.34201627876609564
0.09478560206480324
0.5914809261448681
0.6451544458977878
0.84946876950562
0.4840508420020342
0.6279820250347257
0.6306507214903831
0.6981933335773647
0.9127124361693859
0.5266401986591518
0.7324291509576142
0.49470388889312744
0.4235610282048583
0.5045816914644092
0.1378900131676346
0.5930176118854433
0.6092749240342528
0.12594139180146158
0.46670024236664176
0.9155850040260702
0.5083493539132178
0.14462865213863552
0.8583270921371877
0.4108641636557877
0.04275375395081937
0.7516762185841799
0.8461043206043541
0.4057479137554765
0.563656770857051
0.390406989492476
0.7092490016948432
0.4112307548057288
0.8323575016111135
0.6482164750341326
0.40262148808687925
0.8616406859364361
0.2905411182437092
0.8902208358049393
0.053967440500855446
0.09970091562718153
0.8742651620414108
0.7934012352488935
0.24295608256943524
0.6089965365827084
0.7065642680972815
0.4930523361545056
0.3274554838426411
0.8897343331482261
0.514591243583709
0.8277912989724427
0.37836873275227845
0.3485636976547539
0.3317555319517851
0.8504007465671748
0.19582537468522787
0.616841587703675
0.008871471043676138
0.33222408406436443
0.6083557631354779
0.32376267784275115
0.37678082240745425
0.3497306553181261
0.07951917499303818
0.9789096117019653
0.6588148614391685
0.43515384616330266
0.8049930685665458
0.23573227250017226
0.35593614471144974
0.17296953382901847
0.6373320964630693
0.044672802090644836
0.15575336199253798
0.13108255877159536
0.582717631245032
0.4253631206229329
0.1273466341663152
0.043094089487567544
0.8067562959622592
0.33060705033130944
0.06637900322675705
0.2789092962630093
0.4835601672530174
0.12830561818554997
0.20699077262543142
0.5145663400180638
0.12539282394573092
0.7511782085057348
0.5982411331497133
0.6500683908816427
0.7023471528664231
0.10676061478443444
0.8716551335528493
0.25586565816774964
0.0325860190205276
0.01174574694596231
0.4246753759216517
0.8634573710151017
0.8949296481441706
0.021775688976049423
0.573557659285143
0.3097359442617744
0.5703043774701655
0.418755688238889
0.9749918095767498
0.2591661454644054
0.35704741976223886
0.7427727980539203
0.9779658215120435
0.8595906416885555
0.2279519948642701
0.9618821162730455
0.11455896077677608
0.4229795814026147
0.5700343414209783
0.1527079287916422
0.37336225691251457
0.7758202776312828
0.7587842920329422
0.05212970916181803
0.5585748718585819
0.7919598838780075
0.294029685202986
0.5820590856019408
0.039015285205096006
0.6269577133934945
0.4768424890935421
0.26404180913232267
0.1629617903381586
0.49416547105647624
0.878575888229534
0.8802279832307249
0.17007028264924884
0.6675659329630435
0.6727501784916967
0.33275364246219397
0.6917142553720623
0.5386277630459517
0.2687055424321443
0.22150853998027742
0.5758331366814673
0.7009981360752136
0.8283419471699744
0.25890351785346866
0.2276435426902026
0.2178965536877513
0.38928870973177254
0.6072801768314093
0.4037683471105993
0.38938809442333877
0.9835096639581025
0.11353736300952733
0.9569506838452071
0.8831250278744847
0.8896760630887002
0.41480178432539105
0.848598824813962
0.666282407939434
0.16193331708200276
0.29774384456686676
0.1364837922155857
0.2561996034346521
0.24058794556185603
0.1718606671784073
0.6933891938533634
0.0946821088436991
0.5286111708264798
0.9149834443815053
0.8847248379606754
0.2241356612648815
0.6114710250403732
0.9646131615154445
0.6429630743805319
0.36054026731289923
0.14282946451567113
0.19471685984171927
0.04129338008351624
0.48195257247425616
0.06440988043323159
0.14371224329806864
0.42334505706094205
0.4790686860214919
0.9852889704052359
0.5517907757312059
0.18463216722011566
0.7133507253602147
0.4969329945743084
0.22033011331222951
0.588204393396154
0.802730122813955
0.08222332177683711
0.69029207713902
0.6078420574776828
0.2921127153094858
0.23538566660135984
0.8696825236547738
0.6022972329519689
0.9199686895590276
0.3595017706975341
0.32970895571634173
0.3972616815008223
0.9753425961825997
0.64203738165088
0.6582256574183702
0.6065076715312898
0.5375404944643378
0.936374431475997
0.42562928795814514
0.5477900863625109
0.34938868251629174
0.9930829082150012
0.48261138750240207
0.6221535794902593
0.28302052058279514
0.33916190546005964
0.17703546676784754
0.8936316564213485
0.1303652347996831
0.47459992906078696
0.4870296074077487
0.2667589073535055
0.07528425543569028
0.09426020295359194
0.4097588565200567
0.9635248037520796
0.7902891617268324
0.24836074165068567
0.45118107786402106
0.22232043044641614
0.4499254575930536
0.14245321927592158
0.03998843883164227
0.7217470724135637
0.6005413720849901
0.09281357028521597
0.2770546607207507
0.38058454426936805
0.6941418591886759
0.37287764716893435
0.1438360046595335
0.4611791258212179
0.9166486752219498
0.6759552143048495
0.6763586683664471
0.6254581466782838
0.05098724039271474
0.9581610076129436
0.8230491855647415
0.3695793244987726
0.9538275813683867
0.5864935533609241
0.22129979636520147
0.7367816278710961
0.9440708863548934
0.21750307409092784
0.8516791202127934
0.5851502243895084
0.7957795897964388
0.7285744890104979
0.9576078711543232
0.32283306820318103
0.6750644505955279
0.9905114241410047
0.312725993571803
0.9633888388052583
0.09024632163345814
0.9541027117520571
0.6668779810424894
0.5774877076037228
0.9140662574209273
0.5174310773145407
0.5322987695690244
0.9264507803600281
0.8401140961796045
0.22524920967407525
0.3954788015689701
0.2997079154010862
0.16990613262169063
0.6719166706316173
0.5101704022381455
0.8384738052263856
0.8567881011404097
0.67637247312814
0.04849829385057092
0.221092629712075
0.6832159680780023
0.6905436755623668
0.3760281475260854
0.3714275718666613
0.9394999763462692
0.1199557890649885
0.19012436573393643
0.20280194655060768
0.9249916903208941
0.6326361312530935
0.8189950317610055
0.693470804952085
0.5298239612020552
0.31813973281532526
0.259771530283615
0.11774647422134876
0.12878902372904122
0.4696731986477971
0.984107474796474
0.2889078943990171
0.9508035772014409
0.12366015207953751
0.8080183370038867
0.12280319537967443
0.08441292936913669
0.5816016872413456
0.10380360065028071
0.373528617201373
0.3412596401758492
0.5405226605944335
0.6754350811243057
0.4400474096182734
0.8938184687867761
0.9677927251905203
0.6232930906116962
0.9815684284549206
0.4651716861408204
0.41119532100856304
0.2763718704227358
0.3646711956243962
0.39274711022153497
0.8017584728077054
0.5315357495564967
0.15836577769368887
0.15482421545311809
0.22419560817070305
0.59295260370709
0.6118745822459459
0.45626224926672876
0.1264497903175652
0.2525594651233405
0.18062779703177512
0.09013585513457656
0.714323804480955
0.315254497108981
0.3802948303055018
0.1980483850929886
0.2637899329420179
0.20583170955069363
0.5011367124971002
0.69037159322761
0.1884911209344864
0.8064814975950867
0.9796501232776791
0.9662465690635145
0.5798287123907357
0.821117858402431
0.9928684211336076
0.9197197095490992
0.3798566947225481
0.5594691666774452
0.682472609449178
0.12250993913039565
0.5184937450103462
0.480778950965032
0.030940150376409292
0.9614797940012068
0.9496193798258901
0.7264579848852009
0.3833850857336074
0.2624290802050382
0.06951659661717713
0.1855491476599127
0.09923390066251159
0.5462188264355063
0.8880834910087287
0.532303930260241
0.6812345464713871
0.669623804744333
0.10796886472962797
0.5169575605541468
0.3155068871565163
0.08935017348267138
0.5319640927482396
0.045624587684869766
0.9952089437283576
0.7361616094131023
0.9371759290806949
0.3283397606573999
0.39444671338424087
0.29874006612226367
0.3248530214186758
0.43549218587577343
0.9854369808454067
0.11877238005399704
0.012275417568162084
0.06812446215189993
0.9760530889034271
0.37612012797035277
0.611920039402321
0.2322392389178276
0.7302458882331848
0.9590598011855036
0.8115930748172104
0.9034625068306923
0.3122315367218107
0.18032068433240056
0.0423677631188184
0.5076451643835753
0.4237678600475192
0.5511370678432286
0.7598635517060757
0.36770526110194623
0.5711538882460445
0.42167345178313553
0.997293938184157
0.667254131520167
0.629897192819044
0.6285305419005454
0.9421869348734617
0.33436149940826
0.5553882773965597
0.6661628561560065
0.058678935514763
0.9149323268793523
0.614301071036607
0.8790088649839163
0.06931829010136425
0.24484257074072957
0.9813193504232913
0.9922974668443203
0.9508017250336707
0.04097573971375823
0.7221751811448485
0.268511853646487
0.4388263237196952
0.9624019800685346
0.8624878150876611
0.5030762986280024
0.07495759753510356
0.4442205033265054
0.7515229755081236
0.030363819794729352
0.7204786997754127
0.5949282601941377
0.06701961695216596
0.4814424205105752
0.5218495244625956
0.7129659017082304
0.7838598538655788
0.14218266564421356
0.39308294956572354
0.5950276283547282
0.20633389241993427
0.7947134464047849
0.5235122153535485
0.8435506937094033
0.336210607085377
0.6140968101099133
0.6506075011566281
0.18679307005368173
0.7065273264888674
0.7935565181542188
0.9844349306076765
0.9556570833083242
0.3562204272020608
0.18341542780399323
0.35291933827102184
0.2997893209103495
0.7612351777497679
0.9494301374070346
0.8823763278778642
0.43433873541653156
0.46229125070385635
0.90945890173316
0.8622776044066995
0.49096878967247903
0.7296876451000571
0.2267874942626804
0.38651062943972647
0.8638167881872505
0.7396099721081555
0.8450532788410783
0.44234117516316473
0.6708955171052366
0.18373075011186302
0.08682400058023632
0.5589523033704609
0.12075498583726585
0.4890035621356219
0.11231289780698717
0.3040528460405767
0.9980444023385644
0.29681939259171486
0.8733989340253174
0.5827458712738007
0.468860435532406
0.14803386479616165
0.2341923553030938
0.4538785540498793
0.2914061048068106
0.878606797195971
0.9389931568875909
0.9207617524079978
0.9521959859412163
0.5333623883780092
0.5653436582069844
0.5148459263145924
0.4773553782142699
0.34015539148822427
0.7274113157764077
0.5005351116415113
0.6828543820884079
0.5887292616534978
0.27230855473317206
0.8287579957395792
0.8070385514292866
0.42908001225441694
0.6652794037945569
0.9910694523714483
0.04476852202787995
0.09082776890136302
0.36297251703217626
0.3915410100016743
0.2621601161081344
0.6347736536990851
0.7391744102351367
0.46207820856943727
0.6029881183058023
0.0745621647220105
0.013540977612137794
0.9890317518729717
0.4309136173687875
0.38403514469973743
0.6118435703683645
0.9797355530317873
0.8637282408308238
0.3714990229345858
0.4695846000686288
0.10000507556833327
0.054546214174479246
0.12612749822437763
0.07613016897812486
0.6691567252855748
0.36541611631400883
0.513128291349858
0.8904470424167812
0.39225952071137726
0.8169096147175878
0.7760975765995681
0.38921343139372766
0.5081902667880058
0.07017753971740603
0.034398203482851386
0.6520949513651431
0.48932270519435406
0.13985727983526886
0.8599809987936169
0.4528104898054153
0.46028707874938846
0.900709462352097
0.7230432294309139
0.7041461009066552
0.40096303494647145
0.5551096408162266
0.8750131579581648
0.2798192056361586
0.08995544794015586
0.6990870046429336
0.8640023956540972
0.8696930869482458
0.7776018918957561
0.4498640666715801
0.5545801585540175
0.9904117865953594
0.8850386629346758
0.030784860020503402
0.28596130665391684
0.7782109009567648
0.6491938447579741
0.3716417688410729
0.9888846867252141
0.8122252761386335
0.5526556491386145
0.6111452404875308
0.20088018919341266
0.11965861567296088
0.24412654107436538
0.8664790452457964
0.26084112422540784
0.8580421335063875
0.44856037106364965
0.946716575184837
0.746289761736989
0.4112390521913767
0.12155166827142239
0.11020060419104993
0.21184661705046892
0.17550082853995264
0.8819422151427716
0.9932170673273504
0.9313548186328262
0.5407904218882322
0.9285065813455731
0.41397092631086707
0.22123448783531785
0.5974612685386091
0.9096192161086947
0.664107620017603
0.30710552958771586
0.3349557868205011
0.3918699149508029
0.7611090780701488
0.60512625426054
0.05387875507585704
0.929026166209951
0.27031142357736826
0.467431724537164
0.3394211959093809
0.13192015956155956
0.5268618247937411
0.2788402906153351
0.6360858376137912
0.7227067912463099
0.05383522203192115
0.4738322428893298
0.8033196367323399
0.5061819346155971
0.9385241724085063
0.7310506158974022
0.23659926583059132
0.8797242229338735
0.27786101191304624
0.4714827698189765
0.7874945378862321
0.2955434138420969
0.11468401830643415
0.8163016675971448
0.24279769673012197
0.31513907574117184
0.460588141111657
0.22966791549697518
0.7062212745659053
0.15933010214939713
0.6300055973697454
0.27512802509590983
0.7711985621135682
0.15392278670333326
0.5718408960383385
0.2576925726607442
0.19875736278481781
0.12519986159168184
0.24746965360827744
0.00016549439169466496
0.5784450122155249
0.8758498502429575
0.06397695117630064
0.37678508809767663
0.7196607221849263
0.28649864811450243
0.17147860256955028
0.38704991922713816
0.9557283935137093
0.7231568992137909
0.6471202522516251
0.575644921977073
0.9617772565688938
0.911184832919389
0.8571625126060098
0.015746385557577014
0.4973052970599383
0.3449473700020462
0.4230190485250205
0.4707577561493963
0.16561719425953925
0.300358846783638
0.8860790461767465
0.0772439637221396
0.8866795934736729
0.6103431682568043
0.5860468915197998
0.8305467371828854
0.3077857221942395
0.231379913398996
0.9160360787063837
0.3194967876188457
0.6707201048266143
0.1521309483796358
0.4334788501728326
0.4113366403616965
0.3587127020582557
0.03761331853456795
0.4946604324504733
0.11453179223462939
0.8745001761708409
0.1890073053073138
0.9893255282659084
0.5683742554392666
0.8490765525493771
0.934439682867378
0.33510886621661484
0.145908341743052
0.30093287280760705
0.4759092254098505
0.2345710836816579
0.2827018399257213
0.6090359082445502
0.4146611038595438
0.6094959434121847
0.4676788079086691
0.8951702907215804
0.02406777930445969
0.46686243219301105
0.6512972260825336
0.6686724559403956
0.09139428241178393
0.15636795503087342
0.3667251644656062
0.8369722086936235
0.631463993806392
0.8826347587164491
0.22508714441210032
0.2705879886634648
0.7779319330584258
0.6260729276109487
0.9533901594113559
0.4783254030626267
0.19185913121327758
0.4371218790765852
0.27041801693849266
0.6305489027872682
0.4831663789227605
0.4648700896650553
0.2533942759037018
0.8194500962272286
0.022172432160004973
0.17453863704577088
0.054019036469981074
0.38808195409365
0.3950812022667378
0.18954904610291123
0.7539192123804241
0.5952937584370375
0.9075090524274856
0.11608417821116745
0.056971661979332566
0.8818651030305773
0.4963440038263798
0.020520488964393735
0.5291276522912085
0.0016803708858788013
0.7028921630699188
0.8241950811352581
0.14050218579359353
0.08218302531167865
0.714758254121989
0.8412958511617035
0.05391490343026817
0.2736549419350922
0.19199922075495124
0.23803579667583108
0.21772669325582683
0.8371795930434018
0.49343322473578155
0.10123754641972482
0.576228360645473
0.2654296807013452
0.8425114913843572
0.39806906157173216
0.8262932505458593
0.6029133268166333
0.060833259020000696
0.9326744442805648
0.05053394171409309
0.23673512763343751
0.12969335285015404
0.789954642066732
0.4393649452831596
0.145472135161981
0.522936973022297
0.1128070002887398
0.21177259576506913
0.8518154444172978
0.5112107917666435
0.47601532866247
0.31472142110578716
0.7185421516187489
0.5664930876810104
0.826796559849754
0.29341086838394403
0.9964482001960278
0.08705705031752586
0.20117937633767724
0.4803230743855238
0.06571338837966323
0.9129921833518893
0.6479546695481986
0.24272213224321604
0.5952210337854922
0.7891238960437477
0.37330046482384205
0.28033120604231954
0.22093790979124606
0.3322925679385662
0.7130818038713187
0.8221471686847508
0.3385736136697233
0.522912519518286
0.9816527273505926
0.9707468450069427
0.7636818259488791
0.8877297944854945
0.3194287959486246
0.7110446558799595
0.3623525609727949
0.8298076174687594
0.30420684861019254
0.19550039223395288
0.330452234018594
0.5956601398065686
0.06298777437768877
0.8024474147241563
0.5684156466741115
0.4243021549191326
0.8845444961916655
0.09001323767006397
0.1223635827191174
0.7741629364900291
0.2728723546024412
0.7545896542724222
0.5141187384724617
0.9830727372318506
0.41095024649985135
0.6807370786555111
0.6437129457481205
0.8043771998491138
0.583335782866925
0.6963614898268133
0.37092614523135126
0.3155788164585829
0.5124853381421417
0.5385369614232332
0.17316542495973408
0.26738160476088524
0.07098785927519202
0.16314360732212663
0.43767506442964077
0.09093804960139096
0.42428009444847703
0.054368975572288036
0.8706506663002074
0.04799810238182545
0.07411196269094944
0.2849994671996683
0.6667038588784635
0.8118428343441337
0.35279459157027304
0.17470648628659546
0.3526990276295692
0.7665253393352032
0.018972301622852683
0.6523886395152658
0.8523697175551206
0.04435947886668146
0.43006161297671497
0.2732494545634836
0.6292679484467953
0.3656945538241416
0.9390728625003248
0.8689573837909847
0.7876444105058908
0.846012209309265
0.3701903137844056
0.6949582586530596
0.4506294634193182
0.054499916499480605
0.38740784022957087
0.19665317377075553
0.96249630744569
0.3981706921476871
0.09034991590306163
0.3997249687090516
0.2872318993322551
0.3263925334904343
0.10554756480269134
0.018555852817371488
0.4518976684194058
0.7750245565548539
0.32742981892079115
0.4107249390799552
0.03680055029690266
0.522377667715773
0.27810246241278946
0.9724447666667402
0.14430843852460384
0.829503646120429
0.3639902558643371
0.6969645593781024
0.4627249182667583
0.9291718450840563
0.03313177218660712
0.888607400469482
0.357191075803712
0.21861518127843738
0.6936438421253115
0.12655756110325456
0.7128427226562053
0.2795389883685857
0.816782757639885
0.44438099092803895
0.18894670647569
0.7541107358410954
0.35922698909416795
0.8920269603841007
0.3470296498853713
0.3137125454377383
0.9772367652039975
0.9140516621991992
0.5592372054234147
0.3943632876034826
0.6204743944108486
0.7969463733024895
0.2775611253455281
0.8022219962440431
0.724714128067717
0.20783679326996207
0.8526289486326277
0.35748184798285365
0.9244673964567482
0.19577215076424181
0.3827839670702815
0.24034131970256567
0.44300875649787486
0.5614281366579235
0.762172494083643
0.37917351722717285
0.7593616344965994
0.09447560226544738
0.7131417989730835
0.7076426604762673
0.6671166331507266
0.6911567768547684
0.5244503603316844
0.7988496175967157
0.8946394994854927
0.5666811598930508
0.2914524788502604
0.23447202355600893
0.4189179225359112
0.8089757803827524
0.21335180127061903
0.252723531331867
0.6901723151095212
0.21569594647735357
0.8796455473639071
0.877879994455725
0.7194949104450643
0.8712303100619465
0.41056581400334835
0.1213254879694432
0.6247105989605188
0.23382258648052812
0.522407119628042
0.611844600411132
0.7153846772853285
0.4207670553587377
0.029291696613654494
0.5529810248408467
0.24815676547586918
0.5511898787226528
0.38384585618041456
0.7418237091042101
0.6286344188265502
0.9251455860212445
0.4457559771835804
0.8012694104108959
0.8571627335622907
0.6365691195242107
0.15487267053686082
0.054624910932034254
0.4658272685483098
0.2118947166018188
0.11115824268199503
0.5937833504285663
0.542970854556188
0.1941651355009526
0.06962476996704936
0.18796668807044625
0.43223996344022453
0.6274826200678945
0.717938122805208
0.9887337822001427
0.3537634960375726
0.9293793751858175
0.9759865088853985
0.01306592347100377
0.9694950405973941
0.11801783903501928
0.927216466749087
0.29314691317267716
0.935929658357054
0.2018880748655647
0.26405880553647876
0.7833527796901762
0.23407796816900373
0.5398654397577047
0.004649282665923238
0.5644732653163373
0.544139364734292
0.3068445920944214
0.7008720459416509
0.31366895139217377
0.7514741751365364
0.8545712293125689
0.22264843434095383
0.9995013403240591
0.2047471897676587
0.6309557105414569
0.7839774289168417
0.6984410998411477
0.48635584488511086
0.27003722498193383
0.022200777661055326
0.6245882320217788
0.5332641168497503
0.38282357971183956
0.5435882806777954
0.8003572798334062
0.15499888476915658
0.8188162450678647
0.7720512822270393
0.36203288892284036
0.5035497909411788
0.16076053073629737
0.7132104563061148
0.9111323377583176
0.6029023041483015
0.5268104788847268
0.7130747740156949
0.43408596934750676
0.02364583988673985
0.25241031125187874
0.9213617453351617
0.8440461980644614
0.7421551558654755
0.1940098984632641
0.685453066136688
0.5306678449269384
0.27858006372116506
0.3394919685088098
0.4734355481341481
0.7970215163659304
0.25802797521464527
0.9077261409256607
0.5073706523980945
0.949174438836053
0.5836195731535554
0.8708593985065818
0.7505980818532407
0.5592965024989098
0.3702968710567802
0.14852834725752473
0.3381684571504593
0.597694210940972
0.9155093806330115
0.5931131055112928
0.08076099120080471
0.6315274275839329
0.7173742712475359
0.8127388011198491
0.37520211446098983
0.20958662987686694
0.192603844916448
0.8851707030553371
0.6663078446872532
0.10242672939784825
0.8150390945374966
0.6787727107293904
0.23048725514672697
0.7780109704472125
0.7998652153182775
0.7859668345190585
0.1561660359147936
0.9357036480214447
0.7721674668136984
0.11312886443920434
0.06685202685184777
0.8617800499778241
0.5428033878561109
0.36534271971322596
0.014089626027271152
0.1077506560832262
0.7791770594194531
0.5836459961719811
0.614368116715923
0.762506689876318
0.3189138351008296
0.0326369684189558
0.5173048439901322
0.2892035967670381
0.5365714002400637
0.37584850168786943
0.9128967656288296
0.7129579242318869
0.032276972429826856
0.6324528336990625
0.5029953203629702
0.4076286256313324
0.2753620750736445
0.1006768299266696
0.12921783444471657
0.8296730346046388
0.9389163434971124
0.5130092415492982
0.9135736315511167
0.15887643210589886
0.5322457444854081
0.29296621144749224
0.131364899687469
0.26711633522063494
0.4587883094791323
0.5242426141630858
0.9940586774609983
0.8184303587768227
0.5474448362365365
0.6036404336337
0.0878158591222018
0.82372414926067
0.46488869190216064
0.06951657542958856
0.10259636444970965
0.9945016270503402
0.6232007183134556
0.9434281990397722
0.4752173984888941
0.2151785169262439
0.8276812054682523
0.7855007459875196
0.008333377772942185
0.34158620797097683
0.5968980265315622
0.557016598759219
0.29470890131779015
0.6909730504266918
0.2838963537942618
0.6936712937895209
0.8417945469263941
0.040062586311250925
0.007945173885673285
0.5116349132731557
0.5356917874887586
0.10258602350950241
0.4971366513054818
0.6506408732384443
0.6421216314192861
0.4497251159045845
0.1468323520384729
0.2714735253248364
0.7187451764475554
0.9459426773246378
0.741043089190498
0.1471252772025764
0.5806507191155106
0.997755205957219
0.5186358431819826
0.9553966640960425
0.2771846610121429
0.7122436692006886
0.307982234749943
0.03219489078037441
0.8465922027826309
0.19722173432819545
0.2675731333438307
0.981285602087155
0.3713024901226163
0.8776711882092059
0.18627857323735952
0.8018833433743566
0.05303250043652952
0.8576744084712118
0.04736916348338127
0.3598469328135252
0.12672044895589352
0.3142186396289617
0.9776154137216508
0.39688136451877654
0.11571671534329653
0.8046191348694265
0.10638473299331963
0.3477972575929016
0.38440945581533015
0.35012343782000244
0.19165373127907515
0.9161222223192453
0.9116848991252482
0.975947750499472
0.03224105131812394
0.5904528142418712
0.5283003486692905
0.19792505982331932
0.7259245649911463
0.6938259713351727
0.9168171619530767
0.8078914368525147
0.20717813586816192
0.11963508184999228
0.10646756459027529
0.45709930639714
0.017905161017552018
0.9787461461964995
0.15631285845302045
0.1262028010096401
0.9865911637898535
0.43225946673192084
0.3380858360324055
0.934203005162999
0.010218801442533731
0.6542251664213836
0.866457850439474
0.12050694366917014
0.20736144785769284
0.11035950784571469
0.093705223640427
0.8698552018031478
0.21163974120281637
0.5535193218383938
0.12749385088682175
0.518524088896811
0.9003842161037028
0.3263307437300682
0.8823800103273243
0.6091131158173084
0.06981858564540744
0.5101407512556762
0.019143830984830856
0.8115098390262574
0.10784464655444026
0.8379844026640058
0.10105667216703296
0.25668877153657377
0.7347975885495543
0.194819375872612
0.04284984967671335
0.5037917345762253
0.3935245906468481
0.9908709854353219
0.9957414814271033
0.6191363979596645
0.7069597993977368
0.8846905392128974
0.5388344607781619
0.5986680979840457
0.8161718524061143
0.5198438540101051
0.6529973584692925
0.35405921936035156
0.3425302719697356
0.328934668796137
0.9633724871091545
0.46744949906133115
0.6023795199580491
0.7836901948321611
0.18365744641050696
0.9332743245176971
0.004511523526161909
0.23443556064739823
0.7812328669242561
0.4692817840259522
0.5680521242320538
0.5458590611815453
0.1179444098379463
0.13619295647367835
0.9084125477820635
0.43871754966676235
0.5617004397790879
0.26774376234970987
0.08026068075560033
0.9213637721259147
0.07487368886359036
0.19086749479174614
0.061692103277891874
0.850155042251572
0.17140243528410792
0.4986162269487977
0.6460020004305989
0.6468259370885789
0.8141225692816079
0.4496702046599239
0.1492129871621728
0.6285694146063179
0.6446060438174754
0.37978165526874363
0.5069054693449289
0.9251762176863849
0.6209756515454501
0.6581835267134011
0.1126716851722449
0.5309046003967524
0.5800533862784505
0.951825900701806
0.11924048000946641
0.6464663480874151
0.7663713705260307
0.6612201961688697
0.15124820172786713
0.9802059414796531
0.4485580916516483
0.28369517461396754
0.48931335867382586
0.664491327945143
0.16053908225148916
0.7848407807759941
0.6693155881948769
0.839182102587074
0.6332137170247734
0.22681182390078902
0.40518291434273124
0.6321265022270381
0.10020464076660573
0.6548942849040031
0.3930165597703308
0.6226737613324076
0.5745693438220769
0.7402269691228867
0.05680337315425277
0.9432134993840009
0.856106081744656
0.5767324045300484
0.4679841906763613
0.950430299853906
0.13325860910117626
0.9549183249473572
0.7353423363529146
0.9391758085694164
0.6449264611583203
0.9732011714950204
0.9089941759593785
0.5703518483787775
0.5161322380881757
0.2485138289630413
0.30241090012714267
0.4806928194593638
0.2736335878726095
0.4745851019397378
0.7601899595465511
0.6895929754246026
0.2498046236578375
0.3993758917786181
0.6399127508047968
0.8108239369466901
0.5247281107585877
0.29341081832535565
0.14550177566707134
0.8307725039776415
0.6461273739114404
0.48210556665435433
0.8121430843602866
0.08695733081549406
0.05857812589965761
0.28964405856095254
0.4248630269430578
0.4262606941629201
0.9066283171996474
0.4092261348851025
0.2917678679805249
0.6973855115938932
0.9011354576796293
0.24764791154302657
0.0047857980243861675
0.43477401160635054
0.6519931990187615
0.4159055526833981
0.5547182296868414
0.8388909695204347
0.2339628159534186
0.11562359193339944
0.7135847858153284
0.17205621860921383
0.9379088412970304
0.3455171773675829
0.722952583571896
0.7825608791317791
0.23582051252014935
0.6043670973740518
0.8724006561096758
0.9872955896425992
0.7450665724463761
0.3498772643506527
0.0401946697384119
0.4740516634192318
0.005963311996310949
0.4552632197737694
0.11279256781563163
0.5655186555813998
0.7434684913605452
0.9558155636768788
0.0075639947317540646
0.4478382281959057
0.8836522931233048
0.994465476134792
0.0045352906454354525
0.18184237065725029
0.7692392687313259
0.22938273916952312
0.518779733683914
0.5293702147901058
0.11380695970728993
0.2673753739800304
0.1241930453106761
0.6551686055026948
0.4185004245955497
0.816284477012232
0.21225867420434952
0.6218384352978319
0.3523354376666248
0.9661770458333194
0.21988669619895518
0.7726034859661013
0.30241072713397443
0.9994896075222641
0.36639348207972944
0.17119379551149905
0.1814103089272976
0.008645840687677264
0.44669139315374196
0.06599695701152086
0.6194958419073373
0.860678102588281
0.5759811396710575
0.7372124707326293
0.6409601231571287
0.7256358531303704
0.031732962699607015
0.4589179861359298
0.5497688616160303
0.814909374108538
0.5031965973321348
0.15287519549019635
0.2582534395623952
0.6075173739809543
0.3860927424393594
0.9537948083598167
0.8940250808373094
0.5266329043079168
0.4483997814822942
0.7175220705103129
0.48024972435086966
0.6064297347329557
0.30292030959390104
0.8514283418189734
0.4507391988299787
0.8166430264245719
0.6100440013688058
0.4779923418536782
0.6590398561675102
0.03546893713064492
0.9612858698237687
0.5352739184163511
0.0026493817567825317
0.40991603094153106
0.517071200767532
0.5605837996117771
0.02929323655553162
0.8707909123040736
0.13224414945580065
0.48473499715328217
0.6265703695826232
0.14253024570643902
0.4592346912249923
0.36623473069630563
0.8596311106812209
0.8938922472298145
0.5030501482542604
0.17756547057069838
0.9072473959531635
0.39900867152027786
0.758787440834567
0.15617404505610466
0.20695031573995948
0.1738350864034146
0.8614117952529341
0.1838123823981732
0.8370503378100693
0.8351585355121642
0.7219450655393302
0.5864222613163292
0.414039357798174
0.8925983493681997
0.957618540385738
0.9503721268847585
0.45745611446909606
0.03877838747575879
0.5492877219803631
0.7754128279630095
0.837221757043153
0.5551261301152408
0.8572727635037154
0.728863226249814
0.06328357080928981
0.2766564458142966
0.21677771909162402
0.4214656753465533
0.36764133418910205
0.7341460580937564
0.8877905188128352
0.008192766224965453
0.6971479940693825
0.7791341042611748
0.8417518099304289
0.5759907343890518
0.6622312092222273
0.7096513984724879
0.17878173245117068
0.8284084885381162
0.7165086180903018
0.25353597896173596
0.050498927012085915
0.7229444643016905
0.5608618557453156
0.8025825314689428
0.4954590774141252
0.7569341089110821
0.30596914049237967
0.030818371567875147
0.054805714869871736
0.9165432010777295
0.4714483078569174
0.477600515820086
0.6498499636072665
0.27723734360188246
0.32414410007186234
0.18535877182148397
0.6151847634464502
0.6141355643048882
0.21632306301034987
0.35993049619719386
0.7073545041494071
0.7588959620334208
0.9847642201930285
0.8468738924711943
0.8301793404389173
0.6887485287152231
0.16723187104798853
0.7529210450593382
0.37169036478735507
0.621092063607648
0.7344476962462068
0.8137413628865033
0.22470453078858554
0.1413656580261886
0.8080243447329849
0.570095136994496
0.026790044270455837
0.1462791229132563
0.8826664157677442
0.368636847473681
0.05598396575078368
0.5498393883462995
0.7240314816590399
0.35716713313013315
0.3121149083599448
0.4247452965937555
0.7595685988198966
0.3136573333758861
0.6284492032136768
0.5992954301182181
0.20325845875777304
0.1249305959790945
0.787556953728199
0.9415270884055644
0.45895802276208997
0.8490010581444949
0.997709273127839
0.3146212880965322
0.6789867605548352
0.20361538603901863
0.8389710809569806
0.7633962291292846
0.9259839600417763
0.2609988641925156
0.593156156828627
0.5256249813828617
0.17121219844557345
0.5502371492329985
0.959991273470223
0.9090457940474153
0.891070542158559
0.07384843262843788
0.5012103929184377
0.5597717110067606
0.24720644275657833
0.7539778305217624
0.07523261057212949
0.7662205856759101
0.4107544703874737
0.7865120347123593
0.15505566960200667
0.2331746539566666
0.40201869467273355
0.080877804197371
0.8088470576331019
0.33088395348750055
0.4343285805080086
0.37826417945325375
0.7990962497424334
0.15154811996035278
0.24663200275972486
0.18425500020384789
0.3788339518941939
0.2309024021960795
0.5014147013425827
0.576797102810815
0.4844024775084108
0.6164141523186117
0.306375278159976
0.5198386297561228
0.06848898879252374
0.36698470800183713
0.48277279431931674
0.0025957031175494194
0.489088925300166
0.47347446624189615
0.5357989293988794
0.1830884802620858
0.9203544904012233
0.4223133591003716
0.31735728844068944
0.07951078959740698
0.06373650208115578
0.7632561649661511
0.4095532433129847
0.6888797078281641
0.4199632180389017
0.3836297420784831
0.2896412773989141
0.07312602992169559
0.5773235571105033
0.542031527031213
0.7630554230418056
0.1273003090173006
0.8825211946386844
0.27215592144057155
0.1921739773824811
0.6076276402454823
0.9708699614275247
0.5173725173808634
0.5266520252916962
0.97073222999461
0.6368474790360779
0.9265406785998493
0.984543465077877
0.5718581948895007
0.41961204051040113
0.38043882930651307
0.4577214533928782
0.03814430325292051
0.2810949881095439
0.6959968213923275
0.29193277889862657
0.1929383077658713
0.6240439547691494
0.05523645016364753
0.23753145872615278
0.048121373169124126
0.500772045692429
0.09404301340691745
0.834000387461856
0.39390355232171714
0.9838272382039577
0.4580432749353349
0.9222825532779098
0.4216813971288502
0.4678732240572572
0.5371929365210235
0.34537795442156494
0.31092796847224236
0.0914335772395134
0.24158625141717494
0.15561269270256162
0.3038914571516216
0.6401502382941544
0.31509375385940075
0.665196446236223
0.798422726104036
0.40561196068301797
0.3197438414208591
0.19872150802984834
0.5848772879689932
0.037195083452388644
0.6568109670188278
0.06490592379122972
0.3239171435125172
0.6408281992189586
0.35564846312627196
0.5459643411450088
0.010481140809133649
0.5889306198805571
0.5700945605058223
0.6627957227174193
0.8153902869671583
0.9691680136602372
0.8590796240605414
0.39697531540878117
0.8950033744331449
0.28582045435905457
0.23091239971108735
0.033139769453555346
0.9727704180404544
0.8615923845209181
0.17065998492762446
0.11827170918695629
0.9324896968901157
0.6509625592734665
0.3855352948885411
0.6252619109582156
0.7634060352575034
0.5634688520804048
0.2836459113750607
0.05753585207276046
0.03591810818761587
0.6703400448895991
0.38131578313186765
0.490288662025705
0.4667112841270864
0.505124265095219
0.3967352733016014
0.6836821460165083
0.8253862233832479
0.4410839322954416
0.8259442166890949
0.7595852406229824
0.05289394105784595
0.7091361668426543
0.5985774947330356
0.2603888791054487
0.7671775417402387
0.7735545251052827
0.36941196653060615
0.5941423047333956
0.4006173580419272
0.46005660318769515
0.564416497014463
0.2769807984586805
0.9785335154738277
0.7432848715689033
0.7947735425550491
0.7188165723346174
0.5797793159727007
0.40362453600391746
0.17525403597392142
0.3589026341214776
0.5965050228405744
0.4062378294765949
0.6952202497050166
0.8977353994268924
0.7905192279722542
0.9699920257553458
0.6753636486828327
0.3747768346220255
0.6430099804420024
0.17198765673674643
0.687667166814208
0.6054660002700984
0.7251847877632827
0.9359470563940704
0.5314407933037728
0.08045528084039688
0.03786834981292486
0.017665585270151496
0.4006813447922468
0.34487222391180694
0.6293522219639271
0.7101069861091673
0.6737883845344186
0.6772837226744741
0.9360692875925452
0.12132723536342382
0.5621139949653298
0.42867745994590223
0.7658223488833755
0.7022576155140996
0.9781253056135029
0.054746673442423344
0.27447445690631866
0.03964531049132347
0.6941357660107315
0.3475392307154834
0.738572658970952
0.9502022315282375
0.8869575881399214
0.08168463036417961
0.0943588144145906
0.5027437834069133
0.44786618230864406
0.8823249451816082
0.457963437307626
0.05748052569106221
0.10862594074569643
0.6842189894523472
0.9918731439393014
0.9911852388177067
0.22696654428727925
0.014414848294109106
0.2729988512583077
0.19160919589921832
0.43079445068724453
0.07050824700854719
0.7984175712335855
0.7518785456195474
0.8208943700883538
0.13733383128419518
0.0859260072465986
0.7469126665964723
0.04536780761554837
0.8030888414941728
0.9952676084358245
0.2717926646582782
0.3227086861152202
0.7653067968785763
0.6350116848479956
0.7589096035808325
0.17376400576904416
0.20295910839922726
0.9177867888938636
0.958126945886761
0.088846291648224
0.021987576503306627
0.18262164574116468
0.3426903826184571
0.720858107553795
0.885829865001142
0.45449710031971335
0.7895747416187078
0.6290484552737325
0.5364613563288003
0.24000021070241928
0.14259476796723902
0.4667025024536997
0.6870404484216124
0.9073345679789782
0.7260693649295717
0.7495835286099464
0.7392422780394554
0.8426187185104936
0.7607674200553447
0.760170578956604
0.630015873350203
0.8850528576876968
0.7908834884874523
0.6582614367362112
0.996544340159744
0.44346532318741083
0.9278695380780846
0.46713282144628465
0.36453114449977875
0.7970775512512773
0.2732469856273383
0.10424756654538214
0.16431499342434108
0.6375819514505565
0.15492971264757216
0.3095775831025094
0.5018291741143912
0.9178414391353726
0.6446446666959673
0.08780827117152512
0.32309289393015206
0.24220600491389632
0.7913967180065811
0.2378258160315454
0.6904442827217281
0.1606755976099521
0.3014939164277166
0.8661832900252193
0.8397933093365282
0.1440350238699466
0.28572680964134634
0.7668401875998825
0.7859642771072686
0.07721488852985203
0.7890032848808914
0.6255901784170419
0.8706238365266472
0.5799302167724818
0.44326026155613363
0.39609488169662654
0.3740672084968537
0.5301237108651549
0.43287381739355624
0.5728967350441962
0.36522425967268646
0.6525142737664282
0.9006743759382516
0.5916139704640955
0.473078252049163
0.9423389467410743
0.21864321338944137
0.8327134950086474
0.5194952839519829
0.8022950049489737
0.39541907235980034
0.16032412997446954
0.22453603614121675
0.5194529427681118
0.42364654247649014
0.18442153837531805
0.4255836468655616
0.7107675790321082
0.4669855493120849
0.09746782132424414
0.9781667769420892
0.7923090760596097
0.9633632623590529
0.17839291412383318
0.3709406873676926
0.3105684944894165
0.05824618157930672
0.008735245559364557
0.9458377175033092
0.42779824137687683
0.003982081776484847
0.26496128644794226
0.9697013583499938
0.7432771204039454
0.5134779128711671
0.8510774336755276
0.3753252807073295
0.6599974285345525
0.666597178671509
0.5464064376428723
0.1133390327449888
0.4194522344041616
0.23109429725445807
0.20716148964129388
0.028561273589730263
0.10987951303832233
0.9123902353458107
0.36789673869498074
0.0989746528211981
0.8570772500243038
0.6283812685869634
0.9143479284830391
0.6898962676059455
0.38136251852847636
0.40192792657762766
0.588691879529506
0.9392611999064684
0.7890623318962753
0.005379718728363514
0.8083978083450347
0.15420063771307468
0.67075340077281
0.3848964008502662
0.013986075529828668
0.510001925053075
0.8667991934344172
0.49323405465111136
0.7877153467852622
0.9719005294609815
0.6911358805373311
0.8426790002267808
0.28085488453507423
0.38944067736156285
0.8313026197720319
0.7759324898943305
0.11705572856590152
0.4467857133131474
0.3268206531647593
0.3056070567108691
0.05557305319234729
0.7252618931233883
0.24644627491943538
0.9983184784650803
0.2995747171808034
0.5497451848350465
0.0734506577719003
0.22633441910147667
0.04795446852222085
0.3608887151349336
0.017198774265125394
0.8472050684504211
0.41566892713308334
0.2873848006129265
0.7464530488941818
0.3882951233536005
0.8401743473950773
0.4693188345991075
0.07244917005300522
0.49858156335540116
0.9213516400195658
0.9126479155384004
0.8918382222764194
0.22515251114964485
0.5278872442431748
0.6375258893240243
0.0712785804644227
0.1457419425714761
0.7877136790193617
0.1779167812783271
0.7480978653766215
0.3769549443386495
0.11690487898886204
0.4078856813721359
0.6048013044055551
0.1001045242883265
0.34694172092713416
0.9078987236134708
0.15685232961550355
0.8653371341060847
0.6276501188986003
0.3936745976097882
0.30161884473636746
0.3949783493299037
0.11985410493798554
0.15624446980655193
0.14406939852051437
0.48929255339317024
0.7890895274467766
0.7163676992058754
0.524053561501205
0.5805495211388916
0.708734106970951
0.4266111154574901
0.6775524548720568
0.7465274187270552
0.7276700485963374
0.9812149344943464
0.8024883572943509
0.14885661425068974
0.24431212060153484
0.3143334162887186
0.17127006966620684
0.9095142264850438
0.523792615858838
0.31262874603271484
0.2997531658038497
0.49532640958204865
0.9679077363107353
0.32447936362586915
0.8605967990588397
0.30872048740275204
0.5267770322971046
0.28257883293554187
0.2508126574102789
0.6473603437189013
0.9748577314894646
0.022603133227676153
0.0008526374585926533
0.7840201109647751
0.662142253248021
0.44322567246854305
0.3037251851055771
0.37446459056809545
0.4750109475571662
0.7347486382350326
0.5585867064073682
0.40054953936487436
0.4045483241789043
0.5517655953299254
0.9074599542655051
0.4309972815681249
0.17363833473064005
0.2991872427519411
0.9309395332820714
0.8887272251304239
0.6289883321151137
0.6579329364467412
0.8869748441502452
0.4881164983380586
0.7358902296982706
0.12550125527195632
0.2525579191278666
0.459165845066309
0.048371474258601665
0.9299391014501452
0.9043560968711972
0.5625732131302357
0.08142660581506789
0.8215180162806064
0.8701365443412215
0.572822799673304
0.8838928979821503
0.863165351562202
0.16771582746878266
0.6086359166074544
0.8543623997829854
0.6278389764484018
0.10917676007375121
0.5323547774460167
0.20672833430580795
0.1660740040242672
0.14913859544321895
0.3644920636434108
0.4296283160801977
0.5098536056466401
0.6823442520108074
0.8780759123619646
0.28917856491170824
0.2189415052998811
0.8087990749627352
0.16025265608914196
0.6668827224057168
0.7046753989998251
0.05029690754599869
0.5028835569974035
0.8752997771371156
0.7264017323032022
0.7353141012135893
0.7360443354118615
0.26154213421978056
0.9504937035962939
0.19102773466147482
0.7455323142930865
0.5381638174876571
0.19782136660069227
0.33455574442632496
0.6696425485424697
0.8719122868496925
0.8740163464099169
0.5475240363739431
0.7344549093395472
0.165850532008335
0.6018074357416481
0.359024211531505
0.5277686037588865
0.14130612602457404
0.4287024913355708
0.8576370025984943
0.8974165201652795
0.2593498541973531
0.8448648529592901
0.6837211928796023
0.06563745508901775
0.13323353696614504
0.011132642161101103
0.1603203637059778
0.46590881305746734
0.2628262124489993
0.9237497849389911
0.13430614536628127
0.18629540177062154
0.8493350965436548
0.1255489035975188
0.49330142070539296
0.7419590691570193
0.47153395134955645
0.26540842349641025
0.9768024629447609
0.09352474310435355
0.5564431366510689
0.4196635198313743
0.4217004803940654
0.8853930714540184
0.07604120043106377
0.20788504229858518
0.5082918372936547
0.6925731862429529
0.4108454887755215
0.09035689872689545
0.5426857226993889
0.9196307458914816
0.4178401310928166
0.7611668636091053
0.588251544861123
0.8140983155462891
0.15450712316669524
0.8305605999194086
0.9542176718823612
0.1735680482815951
0.26001757103949785
0.09629010409116745
0.7539699398912489
0.17254712129943073
0.24417086062021554
0.6479977641720325
0.9624120905064046
0.9905026180204004
0.974615526618436
0.21475771279074252
0.0204242835752666
0.9171013177838176
0.9177673207595944
0.43607204873114824
0.11871060612611473
0.18619512813165784
0.40529476781375706
0.08463463350199163
0.9124721188563854
0.17324692732654512
0.9748588327784091
0.5178018952719867
0.5439971536397934
0.08741378108970821
0.20911368122324347
0.9567524897865951
0.49416818912141025
0.37871044036000967
0.5987968735862523
0.30505368392914534
0.6058080794755369
0.4737604474648833
0.7721644192934036
0.054083097726106644
0.39120447891764343
0.2054454511962831
0.42668852768838406
0.8616379559971392
0.2972251893952489
0.5727167420554906
0.5391132982913405
0.7155316036660224
0.04931138316169381
0.7308539643418044
0.13074024370871484
0.12100560357794166
0.20346167706884444
0.9648223668336868
0.9903989231679589
0.5114684025757015
0.2546359922271222
0.41714770067483187
0.6801707712002099
0.3530617917422205
0.15683130850084126
0.5014762175269425
0.8108207038603723
0.25292722368612885
0.5055720855016261
0.35331306466832757
0.08142669405788183
0.0661627238150686
0.957378217484802
0.46783677977509797
0.2683290741406381
0.4402649167459458
0.24150310829281807
0.6496720092836767
0.14436784200370312
0.2274800285231322
0.7006909367628396
0.38796465122140944
0.8327383131254464
0.9849711656570435
0.7254077687393874
0.433232712559402
0.9008798955474049
0.2946290799882263
0.48653934756293893
0.13071921234950423
0.7740663283038884
0.7657834384590387
0.10145432152785361
0.6253850006032735
0.8451022799126804
0.9682033120188862
0.16204786393791437
0.33367149950936437
0.836394312325865
0.9572465205565095
0.4520526868291199
0.05823591188527644
0.048175478586927056
0.705540913855657
0.9342902512289584
0.7159329338464886
0.199792844010517
0.35237522702664137
0.6152358269318938
0.4274830699432641
0.6141558184754103
0.3033959234599024
0.14858141797594726
0.22567118448205292
0.7068320692051202
0.5443915193900466
0.5986171937547624
0.6326985915657133
0.6797541871201247
0.8849545589182526
0.41063553909771144
0.8678020546212792
0.2861525744665414
0.660380638204515
0.44878594297915697
0.8648625439964235
0.8564228548202664
0.8525508465245366
0.9591843427624553
0.4247896771412343
0.6370270736515522
0.8869676450267434
0.06409962056204677
0.3316462675575167
0.9587092474102974
0.6360445134341717
0.00610586698167026
0.9401578607503325
0.7984012523666024
0.7852297299541533
0.32983866869471967
0.5374105935916305
0.21045215823687613
0.642823283560574
0.7802277281880379
0.18077682610601187
0.9557973251212388
0.26892547542229295
0.8928290682379156
0.9600743623450398
0.25927367550320923
0.16525582550093532
0.3164005789440125
0.8601786876097322
0.29029685887508094
0.4983640252612531
0.5906540909782052
0.5161647924687713
0.23003210104070604
0.0649885069578886
0.08703138143755496
0.38383238203823566
0.5427107436116785
0.768262566300109
0.6487690471112728
0.18913957383483648
0.5752360303886235
0.8876026861835271
0.5483079673722386
0.37644197163172066
0.3479599740821868
0.03882378526031971
0.936984351137653
0.02125504962168634
0.24464086699299514
0.1796401885803789
0.45236473879776895
0.76648687152192
0.21034128335304558
0.5458012949675322
0.8787218714132905
0.10111169051378965
0.104518091538921
0.5533882840536535
0.6579241605941206
0.5629216053057462
0.7742218256462365
0.9533737243618816
0.822577758692205
0.16709426580928266
0.653517245547846
0.24782122857868671
0.5148183281999081
0.45855733659118414
0.20180733827874064
0.0854050675407052
0.6575090845581144
0.6253722079563886
0.8607038625050336
0.48380369832739234
0.6820170609280467
0.45786720933392644
0.18926912220194936
0.37991933105513453
0.7499513139482588
0.031555114313960075
0.8409462203271687
0.7989783301018178
0.42259018309414387
0.3720577706117183
0.4539484726265073
0.5148206660524011
0.5857459784019738
0.08801147039048374
0.070810736855492
0.0004855743609368801
0.17533836606889963
0.7559046121314168
0.7446090457960963
0.5480039641261101
0.10865192022174597
0.960423442767933
0.45356805599294603
0.7779946157243103
0.14093991369009018
0.3187771427910775
0.7922625071369112
0.24596595508046448
0.024945428129285574
0.31822729762643576
0.5587185686454177
0.3756026797927916
0.31846900936216116
0.4903104747645557
0.6583257166203111
0.3765576428268105
0.9818470960017294
0.9272943020332605
0.812835450284183
0.5490426369942725
0.1117937492672354
0.6075456144753844
0.2755429092794657
0.014386955182999372
0.9621574983466417
0.0737978785764426
0.24221510905772448
0.30363968340680003
0.2030810727737844
0.7422049674205482
0.6882770326919854
0.35977124352939427
0.49306863686069846
0.06721860612742603
0.2868392856325954
0.09954470093362033
0.5691805426031351
0.44836384197697043
0.10205204505473375
0.9927836952265352
0.8371554643381387
0.8033944228664041
0.9319154960103333
0.6649439444299787
0.30013785348273814
0.2852989686653018
0.5850109208840877
0.3375336064491421
0.21795232268050313
0.8381674466654658
0.4776296461932361
0.3794048731215298
0.4200712055899203
0.9702908927574754
0.93944943533279
0.38075007451698184
0.6670597149059176
0.6000057067722082
0.03992477268911898
0.5946482801809907
0.7190605937503278
0.8457740501035005
0.12311707064509392
0.22901003272272646
0.5530197166372091
0.34942162642255425
0.0642617866396904
0.7367645048070699
0.5517609547823668
0.5577038351912051
0.10801201919093728
0.5313670826144516
0.1766767029184848
0.09190451772883534
0.9871208004187793
0.2512721524108201
0.4417549530044198
0.28268572548404336
0.3879806969780475
0.1344309349078685
0.4310472533106804
0.7945488498080522
0.7979379030875862
0.03141462546773255
0.2752056398894638
0.3469802576582879
0.16585143329575658
0.4240650744177401
0.7293671793304384
0.7013347623869777
0.9356102924793959
0.7633343988563865
0.04674757015891373
0.83207928808406
0.3186288976576179
0.3361412819940597
0.2130083879455924
0.2655818033963442
0.5991764049977064
0.45326217031106353
0.1946262486744672
0.757895541144535
0.2303644330240786
0.36034121946431696
0.4727272717282176
0.8831598069518805
0.4517250598873943
0.39140035794116557
0.5683623147197068
0.891493073431775
0.855583229335025
0.2914359571877867
0.19975858181715012
0.6067053587175906
0.8253272746223956
0.9557506986893713
0.5424201902933419
0.9785638120956719
0.4446550742723048
0.04373435419984162
0.09375585080124438
0.4786157689522952
0.01657735276967287
0.5876634933520108
0.011186053976416588
0.26295370794832706
0.7486903963144869
0.20503895240835845
0.6951731720473617
0.0051236869767308235
0.669542295858264
0.6647648608777672
0.02047600201331079
0.8790432829409838
0.39168251445516944
0.7760590841062367
0.6433133473619819
0.30266653024591506
0.9822897235862911
0.7834559094626456
0.6890273063909262
0.4518635554704815
0.40432973159477115
0.9413645253516734
0.8668308185879141
0.0317562660202384
0.21946073113940656
0.28677675360813737
0.9810974022839218
0.3792920154519379
0.7721913086716086
0.027709027286618948
0.8623721047770232
0.05746068153530359
0.8031369559466839
0.8807287821546197
0.7926265017595142
0.09445147076621652
0.8859356914181262
0.8589557523373514
0.0037780050188302994
0.2725571603514254
0.196540653007105
0.9786970657296479
0.5091048411559314
0.3366493438370526
0.3976486932951957
0.947910905815661
0.48038958641700447
0.040634076576679945
0.5024949559010565
0.5534935493487865
0.5115330833941698
0.45722442609257996
0.22202160069718957
0.8054452012293041
0.6107496842741966
0.23106652521528304
0.6331404985394329
0.45400585141032934
0.7029084144160151
0.717104084789753
0.32587690907530487
0.5121272213291377
0.616471687098965
0.22028716327622533
0.7850990125443786
0.7289791677612811
0.06465700455009937
0.8828879999928176
0.4585016705095768
0.5376611326355487
0.6377938610967249
0.09285229840315878
0.1239588491152972
0.07556658377870917
0.7702732752077281
0.29919273825362325
0.027629637392237782
0.848436975851655
0.14271634398028255
0.7972578727640212
0.9299347475171089
0.4857989849988371
0.7848670792300254
0.03884488274343312
0.6861593148205429
0.17392284842208028
0.4588232981041074
0.6832022555172443
0.6174149801954627
0.1824004885274917
0.8142528750468045
0.8992849255446345
0.6819943136069924
0.8766912340652198
0.28872186061926186
0.3417282032314688
0.021023332374170423
0.19929551519453526
0.9574286597780883
0.17791371839120984
0.5863446861039847
0.07732504443265498
0.6851155222393572
0.5731644849292934
0.17551898304373026
0.19177291356027126
0.8888975626323372
0.7687855693511665
0.7829521426465362
0.9859482522588223
0.11394100915640593
0.06764125893823802
0.36083291773684323
0.2559074324090034
0.8660398100037128
0.17822588537819684
0.6252742896322161
0.5661893717478961
0.08485282771289349
0.4882029574364424
0.3942884823773056
0.6247990059200674
0.7738039658870548
0.0938227497972548
0.3551084469072521
0.14665114670060575
0.1780249134171754
0.4514723203610629
0.4548118612729013
0.8722979733720422
0.06352094328030944
0.4989646836183965
0.3077367492951453
0.09330287971533835
0.6057454370893538
0.5782500877976418
0.8382357973605394
0.4842924380209297
0.8769092373549938
0.9038992030546069
0.04366088658571243
0.47912862920202315
0.8311808633152395
0.6400247449055314
0.5103185633197427
0.10572886117734015
0.9733562667388469
0.1742645262274891
0.3245476661249995
0.19697331893257797
0.2426025723107159
0.7965519649442285
0.9227509594056755
0.5081024535465986
0.9642400296870619
0.41035808390006423
0.5922507587820292
0.5349055584520102
0.5564779958222061
0.6579972147010267
0.8185293802525848
0.6843497364316136
0.1415526825003326
0.21238656784407794
0.9431066499091685
0.08712321240454912
0.8592616999521852
0.566616048803553
0.026892792200669646
0.8183110712561756
0.25634050741791725
0.8944761126767844
0.6969195855781436
0.4256612069439143
0.17802534834481776
0.01717664417810738
0.37796463957056403
0.8731181246694177
0.02886629314161837
0.4993512846995145
0.19893781398423016
0.8173145777545869
0.11103690532036126
0.3926108747255057
0.2913572753313929
0.09475750173442066
0.2985352973919362
0.7560248931404203
0.17311828071251512
0.49153417465277016
0.06308711832389235
0.5857548103667796
0.5894094516988844
0.6529038499575108
0.14290154306218028
0.670357083901763
0.8293289886787534
0.5133251585066319
0.9474010462872684
0.07817859435454011
0.6090620919130743
0.6365154082886875
0.5521497197914869
0.36091638798825443
0.7851526436861604
0.674337473930791
0.2935115792788565
0.5572273256257176
0.6954352341126651
0.4251274133566767
0.20968669280409813
0.08857835689559579
0.07327447552233934
0.9368510907515883
0.9397009157110006
0.04172434424981475
0.9390647362452
0.7785928302910179
0.08068824745714664
0.1497080596163869
0.00568972947075963
0.4854262915905565
0.13835780159570277
0.6735891986172646
0.4508157700765878
0.7429833456408232
0.21058866614475846
0.13985122484155
0.33991408278234303
0.7297513983212411
0.6484777666628361
0.8110461460892111
0.988283630926162
0.9909028033725917
0.6495306070428342
0.42564356746152043
0.16481479979120195
0.5557173460256308
0.6833520224317908
0.5961955790407956
0.40815508156083524
0.8269635380711406
0.7345837710890919
0.8926451194565743
0.6046018800698221
0.23787020286545157
0.3354069998022169
0.0858185098040849
0.36240599281154573
0.6313375039026141
0.17118237866088748
0.8826328194700181
0.7482152732554823
0.03726172889582813
0.19034177740104496
0.01353138592094183
0.16074467543512583
0.3674877386074513
0.5005438234657049
0.6521826491225511
0.7104844853747636
0.16280733328312635
0.27272116066887975
0.9352792620193213
0.5552970597054809
0.6728684681002051
0.11381423170678318
0.9588718686718494
0.01496733515523374
0.5147661610972136
0.9994867055211216
0.8438298630062491
0.999831156572327
0.302962654735893
0.8913816215936095
0.9692245074547827
0.762330096680671
0.5840615788474679
0.48639634950086474
0.42318161809816957
0.8104649018496275
0.7484079971909523
0.6418584755156189
0.5278926070313901
0.8233926021493971
0.6625754449050874
0.3309659995138645
0.3452952606603503
0.9290582158137113
0.9091808358207345
0.6706440765410662
0.9921700209379196
0.145674743456766
0.371473208302632
0.6876080094370991
0.8943461966700852
0.028908012434840202
0.9235509925056249
0.30496499594300985
0.3719460889697075
0.3299947816412896
0.21040759258903563
0.37588718673214316
0.006925960769876838
0.34235587040893734
0.6074531399644911
0.736566555686295
0.2876267854589969
0.15768436854705215
0.40034543373622
0.3195209102705121
0.7360634324140847
0.8667360115796328
0.9288757350295782
0.475506316870451
0.6723124466370791
0.3326846528798342
0.9247930031269789
0.9502851385623217
0.8209610050544143
0.8897571114357561
0.721893364097923
0.8589742344338447
0.7248044495936483
0.8966130553744733
0.9325548117049038
0.47122245910577476
0.23004689603112638
0.6342084514908493
0.18052352080121636
0.24479788052849472
0.66374804941006
0.12703753099776804
0.8360153965186328
0.3472821516916156
0.7592936109285802
0.4126588134095073
0.21930174040608108
0.6047103165183216
0.9322043000720441
0.9071713199373335
0.8667843441944569
0.7433634139597416
0.7851003669202328
0.7353769293986261
0.7283136479090899
0.5493380464613438
0.5253119335975498
0.024878812953829765
0.35052571818232536
0.7590851495042443
0.5797389189247042
0.16012969426810741
0.44212211249396205
0.8793231463059783
0.5978209874592721
0.46047241264022887
0.984083027811721
0.14691820414736867
0.8842848185449839
0.27266252995468676
0.3240979767870158
0.8355774783995003
0.7586762704886496
0.977609122171998
0.17226274381391704
0.14828573376871645
0.3794395220465958
0.46763610281050205
0.4127692657057196
0.8564930432476103
0.6085395019035786
0.8855530461296439
0.2649137177504599
0.10019964049570262
0.20394635130651295
0.22991403890773654
0.817065731389448
0.6584759256802499
0.5347170538734645
0.8805546313524246
0.7204020542558283
0.9499106202274561
0.37513178354129195
0.7840218748897314
0.6968200278934091
0.6522068786434829
0.5560844661667943
0.8139359334018081
0.7996398843824863
0.7530239273328334
0.5936151992063969
0.44579049455933273
0.057342947693541646
0.10786247882060707
0.8126914107706398
0.229342520236969
0.7399789988994598
0.12672872189432383
0.723178377142176
0.1371122463606298
0.29456388438120484
0.646238493733108
0.05112573318183422
0.7521872550714761
0.2587378395255655
0.06961888005025685
0.9271606460679322
0.8158343560062349
0.47726637311279774
0.6116990577429533
0.9145658556371927
0.8676061658188701
0.3140108338557184
0.7229993243236095
0.12227467237971723
0.06858228985220194
0.13821823336184025
0.11764629138633609
0.5613244376145303
0.41679324535652995
0.9344871214125305
0.46926072682254016
0.8440506116021425
0.8949289217125624
0.38904301868751645
0.7075118182692677
0.8581535601988435
0.15222703106701374
0.019282839726656675
0.9181471585761756
0.3654254626017064
0.7219963874667883
0.08277492155320942
0.2631095997057855
0.5568936935160309
0.3892725354526192
0.6320968070067465
0.8410691211465746
0.49995072721503675
0.8116043128538877
0.8451629672199488
0.8565893925260752
0.6352595840580761
0.31525004911236465
0.661184148164466
0.6769079098012298
0.31047828029841185
0.47062943456694484
0.04303474607877433
0.6477179613430053
0.1663121182937175
0.6635476700030267
0.20165143976919353
0.7269722544588149
0.5851788951549679
0.6215757699683309
0.9951755465008318
0.33909622486680746
0.7723470369819552
0.38651547115296125
0.015876516001299024
0.014886290999129415
0.5788699598051608
0.9658315074630082
0.5671901579480618
0.9548814301379025
0.880453989142552
0.025206628954038024
0.8866246838588268
0.10787440789863467
0.7650788992177695
0.5080861791502684
0.8747035101987422
0.06285477429628372
0.9525677696801722
0.4042062140069902
0.9441991096828133
0.797720885835588
0.3090255097486079
0.5280810801777989
0.9826627627480775
0.7471923984121531
0.4536529185716063
0.833855721866712
0.5665274711791426
0.9983624441083521
0.31910640792921185
0.5139511411543936
0.5854456052184105
0.27807319071143866
0.502100131707266
0.7187631332781166
0.14962811302393675
0.9986076969653368
0.15200594859197736
0.1549057501833886
0.10448477603495121
0.1501161064952612
0.8194084384012967
0.5751337686087936
0.041845102328807116
0.06802540551871061
0.5205028515774757
0.7126871002838016
0.34638945176266134
0.18048871564678848
0.2583616334013641
0.4275645518209785
0.3269937429577112
0.43703188304789364
0.35635078279301524
0.47857177653349936
0.6259976029396057
0.4757966573815793
0.931116848019883
0.7959420189727098
0.8920971665065736
0.6538013969548047
0.46875353273935616
0.12226364598609507
0.09156581107527018
0.34983449685387313
0.3002872371580452
0.7524680912028998
0.4167391408700496
0.4301461665891111
0.79533497733064
0.7388563805725425
0.9545043224934489
0.9577341610565782
0.9890486418735236
0.18210441782139242
0.2717353720217943
0.25952382921241224
0.946541999001056
0.39330919878557324
0.0016653677448630333
0.29235816933214664
0.5972676903475076
0.8865401963703334
0.4550383072346449
0.03652618499472737
0.3523445366881788
0.15149440662935376
0.7735528002958745
0.570416618604213
0.011903778649866581
0.8749055094085634
0.8280200334265828
0.52180065959692
0.6942793750204146
0.921694525051862
0.6133923754096031
0.9879105435684323
0.31372413225471973
0.22566929087042809
0.8466663775034249
0.27264142176136374
0.03478915151208639
0.5853114118799567
0.2168458797968924
0.5531021899078041
0.8098406863864511
0.8648950990755111
0.3512120593804866
0.6342296311631799
0.7961035955231637
0.45813047466799617
0.47316879127174616
0.2295493152923882
0.8518174914643168
0.8191160173155367
0.4731207850854844
0.2846146516967565
0.8073761796113104
0.8297145247925073
0.9644949871581048
0.47323975013569
0.04365487350150943
0.35905214748345315
0.6268663282971829
0.5445801962632686
0.27074344316497445
0.5855334072839469
0.5346970045939088
0.09344246867112815
0.690493859583512
0.3053760619368404
0.7655104210134596
0.39430374605581164
0.7021182957105339
0.4348189376760274
0.961770277004689
0.8719211046118289
0.3737314543686807
0.901366506004706
0.9215104775503278
0.022339124232530594
0.33978013950400054
0.25727640371769667
0.18756129732355475
0.8169047206174582
0.9281308923382312
0.7294974515680224
0.21188113885000348
0.6029038052074611
0.9592225009109825
0.6340433862060308
0.5500420441385359
0.4643150237388909
0.9555568671785295
0.7473444079514593
0.6525637439917773
0.4710737457498908
0.6666348369326442
0.7484108468052
0.8108672788366675
0.6702519045211375
0.9941297979094088
0.39265355560928583
0.44376713526435196
0.9874585594516248
0.0652493485249579
0.7593861781060696
0.6583980096038431
0.1245432710275054
0.7588788212742656
0.8222626354545355
0.2334447456523776
0.1189554282464087
0.8697112270165235
0.5001006843522191
0.8457786720246077
0.06210580072365701
0.9336300413124263
0.7562345918267965
0.11431238590739667
0.9044879651628435
0.07782370154745877
0.2082694647833705
0.13083489937707782
0.13616233319044113
0.4240930709056556
0.5816740961745381
0.825870965141803
0.9864566621836275
0.2573392726480961
0.9711206238716841
0.7414641133509576
0.6823506886139512
0.942689354531467
0.27170325024053454
0.262431951938197
0.7595729660242796
0.40783365280367434
0.11102850083261728
0.34815604728646576
0.7289244821295142
0.8731209423858672
0.12672830536030233
0.6664464015047997
0.8882924106437713
0.6087874225340784
0.007063997210934758
0.4984480596613139
0.18461169605143368
0.7226164254825562
0.2550055778119713
0.37688163784332573
0.3520270858425647
0.25166818988509476
0.21112970588728786
0.9466940411366522
0.2377960323356092
0.2001873676199466
0.747324796859175
0.7449101638048887
0.5644783531315625
0.3323457615915686
0.6453137565404177
0.9837056391406804
0.8095880474429578
0.6632130972575396
0.7589374391827732
0.4604190392419696
0.49549030628986657
0.358582045417279
0.8304461657535285
0.9896421597804874
0.6025322936475277
0.0660578771494329
0.7782311353366822
0.5637722751125693
0.3066287094261497
0.6875388850457966
0.06386948493309319
0.9301551675889641
0.9757902147248387
0.900589827215299
0.6361742147710174
0.4993080315180123
0.11356783821247518
0.5189749079290777
0.6097588802222162
0.609389559365809
0.6400040928274393
0.5423416462726891
0.6599701626691967
0.22518237866461277
0.6481883311644197
0.7212594766169786
0.29014266142621636
0.08961960370652378
0.055781851755455136
0.35943431686609983
0.9735022089444101
0.9876367936376482
0.4193902360275388
0.28983205929398537
0.847196844406426
0.9796723201870918
0.1169664734043181
0.2489165081642568
0.3708779097069055
0.7966745719313622
0.4679570079315454
0.8964860355481505
0.003005125094205141
0.411525217583403
0.7937007017899305
0.8297764889430255
0.7032806554343551
0.4439342801924795
0.14109841198660433
0.9199979216791689
0.276488799136132
0.5977209720294923
0.619468139950186
0.6603891819249839
0.05377684091217816
0.3411902482621372
0.42986963712610304
0.5918775445315987
0.7091836456675082
0.864166161743924
0.07901453389786184
0.015019954647868872
0.6179491386283189
0.8246599775739014
0.41187226050533354
0.8083992777392268
0.19782751030288637
0.8281587602104992
0.21506017399951816
0.5560539406724274
0.9708864211570472
0.6423632737714797
0.34872450423426926
0.7512093451805413
0.8455005332361907
0.8800407412927598
0.5361800773534924
0.4305899606551975
0.0539491125382483
0.9259133173618466
0.08732311287894845
0.921503352932632
0.44683148176409304
0.969348365208134
0.8689370146021247
0.1445697145536542
0.47095407941378653
0.9914659396745265
0.10056534269824624
0.09828871116042137
0.7930942857638001
0.7289181831292808
0.7183517513331026
0.4058464264962822
0.9221541602164507
0.037084955256432295
0.6596570494584739
0.4140673936344683
0.05243787937797606
0.5268801122438163
0.4657911250833422
0.7162218117155135
0.08798652258701622
0.549499939661473
0.32004302041605115
0.9091255099046975
0.3158658412285149
0.8208148870617151
0.9245572870131582
0.6949047388043255
0.32637846446596086
0.731258022133261
0.6665288028307259
0.9630159561056644
0.21833035652525723
0.6346004009246826
0.5660984488204122
0.20545625081285834
0.26635054894723
0.8411706304177642
0.489157801726833
0.47402206412516534
0.270591557957232
0.21998478076420724
0.18186748051084578
0.01430841302499175
0.23897762270644307
0.3158356563653797
0.5642284173518419
0.030322363134473562
0.6226989792194217
0.3340128737036139
0.680714646819979
0.6464034933596849
0.45906780241057277
0.27613445883616805
0.2653240447398275
0.8767832934390754
0.6363689578138292
0.8144126548431814
0.7444125737529248
0.6607833579182625
0.895679765380919
0.6973357137758285
0.7209894529078156
0.7729849354363978
0.06420046859420836
0.32130884169600904
0.5435306550934911
0.15582009055651724
0.8734020623378456
0.40403889678418636
0.9247672304045409
0.6457784618251026
0.37416008464060724
0.6909242344554514
0.6089982667472214
0.9252686030231416
0.25266253179870546
0.8671826592180878
0.740616777446121
0.8301211467478424
0.8923518939409405
0.2638933639973402
0.629991406807676
0.9557623150758445
0.4879750886466354
0.03654079884290695
0.36155694467015564
0.0034318524412810802
0.62707265233621
0.6278168836142868
0.627584692556411
0.584823009558022
0.45974932075478137
0.039286199724301696
0.4025441613048315
0.3433280922472477
0.7715942584909499
0.07384813553653657
0.9558208044618368
0.7967107640579343
0.46753274090588093
0.22881658701226115
0.9546400182880461
0.743166952393949
0.6969366422854364
0.010825221426784992
0.04398922389373183
0.15515247825533152
0.3961350810714066
0.19990705559030175
0.28468920662999153
0.7526488676667213
0.2462114281952381
0.7539232317358255
0.09903944144025445
0.4285119220148772
0.290840761968866
0.5550428617279977
0.7290722166653723
0.7431818176992238
0.8431297990027815
0.5903873911593109
0.01171862124465406
0.8134195674210787
0.16788005316630006
0.9406367130577564
0.5326040415093303
0.6906406693160534
0.006997688207775354
0.9877276655752212
0.5896513485349715
0.5988070974126458
0.7124217790551484
0.6979657721240073
0.5440425919368863
0.9043941365089267
0.4550046215299517
0.9959031315520406
0.4429752705618739
0.5871105059050024
0.883331035496667
0.5506738505791873
0.10503687104210258
0.6707857400178909
0.1379279918037355
0.7091020494699478
0.13436176115646958
0.8932505405973643
0.5902508054859936
0.16772688110359013
0.71753428154625
0.8202168189454824
0.6504229842685163
0.7589410350192338
0.22358760167844594
0.6084381791297346
0.8269890851806849
0.8360325710382313
0.984801176469773
0.7289706077426672
0.46884747641161084
0.7464321244042367
0.6479982677847147
0.38126985635608435
0.34463131916709244
0.23243549861945212
0.07135490444488823
0.008703506551682949
0.3918486521579325
0.6701414461713284
0.716395984403789
0.9788313051685691
0.5360616284888238
0.9245620376896113
0.6155225390102714
0.8149980453308672
0.636830064933747
0.09223795821890235
0.41305604041554034
0.25862264772877097
0.535347004653886
0.8978488876018673
0.5341706315521151
0.25816323165781796
0.4135347835253924
0.01808147574774921
0.38215486775152385
0.828746336279437
0.48912981897592545
0.12202296149916947
0.5422281364444643
0.9820129263680428
0.831422557355836
0.10202594543807209
0.6813548237551004
0.2923331323545426
0.5321003212593496
0.4722084023524076
0.7539726009126753
0.8591460001189262
0.38254133239388466
0.6155958326999098
0.9185559567995369
0.2931649284437299
0.4214458067435771
0.5283182491548359
0.2660750667564571
0.19120251736603677
0.31883327942341566
0.4792263137642294
0.6746739884838462
0.9937926975544542
0.46888893749564886
0.09909546887502074
0.394598153186962
0.0927984460722655
0.7317220526747406
0.6872415477409959
0.3727316986769438
0.7959785542916507
0.20024014241062105
0.902998732868582
0.7073368013370782
0.7949816677719355
0.8214089311659336
0.6293941801413894
0.539998117601499
0.9031419714447111
0.3811799674294889
0.6731571720447391
0.2234910619445145
0.4933297240640968
0.6995301928836852
0.8291287303436548
0.7573322413954884
0.5090402043424547
0.08992751990444958
0.27501369547098875
0.7385333061683923
0.6511909395921975
0.7470726454630494
0.5488921860232949
0.5143597589340061
0.8989747976884246
0.25510047446005046
0.02931199944578111
0.9947043519932777
0.15780428843572736
0.6886402678210288
0.7250826838426292
0.14679679297842085
0.9300141702406108
0.6288617579266429
0.5085388207808137
0.27113704243674874
0.6854745780583471
0.9704131910111755
0.3834381157066673
0.3063932468649
0.45488816080614924
0.5744838349055499
0.5781628489494324
0.32010561297647655
0.24150941451080143
0.8949699013028294
0.5454521547071636
0.6808462648186833
0.5176771553233266
0.7890432141721249
0.9575286454055458
0.9455710567999631
0.6038168671075255
0.12643805984407663
0.29367401264607906
0.9594595152884722
0.5907758872490376
0.875367175322026
0.7965309473220259
0.3324012514203787
0.5920881414785981
0.1673022056929767
0.6321601390372962
0.8006678789388388
0.8955798461101949
0.9239826970733702
0.7719204153399915
0.5092744228895754
0.25219760625623167
0.01383953238837421
0.2665508969221264
0.34275516495108604
0.41720635746605694
0.33204313181340694
0.14309624303132296
0.9267993539106101
0.42337663914076984
0.3488874121103436
0.19958187616430223
0.20713406358845532
0.9741859687492251
0.7013601583894342
0.5159257533960044
0.10265008197166026
0.5827984337229282
0.5783358016051352
0.016845822101458907
0.9372341153211892
0.546041770838201
0.5666966582648456
0.7519265688024461
0.4533752826973796
0.6769362459890544
0.32222460699267685
0.44380058953538537
0.1527736154384911
0.49907722184434533
0.587301010498777
0.8722118227742612
0.357807012507692
0.9246149456594139
0.12346315546892583
0.012491725152358413
0.8335518594831228
0.0064599704928696156
0.33846069406718016
0.7163261310197413
0.6315940550994128
0.49786088871769607
0.1360775656066835
0.1323190804105252
0.9528234950266778
0.6755923151504248
0.4826451519038528
0.5791926116216928
0.812155484687537
0.18370118830353022
0.49889617902226746
0.38947119819931686
0.7526729819364846
0.13603955041617155
0.9486445484217256
0.2788861070293933
0.8689654583577067
0.23092631320469081
0.6380990673787892
0.5837636117357761
0.6420507573056966
0.3157785921357572
0.9098172425292432
0.3496784367598593
0.1825886049773544
0.8066904882434756
0.25416027824394405
0.9953501753043383
0.30373802641406655
0.3889705538749695
0.9153091164771467
0.9799208750482649
0.7365799017716199
0.2520531201735139
0.4283843236044049
0.9635206670500338
0.6560373746324331
0.82429693127051
0.5671817348338664
0.70629370235838
0.8807674010749906
0.8808695033658296
0.2995304123032838
0.8198918378911912
0.09677803656086326
0.04156867670826614
0.9855368409771472
0.378931483021006
0.7787460831459612
0.22483130311593413
0.5712895821779966
0.6580356461927295
0.3106070200446993
0.905076966388151
0.14609638811089098
0.8754621285479516
0.1819372195750475
0.0335808212403208
0.7661762237548828
0.8656008536927402
0.8861209114547819
