# browser_rnd sample v1
ua: Mozilla/5.0 (Windows NT 6.1; WOW64) AppleWebKit/537.36 (KHTML, like Gecko) Chrome/38.0.2125.104 Safari/537.36
appName: Netscape
appVersion: 5.0 (Windows NT 6.1; WOW64) AppleWebKit/537.36 (KHTML, like Gecko) Chrome/38.0.2125.104 Safari/537.36
platform: Win32
vendor: Google Inc.
oscpu: 
cpuClass: 
language: en-US
hardwareConcurrency: 4
deviceMemory: 
screen: 1024x768x24
date: Fri Jun 12 2026 13:52:07 GMT+0000 (Coordinated Universal Time)
epoch: 1781272327731
count: 4096
---
0.3313470068387687
0.9135698690079153
0.5552601930685341
0.37589095532894135
0.7016023742035031
0.4255501611623913
0.035232479218393564
0.6441141066607088
0.722282700939104
0.3066492509096861
0.44552841363474727
0.18435601913370192
0.595184852834791
0.8545919561292976
0.9746321539860219
0.5542028779163957
0.15407879278063774
0.4389717171434313
0.24754729447886348
0.4817562203388661
0.09569973405450583
0.6387119728606194
0.035500348545610905
0.722373086726293
0.8098941415082663
0.3350264779292047
0.0823288350366056
0.34810344711877406
0.8315068751107901
0.04524979437701404
0.9445732193998992
0.04556205589324236
0.5525791093241423
0.06087950989603996
0.3824221643153578
0.9003601744771004
0.38686672621406615
0.27218369650654495
0.48893445124849677
0.14977576141245663
0.7924456770997494
0.20088460855185986
0.9369681584648788
0.23466831166297197
0.2932844788301736
0.05987634998746216
0.18657123227603734
0.1959416747558862
0.4291216244455427
0.13901704596355557
0.2049539042636752
0.9219253952614963
0.31547765363939106
0.9402092238888144
0.37728514266200364
0.18191269226372242
0.9643417240586132
0.43937415699474514
0.7228903581853956
0.4025248216930777
0.29597108042798936
0.17968448996543884
0.23339410754851997
0.660932078724727
0.04142053541727364
0.9122252038214356
0.9379183277487755
0.72009221999906
0.2379358448088169
0.9011186799034476
0.008955455152317882
0.642037728568539
0.7949192610103637
0.5076012369245291
0.5759156355634332
0.7901929006911814
0.3326010969467461
0.7438422793056816
0.1978932514321059
0.27395344874821603
0.7798141452949494
0.3693562005646527
0.42759808991104364
0.5838089955504984
0.9198248442262411
0.9434217787347734
0.37761160521768034
0.31692771683447063
0.27670492185279727
0.2801058697514236
0.4466227700468153
0.9734463938511908
0.6921892815735191
0.5578405552078038
0.4354026324581355
0.11534842569380999
0.7509059642907232
0.23277128720656037
0.38841611915268004
0.5260641796048731
0.8394392400514334
0.08327059051953256
0.7758325661998242
0.54317372944206
0.5089998503681272
0.878695257473737
0.49228951474651694
0.6601328167598695
0.6147662899456918
0.7182558071799576
0.6889744317159057
0.6548473057337105
0.19655071198940277
0.7126392303034663
0.965193418553099
0.9226593114435673
0.9110043838154525
0.8777185021899641
0.7596508604474366
0.2114027114585042
0.0374720823019743
0.5715128453448415
0.07901911903172731
0.9092606964986771
0.8565821817610413
0.30929676070809364
0.9983239842113107
0.41560889407992363
0.6036264230497181
0.10866930731572211
0.6729681536089629
0.9986634461674839
0.6511264478322119
0.24987900350242853
0.20096992421895266
0.17981887538917363
0.7163204168900847
0.15706561785191298
0.13364687957800925
0.9830996270757169
0.10042379703372717
0.21388628194108605
0.30194442975334823
0.426032941788435
0.8461470259353518
0.7378789640497416
0.320960950339213
0.9866499251220375
0.11861785151995718
0.5729104962665588
0.7534449677914381
0.6451024767011404
0.046092298813164234
0.2279130534734577
0.525922725442797
0.006445995299145579
0.8103084987960756
0.6636549755930901
0.1117542046122253
0.012115678284317255
0.4173053076956421
0.27810268593020737
0.6810692874714732
0.10137378820218146
0.4167525921948254
0.26533141266554594
0.30535371974110603
0.6181010892614722
0.40293558640405536
0.7949975503142923
0.8350620153360069
0.13581788819283247
0.7651217619422823
0.10229770955629647
0.44844065071083605
0.3827338635455817
0.5849086255766451
0.9826222152914852
0.5827157231979072
0.9992675746325403
0.5000918922014534
0.4515537254046649
0.3737078798003495
0.800883456133306
0.4529150284361094
0.2728913608007133
0.6120738715399057
0.2584552108310163
0.8890768552664667
0.022650347789749503
0.02250103442929685
0.9926771358586848
0.17081147129647434
0.4309890561271459
0.4273506805766374
0.8609798015095294
0.7550231229979545
0.7231052475981414
0.39406835031695664
0.8276170378085226
0.9579831184819341
0.34986456553451717
0.14041046611964703
0.5558264281135052
0.47679139976389706
0.5639007163699716
0.06840758817270398
0.12456273077987134
0.058182611828669906
0.1900859707966447
0.3249522477854043
0.8857724552508444
0.5364190388936549
0.02069048024713993
0.9559008113574237
0.9260005278047174
0.970838408684358
0.14698137599043548
0.90204893425107
0.9918458960019052
0.08073555352166295
0.5335604909341782
0.6561641027219594
0.13206907478161156
0.4034012525808066
0.3030214870814234
0.9965428600553423
0.7914653769694269
0.5922620913479477
0.48969443305395544
0.18021730496548116
0.04623444168828428
0.886527760187164
0.3998995912261307
0.38388758432120085
0.7619807217270136
0.7337563850451261
0.015053480165079236
0.12492039636708796
0.45626213029026985
0.1468492685817182
0.24915535771287978
0.6768166781403124
0.3014382948167622
0.35392636503092945
0.12448331527411938
0.743676234735176
0.07280221884138882
0.4759534315671772
0.09391572326421738
0.01470086071640253
0.53356131631881
0.6377458265051246
0.5916842443402857
0.8515254140365869
0.9300607691984624
0.10887265997007489
0.6675208059605211
0.45860372157767415
0.23700111755169928
0.8199560984503478
0.9446143798995763
0.09803337487392128
0.4278172187041491
0.4116845962125808
0.7868199595250189
0.6667353408411145
0.4276250421535224
0.9455479725729674
0.9968950056936592
0.383573088562116
0.07314374786801636
0.5096877901814878
0.29470949270762503
0.34600231354124844
0.41302732075564563
0.3005168461240828
0.2721142165828496
0.34956066706217825
0.37268899474292994
0.09123277990147471
0.1917341104708612
0.44715106883086264
0.7076346427202225
0.5808317877817899
0.6272550043649971
0.7740579617675394
0.35127946292050183
0.019730054773390293
0.6171956735197455
0.8726932229474187
0.6658626305870712
0.2797781659755856
0.42099776514805853
0.828100121114403
0.8878587929066271
0.875573736615479
0.43903648341074586
0.5640249061398208
0.2884761528111994
0.3221944267861545
0.44607945973984897
0.2263418671209365
0.9185901565942913
0.2590246615000069
0.2910271664150059
0.8007475743070245
0.9204550902359188
0.435692225350067
0.5141054827254266
0.25471893628127873
0.5499247671104968
0.6038371764589101
0.04964429675601423
0.18236213945783675
0.23771333531476557
0.5688208525534719
0.06185050052590668
0.2316827706526965
0.3998100063763559
0.5283552967011929
0.6661876095458865
0.31789228739216924
0.9230669762473553
0.2587696718983352
0.5522691197693348
0.5438516209833324
0.7149115689098835
0.6067682791035622
0.6298349292483181
0.9025197301525623
0.7700083528179675
0.5397062876727432
0.2143580869305879
0.06796931196004152
0.9412111479323357
0.7106457818299532
0.6468845547642559
0.65654272492975
0.1342651336453855
0.5541451668832451
0.8044621150474995
0.026832713279873133
0.39663951890543103
0.7546997163444757
0.7383370755705982
0.6601747774984688
0.5198486619628966
0.15508951456286013
0.8317701662890613
0.7314425469376147
0.6532760043628514
0.4895430018659681
0.4089959664270282
0.4522232539020479
0.33773420634679496
0.3344167545437813
0.7977256346493959
0.7254203029442579
0.787200259976089
0.4459874990861863
0.683053354267031
0.39528113091364503
0.1223464251961559
0.7198643130250275
0.10699582984670997
0.3135781034361571
0.8600076828151941
0.8785787483211607
0.35955914622172713
0.4502386406529695
0.07685095397755504
0.2824597347062081
0.32977287471294403
0.7410376877523959
0.893509007524699
0.29495090735144913
0.6353850676678121
0.3074560947716236
0.19897173950448632
0.6699390609283
0.8167195387650281
0.9546693642623723
0.8420505956746638
0.8816630139481276
0.676973057212308
0.5448661507107317
0.4308812029194087
0.5798658425919712
0.9841801505535841
0.021343016996979713
0.07017373549751937
0.03803596878424287
0.8486066788900644
0.5203382710460573
0.12997531658038497
0.16666294750757515
0.3503609481267631
0.12095487513579428
0.05554305366240442
0.9525489618536085
0.8733001246582717
0.9123155155684799
0.8428159365430474
0.811050190590322
0.2804054021835327
0.8932593038771302
0.4265107859391719
0.6545610895846039
0.8257240974344313
0.45645935367792845
0.966960761230439
0.1948076703120023
0.7349221152253449
0.04752341425046325
0.46239895233884454
0.21245676698163152
0.19342140527442098
0.4303938653320074
0.5595128543209285
0.03302713925950229
0.5308351528365165
0.7333892243914306
0.25883385306224227
0.6146822341252118
0.9334168119821697
0.3840936606284231
0.5354567032773048
0.3149087275378406
0.23714283970184624
0.28930018143728375
0.2875503432005644
0.23733903444372118
0.9063765828032047
0.20300301793031394
0.7252649161964655
0.554313137428835
0.036312274634838104
0.4765043936204165
0.12138779670931399
0.17661420465447009
0.1411134242080152
0.6122389330994338
0.28877591458149254
0.9121113223955035
0.05511892307549715
0.3660745997913182
0.2784134135581553
0.5220842910930514
0.035751309944316745
0.15104125812649727
0.808467889437452
0.9662832899484783
0.02469427394680679
0.40642690542154014
0.48020520829595625
0.6999571705237031
0.341658620396629
0.061232232954353094
0.7365576913580298
0.12326014554128051
0.26563987135887146
0.8000012976117432
0.2510010376572609
0.5966174264904112
0.8037924617528915
0.7704240416642278
0.04042328312061727
0.8192009713966399
0.22743491595610976
0.09794312785379589
0.5549144416581839
0.7355314381420612
0.30087687727063894
0.05380604136735201
0.2168096462264657
0.5443002877291292
0.9860930417198688
0.8643995262682438
0.36736308224499226
0.9252760724630207
0.42320183385163546
0.15870771487243474
0.1648876287508756
0.014805500628426671
0.5051216206047684
0.9101186122279614
0.5895165773108602
0.3344754637219012
0.9832192840985954
0.3870113231241703
0.08351781754754484
0.11086308630183339
0.6785782242659479
0.6064547840505838
0.7644019627477974
0.8499790322966874
0.817006197758019
0.30253274412825704
0.18951150495558977
0.7977817100472748
0.8003222146071494
0.254670899361372
0.7932477332651615
0.007809832459315658
0.7001684766728431
0.11347371130250394
0.529395350953564
0.5463855587877333
0.9932998490985483
0.46983862784691155
0.5421977632213384
0.5789509708993137
0.2857952672056854
0.253360063303262
0.6709313513711095
0.9554421275388449
0.7425930704921484
0.5080082179047167
0.8107565548270941
0.8894017313141376
0.03194544184952974
0.8263130087871104
0.15698728640563786
0.7702015282120556
0.6777265835553408
0.17615368659608066
0.9315308236982673
0.6876616538502276
0.7354654537048191
0.2226103199645877
0.6874382672831416
0.3554459884762764
0.11450057826004922
0.11447545466944575
0.7684638211503625
0.15876955864951015
0.37646009703166783
0.9075426894705743
0.43241782090626657
0.5633841704111546
0.5760336106177419
0.7575154821388423
0.09194246609695256
0.1249308348633349
0.7565305444877595
0.8426201813854277
0.142892193980515
0.14150979602709413
0.5734326625242829
0.23983029439114034
0.4343813802115619
0.34547533141449094
0.9719690284691751
0.6180793982930481
0.30996810435317457
0.20008101337589324
0.024781456450000405
0.8657301396597177
0.35700762434862554
0.6042425448540598
0.24527255212888122
0.9830908693838865
0.8527367068454623
0.06627306714653969
0.16975508094765246
0.9338448976632208
0.0671034820843488
0.24886201065964997
0.3569241422228515
0.038117580115795135
0.6015160582028329
0.2468999873381108
0.5376536843832582
0.4272835578303784
0.7754267475102097
0.38967725238762796
0.5409382325597107
0.41421611164696515
0.10313233570195735
0.4070980737451464
0.7703230625484139
0.9780437189619988
0.9872493473812938
0.1759640567470342
0.3931193151511252
0.387973923003301
0.4848922435194254
0.2937460874672979
0.4943545663263649
0.4170785516034812
0.23020927188917994
0.45293740439228714
0.3926063657272607
0.9851843712385744
0.3714970024302602
0.5202051866799593
0.766361819114536
0.7942158188670874
0.7163710419554263
0.4436789962928742
0.28208379121497273
0.46144424192607403
0.9907821044325829
0.4402190849650651
0.3444000689778477
0.17710084258578718
0.1256677806377411
0.16381007037125528
0.20910384110175073
0.7689327218104154
0.5498678628355265
0.9107462200336158
0.03377842879854143
0.29113218281418085
0.6897081539500505
0.9193053958006203
0.49294069735333323
0.6608760750386864
0.2773221449460834
0.5289667584002018
0.7849991566035897
0.24057411216199398
0.1557422496844083
0.7433241256512702
0.6685710572637618
0.874352207640186
0.07198621518909931
0.4559037934523076
0.7191350059583783
0.8164618900045753
0.22838981891982257
0.3842520946636796
0.40594375552609563
0.6580957914702594
0.2282990647945553
0.6671508161816746
0.8001264403574169
0.8723628208972514
0.8615647265687585
0.4744181432761252
0.15263353497721255
0.9284579122904688
0.6375119690783322
0.24061162141151726
0.6722611386794597
0.20955427316948771
0.27541620610281825
0.5501419450156391
0.7919619751628488
0.6689849209506065
0.4161587618291378
0.5494583232793957
0.2841468509286642
0.13216723571531475
0.9726245368365198
0.548030654201284
0.22985782683826983
0.07650062371976674
0.8080607217270881
0.6960785381961614
0.6118114299606532
0.6364526185207069
0.913481596391648
0.9673893712460995
0.12929774657823145
0.7442402371671051
0.39063670951873064
0.09813117096200585
0.22511477675288916
0.5156651483848691
0.6360411238856614
0.35842202766798437
0.4708191144745797
0.20990984421223402
0.6321945507079363
0.009560934966430068
0.7200041394680738
0.5849749005865306
0.1919689835049212
0.767173278843984
0.4803478051908314
0.5887776780873537
0.8311096539255232
0.8629417784977704
0.5570625881664455
0.26299966615624726
0.6844257204793394
0.43841446726582944
0.07894803467206657
0.4780310734640807
0.0156689768191427
0.20656116004101932
0.44286139588803053
0.3622608140576631
0.6805665991269052
0.9236568082123995
0.9551996886730194
0.35188216366805136
0.9443787089549005
0.5063359520863742
0.4752136366441846
0.5524211879819632
0.39243639213964343
0.9458746251184493
0.8423821125179529
0.013323314720764756
0.6481051847804338
0.7680305000394583
0.22167273238301277
0.6882553829345852
0.41167253046296537
0.5806148173287511
0.6411985694430768
0.6189935964066535
0.9471801770851016
0.8844141310546547
0.8945855700876564
0.852589009096846
0.5321952800732106
0.7772228778339922
0.3201355836354196
0.9411317177582532
0.3868317883461714
0.7258965021464974
0.3161678311880678
0.43261734186671674
0.30202043568715453
0.8811426451429725
0.04638870758935809
0.8702068959828466
0.058423159876838326
0.5803479005116969
0.5238750611897558
0.7423218102194369
0.36883899779058993
0.9371480364352465
0.34856676240451634
0.4345600891392678
0.7216829895041883
0.37408879352733493
0.8467976409010589
0.43400123761966825
0.5441219070926309
0.7007727751042694
0.13714512274600565
0.9853596370667219
0.3673339106608182
0.40133825317025185
0.7273899919819087
0.6449577340390533
0.25059240125119686
0.025139080826193094
0.29275731975212693
0.5214386698789895
0.32914270530454814
0.37589729740284383
0.63856330816634
0.3253889156039804
0.8178737468551844
0.049214666010811925
0.4349793626461178
0.166458718245849
0.8106985734775662
0.6788658362347633
0.09923164802603424
0.3807987649925053
0.3557310323230922
0.326656018383801
0.8814069023355842
0.7932716372888535
0.46137905423529446
0.7391853381413966
0.19252967997454107
0.12665885803289711
0.2916600299067795
0.47443937510252
0.2725420198403299
0.2051209989003837
0.026215810095891356
0.07657202146947384
0.14540198747999966
0.9338413584046066
0.060314548201859
0.17225147155113518
0.3804756987374276
0.2419644626788795
0.4159175914246589
0.9692143567372113
0.4494172018021345
0.46916726930066943
0.12230262951925397
0.9040063282009214
0.6744114777538925
0.7086916649714112
0.8830438295844942
0.01276957686059177
0.3429689307231456
0.848473284393549
0.09594269399531186
0.20213564089499414
0.6063350765034556
0.40095941559411585
0.8234330343548208
0.5621793973259628
0.657959051663056
0.041268667904660106
0.12316053872928023
0.39883203199133277
0.6533739229198545
0.06974531104788184
0.40719114104285836
0.4339500046335161
0.5850714980624616
0.06397047755308449
0.9927325267344713
0.018847501138225198
0.6242584327701479
0.9678915075492114
0.24983805185183883
0.45281037385575473
0.1674938197247684
0.4968713610433042
0.10899090394377708
0.4984965496696532
0.9268253985792398
0.8997931487392634
0.9433521763421595
0.9779138946905732
0.5260905949398875
0.28263485501520336
0.5220909912604839
0.036919194739311934
0.6204775602091104
0.8246069422457367
0.09281418309547007
0.036601148545742035
0.6454792721197009
0.8168143692892045
0.6207983961794525
0.8973552132956684
0.5250354043673724
0.021321946056559682
0.6633224450051785
0.7576396889053285
0.3468703518155962
0.43507320573553443
0.9223969054874033
0.023183524841442704
0.7906189449131489
0.9855580716393888
0.1742465819697827
0.164367800578475
0.5391326590906829
0.4501873238477856
0.29044231632724404
0.25874017737805843
0.8182273714337498
0.4435754115693271
0.6375378419179469
0.6630600364878774
0.18944399221800268
0.7830087728798389
0.8988164537586272
0.05852447869256139
0.5400988894980401
0.9865743017289788
0.7855925436597317
0.24230227060616016
0.6630035880953074
0.9639453876297921
0.3240912586916238
0.20857360190711915
0.3336052936501801
0.9840485379099846
0.443261890206486
0.828462922712788
0.5858401963487267
0.11516965855844319
0.4469655156135559
0.34039751114323735
0.12713467073626816
0.9764288917649537
0.2525851938407868
0.6434901081956923
0.3511119915638119
0.9162661877926439
0.9125961067620665
0.8736135475337505
0.7564840575214475
0.21489151567220688
0.8872408869210631
0.5516449951101094
0.28729412611573935
0.8493105503730476
0.4157354722265154
0.7926786439493299
0.45740219112485647
0.24482508632354438
0.5774281674530357
0.3204852445051074
0.2983801392838359
0.2109713121317327
0.10178233683109283
0.8139325040392578
0.7714930130168796
0.560923574026674
0.7799356966279447
0.679972430691123
0.16598016768693924
0.9566404428333044
0.6288853141013533
0.7129930972587317
0.49867526278831065
0.44112516031600535
0.6578049981035292
0.9404499614611268
0.9339030946139246
0.39728446677327156
0.7182282963767648
0.07068644044920802
0.7123492530081421
0.632431274279952
0.6108317989856005
0.7739738577511162
0.9525761727709323
0.6312601272948086
0.2083867162000388
0.7945431319531053
0.6949259915854782
0.41742501338012516
0.6990674803964794
0.1523613401222974
0.2510895354207605
0.088988067349419
0.8919063317589462
0.5578094129450619
0.9334324826486409
0.647060186136514
0.7857312909327447
0.6570557868108153
0.37417574413120747
0.22288544289767742
0.8843413423746824
0.5773453363217413
0.8258613657671958
0.9443454199936241
0.08084955019876361
0.47208585124462843
0.27490219357423484
0.14333347929641604
0.06909542786888778
0.5543740398716182
0.9686556216329336
0.17154409573413432
0.8078380925580859
0.5402227265294641
0.7049186755903065
0.9761494386475533
0.1160294662695378
0.44876033859327435
0.9630390650127083
0.5349130239337683
0.717486634850502
0.7255167309194803
0.4377652781549841
0.3797954982146621
0.04774678475223482
0.5457395808771253
0.14839459653012455
0.7141386270523071
0.27650387212634087
0.4873201032169163
0.8744773124344647
0.2520350846461952
0.5773968903813511
0.7648612335324287
0.2065958937164396
0.2093988424167037
0.35733155254274607
0.5553712092805654
0.17256397963501513
0.37380340322852135
0.3960413949098438
0.6985015035606921
0.5510955497156829
0.19700672710314393
0.04842244554311037
0.7630260407458991
0.6002464958000928
0.30663909390568733
0.13268874562345445
0.45889826165512204
0.3855294312816113
0.8914085919968784
0.7181247402913868
0.5355184520594776
0.5233352927025408
0.9709859674330801
0.8229511366225779
0.7987384791485965
0.5428393399342895
0.3812608886510134
0.8441424653865397
0.9206461503636092
0.07249504956416786
0.9488248459529132
0.8450034107081592
0.9718482887838036
0.8055928971152753
0.776268103858456
0.8304642457515001
0.204617167590186
0.9805966557469219
0.3931051450781524
0.33350621722638607
0.08373209228739142
0.9994769480545074
0.264508189400658
0.4113351122941822
0.32834587432444096
0.8463522882666439
0.3353466761764139
0.9477862543426454
0.9582691818941385
0.681029299274087
0.45455733221024275
0.07363215740770102
0.45183918019756675
0.27362980879843235
0.9953040145337582
0.19854659074917436
0.054663796443492174
0.8024070698302239
0.2463403455913067
0.5560028597246855
0.8522207157220691
0.7460085896309465
0.9357681630644947
0.3595740348100662
0.7450088139157742
0.39603368076495826
0.8019918918143958
0.8132890954148024
0.2561319905798882
0.2851338880136609
0.17393279261887074
0.1137702742125839
0.9591451245360076
0.34143165638670325
0.2299576597288251
0.9706624057143927
0.8858426539227366
0.11056937463581562
0.6046395236626267
0.4259836769197136
0.09407636662945151
0.06783058703877032
0.3982626919168979
0.32145849522203207
0.09315446089021862
0.030436321394518018
0.0007432522252202034
0.3920312088448554
0.5426289320457727
0.3643191335722804
0.3495960859581828
0.23486808710731566
0.7542221948970109
0.7708678506314754
0.11250185105018318
0.7043802030384541
0.09805180784314871
0.6396612776443362
0.32323650270700455
0.5040184941608459
0.9208000174257904
0.7658997687976807
0.5411874200217426
0.25912549952045083
0.13757153786718845
0.6692932064179331
0.8101656958460808
0.3390571679919958
0.6919070389121771
0.08331028558313847
0.2923334406223148
0.7306008907034993
0.16756824823096395
0.9684376902878284
0.16016134689562023
0.8051767125725746
0.021707109408453107
0.7120215569157153
0.7634864579886198
0.1499880808405578
0.7725270777009428
0.33582845074124634
0.570748943137005
0.2210095413029194
0.6438274595420808
0.4764290489256382
0.8966549707110971
0.6588821064215153
0.8639610351528972
0.1902314794715494
0.33787266607396305
0.7707841929513961
0.602281617000699
0.6711884934920818
0.7927374455612153
0.64392886380665
0.5876155695877969
0.40728662349283695
0.25128701655194163
0.7847705741878599
0.9807997036259621
0.179580393480137
0.47257494227960706
0.22477992251515388
0.4859461053274572
0.48708634194917977
0.47169280075468123
0.13873577862977982
0.19798619928769767
0.7781794278416783
0.5140338412020355
0.9560895680915564
0.688264736905694
0.8952641307841986
0.34498461661860347
0.8992864165920764
0.5799401798285544
0.23008336825296283
0.26775354938581586
0.5862989623565227
0.32353845704346895
0.0656181676313281
0.032790670869871974
0.93193319439888
0.17593076778575778
0.8200507629662752
0.6005380977876484
0.620184390572831
0.6840990979690105
0.6827008270192891
0.04873544746078551
0.474915984319523
0.1271774230990559
0.8504115832038224
0.44640714884735644
0.2289271734189242
0.039903018390759826
0.18821453512646258
0.024521274957805872
0.12241898942738771
0.7317902890499681
0.8684508928563446
0.18476929748430848
0.5201774046290666
0.15665750694461167
0.5507076610811055
0.07533473987132311
0.706921215634793
0.3724483533296734
0.7297044715378433
0.7392926900647581
0.2191145613323897
0.8378371777944267
0.7211851947940886
0.2853418388403952
0.20712353894487023
0.834545637248084
0.4918886930681765
0.3984053414314985
0.9491187031380832
0.2335346674080938
0.38487432431429625
0.8391458722762764
0.7462562983855605
0.39330199896357954
0.8928754448425025
0.487394358497113
0.1616241440642625
0.43815303198061883
0.19316476699896157
0.7533128357026726
0.3086357335560024
0.7012914679944515
0.5514889031182975
0.44721556501463056
0.923246166203171
0.36188368685543537
0.8439172704238445
0.7328808289021254
0.1449315354693681
0.47330982820130885
0.5986732267774642
0.5069915282074362
0.3682493835221976
0.9974047294817865
0.42379647213965654
0.052962565794587135
0.6369364452548325
0.6800183954183012
0.9625808268319815
0.2346842389088124
0.5792471349705011
0.4976987859699875
0.5590983454603702
0.5235470733605325
0.8810946501325816
0.2716946969740093
0.7043670003768057
0.8636082750745118
0.7899734396487474
0.2304561526980251
0.2969153814483434
0.4187818442005664
0.4034165346529335
0.6617772055324167
0.7029702607542276
0.32058450602926314
0.0063292954582720995
0.5224751709029078
0.9304678870830685
0.5453743091784418
0.7027554654050618
0.3845948569942266
0.6723274423275143
0.3650039816275239
0.6540102548897266
0.7709075163584203
0.9210324638988823
0.022679453482851386
0.5890510431490839
0.722331513883546
0.12776550417765975
0.7935331522021443
0.9912415696308017
0.17634728970006108
0.643649397417903
0.3969158874824643
0.9455219258088619
0.430680661695078
0.06687843543477356
0.9262100560590625
0.6264803728554398
0.929168400587514
0.5955315257888287
0.19639462674967945
0.629036407917738
0.289248215733096
0.560340094845742
0.050156545359641314
0.6502473514992744
0.8136435074266046
0.6267635591793805
0.9166013759095222
0.12357870163396001
0.1711424516979605
0.04396322835236788
0.3392348240595311
0.8241439184639603
0.64967618486844
0.7129551540128887
0.9468233927618712
0.49766071792691946
0.825126726180315
0.5385807668790221
0.5967574226669967
0.6722112202551216
0.47239099885337055
0.016257317503914237
0.079123520758003
0.7062183208763599
0.5475960501935333
0.34849691949784756
0.21065560774877667
0.2604583522770554
0.303073265356943
0.0719896205700934
0.29662291589193046
0.07693543238565326
0.9125732057727873
0.36076961155049503
0.48679541563615203
0.1391320312395692
0.4516153889708221
0.3883652843069285
0.4718015806283802
0.06297653238289058
0.8375915193464607
0.21647396101616323
0.6287094170693308
0.4395534123759717
0.975194543832913
0.754968200577423
0.6396555174142122
0.5064019022975117
0.5055481945164502
0.8542498485185206
0.8155115467961878
0.9789856085553765
0.008110720431432128
0.3284305960405618
0.40686815488152206
0.6507858254481107
0.6719220872037113
0.1897949653211981
0.198439177358523
0.8783009659964591
0.15626826602965593
0.6799641572870314
0.9920882023870945
0.48000761750154197
0.23854497424326837
0.987131308298558
0.739180970005691
0.06029258482158184
0.8391449265182018
0.6557523931842297
0.6890278558712453
0.7527162306942046
0.5727667547762394
0.14200470643118024
0.8944816018920392
0.6938290731050074
0.36996719567105174
0.5565823430661112
0.4820038478355855
0.6430469865445048
0.32918198965489864
0.24626696854829788
0.029939546715468168
0.12107052025385201
0.19679304119199514
0.02497921627946198
0.48952957335859537
0.9549764089751989
0.32729847775772214
0.7590909178834409
0.7414521609898657
0.5414704165887088
0.2711439821869135
0.5720156244933605
0.34535319334827363
0.7797516982536763
0.27398668485693634
0.49969082116149366
0.7210990993771702
0.5181165949907154
0.6649755325634032
0.009137090062722564
0.9220853343140334
0.04912586649879813
0.7910867331083864
0.3574988031759858
0.7846219895873219
0.2221785041037947
0.8940676241181791
0.1879337306600064
0.24385310360230505
0.9363904874771833
0.6513476902619004
0.13605111581273377
0.17507998854853213
0.262826916994527
0.5108557683415711
0.8170327611733228
0.7656213617883623
0.21460529696196318
0.5921374126337469
0.09826538199558854
0.5118928817100823
0.7311842814087868
0.8240814867895097
0.6436637069564313
0.856344350380823
0.05288727581501007
0.6422480707988143
0.7107019987888634
0.6788297072052956
0.2348878018092364
0.12484531267546117
0.12344105681404471
0.4409536272287369
0.486112151062116
0.6144172730855644
0.25678474619053304
0.21911514038220048
0.7033023394178599
0.3312764619477093
0.4619379884097725
0.9268494374118745
0.44723803852684796
0.5855481708422303
0.7112163605634123
0.14303212985396385
0.6142774943728
0.651713167084381
0.7380162568297237
0.7761661615222692
0.8598562814295292
0.21931912191212177
0.7749800500459969
0.24578875536099076
0.5107105057686567
0.02405541716143489
0.56879359530285
0.44463189970701933
0.8068329871166497
0.2139928217511624
0.45066916150972247
0.12215720326639712
0.11059589753858745
0.949347184272483
0.3356416607275605
0.2741658384911716
0.7217425727285445
0.44466810626909137
0.40713027492165565
0.4232002564240247
0.014238923322409391
0.2606563400477171
0.8730293437838554
0.7005702774040401
0.6041350339073688
0.38930453872308135
0.8013953561894596
0.9372859557624906
0.9785870050545782
0.7926356836687773
0.056688648415729403
0.05162425525486469
0.27690945845097303
0.8308472852222621
0.035980003187432885
0.41949110105633736
0.15655944496393204
0.8496980457566679
0.34987947274930775
0.38902875198982656
0.7116715011652559
0.45294989133253694
0.8056749207898974
0.02570746699348092
0.7640122205484658
0.7174645508639514
0.231743035139516
0.697905765613541
0.6311525399796665
0.18560428591445088
0.510502710705623
0.3825677603017539
0.5351522448472679
0.7380044001620263
0.4648364605382085
0.01679339981637895
0.8358584351371974
0.4176779608242214
0.19954429497011006
0.2959748909343034
0.40191038395278156
0.023980411933735013
0.14434172632172704
0.4015088933520019
0.7322741618845612
0.8686335601378232
0.5307958589401096
0.40872649382799864
0.7237141628284007
0.4504665501881391
0.3607477096375078
0.8003063127398491
0.8539942372590303
0.1576913190074265
0.6038124284241349
0.3826402050908655
0.9552777491044253
0.8739739458542317
0.18133038631640375
0.5075229643844068
0.010717411758378148
0.8758596463594586
0.4921225290745497
0.5922791657503694
0.6850530058145523
0.9620039442088455
0.6407897372264415
0.19709652406163514
0.4675541799515486
0.49661628948524594
0.7314639482647181
0.11749078682623804
0.8687982773408294
0.4264443079009652
0.5324440791737288
0.3984182255808264
0.23924367921426892
0.7902723015286028
0.6328529308084399
0.1608114514965564
0.42222296027466655
0.10084254341199994
0.5857445620931685
0.23934060777537525
0.5154514401219785
0.7364700504112989
0.5769545575603843
0.8140377467498183
0.8557522846385837
0.22626144369132817
0.6387022079434246
0.7930880624335259
0.04781749006360769
0.7762718226294965
0.6191770599689335
0.33072021324187517
0.4008309592027217
0.23718140413984656
0.8709031909238547
0.9375139831099659
0.18032184964977205
0.12286517326720059
0.13994285720400512
0.12781103234738111
0.46761195571161807
0.5926053978037089
0.5335173734929413
0.9624164784327149
0.1267829912248999
0.7369132521562278
0.5544857536442578
0.10661388421431184
0.2968605535570532
0.5477780043147504
0.5802494897507131
0.9873761744238436
0.29563410324044526
0.2086218388285488
0.16214914340525866
0.8404242459218949
0.10534796863794327
0.23422079626470804
0.696688515599817
0.6047611692920327
0.8199964866507798
0.8836225953418761
0.6391062748152763
0.5046095314901322
0.8830097781028599
0.11939261271618307
0.7640298381447792
0.022408061660826206
0.5264534871093929
0.7079777284525335
0.015895510092377663
0.45304827438667417
0.2846155595034361
0.7488160009961575
0.08108639111742377
0.8787500790785998
0.2094432907178998
0.38121962267905474
0.914707301883027
0.4809508277103305
0.5040467390790582
0.5224201881792396
0.23278269707225263
0.6035315101034939
0.38474731030873954
0.43289462476968765
0.33997458894737065
0.31614310713484883
0.7673750217072666
0.13968948484398425
0.5675187632441521
0.05567786260508001
0.3076540073379874
0.6620426604058594
0.4162611188367009
0.4992968135047704
0.5113455101381987
0.8053411284927279
0.9078623568639159
0.4072921865154058
0.6194040866103023
0.4102029458153993
0.7943388314452022
0.8476697620935738
0.44413072103634477
0.6834102261345834
0.8077181880362332
0.452357278438285
0.9583168753888458
0.3793498701415956
0.10699757561087608
0.2186327870003879
0.01799634494818747
0.7942906285170466
0.9018250901717693
0.26878547272644937
0.7336203064769506
0.3681230607908219
0.8299918838310987
0.44726622593589127
0.11618261830881238
0.08952751057222486
0.8919383883476257
0.394438904710114
0.5664648141246289
0.8878588627558202
0.8026137596461922
0.3821942100767046
0.9248350556008518
0.3414324496407062
0.22039273288100958
0.14811585890129209
0.3257628446444869
0.6517275557853281
0.9363941862247884
0.765065137995407
0.21022672904655337
0.5695348402950913
0.15890510007739067
0.8304062953684479
0.917179829441011
0.7756538805551827
0.7086307967547327
0.7959844076540321
0.04385359515435994
0.28287563286721706
0.8488081810064614
0.21330548077821732
0.9152987189590931
0.30827140575274825
0.05467595625668764
0.1118211024440825
0.23643612931482494
0.40676985238678753
0.9521882084663957
0.2794517760630697
0.645533709321171
0.7210069852881134
0.8858370359521359
0.04096041456796229
0.6102182907052338
0.45610442804172635
0.49392019025981426
0.37646138574928045
0.000980633543804288
0.9497034111991525
0.7180250536184758
0.5999917408917099
0.8329087162856013
0.7672834293916821
0.6108345370739698
0.8115748704876751
0.9745518525596708
0.14809903874993324
0.257218677084893
0.17497367900796235
0.34484462486580014
0.1890348435845226
0.16603152290917933
0.9350554181728512
0.0931432202924043
0.20151272788643837
0.1737767974846065
0.3022288014180958
0.43367752828635275
0.5369804881047457
0.21110622212290764
0.6777242473326623
0.020274597918614745
0.46705341106280684
0.2461254179943353
0.5589704450685531
0.9440002329647541
0.5934800822287798
0.8381299427710474
0.12322025815956295
0.7363002223428339
0.40053766150958836
0.05260022822767496
0.21750652114860713
0.3698589934501797
0.4720099358819425
0.961364000570029
0.8707749578170478
0.9088396190200001
0.270263927988708
0.7814928398001939
0.03896134370006621
0.05520620243623853
0.5167491266038269
0.38516125408932567
0.9369459215085953
0.7284079240635037
0.19666317361406982
0.6849072577897459
0.34227706072852015
0.48880331008695066
0.9387305290438235
0.37968994840048254
0.23565901000984013
0.2614463537465781
0.43359888601116836
0.13149434584192932
0.7460447619669139
0.292451792396605
0.14597115106880665
0.31053055566735566
0.10610535717569292
0.7488347566686571
0.3101412339601666
0.3035902543924749
0.5658440454863012
0.7095754945185035
0.024561829399317503
0.8254259889945388
0.9831464451272041
0.12978895218111575
0.6709969663061202
0.036271790973842144
0.9513909560628235
0.6773184831254184
0.6984284718055278
0.5142228198237717
0.5585700701922178
0.7693269776646048
0.8967309591826051
0.1346679381094873
0.8705330579541624
0.2171544397715479
0.18497023568488657
0.9632917842827737
0.2013852302916348
0.9069739729166031
0.06711447983980179
0.5201992734801024
0.40267605520784855
0.027688979171216488
0.8987549962475896
0.7326260849367827
0.4202174183446914
0.7343558520078659
0.7938910720404238
0.8521517033223063
0.4182172657456249
0.24175095069222152
0.5229084964375943
0.08200357109308243
0.5451922689098865
0.12029378721490502
0.12044164328835905
0.7902211337350309
0.4844269836321473
0.041175686521455646
0.40183021733537316
0.5588094976264983
0.19916728232055902
0.3647333530243486
0.782075785798952
0.9394263289868832
0.287363831885159
0.07272913586348295
0.9546154695563018
0.5193088655360043
0.4783358534332365
0.7149294924456626
0.8673393786884844
0.8259291697759181
0.41931499913334846
0.30976822366937995
0.2411252693273127
0.0608927255962044
0.574404523242265
0.062085849000141025
0.415602067951113
0.06375590898096561
0.04193523293361068
0.22573284921236336
0.6529526363592595
0.21440825308673084
0.9360110661946237
0.672544306376949
0.4222867537755519
0.35882099461741745
0.660630825906992
0.7787335275206715
0.9595118437428027
0.21862057480029762
0.9768813624978065
0.363990391837433
0.33655734290368855
0.8403914282098413
0.31750988750718534
0.0010510215070098639
0.0485610319301486
0.2177933359052986
0.6663840282708406
0.8560143674258143
0.9250975009053946
0.49238370335660875
0.34601859748363495
0.7469686691183597
0.36053095385432243
0.9794408141169697
0.2459712929558009
0.6347714762669057
0.14083864609710872
0.7211465826258063
0.5333603965118527
0.2100145649164915
0.6014053102117032
0.3430604673922062
0.6855396579485387
0.814880101243034
0.22133640851825476
0.5671860554721206
0.22313355980440974
0.399344434030354
0.16125908656977117
0.7218187125399709
0.8072979070711881
0.934819292742759
0.08959152875468135
0.23549574124626815
0.11350383283570409
0.957474258961156
0.9495637884829193
0.4753019339405
0.3489442819263786
0.27638953318819404
0.4337367950938642
0.6450801137834787
0.39930109679698944
0.44243162125349045
0.6089355971198529
0.1468451744876802
0.29172137402929366
0.5953580203931779
0.9515925324521959
0.4579048596788198
0.49031350458972156
0.5745291598141193
0.41240114858374
0.9324545932468027
0.7617896965239197
0.26200042059645057
0.6179656318854541
0.8814314287155867
0.4321368932723999
0.5372655855026096
0.5083337551914155
0.8876253028865904
0.6040614708326757
0.04734383127652109
0.0800175869371742
0.16549327550455928
0.8669961583800614
0.5386182032525539
0.1660908400081098
0.8689948788378388
0.06470743659883738
0.4554365882650018
0.0735673843882978
0.33678319584578276
0.9417632441036403
0.8232527205254883
0.3670752190519124
0.6161356391385198
0.730689434800297
0.9307900345884264
0.4587323802988976
0.5410047248005867
0.8275950076058507
0.7201291667297482
0.04365284298546612
0.6370233930647373
0.07154547050595284
0.30384765146300197
0.9604964533355087
0.20975514641031623
0.980488934321329
0.44277757266536355
0.9051095934119076
0.11791949137113988
0.7242755591869354
0.685859193559736
0.7764678325038403
0.4217837220057845
0.46543848724104464
0.8027591877616942
0.7738330003339797
0.21786062978208065
0.9839021789375693
0.9015709119848907
0.5816614939831197
0.7378109507262707
0.13191485684365034
0.6379381832666695
0.8255841643549502
0.9424124243669212
0.670149466721341
0.6487249827478081
0.10412335488945246
0.5960339910816401
0.16754053998738527
0.37326053832657635
0.6357897666748613
0.8575415743980557
0.7989626191556454
0.45602368749678135
0.8736059507355094
0.3503487082198262
0.039232935989275575
0.953821346629411
0.011138562811538577
0.5285433293320239
0.9037142533343285
0.4900261224247515
0.4011694604996592
0.6945365325082093
0.33715341915376484
0.8066783922258765
0.3957952361088246
0.3580062536057085
0.8755826146807522
0.5701178018935025
0.9397347352933139
0.8047433823812753
0.1531694307923317
0.0582140248734504
0.7557202249299735
0.046344320522621274
0.9987496216781437
0.1493537377100438
0.40634318348020315
0.12084957701154053
0.11939468490891159
0.5515137903857976
0.842613139655441
0.08572883647866547
0.6673464882187545
0.3850875976495445
0.8636410941835493
0.2586011190433055
0.4686408946290612
0.3102699376177043
0.45606205938383937
0.5738080267328769
0.29813817190006375
0.8204255867749453
0.605195977492258
0.9403975752647966
0.8039479663129896
0.6545105632394552
0.09448623354546726
0.6598040631506592
0.3697312481235713
0.08591383416205645
0.8813903443515301
0.44731143303215504
0.9669825413729995
0.7499017482623458
0.06785197369754314
0.8599433288909495
0.6947765592485666
0.647425543051213
0.41096207220107317
0.46451907348819077
0.07029845635406673
0.671012215083465
0.2985140660312027
0.8181162616237998
0.5029000013601035
0.7046424383297563
0.9469024469144642
0.889453841606155
0.18519753706641495
0.33310027583502233
0.7763406871818006
0.09283527452498674
0.5807940124068409
0.619359036674723
0.6221070301253349
0.8211617094930261
0.07907585147768259
0.09417257783934474
0.6440571460407227
0.6234151751268655
0.8068880145438015
0.37914366088807583
0.16124436794780195
0.43737635924480855
0.9730423921719193
0.4401994086802006
0.7818078566342592
0.9416470360010862
0.7167470033746213
0.1765510095283389
0.19181966478936374
0.1438867577817291
0.08358854451216757
0.43718219362199306
0.6055087056010962
0.410011945059523
0.16574529581703246
0.6990151659119874
0.9668968722689897
0.1471373417880386
0.6891860500909388
0.39914329536259174
0.6664971292484552
0.8583499435335398
0.5851762846577913
0.13407348981127143
0.909540751716122
0.8907605379354209
0.8748128633014858
0.49865162442438304
0.9285973005462438
0.24340365291573107
0.7781839447561651
0.8055202295072377
0.328146445332095
0.3315442274324596
0.37617134186439216
0.6580591639503837
0.6623465770389885
0.09044662583619356
0.7736528781242669
0.9521864305716008
0.381754964357242
0.8806383511982858
0.86744444957003
0.8239106358960271
0.3357773453462869
0.7486068566795439
0.19181995536200702
0.3033890414517373
0.629321200074628
0.6167405734304339
0.6779364801477641
0.03690842050127685
0.3851089724339545
0.9666864497121423
0.15607991232536733
0.07990947086364031
0.9652126298751682
0.3038915628567338
0.046146885957568884
0.24806962301954627
0.8522349509876221
0.9389768661931157
0.9421999990008771
0.07705426914617419
0.044355575228109956
0.2836023345589638
0.232491655042395
0.23929146165028214
0.5804824449587613
0.08371989615261555
0.7895176336169243
0.6482891566120088
0.33032302069477737
0.15952362469397485
0.9166594473645091
0.10858729132451117
0.3661228595301509
0.12980458582751453
0.7777788743842393
0.24559048260562122
0.8867775711696595
0.916671180864796
0.3113629638683051
0.6563105233944952
0.5795345457736403
0.9129117862321436
0.6350319436751306
0.06680785212665796
0.8678900524973869
0.9617102146148682
0.39410842256620526
0.7306196962017566
0.47477232245728374
0.5290628888178617
0.5129939429461956
0.9266103380359709
0.00029196240939199924
0.5560276280157268
0.06245035887695849
0.10224814340472221
0.137230308027938
0.4914171383716166
0.5604377342388034
0.7794648981653154
0.31511028204113245
0.20871487632393837
0.840523409890011
0.7912816351745278
0.20287870545871556
0.1837575559038669
0.6534041024278849
0.5674237697385252
0.5259626822080463
0.9375886423513293
0.4782714757602662
0.4374326281249523
0.17674192879348993
0.4598278747871518
0.4060691713821143
0.1885759411379695
0.8184003662317991
0.4910867530852556
0.6162313760723919
0.43820292642340064
0.43522033747285604
0.7361113224178553
0.8628228637389839
0.2999731039162725
0.6387008531019092
0.813631858676672
0.62353734835051
0.08476443612016737
0.040366554632782936
0.5127278736326844
0.050344630144536495
0.9828540354501456
0.6160235919523984
0.6717882843222469
0.6706944273319095
0.6109201847575605
0.45758940652012825
0.5400387712288648
0.982553634326905
0.17607271042652428
0.6224028244614601
0.9952112573664635
0.6228478252887726
0.3094997596926987
0.5578639241866767
0.8863517986610532
0.19665910420008004
0.7289537014439702
0.027922337176278234
0.17208302672952414
0.3043786343187094
0.7473673396743834
0.5983425879385322
0.44928106502629817
0.8563449459616095
0.9987023859284818
0.25990856159478426
0.4851437075994909
0.9980358052998781
0.16698516136966646
0.4476965880021453
0.7383976965211332
0.6898775256704539
0.11107579851523042
0.7511864427942783
0.25040159677155316
0.7088659373112023
0.11070712399668992
0.06470741285011172
0.24401659076102078
0.6902644850779325
0.22265624813735485
0.5113004292361438
0.8917367053218186
0.6084962547756732
0.18622156279161572
0.9359599640592933
0.8282082141377032
0.9832044297363609
0.2458522275555879
0.684058990329504
0.7418601342942566
0.048790265107527375
0.6067099890206009
0.32880658586509526
0.2655439875088632
0.18436099868267775
0.8238341168034822
0.7512009136844426
0.7279599450994283
0.05898925964720547
0.8571663508191705
0.946356744505465
0.8943196425680071
0.12986264401115477
0.04035723861306906
0.24648424540646374
0.8529495443217456
0.764432510593906
0.4763598241843283
0.5361699659842998
0.4453564565628767
0.9024539601523429
0.6032821082044393
0.831459712004289
0.2799364817328751
0.2554129746276885
0.03170050005428493
0.18835639348253608
0.8104820849839598
0.7814452291931957
0.35311568481847644
0.4806552554946393
0.04980513616465032
0.21507492964155972
0.03608918655663729
0.4783803194295615
0.41666704532690346
0.697502028895542
0.4333013757131994
0.6766013144515455
0.44926363159902394
0.3205196363851428
0.820291816489771
0.1020249598659575
0.4449967099353671
0.36846746457740664
0.8836493124254048
0.7920374164823443
0.8772624265402555
0.3617619990836829
0.6005012372042984
0.9347585460636765
0.9166351880412549
0.7671014990191907
0.2882954590022564
0.03293162537738681
0.7822574242018163
0.19280791911296546
0.15749325323849916
0.7947526343632489
0.3054502843879163
0.4386569291818887
0.4344486161135137
0.7950349571183324
0.6803194205276668
0.5831379531882703
0.7220328184776008
0.8284632337745279
0.663574208971113
0.44386904314160347
0.8920705097261816
0.7238273043185472
0.5369913650210947
0.5708434865809977
0.9500525274779648
0.2898688407149166
0.802809999557212
0.5613507467787713
0.5957243903540075
0.7185377941932529
0.9813218992203474
0.6411180275026709
0.3366048773750663
0.7541250006761402
0.12629147386178374
0.75647823815234
0.006519211456179619
0.26871237298473716
0.08986801258288324
0.06859716144390404
0.3382785103749484
0.2651087122503668
0.37992979609407485
0.5090326324570924
0.39082992845214903
0.6572612847667187
0.16759283165447414
0.5056311576627195
0.43272633105516434
0.3066112049855292
0.8071481911465526
0.030815053498372436
0.17041927599348128
0.9133849705103785
0.16449935175478458
0.9758138465695083
0.8312307163141668
0.20143442833796144
0.9854527362622321
0.05821146513335407
0.708945220336318
0.45124206179752946
0.5766425293404609
0.8792092150542885
0.7123310305178165
0.5790520638693124
0.006178019568324089
0.8062989651225507
0.3329134467057884
0.32481172285042703
0.13734908774495125
0.7840578651521355
0.12313756695948541
0.04828679538331926
0.23301588604226708
0.6536937952041626
0.8788080317899585
0.48439257545396686
0.5082265366800129
0.921116836136207
0.6223812168464065
0.9241233277134597
0.5825112808961421
0.35823417524807155
0.1100099494215101
0.14104972477070987
0.19954960350878537
0.21884886198677123
0.9473303938284516
0.5610689187888056
0.6171879579778761
0.023631423013284802
0.7914240718819201
0.48452243441715837
0.7144561114255339
0.22551706712692976
0.9369227557908744
0.40507176076062024
0.9192293414380401
0.019468105863779783
0.7567246847320348
0.43791560642421246
0.17673956439830363
0.4599704893771559
0.9154929385986179
0.7229238760191947
0.09292362141422927
0.9600211973302066
0.22857688879594207
0.048988094786182046
0.08831585454754531
0.5673001704271883
0.1378058441914618
0.21639334014616907
0.03948575910180807
0.3776493356563151
0.6225412318017334
0.560834025265649
0.06544891698285937
0.03188568539917469
0.4812923585996032
0.3920227636117488
0.39779305807314813
0.7683134884573519
0.44952848623506725
0.36491665663197637
0.19778418797068298
0.9377085098531097
0.6173447808250785
0.9168765025679022
0.13978081638924778
0.2821481286082417
0.4920153506100178
0.4749737065285444
0.08724933303892612
0.16839729412458837
0.12436551041901112
0.4613563159946352
0.273861518362537
0.1803146975580603
0.9378346144221723
0.8430634948890656
0.5581615879200399
0.33277209335938096
0.7462151786312461
0.4156440084334463
0.09098480571992695
0.46370850619859993
0.20341983274556696
0.13006939715705812
0.7512445144820958
0.37099142046645284
0.25378849799744785
0.5017634383402765
0.6355018252506852
0.5957118356600404
0.4603932215832174
0.8393762945197523
0.9496745178475976
0.3941455378662795
0.2849118746817112
0.030056644696742296
0.08361615659669042
0.6842767025809735
0.6001474810764194
0.6117254053242505
0.21557726780883968
0.3939552204683423
0.734336395515129
0.5077389506623149
0.06844942551106215
0.6665575292427093
0.8814287702552974
0.44568379619158804
0.13285421370528638
0.5647303645964712
0.3078249313402921
0.871047232998535
0.46662807813845575
0.6762761801946908
0.603250041604042
0.2107496962416917
0.0044298970606178045
0.9176893609110266
0.7465391110163182
0.7128483667038381
0.02207472873851657
0.3780577762518078
0.14593301340937614
0.4979118194896728
0.3418265718501061
0.07195471017621458
0.7497860610019416
0.5877054638694972
0.10972739150747657
0.18619945901446044
0.2392555852420628
0.7310978956520557
0.3539552178699523
0.8019394655711949
0.6862577374558896
0.04753633891232312
0.7276535325217992
0.28630379354581237
0.7748295071069151
0.4762339636217803
0.3084726638626307
0.835795966675505
0.3836981726344675
0.537634392734617
0.1866026846691966
0.8867996500339359
0.4578665536828339
0.6357765777502209
0.6022969095502049
0.9123822543770075
0.8825429209973663
0.8683683355338871
0.8327022204175591
0.9385773276444525
0.6873379421886057
0.8821352066006511
0.27738198824226856
0.7059627347625792
0.8628716717939824
0.40686515043489635
0.7998016197234392
0.6656733271665871
0.9135609199292958
0.6484822393395007
0.7108087367378175
0.6323371077887714
0.658643871312961
0.32908344687893987
0.2988581149838865
0.8569061730522662
0.27323406375944614
0.8588365593459457
0.39789052098058164
0.8502414517570287
0.45483239833265543
0.13964195316657424
0.6438943473622203
0.847860244801268
0.026898643234744668
0.5240381830371916
0.6550683758687228
0.05410473118536174
0.6132172944489866
0.10925174015574157
0.27094204910099506
0.8267841150518507
0.86716752871871
0.7900641148444265
0.9043917781673372
0.11002795910462737
0.5721541333477944
0.8098515192978084
0.45667005609720945
0.8660662188194692
0.6115525925997645
0.9438396883197129
0.8199111381545663
0.30523126665502787
0.5421364351641387
0.4177651214413345
0.7906021978706121
0.5379327642731369
0.5977074890397489
0.9591141913551837
0.9187212698161602
0.9727567431982607
0.27675076643936336
0.2994465958327055
0.7164527731947601
0.6998338971752673
0.17692666174843907
0.15770265576429665
0.6938626193441451
0.7221939659211785
0.6475755230057985
0.20683600520715117
0.6378803758416325
0.010004432639107108
0.8074846207164228
0.08223743876442313
0.8068907726556063
0.22824287903495133
0.8721648135688156
0.07739710249006748
0.4377707277890295
0.19908994249999523
0.9368676501326263
0.28240682277828455
0.45426920149475336
0.6648297084029764
0.48190871835686266
0.0002753566950559616
0.15320610208436847
0.3915708460845053
0.9415977066382766
0.7714656598400325
0.03886737022548914
0.37946996628306806
0.8024009193759412
0.33690060931257904
0.37557518132962286
0.7854250033851713
0.004870557924732566
0.16381769021973014
0.17542848829180002
0.4046834909822792
0.7363105397671461
0.47901430260390043
0.04368237778544426
0.12742701638489962
0.4701791796833277
0.434892542893067
0.8897139572072774
0.7824438223615289
0.7775793720502406
0.8028614539653063
0.8126253527589142
0.26695095212198794
0.9710606636945158
0.14557483978569508
0.25032008392736316
0.8670758611988276
0.9563754391856492
0.08436115738004446
0.604927166365087
0.716329226270318
0.5544244998600334
0.9855859153904021
0.6660416235681623
0.6571432980708778
0.013737582135945559
0.12470368365757167
0.5523654860444367
0.17939795413985848
0.2860510859172791
0.8819704852066934
0.0984283247962594
0.6597682819701731
0.8131751415785402
0.2647033631801605
0.9841018340084702
0.5393473673611879
0.5822877080645412
0.0685893960762769
0.4755799453705549
0.12213605642318726
0.8387259661685675
0.8659222114365548
0.2086609317921102
0.8788103598635644
0.3603178937919438
0.11266853241249919
0.6569677935913205
0.792374653974548
0.22701942012645304
0.2833907266613096
0.37989669758826494
0.6776575224939734
0.673206057632342
0.6184919162187725
0.7549170947168022
0.7037237901240587
0.287736231693998
0.9776119326706976
0.7668140199966729
0.007637665374204516
0.6257342910394073
0.010679901344701648
0.07234417903237045
0.9068642829079181
0.07937543862499297
0.4157154255080968
0.29916520579718053
0.7363688480108976
0.5648922382388264
0.2643295428715646
0.22310501849278808
0.7572560666594654
0.25352966971695423
0.8694526157341897
0.4538032738491893
0.4637969087343663
0.977536533260718
0.42177399387583137
0.24267264059744775
0.2533270325511694
0.10126023180782795
0.34572648210451007
0.3402665597386658
0.5894912197254598
0.617949150968343
0.6939203541260213
0.9658196778036654
0.3492231541313231
0.43198351585306227
0.6006390217225999
0.4637564236763865
0.18200127827003598
0.66139677609317
0.6706306997220963
0.49273647484369576
0.6880144949536771
0.026063885539770126
0.4229781995527446
0.004461201373487711
0.5345088136382401
0.9219687259756029
0.24384538270533085
0.8622426672372967
0.5674232624005526
0.5841913188342005
0.9294123558793217
0.044907164527103305
0.8377381402533501
0.9996783072128892
0.09945061733014882
0.37378500518389046
0.09682356240227818
0.24156768061220646
0.08741136523894966
0.1703869777265936
0.37151181185618043
0.5718490143772215
0.30628734920173883
0.7118172224145383
0.9392895805649459
0.758359506027773
0.5285426815971732
0.1120515854563564
0.5509276550728828
0.9664382874034345
0.7411219615023583
0.7439758388791233
0.8212160998955369
0.22835215809755027
0.8279334888793528
0.7670890085864812
0.9847384467720985
0.11119861179031432
0.0639924278948456
0.13942208350636065
0.6313921043183655
0.21224808576516807
0.33700882107950747
0.1627903012558818
0.5868303335737437
0.0531139827799052
0.47062933584675193
0.7788865119218826
0.6947672937531024
0.6248192703351378
0.472827919293195
0.08893611608073115
0.11725361901335418
0.5072855034377426
0.5316728902980685
0.20092830783687532
0.7007413746323436
0.48380378913134336
0.5844502542167902
0.6460977802053094
0.1225171354599297
0.8568605580367148
0.38759163580834866
0.6435881364159286
0.34051761240698397
0.41253977618180215
0.3766210947651416
0.045351198175922036
0.7695082230493426
0.09952349681407213
0.7037288676947355
0.10499713849276304
0.7831540461629629
0.3846866902895272
0.3676818108651787
0.646805121563375
0.1667956516612321
0.0038895553443580866
0.8677711407653987
0.7135708853602409
0.16058658971451223
0.5411919192411005
0.09036055603064597
0.06692751753143966
0.9466196559369564
0.4140014231670648
0.033880634466186166
0.10439693299122155
0.4434290451463312
0.6502576374914497
0.20210468210279942
0.20324046886526048
0.7112439849879593
0.5940745021216571
0.6473680627532303
0.2675808444619179
0.6355778290890157
0.9245373427402228
0.11442783055827022
0.15785350394435227
0.4646614440716803
0.7879665538202971
0.5932953571900725
0.44873542548157275
0.817280373070389
0.2094862952362746
0.921733136055991
0.6920392790343612
0.755178588675335
0.4642472143750638
0.14745293324813247
0.404339695116505
0.31556492461822927
0.1900176510680467
0.002601031446829438
0.4530418466310948
0.2809028022456914
0.9946206368040293
0.6535022265743464
0.4664573296904564
0.548553675878793
0.8475644753780216
0.42383450851775706
0.847649309784174
0.06200376013293862
0.09765879902988672
0.4899453807156533
0.782312487019226
0.1567076458595693
0.46028015622869134
0.48638638597913086
0.6386297876015306
0.7503066463395953
0.5045319474302232
0.5198826382402331
0.9481592802330852
0.7014962462708354
0.6333337272517383
0.05842180177569389
0.5143106977920979
0.7742388681508601
0.6656730968970805
0.906434222124517
0.43774025654420257
0.8725996220018715
0.9428815443534404
0.32678397512063384
0.5545317637734115
0.8287395485676825
0.63569570123218
0.0327637882437557
0.8120617084205151
0.7357347114011645
0.2761148167774081
0.5227535776793957
0.3033599678892642
0.1639525298960507
0.768065694719553
0.6443260358646512
0.8301491069141775
0.3125201384536922
0.8227969522122294
0.8269188569393009
0.25162647292017937
0.035900174640119076
0.8638647154439241
0.3435932439751923
0.5175564140081406
0.2432252592407167
0.5965242383535951
0.12868887884542346
0.4878775258548558
0.8709169258363545
0.28623434295877814
0.42065836675465107
0.6957836127839983
0.9273129948414862
0.8771588690578938
0.4477233784273267
0.21523212152533233
0.9352759465109557
0.28922436316497624
0.0880779440049082
0.4519332873169333
0.9505952394101769
0.2943661375902593
0.05598920467309654
0.08680585562251508
0.9656907608732581
0.9493527449667454
0.5740561585407704
0.8968626554124057
0.31080814683809876
0.6131279887631536
0.5078839985653758
0.5440565620083362
0.6060751089826226
0.7563009643927217
0.7944086722563952
0.33828317234292626
0.4674844369292259
0.4206957349088043
0.30395688000135124
0.28845200245268643
0.6920375754125416
0.5785981847438961
0.9146177750080824
0.8630448731128126
0.5321076542604715
0.3860223179217428
0.834185947664082
0.12882278813049197
0.06356306630186737
0.33727635932154953
0.8613320284057409
0.142861821455881
0.5890659568831325
0.03466601436957717
0.37322908523492515
0.762275985442102
0.028438935987651348
0.6613818998448551
0.34898912720382214
0.1647427997086197
0.2796263659838587
0.4930299639236182
0.15546039515174925
0.7948789959773421
0.8142979408148676
0.6565216640010476
0.6232927576638758
0.5797739543486387
0.36488790111616254
0.6764523063320667
0.6419480065815151
0.3080811402760446
0.6325738739687949
0.007537670433521271
0.6365360207855701
0.4179252148605883
0.8839731053449214
0.9399438202381134
0.7957862240727991
0.4836327319499105
0.5438850037753582
0.5322448560036719
0.8064504177309573
0.267835505772382
0.1411214554682374
0.6376798790879548
0.08813820732757449
0.6643694452941418
0.015110836131498218
0.22086559096351266
0.7006648273672909
0.09523263457231224
0.33502266788855195
0.8830643112305552
0.18739886139519513
0.4819585115183145
0.7036436211783439
0.5386954820714891
0.5146542266011238
0.3210963546298444
0.4338304474949837
0.3304899726063013
0.8879673404153436
0.6885970563162118
0.7315815894398838
0.12277722312137485
0.6207099934108555
0.030907799256965518
0.7913724964018911
0.6500777141191065
0.9532412176486105
0.5861426058690995
0.7264393027871847
0.13058463600464165
0.09826322901062667
0.38320222683250904
0.13080991944298148
0.1849115404766053
0.823924268130213
0.42429225775413215
0.20577103085815907
0.057965311920270324
0.030368202831596136
0.8756399741396308
0.31524215708486736
0.46612196671776474
0.32011955487541854
0.5755754392594099
0.32497343444265425
0.2720683580264449
0.5199060004670173
0.16216627159155905
0.20604552561417222
0.003707742318511009
0.5328329231124371
0.2511334754526615
0.03152738232165575
0.12010429869405925
0.6313338733743876
0.3703907972667366
0.06741184182465076
0.6682401159778237
0.551759404828772
0.4568227715790272
0.5823434521444142
0.1608835686929524
0.8022501880768687
0.48771838610991836
0.27048190822824836
0.5675992388278246
0.7650903428439051
0.3862234577536583
0.5238540237769485
0.40936693805269897
0.43238645466044545
0.8668295433744788
0.5459601730108261
0.5591297072824091
0.09465843997895718
0.7002685558982193
0.8106298127677292
0.7124039737973362
0.954048537183553
0.38118443614803255
0.5646754514891654
0.26177786802873015
0.3806381905451417
0.33399522490799427
0.002616055542603135
0.7720149885863066
0.8147133199963719
0.45721395732834935
0.6262575483415276
0.6160301838535815
0.8511845394968987
0.8027227004058659
0.32374448515474796
0.7506726577412337
0.10851977439597249
0.9257221242878586
0.7157400345895439
0.7697405747603625
0.46880381158553064
0.5198384900577366
0.10172465397045016
0.7847561368253082
0.6602630668785423
0.2057253010571003
0.28728332300670445
0.4740376372355968
0.021907812682911754
0.24440429778769612
0.9277641996741295
0.8371946702245623
0.20816103066317737
0.9484290243126452
0.6334125476423651
0.5213897137437016
0.30883567896671593
0.26132267201319337
0.22341283899731934
0.33288783696480095
0.8834618618711829
0.43622235557995737
0.2626330943312496
0.9589683257509023
0.0370543438475579
0.2516942995134741
0.2097890293225646
0.34051243448629975
0.01276312442496419
0.19168429635465145
0.5887918907683343
0.029436872340738773
0.015390743501484394
0.06265814322978258
0.8550391120370477
0.9120358848012984
0.8188841864466667
0.6151653772685677
0.01193988136947155
0.21178339538164437
0.7995900427922606
0.7077478934079409
0.6308662455994636
0.8906957383733243
0.6818117073271424
0.9345502718351781
0.03577559185214341
0.8236856767907739
0.2003533379174769
0.1868450704496354
0.2539464554283768
0.2386592347174883
0.8758678713347763
0.5556707521900535
0.893619968323037
0.19503250787965953
0.8968222087714821
0.6474786100443453
0.5825824944768101
0.6752230732236058
0.3967310041189194
0.6084344568662345
0.9329197134356946
0.1811547325924039
0.4568962773773819
0.8731287599075586
0.7070598234422505
0.10430837306194007
0.95818788302131
0.7728952951729298
0.25293561816215515
0.999680686276406
0.21522227651439607
0.8103519571013749
0.5583388619124889
0.6695277574472129
0.38867200538516045
0.3878630637191236
0.2530627886299044
0.12290999153628945
0.996690358966589
0.5294868443161249
0.4655881973449141
0.6210261057130992
0.9817938276100904
0.2574747058097273
0.8686154189053923
0.11959775909781456
0.38473503035493195
0.019147079437971115
0.752395264338702
0.251858884235844
0.19747911067679524
0.3297064886428416
0.6020484953187406
0.08702100208029151
0.30030419607646763
0.27768822642974555
0.12019411195069551
0.3729234831407666
0.20964323985390365
0.8648916059173644
0.07322748028673232
0.3168283167760819
0.2400751884561032
0.8240074606146663
0.11261468869633973
0.9497849091421813
0.42210030322894454
0.09023755113594234
0.8031459834892303
0.6398111211601645
0.30806860979646444
0.3531568367034197
0.18514872645027936
0.06828026194125414
0.5095422742888331
0.7839396835770458
0.996316647157073
0.7432017619721591
0.6723577647935599
0.022643931908532977
0.6832471224479377
0.9019499779678881
0.46841627918183804
0.586108137620613
0.03361458843573928
0.13355824700556695
0.2757366360165179
0.38424860080704093
0.4191431915387511
0.8407207743730396
0.47466329857707024
0.6079915179871023
0.8687522748950869
0.7267365118023008
0.785845507401973
0.9098560500424355
0.9277881484013051
0.5803894237615168
0.6027382595930248
0.9828189061954618
0.21239263331517577
0.22324471990577877
0.25218687136657536
0.18405313044786453
0.24362648511305451
0.7529563026037067
0.6309243119321764
0.018595032393932343
0.7833827019203454
0.5429442576132715
0.32873946661129594
0.13246405869722366
0.5615299982018769
0.7547052588779479
0.7843057075515389
0.7564488907810301
0.6323426309973001
0.950188564369455
0.8164328506682068
0.735159664414823
0.6820322393905371
0.7947194643784314
0.8940558375325054
0.06875466462224722
0.3507434739731252
0.06425382220186293
0.9462171490304172
0.16382671636529267
0.7167126652784646
0.4020380137953907
0.37187923467718065
0.3282031384296715
0.3259290587157011
0.7690075889695436
0.9765762828756124
0.9409719950053841
0.5027975742705166
0.7871295451186597
0.26862127776257694
0.6345687150023878
0.5224546438548714
0.8268250720575452
0.4949403880164027
0.16101988218724728
0.2873020633123815
0.7403969592414796
0.17107417224906385
0.10065593058243394
0.16983884596265852
0.33754802867770195
0.9098024580162019
0.687499308725819
0.662348018726334
0.09865799476392567
0.7808984313160181
0.11698340298607945
0.6813845459837466
0.9117433663923293
0.4728138358332217
0.8901065783575177
0.04243515455164015
0.657329662470147
0.1857553762383759
0.3060349621810019
0.14297888660803437
0.6648338497616351
0.39512096834369004
0.050203559221699834
0.44065743894316256
0.8892114742193371
0.5828661823179573
0.7614524143282324
0.030399128096178174
0.6294331720564514
0.4923873068764806
0.5423962001223117
0.20996078196913004
0.4886237948667258
0.5559447172563523
0.8044846307020634
0.30615858058445156
0.5460815804544836
0.6333931125700474
0.13037657248787582
0.44761531078256667
0.05523759173229337
0.4671627429779619
0.2076432213652879
0.3652345312293619
0.9856349555775523
0.4497659741900861
0.6078689694404602
0.6312113767489791
0.27578952442854643
0.6383167642634362
0.8362983907572925
0.6768596756737679
0.3016281728632748
0.6998202442191541
0.7824510103091598
0.7246318797115237
0.2841007064562291
0.3445429182611406
0.6429768726229668
0.17555905506014824
0.047700333409011364
0.6523185346741229
0.7329917757306248
0.043287735199555755
0.948832105146721
0.8368562548421323
0.07992488262243569
0.43385968171060085
0.8208921884652227
0.007761804619804025
0.8714107072446495
0.07473016809672117
0.6433776346966624
0.3497572529595345
0.10090638580732048
0.9596660158131272
0.817865360993892
0.9472359523642808
0.05515257199294865
0.9335271352902055
0.17984200594946742
0.4782170339021832
0.38968573696911335
0.7368837206158787
0.07013736292719841
0.67988685448654
0.5739505176898092
0.8699599071405828
0.7443286492489278
0.2700899220071733
0.38973900373093784
0.5153235618490726
0.5478066988289356
0.19881315156817436
0.9487304284702986
0.9284614028874785
0.8594666682183743
0.29118590359576046
0.035218070494011045
0.6066559834871441
0.20972866169176996
0.32418117648921907
0.6712237896863371
0.27283790963701904
0.5576388568151742
0.6937686607707292
0.16076598316431046
0.6027253547217697
0.5869965772144496
0.24284057109616697
0.3664571004919708
0.30134952650405467
0.5944459077436477
0.22484871465712786
0.6352166077122092
0.22084770095534623
0.5947417228017002
0.5000557354651392
0.5022959411144257
0.46300326311029494
0.4922167998738587
0.1501153721474111
0.9274872150272131
0.7920725271105766
0.7259566015563905
0.5444514118134975
0.9163021196145564
0.5241448481101543
0.8548234631307423
0.13719065277837217
0.8647862765938044
0.1012654434889555
0.516215946758166
0.6391652338206768
0.5174614107236266
0.6527068191207945
0.8345673107542098
0.17377345426939428
0.4787421808578074
0.8680092555005103
0.02832062216475606
0.7391012262087315
0.39884467818774283
0.10394112998619676
0.18046615994535387
0.6786821647547185
0.5776275445241481
0.0661735013127327
0.14129052800126374
0.6485125452745706
0.053116875467821956
0.7666595194023103
0.9616248058155179
0.9717597055714577
0.16517392988316715
0.2603437101934105
0.05980684910900891
0.7832715848926455
0.6026754330378026
0.6452768833842129
0.07111172867007554
0.49906947603449225
0.5115721500478685
0.9876341151539236
0.016489681787788868
0.4051467888057232
0.056714959209784865
0.2224021430592984
0.8734603598713875
0.7757949957158417
0.20584992947988212
0.5500865592621267
0.6572775458917022
0.4908271434251219
0.8313104324042797
0.4603321908507496
0.7897672997787595
0.493306900607422
0.31653333362191916
0.05954668647609651
0.05893013835884631
0.8343215906061232
0.5470295059494674
0.06773574789986014
0.8516096987295896
0.45691182697191834
0.33889609202742577
0.5263518982101232
0.8444611674640328
0.8163966052234173
0.14804037543945014
0.09783431608229876
0.5809955142904073
0.5242844067979604
0.2707395041361451
0.31780805508606136
0.13986213179305196
0.7880417678970844
0.896863887552172
0.37047144351527095
0.8143783810082823
0.211125950794667
0.03390068025328219
0.3266499803867191
0.791661344235763
0.030181888956576586
0.7343190482351929
0.1274878371041268
0.7780438100453466
0.9849665965884924
0.2966146497055888
0.05268312944099307
0.5826533341314644
0.6246648330707103
0.6533335687126964
0.2962368265725672
0.26844276464544237
0.15181525656953454
0.09335767920129001
0.8866611318662763
0.922453711507842
0.9855741842184216
0.48983013117685914
0.7992895925417542
0.487610223935917
0.31790056149475276
0.8732830295339227
0.456540233688429
0.3743402196560055
0.23404529108665884
0.7046287113334984
0.5931185525842011
0.07960917986929417
0.7894272699486464
0.9742114620748907
0.7289722147397697
0.5235338921193033
0.6496335505507886
0.7926775000523776
0.5226246928796172
0.9379594640340656
0.4479225315153599
0.1357180867344141
0.9842481180094182
0.01279452070593834
0.9288187508936971
0.2902925822418183
0.6039545419625938
0.9290242346469313
0.07983214338310063
0.7866202446166426
0.670672842534259
0.3641199201811105
0.4817742668092251
0.4070155331864953
0.48177205165848136
0.4189888690598309
0.0796674033626914
0.8561697609256953
0.5497526053804904
0.7044822985772043
0.892911453731358
0.13179802405647933
0.4505885492544621
0.42629166250117123
0.6275945869274437
0.14391263131983578
0.7627478952053934
0.608042255975306
0.7855456057004631
0.30028551281429827
0.19361950154416263
0.079604790546
0.399202422471717
0.6118165706284344
0.8324940407183021
0.242333009140566
0.2337308879941702
0.8125226949341595
0.15649016434326768
0.565163238439709
0.1214833299163729
0.8742778697051108
0.525325684575364
0.3125411181244999
0.01662334520369768
0.7263265193905681
0.02000930835492909
0.740589409833774
0.7212633937597275
0.6523516408633441
0.4784453068859875
0.7037893384695053
0.3259539785794914
0.15255389781668782
0.4929445965681225
0.4470869689248502
0.6763205050956458
0.434274555882439
0.5154258047696203
0.23317058640532196
0.8510103409644216
0.3500963542610407
0.2929382270667702
0.6791159303393215
0.41605179640464485
0.600515725556761
0.2287244563922286
0.45816043275408447
0.02877498115412891
0.7107145844493061
0.7865992409642786
0.5677533405832946
0.6972336245235056
0.456594739574939
0.4405499850399792
0.05075298552401364
0.4909716078545898
0.4504261245019734
0.7381986216641963
0.06591961113736033
0.7248765053227544
0.5454942209180444
0.876010067993775
0.4294648813083768
0.7415841508191079
0.958978338399902
0.44942904403433204
0.466320923762396
0.9822479216381907
0.5790433355141431
0.08143577049486339
0.9655323806218803
0.15960822952911258
0.7667215894907713
0.10662059369497001
0.35604606685228646
0.8266871070954949
0.9391325355973095
0.7233170210383832
0.3489362169057131
0.06671878532506526
0.11517645558342338
0.5810407616663724
0.3655944843776524
0.5026884113904089
0.6749341974500567
0.07681064796634018
0.5086465936619788
0.3357228261884302
0.5454037624876946
0.09456963324919343
0.023484475910663605
0.13628628547303379
0.18238559481687844
0.5406880122609437
0.8952361128758639
0.7461753089446574
0.014818600611761212
0.9460212273988873
0.5253311127889901
0.6113593224436045
0.5029485267587006
0.4834715018514544
0.3951793077867478
0.11493071424774826
0.2114544464275241
0.694168992806226
0.5924808874260634
0.3660980509594083
0.7070756966713816
0.2417564697097987
0.6034418079070747
0.7142996692564338
0.47042933851480484
0.33853442524559796
0.11716483277268708
0.903945027384907
0.557689716340974
0.7061986504122615
0.40221899445168674
0.7148354321252555
0.17317069554701447
0.2924030371941626
0.870945934439078
0.7893817792646587
0.358369467779994
0.6771037694998085
0.6295594666153193
0.9033027016557753
0.9899581347126514
0.5069336376618594
0.36205284553579986
0.7948977614287287
0.15072493976913393
0.1648283046670258
0.8972832409199327
0.0037805710453540087
0.11967743490822613
0.8165387341286987
0.4553634587209672
0.8890691178385168
0.07755273999646306
0.23071689903736115
0.8382852631621063
0.8103124827612191
0.8955975447315723
0.234308555489406
0.5899766695220023
0.5107701579108834
0.23530766763724387
0.8850552306976169
0.406705702887848
0.7389173011761159
0.1584552254062146
0.512914229882881
0.4291597530245781
0.06386750820092857
0.9974918765947223
0.011856092605739832
0.9242564693558961
0.9217051765881479
0.3336916067637503
0.5770034149754792
0.5382054229266942
0.5569857384543866
0.7783276115078479
0.40236491803079844
0.5231808926910162
0.14562884089536965
0.9619101865682751
0.8174425766337663
0.14080790779553354
0.9356169793754816
0.40259498031809926
0.7493934088852257
0.7092907149344683
0.05690994090400636
0.9319262492936105
0.9038240788504481
0.8330949817318469
0.1978859978262335
0.0200183663982898
0.5932490127161145
0.3981374704744667
0.23737250827252865
0.4948636470362544
0.6025439137592912
0.33427199511788785
0.08331773988902569
0.4714458668604493
0.5649786433205009
0.863408969482407
0.12638945668004453
0.7387143983505666
0.45558202522806823
0.049741886323317885
0.8139693958219141
0.593448797473684
0.24422564497217536
0.741234865039587
0.4943843793589622
0.8206706994678825
0.12109921500086784
0.974927888950333
0.647352954139933
0.09494578326120973
0.022516864351928234
0.2916687815450132
0.44539342215284705
0.6707561835646629
0.6630902395118028
0.7563522015698254
0.9256067147944123
0.6657746110577136
0.9004157243762165
0.3023512866348028
0.86687813536264
0.3461874704807997
0.9184543779119849
0.7830339085776359
0.3809029071126133
0.219331857515499
0.9202589893247932
0.9277006587944925
0.9103457164019346
0.8897051576059312
0.6361958249472082
0.2509519327431917
0.7144688004627824
0.43921409477479756
0.8649859563447535
0.8101863951887935
0.6724514912348241
0.7142547145485878
0.6532001136802137
0.09062922978773713
0.11700135096907616
0.7677509395871311
0.05475921090692282
0.6340545117855072
0.9828037342522293
0.9423060088884085
0.7622100026346743
0.07181727886199951
0.3575884175952524
0.9781923198606819
0.3815872222185135
0.8208309705369174
0.8778840776067227
0.8015729526523501
0.1405715374276042
0.7488305405713618
0.3197559688705951
0.9626215833704919
0.9707051711156964
0.9265981679782271
0.849094650009647
0.6904510336462408
0.7372528368141502
0.8457697059493512
0.8540601988788694
0.285659909946844
0.09948580013588071
0.7323574246838689
0.17853176570497453
0.44328222749754786
0.8826926704496145
0.525809507118538
0.23725647712126374
0.2998677180148661
0.5125096091069281
0.940350673161447
0.9416274758987129
0.4821267072111368
0.9809974497184157
0.719898235751316
0.9040586126502603
0.9563297885470092
0.2581961005926132
0.24506652005948126
0.9830777652096003
0.5738439171109349
0.0027204551734030247
0.7906506978906691
0.5375003311783075
0.790662023704499
0.6866149317938834
0.4573498002719134
0.09994938736781478
0.4237608299590647
0.24508222425356507
0.30805001500993967
0.964264786336571
0.0804263346362859
0.6705699565354735
0.21544884820468724
0.9009464920964092
0.9356137774884701
0.6145418842788786
0.6127080055885017
0.06432445836253464
0.41338600078597665
0.634929881663993
0.9757611646782607
0.12592935422435403
0.12649604002945125
0.48486128239892423
0.6631806630175561
0.3774644548539072
0.4505505934357643
0.937134942272678
0.3713403029832989
0.718577655730769
0.47639965056441724
0.35985905095003545
0.6357423760928214
0.017323768232017756
0.6423390477430075
0.37372919265180826
0.13289880356751382
0.3811450288631022
0.49924711999483407
0.6650763072539121
0.9556423334870487
0.3656736414413899
0.0012581392657011747
0.965526435058564
0.8584423493593931
0.34149303403683007
0.31717671104706824
0.7278193670790642
0.4285479714162648
0.9708392103202641
0.008281656075268984
0.3932195652741939
0.2929865082260221
0.8064370413776487
0.9222963559441268
0.17496817582286894
0.25146358902566135
0.7870553033426404
0.8044233017135412
0.2553031546995044
0.22617537016049027
0.7983396155759692
0.8481984667014331
0.20407696696929634
0.22670349734835327
0.5428870951291174
0.05823796195909381
0.14320318261161447
0.4992707329802215
0.15637402515858412
0.5260516125708818
0.49591084010899067
0.9218753888271749
0.5601357705891132
0.6018385286442935
0.5265707096550614
0.10013742209412158
0.7889540570322424
0.3363903497811407
0.8918018711265177
0.953845210140571
0.8064953158609569
0.2218486750498414
0.04486648156307638
0.8039978321176022
0.24129636003635824
0.26575021748431027
0.0634964988566935
0.2601612701546401
0.6855683212634176
0.34940398088656366
0.699726743157953
0.12282291217707098
0.4483024785295129
0.6002092177513987
0.6612363436724991
0.7201773084234446
0.8337377812713385
0.8572833887301385
0.11414925544522703
0.8414527485147119
0.7731738109141588
0.23921560519374907
0.33712047920562327
0.12207955308258533
0.6848203234840184
0.6485298110637814
0.7623214386403561
0.9416701861191541
0.26896380074322224
0.8117964246775955
0.782774300314486
0.611158593557775
0.6711984621360898
0.7952011923771352
0.8133945045992732
0.20599760208278894
0.3488125652074814
0.6918804126325995
0.8072028884198517
0.9747020213399082
0.9351053854916245
0.4339155580382794
0.1746319008525461
0.9811629480682313
0.7012287559919059
0.6237116735428572
0.12049217894673347
0.7670553845819086
0.22983762994408607
0.8587418298702687
0.7128528894390911
0.05335316713899374
0.9669514347333461
0.08240804052911699
0.9184160083532333
0.15182649344205856
0.5534177937079221
0.42581428517587483
0.012727075256407261
0.6578355636447668
0.3786507174372673
0.19731327914632857
0.5768223111517727
0.15428203879855573
0.3488036976195872
0.6774680935777724
0.3186550948303193
0.8674076558090746
0.10957021010108292
0.1971183679997921
0.8770771918352693
0.8499965395312756
0.12724989093840122
0.3491186529863626
0.2464106767438352
0.5449174579698592
0.14730609278194606
0.6385888434015214
0.8192976682912558
0.06716402247548103
0.3322253739461303
0.5716544236056507
0.6706151489634067
0.18888790044002235
0.46864264039322734
0.2908270808402449
0.234476946759969
0.4884035070426762
0.6592528412584215
0.4419091932941228
0.9225868855137378
0.37097226083278656
0.022741211345419288
0.5509887968655676
0.056836443953216076
0.4936611100565642
0.525123304920271
0.5816975748166442
0.46932844421826303
0.9474326893687248
0.30385024123825133
0.48354622977785766
0.7337838828098029
0.495062735164538
0.36566173867322505
0.8728350060991943
0.3839714068453759
0.28796409349888563
0.07081364863552153
0.8229692832101136
0.10540553834289312
0.06582393986172974
0.5966683505102992
0.8674500971101224
0.023552310653030872
0.4670778268482536
0.8046957633923739
0.18491795170120895
0.011820917716249824
0.8612277798820287
0.10034488025121391
0.7857916890643537
0.619905442930758
0.7169271802995354
0.4327361937612295
0.36553527577780187
0.34605363197624683
0.2692541915457696
0.94336270657368
0.08092061406932771
0.8659357277210802
0.9973718612454832
0.004912720527499914
0.7805574114900082
0.956723535200581
0.1943635588977486
0.6461731460876763
0.40788160311058164
0.14175389357842505
0.1084948608186096
0.477111937943846
0.294473898364231
0.8757330218795687
0.34063801751472056
0.7078653236385435
0.7335046646185219
0.2599560071248561
0.24767193151637912
0.6624306170269847
0.6489646546542645
0.5631489353254437
0.45404151268303394
0.8395779205020517
0.5726047777570784
0.3779870066791773
0.9053048279602081
0.7245520900469273
0.9242252497933805
0.5627630697563291
0.5602038772776723
0.6170062609016895
0.6774923261255026
0.9510950152762234
0.2796220250893384
0.7122849195729941
0.5754063902422786
0.3672547424212098
0.8929204395972192
0.31659190473146737
0.28626403002999723
0.8237606247421354
0.38548717461526394
0.15666558337397873
0.7919879185501486
0.8380938658956438
0.6209186750929803
0.13389020273461938
0.5736220725812018
0.5835887915454805
0.05700317397713661
0.5698218285106122
0.13501519476994872
0.19232498481869698
0.3334849891252816
0.7489292838145047
0.04648694139905274
0.5062857139855623
0.10956693184562027
0.0964215062558651
0.9184831066522747
0.27103484608232975
0.7253656848333776
0.525040575535968
0.252187242731452
0.2682123265694827
0.9571838323026896
0.41622587805613875
0.7451133581344038
0.36359636043198407
0.02250821143388748
0.3665721504949033
0.19168148981407285
0.687446694355458
0.6256421727593988
0.5272780428640544
0.9326747739687562
0.6973558042664081
0.7889373456127942
0.22408166411332786
0.7482499880716205
0.7477365501690656
0.4138649902306497
0.7478428455069661
0.27240444207563996
0.7719302189070731
0.49583369586616755
0.3175028704572469
0.6261444825213403
0.625307951355353
0.376062999246642
0.7881940545048565
0.7509505592752248
0.2568424269556999
0.3724795936141163
0.1618603568058461
0.588456537341699
0.886993752559647
0.19461603625677526
0.3667356597725302
0.30674018105491996
0.019343064399436116
0.35534897702746093
0.2552699651569128
0.5433149836026132
0.8732622596435249
0.24056071019731462
0.9015214003156871
0.537919421447441
0.6286453856155276
0.1350665024947375
0.04520598938688636
0.9139228949788958
0.8884163030888885
0.21598442969843745
0.7205254042055458
0.1225344417616725
0.15644458727911115
0.5363063029944897
0.865558794233948
0.4325600164011121
0.3399198451079428
0.20075072604231536
0.3013870292343199
0.10588664142414927
0.8427566217724234
0.47088725329376757
0.7390687162987888
0.9645948624238372
0.055899467784911394
0.6007294203154743
0.03183687734417617
0.7940655872225761
0.7233414370566607
0.5873102066107094
0.8529451556969434
0.8594558103941381
0.9913146996404976
0.3100299194920808
0.41944043384864926
0.396503628231585
0.35476668924093246
0.4862986907828599
0.21509286086075008
0.43662916775792837
0.3256911200005561
0.33804514864459634
0.1544376176316291
0.070470787351951
0.6516232800204307
0.9134409718681127
0.41396858589723706
0.4669803874567151
0.24060863349586725
0.6247198875062168
0.3944342040922493
0.49195098713971674
0.3909898728597909
0.440740765305236
0.6571798799559474
0.5085713581647724
0.10341466683894396
0.7310629554558545
0.4796054535545409
0.9163447835016996
0.3425381917040795
0.2933459139894694
0.20525188208557665
0.5414297268725932
0.563986121211201
0.759370717452839
