# browser_rnd sample v1
ua: Mozilla/5.0 (Windows; U; Windows NT 5.1; en-US; rv:1.7.5) Gecko/20041107 Firefox/1.0
appName: Netscape
appVersion: 5.0 (Windows; en-US)
platform: Win32
vendor: Firefox
oscpu: Windows NT 5.1
cpuClass: 
language: en-US
hardwareConcurrency: 
deviceMemory: 
screen: 1024x768x32
date: Fri Jun 12 2026 14:33:21 GMT+0100 (GMT Daylight Time)
epoch: 1781271201519
count: 4096
---
0.25663590611491105
0.3110750548576463
0.13140881942552296
0.7600977349116355
0.2543086816155058
0.02809901095528977
0.11629719346229594
0.3952654151293479
0.4488312896046508
0.7507023844356094
0.8195776283528334
0.7325188100752611
0.8149537480147518
0.2290146687258423
0.7815845395861599
0.3582961739957625
0.29543757830283557
0.18077687846192547
0.9909818402008832
0.8426155121366814
0.5555848088479982
0.5483864069118489
0.8470311813079302
0.6214957400678052
0.5731445052988364
0.0374943954411624
0.4587790272833838
0.7680622401470368
0.5718063805490432
0.31474927972818323
0.5691569727601572
0.15737182112926662
0.21762318363826227
0.9112258984523678
0.1312474775224598
0.6520633204011957
0.3150870960425629
0.7032749289341803
0.7094749983755109
0.7142594670706021
0.46321747411623615
0.8239725550067442
0.4302403936293643
0.2837165605228016
0.26190056067604006
0.9960453689636899
0.16452418287798465
0.8530385245844083
0.6948545779505166
0.5710913366143072
0.9892421497030267
0.4178423281105951
0.25797596795518263
0.0101126178621046
0.7446444903559483
0.383082007689313
0.25045613372933284
0.1468214014049013
0.6818076993081101
0.5663090342691552
0.4009399351542815
0.3378751744941203
0.7772759871553051
0.15446662389593357
0.6621309676436439
0.5231434095193865
0.2811668139648311
0.8428865915259112
0.5746306053657311
0.29430261443217975
0.46056333017836204
0.4134768783677917
0.07443105207016976
0.30150234518901753
0.30177379162680174
0.6936588978209227
0.9983655431153878
0.7155396402654813
0.14304629222499676
0.1784337351205212
0.8279513372271671
0.006925436425282205
0.8235845152448238
0.5950266254986386
0.4044441795353476
0.00342068737615131
0.9552184298541125
0.34287944387676783
0.4465554803558748
0.0440664391422152
0.3498415680481207
0.05133159795612929
0.707166714200426
0.06042651778001018
0.4687341552246763
0.4631492955532823
0.516507950885087
0.5847072433341053
0.9991490993764203
0.47413412973454916
0.27665014766353746
0.009613865825626622
0.30904645895536464
0.4373621012621204
0.1957944242730707
0.9062484332090602
0.5826183637612123
0.7751741731240719
0.18072306122361304
0.8440495907008324
0.897255806232431
0.5328601950553548
0.3419112484580885
0.9507197514507673
0.3668652918134687
0.7550480866533088
0.008180123435057918
0.4002803771886504
0.7469517006961802
0.4691305243272127
0.4964053368182002
0.12384189834323556
0.5736415297062086
0.6196318312805489
0.13667779833135596
0.30036934276426086
0.9918282802512718
0.513237829268721
0.21444599427792177
0.6036708468988609
0.9168798215214592
0.20628198497473937
0.5585525105433058
0.7570308681464393
0.06985505935162539
0.7948013337277415
0.47770963558164226
0.6783558290531126
0.7279353873168314
0.7518459402970877
0.6278422281944346
0.3863946890201272
0.7397840254429587
0.29754619473863764
0.17885861179873497
0.882542539144635
0.469804119027197
0.2845123254939169
0.3417929795243927
0.422930782110405
0.855774464884053
0.2344608425018112
0.915895811885421
0.9519523446656132
0.6910993290130732
0.9715331105692036
0.020131584497843913
0.9810660311704649
0.575916807986161
0.7635914953302554
0.5846757114759359
0.8656692814691938
0.7205678957229431
0.004848461199170151
0.49538560325959224
0.25802407940398187
0.9304363991050764
0.2515052272125201
0.5078536176844457
0.49566564577055283
0.6529272060049897
0.8566456752974935
0.17753205836494068
0.8224195699513195
0.9253589806141795
0.5414527160470447
0.08855402795942235
0.6330976248522739
0.42680426752669665
0.9868835705673035
0.6062557463815094
0.3831381288059038
0.607418684934268
0.933261834130417
0.22703954629811984
0.41090230780185233
0.04555796615469865
0.33481326296776237
0.3540990757711201
0.6830329565140731
0.7659899434688782
0.8319936783410894
0.9886615058308599
0.39222706370656923
0.2417659833143634
0.17652695030055998
0.3937838368660387
0.41196994181828583
0.19782465051328946
0.27239177691801997
0.2613735697194155
0.8442227850957479
0.13615751954484634
0.18056570789933923
0.2929868781010876
0.2837519028266704
0.7103757302155961
0.7761562267379591
0.39108964564371473
0.9667321703201485
0.6917729443883248
0.7436175604500984
0.8498505488013368
0.6714535633949942
0.2894883776028123
0.24907369915652733
0.033167110149671886
0.09540413287658012
0.014131913709925503
0.9383372616086817
0.03250924938753219
0.4456984290975834
0.10724012920097736
0.8750346883371932
0.7082970879143012
0.14876593605058264
0.7981909181248603
0.6553187548707581
0.33591331437742145
0.9104087755924972
0.29571129503254756
0.21396903699084668
0.8010822979131815
0.8387839397195804
0.4728716769694137
0.7712518889214318
0.9192316211991997
0.9805600702196793
0.6624666914532026
0.9607315530343302
0.9895845021190692
0.41444444593064933
0.8439415873614546
0.425294338568145
0.13711388942491376
0.9964710321868128
0.7735300352480005
0.07196816349475499
0.34412231458588916
0.9578857163598169
0.2860274863249267
0.7356900586148538
0.32809429440804605
0.8191604659170844
0.07963231842862062
0.21799453092667753
0.5836006689394214
0.5026127004211003
0.7845438684687632
0.5386658401793283
0.9734173077790532
0.10130257210248439
0.011515397491755563
0.7667180629566983
0.22765336523058533
0.4933252714607188
0.3783170332615149
0.981636529401757
0.5895670982104361
0.8783111632316921
0.22007188561239555
0.7566346516266927
0.6328798526116095
0.3568917407726854
0.8036862522380785
0.05275102193888992
0.9677820233033071
0.8740849873250719
0.38710282740122537
0.5659312296124294
0.1514574378229887
0.2039984841241158
0.39086315450832776
0.3788095112355122
0.6238350170158087
0.16594462389873432
0.28247422234813446
0.2347257854625876
0.9004103516229998
0.9310070556456896
0.5133307710813231
0.8735836941855527
0.5713614109359287
0.10329277591057606
0.9934538393281583
0.6474756194611281
0.8798166321796785
0.24155028687727387
0.14106325011038978
0.06857111997977439
0.7820153886998391
0.6245286377770903
0.5020093063354655
0.032585385400478395
0.42823441401922246
0.35739812742595345
0.2983478102326077
0.2082146928483547
0.9457362914833377
0.36674831967605437
0.03584898487693222
0.48624609474926006
0.2536286337047847
0.43812495599447887
0.4769898323492946
0.4416189838818828
0.3944060707250677
0.21276177725588663
0.8689867100484685
0.47753636773169705
0.5280793608600141
0.9791093641065347
0.3056825452623181
0.692794176374564
0.3021789793492231
0.1699581003069116
0.4976117492634443
0.5418169960437248
0.7845533990106587
0.7073975973944556
0.026322555690104776
0.041459188114451706
0.5257650733178978
0.7255502428146735
0.36704524692089424
0.6194504220979047
0.6040198209662021
0.7449622006681763
0.5780523279008944
0.6964351601429455
0.697948354010467
0.0727301017268025
0.575564083299756
0.7468759536530017
0.3311912098747205
0.05888682066304474
0.3398111838620741
0.8936603860217978
0.4376212946235095
0.8522659134726654
0.2308740035626875
0.05707238577555962
0.30717145693744585
0.4680084966184478
0.8321755193612049
0.3008582660106395
0.7896163650218244
0.30407243598304834
0.3850127588912048
0.29643893094571316
0.3572917751575134
0.7255488172679718
0.9292701273725443
0.7608891590275918
0.25761657390553183
0.9732856989845907
0.7234645419409761
0.31512597279238264
0.5224157428564756
0.4472650583262098
0.38153140608106284
0.45581776895003756
0.04342557566858607
0.3653733789120822
0.4342673601592706
0.23784668583112045
0.27199489477202987
0.9046525374919077
0.700103947956985
0.8237268114682492
0.355879025537565
0.19481202241979945
0.9328941895691394
0.272200850425239
0.6871561289559581
0.9527296065263644
0.70365159276666
0.8103088588192695
0.9026782295549622
0.12186248030879765
0.36868927689084496
0.36154224061961915
0.3521020226026331
0.6119362566564592
0.2783643738575641
0.2872670713608364
0.9284275122255259
0.12197467899378656
0.08864094669517963
0.1394206681986654
0.9421053473788286
0.0736778984222497
0.1519424182515
0.7195562141238497
0.4121562962358065
0.8823530391724419
0.48427203559002885
0.8926298296498114
0.7463792722659612
0.149045284767935
0.7323382820378611
0.4134954347129729
0.2876074586264896
0.8702138550852954
0.8974293026842378
0.4898926577822311
0.6141040303954425
0.43024202673741974
0.31203872944695676
0.9277836866038054
0.7995729205747709
0.9672657279622185
0.5107529159783974
0.4832148403944173
0.06189176885626224
0.6842508866401075
0.18866726573191717
0.47944941576725
0.3595579234076427
0.8149444639011915
0.3986074607841553
0.8389382747955129
0.5309705591211619
0.24827005217900278
0.5026888867245899
0.42676538721893154
0.5140551193667016
0.2649335968305957
0.16425563687689215
0.005525291937407029
0.032368951794391365
0.44645067326429555
0.842998049720139
0.1611602917760322
0.8887098626901213
0.5795017307338847
0.839055785009566
0.27510523269796794
0.6683821948884383
0.2974669618620569
0.9211710826866032
0.9901580021688182
0.22165770287253195
0.27618818216284
0.9694646404605631
0.6458143665346169
0.7686014620798205
0.03244999504018775
0.8651645803465048
0.8433759921293552
0.849315681735283
0.7613679011514256
0.0676265212985826
0.6419606232899049
0.6287873815146854
0.19281664822111877
0.9332407582576073
0.8836141675842959
0.25790835421144964
0.14722700999541838
0.8513302223775229
0.7990442252258473
0.09086896574514658
0.32752467214353476
0.6989010675707541
0.35506516908882124
0.564009992917025
0.8966803775940839
0.9491147407880136
0.770665474001837
0.4523493898292935
0.559285392696684
0.007609451373816523
0.2506774765850057
0.03738412738065655
0.19076220374062391
0.9963052602407495
0.26435111494902186
0.44339956171361317
0.5392650843824508
0.2560863441340111
0.6307027108978144
0.02940170664001862
0.16302103850824723
0.2977605126576919
0.2633303470914484
0.2599211777999174
0.5598064444146862
0.7949547429935486
0.6744582320840034
0.9203191329347231
0.39545048679007067
0.4831128624899069
0.24129175970582928
0.8908600513533251
0.8447013150685223
0.5055195492884207
0.7973362874861019
0.9486973285439919
0.3204867325670605
0.8302823139944935
0.32715245013475003
0.2280514290051321
0.28654588012349125
0.8514615164958699
0.4150909660689377
0.036243344269314526
0.4236043043255735
0.18304560072485376
0.626870819712009
0.6968779116437652
0.1507096990800093
0.9562269955297674
0.1874343534519166
0.9713553959388319
0.3910411193411597
0.6384418480394033
0.15933371391904172
0.3960220153226195
0.5154497081355008
0.5068945826214454
0.8229728238395531
0.564652889587734
0.5971842953054133
0.4297957667172978
0.1133498581165363
0.9845940108297156
0.46770054414914175
0.5353003002894632
0.7775151985395867
0.6397724185489587
0.5761477446607902
0.6811398759368533
0.38278032202541956
0.804916488952111
0.32407231313091556
0.3772022154701802
0.4277833868962201
0.9727113601637083
0.37207297306495435
0.9588169148709146
0.5868374204089354
0.9792470425886408
0.39658716693454377
0.3602658049376457
0.5525574255923236
0.5429998094769077
0.9126842836140855
0.7960434866694293
0.032583416429346035
0.46872001355502146
0.07268596615217493
0.021651426570097776
0.2032856737091755
0.7099825744846702
0.8006296070810349
0.6162167273828362
0.32666021906414033
0.33278891130173305
0.22903608741659076
0.9059851246351943
0.2961915952098466
0.1774922161680551
0.16713819705066502
0.730744484802979
0.5932810610756699
0.6774504290369684
0.24867179466984457
0.2444939860902351
0.5079084450283385
0.8601944182959265
0.48252649216464494
0.33718109034779775
0.5055159375149636
0.030531478210551577
0.1609985082755715
0.0660871345084697
0.30667302966026566
0.014887050210808828
0.4680834216109415
0.6934491419112828
0.5869014559775148
0.13232057663304742
0.6741918327403423
0.5411640927178082
0.20110971687615986
0.25003402131603336
0.5038662847069252
0.8939293733543645
0.49040690094353345
0.37982454179938496
0.11952314630787875
0.6089310568706483
0.5386360964211847
0.2768153128298134
0.17693853286539207
0.9231990956134482
0.21178734968497248
0.4129320109557335
0.5771424269269835
0.18900705890029512
0.43552148867408025
0.5149742631727988
0.8645807412546159
0.913201054134268
0.4443552769933721
0.5807650449527574
0.7028501253075877
0.5281007910506839
0.6706295168646116
0.9167436043134598
0.4970059568806998
0.7796235973897047
0.5322018512892779
0.276499748828121
0.02538882662099251
0.48253940633321113
0.6248759174705991
0.6221312583826223
0.8941106582492768
0.6632735020003377
0.7288993072132162
0.3789376057456262
0.7337863252941912
0.7874307167978953
0.598433065164124
0.308847354628603
0.32079262509353756
0.852222893108763
0.7187153066863368
0.28910840507978885
0.2242811152246731
0.6132399470104795
0.08771234967508601
0.350153468573686
0.15536700547969984
0.11051109143638316
0.6073709939156715
0.3001862005029161
0.926361748502238
0.9605623081605059
0.8541554562586124
0.14391555089396946
0.8156116925123824
0.5891830268393798
0.8393735445734128
0.2889995290407781
0.1774512065252558
0.6938724980379101
0.8668661118175865
0.2261417490490002
0.3369734246108673
0.745445414871024
0.7489548624710933
0.9674171257882614
0.1657674013217737
0.2650325934688391
0.45111346012550746
0.03228629861058174
0.24746566942465076
0.9457216432630354
0.7016473506179423
0.1818902832947107
0.21089136074483716
0.42733952240463113
0.22473809920972543
0.41960078417472046
0.6337898022168124
0.6783870193185675
0.0335281343128182
0.9994333212783422
0.9015741482972012
0.49089324697853143
0.6544923690233574
0.3138140287624842
0.5432106164318634
0.5519653325801072
0.2451631474467323
0.5683231890195697
0.8603137061763517
0.9200671352967265
0.3143458554107037
0.09342178493386522
0.11571735690163643
0.5045681378957063
0.157281975377621
0.9917997033455259
0.1542330969781044
0.32386142231027293
0.17778758673576023
0.5748676876860987
0.09100185729826027
0.9003579591159948
0.985215022016578
0.7030473029945892
0.6217911463851865
0.1399214536013389
0.5261558966292286
0.7118963666890488
0.584784681715141
0.4388167067866824
0.5391241105540397
0.07974002343887687
0.6348569846308139
0.5630015304739507
0.30502757078464826
0.3723603641936243
0.27902068062163876
0.05260044301377409
0.007057824694812864
0.2864305506017708
0.06567946671192182
0.5186560129297562
0.010697154401507536
0.8057617636164206
0.42051522615080916
0.21976183902027036
0.027862692379859944
0.5830647967781164
0.47828296169148576
0.7329384467649351
0.43877792644724745
0.6648100335755166
0.2724823805037073
0.366121644836092
0.01098174983172684
0.5879033116795773
0.8138206773291031
0.19889054273212303
0.8769557824144643
0.6942771935462978
0.9135760314616251
0.2835702260673574
0.910171371834694
0.2331305174273709
0.08941663039966219
0.5906017814540568
0.5739269282481966
0.4504315749442399
0.5289256436705315
0.7400805989454614
0.9081679880429192
0.4014333113828641
0.8800277195119134
0.42562106225087704
0.5665512604189538
0.6643315296726809
0.5877075628315372
0.7072141005584703
0.7193356233817197
0.48183013739696556
0.6028571672489599
0.026501683657856545
0.1972520293425677
0.11226012897451643
0.5517830669762387
0.8808999690030879
0.4673256960707459
0.3330317191915033
0.8738502296489408
0.5822609918391033
0.9036935344626529
0.10658227168107526
0.009934928975208757
0.4212702162288683
0.3447803317091592
0.3926148470261688
0.4558039539379811
0.8605355748920751
0.11276781327520724
0.9703055352697509
0.382232931949848
0.08733071813564408
0.5121102469719578
0.9202904337159582
0.5676217111703318
0.37121379373386876
0.3209216181257224
0.1086256449312617
0.5890603774073467
0.19225021016964616
0.9423786923255604
0.6135469554812085
0.5742442325337076
0.032326356200769846
0.6928551720495578
0.5407382591365666
0.3293322885392924
0.05504806082522162
0.1693226041693382
0.08395076936664381
0.3267879281288115
0.6389766728979596
0.7606234088900801
0.00519804376185562
0.8624368791170948
0.8744622058238224
0.14554218013972475
0.9323842513481725
0.6724221648269884
0.6860917833872521
0.0551716881542218
0.0021063383808710423
0.4384312958985678
0.2007786741707147
0.6678901397423039
0.41150329901791693
0.9035164533783498
0.3457755837991794
0.7523365780812535
0.38540870715794406
0.7710231528247772
0.43140354496869826
0.07709199580721082
0.9136953292307314
0.16558897550515572
0.6500451072043926
0.6653433025036501
0.36858367050042073
0.19786873826162177
0.005959116366573869
0.18862851697686234
0.7728189197219171
0.09358760231846797
0.17973152077547017
0.1658310037693902
0.05700363423238297
0.422719719039062
0.22668493925713362
0.6619115949626435
0.11800645604738924
0.19603460382486348
0.810326911449072
0.8654371565342499
0.8702496179221403
0.9839488276616928
0.8799255641576372
0.2647849575498854
0.7678111936263261
0.7565665361373514
0.3155580100294644
0.1399721878358805
0.4676607171690116
0.8439865129057653
0.08448576564625754
0.7403805760093117
0.40297947783936383
0.2724002453869573
0.8794683501264497
0.8282158096215859
0.0403997450196828
0.7441992860455169
0.042634757511331944
0.23336264747854618
0.5061300311512699
0.6992565718066697
0.8177898405053753
0.6873660818886868
0.08331620338649326
0.21974137784546188
0.6195406174723207
0.48258969549805375
0.8066210278594147
0.022272566324340604
0.059385388803281036
0.4371726157518381
0.009887873175746242
0.41891062482601793
0.926916144056663
0.23722655750639599
0.2188864705562028
0.9224339297961041
0.18854314540693295
0.4747850761572199
0.2235223155594288
0.12154011798273712
0.33665722293040157
0.6033372718657544
0.5125230731945243
0.5580587479872284
0.09890456424034366
0.592348341403903
0.5084993719327577
0.6009567336321877
0.6002553797521843
0.2779902234406675
0.20240882956825734
0.7308634948244853
0.5598065586848837
0.27937532273011645
0.8538362157612587
0.2240376697828259
0.9997653509793525
0.8779067316642902
0.3971346136579167
0.9561430997332679
0.2458198078185564
0.4419291214996858
0.0733557383859923
0.9338966366951266
0.7061090293207581
0.8196841942459604
0.5940299981040594
0.20659591002251232
0.030263841374824296
0.6206452366737236
0.8352401274644365
0.009730445049699665
0.7704972485643723
0.4586254696432812
0.6590646149067992
0.3493248002382705
0.5934806233314349
0.03962556715806842
0.9643503083569314
0.7483576329370814
0.4247504291981995
0.4432052612752184
0.4799061179541714
0.5455460715622721
0.6466475680034395
0.06823521228419549
0.13059280166239096
0.9619801358582487
0.6162992440787541
0.4922049556314192
0.030416317346860455
0.13253684928394227
0.321911403077045
0.9278332115170685
0.28661534521602217
0.43669949938851416
0.9536470184696116
0.051547325454766146
0.8348663737586772
0.7573526735762757
0.5296241338334621
0.7254687705400379
0.46811212594759943
0.7463185716386239
0.4880744947130673
0.537862006259989
0.07015263025087903
0.7818463119789995
0.33346214301977617
0.1465740924585136
0.8200203498926448
0.06596016771513591
0.007368698209155977
0.1258133138275389
0.7942941113407505
0.2285190492351702
0.6442100456944543
0.388684772676652
0.9618890628102881
0.8800339040842217
0.7673570043516446
0.2862214375954196
0.039492961268733806
0.7867358181607655
0.7829902217458077
0.16821968830206713
0.05570156972054574
0.7290823895671649
0.8370274948947387
0.5320083913236648
0.7580392312441385
0.6488353303358663
0.7147194293441826
0.8823508861473925
0.18943283520137133
0.3900380379269244
0.4830171280832092
0.07899988261402624
0.8593410864480409
0.19566638403247538
0.0025736827965228137
0.25799513941338104
0.9396228327786063
0.13442188993971138
0.2692486545574855
0.3786144156043356
0.8263617457158559
0.8010818285425355
0.7842427757123316
0.06995845943333201
0.22624733700789013
0.9590153746348229
0.7974979598286172
0.7294708703764932
0.6497444556461919
0.2749212505624823
0.32075547648748737
0.7602644949560549
0.8231674469566281
0.9335366881693218
0.2646726386747795
0.4249456722318685
0.06790667049743826
0.7140136159287351
0.9186569334771322
0.040698470425605815
0.13743876099036756
0.05985265296558284
0.26258331089086817
0.14371115945151558
0.35138465766230953
0.7807312676365902
0.2763191902042147
0.8105974988774616
0.12076173744083918
0.2872575642149402
0.49598877431550603
0.540285823110734
0.1197100353579229
0.6786264165793688
0.5551664150301356
0.9719188836564622
0.42635457084195183
0.5783501620469372
0.3446966014245524
0.24262834794034216
0.9290990972431854
0.3446813396757721
0.7265958722939462
0.9736174308407014
0.17452936580235168
0.17003996079593287
0.44549980602886075
0.7138061054524532
0.6192364082493234
0.6277037123949364
0.9953758891692582
0.16736309600405497
0.9402535864013492
0.42421424502791893
0.7197313875310515
0.6847696930469936
0.6574340255242312
0.47239814878611186
0.35030222522492893
0.30663024797184446
0.8259772279006976
0.9125969712098837
0.5222178635667843
0.11526478871494361
0.9684473146864124
0.3786451748567803
0.542893912674163
0.7711897465424584
0.7330075619991555
0.6303308474316722
0.8374127565696905
0.8899122370517047
0.9882287972455737
0.6555191777927122
0.044909922144030556
0.3490350348730408
0.19471244631470142
0.4828137034028085
0.6984917336813141
0.7064880012750245
0.9299012303536457
0.23957614708184838
0.7854679231157207
0.65777370427239
0.3848336097370766
0.44032057959642346
0.2551902537865165
0.8634340683242359
0.5002312429845828
0.09694292139885774
0.7185462927018519
0.5375155905381463
0.16419076277449496
0.004942759521462947
0.1661652646334989
0.9036314872498251
0.5548846030468422
0.4787386753558712
0.5216506344605799
0.997288494502963
0.2790583543191264
0.8843747940157076
0.24166196028109033
0.3214669632462137
0.4307445214832848
0.5493604419326287
0.9764262216831437
0.5470133682377005
0.07449589101041953
0.01708110661922979
0.5122670300737471
0.7902240012722523
0.9435742243245887
0.15716348664792723
0.83199736608427
0.997069545486278
0.3359129328157133
0.34337308735978667
0.1495296850583916
0.6168302227779874
0.28930499758524175
0.7670680387129635
0.20181519338730292
0.05748164171338577
0.12215050802164884
0.9669281522510677
0.9142313342499948
0.3809916930200078
0.33723088381414146
0.8246234559987782
0.7947948937887032
0.3187592760343957
0.7033595024622872
0.6012819515067752
0.058085725651250364
0.9657457856263841
0.05339152576150885
0.07106129180549425
0.5315238021339143
0.44642086042906637
0.9669581610582156
0.44582495790229837
0.8546503573780185
0.43646381677427815
0.042424119907310986
0.5788681838033642
0.3463215024491103
0.6712328394763761
0.9049488765129372
0.8858347002433453
0.185230564013958
0.4753344764523362
0.44616592315883186
0.5274102790024761
0.22593327440791944
0.9071953205382765
0.04587663420882537
0.6610748808238738
0.8555576274384051
0.32835968405171523
0.6872884468259404
0.9881398841531364
0.7856381136305407
0.07930564899305437
0.944709414808809
0.3974926790855897
0.5690219670736313
0.47189367969101936
0.7962446694229881
0.23891612248900518
0.9335524422286715
0.4931310994140926
0.09392243931832944
0.6465453686026423
0.7322427364437956
0.4557569710684125
0.30981058867039835
0.37697045757835423
0.4239109575605028
0.3282217232046559
0.8690672361165697
0.8266876762636584
0.5187552758724958
0.6299561484118626
0.979501959957141
0.25004863422752577
0.35010580266442226
0.5873950972791994
0.37210666220285793
0.7115509586206776
0.8665972639234968
0.7120410457597525
0.7781481600353445
0.9752599344548653
0.8782651859607179
0.0839235151129244
0.2857975957747241
0.3593455870242307
0.3355751142690846
0.4021301046806184
0.9429037922402416
0.5651654102379148
0.7721529391637275
0.29865558081691856
0.10240190339228872
0.6280176537670239
0.9999919448783665
0.5026357539403796
0.04297954732360454
0.430636028305044
0.5101699845315318
0.18910296362744072
0.34000757020881733
0.6706914132072124
0.802618018009453
0.2497205196647877
0.3103736290978628
0.7800120384970162
0.04523919294505918
0.28252375937662544
0.6097406784785052
0.05592845833502058
0.0456852088658396
0.8135154187351391
0.7218848789994491
0.18409502996088978
0.5083547753070504
0.6350337602255542
0.6471499961614573
0.40733532242517123
0.9446866472700841
0.17413180445039556
0.5706889460214684
0.826503547117497
0.4065774726859165
0.48877666944503284
0.6710449427933126
0.7070501411604316
0.4207627698401325
0.8304979564234343
0.5157585243655284
0.20892394573173645
0.11625676965132226
0.7091848530976659
0.6830686124830931
0.6576402064297722
0.5574550387800982
0.04905156139283151
0.3474093256377906
0.33078724926821546
0.7222614334794343
0.33436135993276384
0.5712867925700793
0.746941337759088
0.39760864672723295
0.6093194290719669
0.9572526067734046
0.6129038274225069
0.5039996707298896
0.8186152260307676
0.1310744268352929
0.910370328883273
0.0062052327988963984
0.2534156865743963
0.2508357044475471
0.08458661975765436
0.6190098685962961
0.8021802814186644
0.3665806033594232
0.9352418648041738
0.9749073092608738
0.2964896837785749
0.9912519112472905
0.603794435763548
0.7849037266223857
0.48914992967849624
0.6860534637687106
0.0016211742937948248
0.7940950439812374
0.10515474141216885
0.8120007345805895
0.12982661306234944
0.01044233640369363
0.9656579315059205
0.8543062704228165
0.00424329909722021
0.7681772098498102
0.40092935419864617
0.8873799406518346
0.31810006588868744
0.6765270223174692
0.040337402470603356
0.8156056781089075
0.5500307588846847
0.3999571623942645
0.5957215412621305
0.9986905809424543
0.9565401769311563
0.5178859851884293
0.43908874883939897
0.7502637820721071
0.77574061986713
0.4198353512991113
0.6163881125954026
0.9845362768661464
0.013116691323709961
0.30623788393022433
0.4361879097984901
0.9782150261994464
0.3802719638137163
0.8856294580266095
0.9253999237666414
0.8134979525866364
0.3140559094112899
0.28571379195100066
0.25376629303711506
0.5728590141962475
0.5161655029931022
0.02879337467320764
0.6946440904576663
0.7674652842169646
0.12226034452886181
0.6613187453193162
0.8116933771482857
0.798451000476062
0.4348262409194181
0.7728165558448036
0.3393949130121081
0.47390624165271633
0.13546714986877895
0.6912139096968597
0.6598936136782794
0.7343206938211685
0.03000048484049067
0.09958462340830809
0.8694845049380103
0.7753557602901948
0.6736766818413226
0.18360106732196835
0.17512838621347437
0.6992011877876545
0.6740385792358174
0.689482703748732
0.7647040783311655
0.6744050157395017
0.07538213892488932
0.44899023498355883
0.3542749052054709
0.33894879247311616
0.9914745247008228
0.5110226977642496
0.3314677965851006
0.8424722568271376
0.5721319190821578
0.008631749191016391
0.7861325053504221
0.49093530594952095
0.464453680121538
0.2857757620627823
0.7477699610895031
0.4306368264602789
0.16095558258463938
0.609894367087135
0.6337884402903572
0.18839398426700482
0.014539868978427961
0.004391104735006368
0.25346673447784296
0.17081727349328069
0.2441849366620762
0.3493703840335277
0.7095737234088058
0.418000249142248
0.9554332888491868
0.9194825902341667
0.1929141282508804
0.005575088311014498
0.05620134488592776
0.9544887725232175
0.9746406699042509
0.49396851889707316
0.9611300457603225
0.6911642045835361
0.8669928836421086
0.734824957819007
0.1466405914388953
0.5244182895735605
0.045193292410748764
0.16194656683935837
0.944055047733479
0.6110156295727428
0.40155210021169085
0.4177333333253135
0.4395864851361104
0.2810410431641529
0.5374016614568579
0.7959882040560398
0.9876992058361895
0.08025938694573731
0.08930235279365095
0.5180858866291241
0.63828442159123
0.13077833821300422
0.33303176301182646
0.30188613039455436
0.7282922971033947
0.7679306149771076
0.9121898011055871
0.031405744658584145
0.99490643857035
0.08804965773407492
0.09782174834334534
0.5901456984484326
0.8300426835085822
0.12482061806454803
0.20128269574734337
0.08210324933618174
0.7148984539357599
0.8611463090968197
0.6346362201945208
0.7318810543437798
0.448475278603784
0.17897579562657395
0.6412010472904275
0.7289388275403785
0.5154415863008978
0.15130079219650872
0.9034293983503127
0.16091504834286918
0.8263987846439319
0.7885329642734166
0.07612121236189817
0.9670800978214484
0.10755832975491464
0.46573332259842337
0.7900488011505119
0.5353638202680401
0.41703362906771335
0.7776721952524539
0.8243864241948329
0.1650343889582644
0.6213949835893099
0.49545651431063154
0.9559103679758877
0.1219875645208337
0.17883185411842506
0.6314687399296539
0.45875437334858415
0.42473808758664455
0.24421171188207214
0.3586196776001819
0.35057650280238695
0.8165887000745251
0.9365200084973568
0.6754250982531623
0.2593134099633223
0.6030838335238053
0.5906112687933399
0.2601740568823886
0.21926815011453127
0.1637386894446633
0.9528965854058454
0.915464527289029
0.7960984509003292
0.9831671811852055
0.5745378463844016
0.36863981589753336
0.68734221190954
0.9891145159489402
0.10591500371446749
0.9641670671269457
0.3484376788448016
0.8335335296514944
0.8025770435611491
0.9607566241958785
0.2537655884466784
0.5077265028452561
0.315583549955641
0.7290297314232793
0.11806164571385258
0.34370688762778423
0.7580885098113479
0.134798599991253
0.7756169652088448
0.021318401702916323
0.11521340453797424
0.7885317685159179
0.4430056662807922
0.6742816260302462
0.29570223998509904
0.643335128127981
0.7756477851930875
0.5682210685173761
0.5115460730210846
0.6317862752997652
0.4693371218089575
0.10985849386960767
0.2157100216337926
0.6462187627068283
0.15493346194184154
0.138941079606563
0.5282915172125784
0.1875595540851397
0.9877384776497856
0.5531060129136477
0.9378829739040222
0.4345813829374492
0.64264622027751
0.32076537483119627
0.07760818026604654
0.31843945737501045
0.3919776718513035
0.8482287577662657
0.5442467316558256
0.4266198043124294
0.5649808213178569
0.48466328762771205
0.05405598447492688
0.20593382021068296
0.9662969096997267
0.6721235250865126
0.7103454298685588
0.9859524532546615
0.7652642234587114
0.8777672356607285
0.79555399512999
0.8022802622747709
0.9587512008653741
0.9815047421229661
0.2945255428148691
0.8633278379465719
0.7572806966717668
0.23471331982495158
0.3058735534638175
0.774748913886481
0.14752778583430093
0.2542804535629659
0.6047712024526498
0.312466386240032
0.4438435386615258
0.771122755226168
0.8831982963785454
0.6182187445810221
0.857277855352083
0.013459901595964996
0.6126218493497682
0.1808169719513405
0.9826444706449193
0.6725060896763811
0.04928242477378819
0.861809279376161
0.6324916276047662
0.3718742393561878
0.633703758635062
0.5260089926349522
0.6314123008819046
0.44187067884732056
0.9237382581914059
0.5453487166938641
0.024948194313994865
0.5859914000944314
0.2444065848630399
0.5587817448234346
0.654411792159539
0.7193132171551898
0.437984549352737
0.39145961464185963
0.20227137183468902
0.8571064759796879
0.454236147910814
0.9631719970802305
0.6223141350933208
0.436878322512104
0.03338655905205856
0.34904371841660076
0.3346226182549936
0.8681888002437759
0.40337468575108815
0.8947409778614852
0.6874703434279035
0.42196445992702114
0.7381193873336365
0.43394661124472866
0.9665625580606757
0.7946671238225615
0.10497999738540598
0.20762246084448055
0.6666185783202024
0.8125585373677447
0.7672856731748371
0.04258424591225318
0.8311121232096271
0.7774338641401236
0.0017545900227721178
0.7111726506288709
0.013056948755001074
0.8975803620092562
0.04081883822769783
0.16431167422010107
0.8130446510129742
0.09635001835511414
0.35631587380824137
0.5070034397095566
0.010312728020847706
0.24561808911427596
0.2637033966233592
0.1683161282727973
0.01844023824109442
0.5325316665616081
0.7448992259917457
0.7071802537174497
0.7693396898585436
0.2353362018486005
0.46304332012724325
0.09081500190692848
0.15753355029000948
0.657699560406146
0.17392457296098274
0.08436573545200321
0.8612741391315647
0.3508370574195684
0.1265097496813804
0.5983403124714466
0.6978862581665863
0.03887293868009778
0.5889580810606349
0.4546902984372416
0.6677816312033605
0.8552571578605885
0.3366994077002198
0.05289094377510384
0.49491551819485124
0.5966887300729278
0.7956000442060011
0.8441312252082599
0.7810250070249367
0.7058797694459542
0.5459349201999384
0.3547336916195313
0.8568096746524303
0.605627664625098
0.06183050705924442
0.739181065388447
0.035285417742698444
0.8240446988815864
0.8860382764677139
0.4886345691954438
0.25086225006213203
0.07442825290051336
0.9213433168955657
0.9725870758196233
0.002267435216539826
0.0831367682995432
0.1576086428015575
0.9493014310133897
0.10825591743774865
0.49496998305389317
0.947400493104795
0.044942539761738676
0.032119408168095775
0.6279342367861955
0.8933358101812352
0.47181943970174955
0.4343271541306407
0.1979071641995499
0.5167376894120974
0.9329114615551578
0.17220034661365424
0.3885981218760368
0.13988067866538856
0.7428603076835342
0.18134330882908423
0.803334252166897
0.8330523471906428
0.6848678090383079
0.5456248742812579
0.9025841083252834
0.8528536783957745
0.018446785910622876
0.590823012324946
0.5047644660287801
0.7296053522028368
0.3547304648375884
0.021617062279914334
0.8077579305420078
0.04942274607057051
0.8240535030303441
0.9624313134223765
0.1747023899269191
0.020467979407479797
0.07477545370308802
0.25970463156638
0.6199956701178023
0.1130818685263747
0.16282567931710434
0.5564808058792116
0.5300921674148807
0.41994497542235243
0.3182061525215949
0.4597847323582094
0.6585501752126782
0.8951114919158821
0.9076964685666795
0.5870699116889382
0.8459224969329304
0.2997051683988239
0.6522633705554091
0.40009269118098545
0.23246478246788094
0.5072622328039591
0.303184757759679
0.5128896983526224
0.9552694619404767
0.8031508497787533
0.5326559692855397
0.595104568619974
0.45131571956167826
0.9501927649860045
0.7526541702412164
0.08273037309691211
0.524058739596584
0.08655723573389229
0.940093767846766
0.6554053580483744
0.2735643765333813
0.9721935493193175
0.3168149308599425
0.8427186007195173
0.8388282140636857
0.7065130515923853
0.90970347048837
0.1815535417425379
0.6558006079238207
0.8027272729207799
0.5992495250779903
0.06231724250369386
0.5957723818627829
0.42319386742753917
0.25410941420208255
0.7739735291825216
0.9161584699243727
0.6553176277686714
0.9447435348235058
0.28611849151978064
0.429349702015128
0.9389989375408162
0.0309600145120843
0.9909072825442172
0.6751855918356626
0.14431730251250297
0.12620306738505116
0.9684615174675788
0.16873421134345545
0.3420832688717709
0.5556811785773779
0.3364561549925218
0.9874473252577171
0.010086765374625384
0.9459395864248509
0.8979064233920669
0.0603926247229829
0.27431588713372024
0.010238122394920612
0.6107442840346934
0.5271470118737261
0.7971148237062079
0.42710397119209864
0.3685950835338587
0.44506811399537616
0.09319554142013009
0.9486867196928015
0.20423502002877414
0.9410437740195071
0.3796124412237919
0.5210504267487802
0.3055305975916711
0.6274522461062207
0.5472553450717293
0.25029566283965765
0.16823120311500328
0.7319486697119286
0.4791108059396002
0.5064121681467791
0.8008064894517546
0.9268259091007441
0.7344872582732078
0.3210206006125206
0.14359085062148658
0.2860809665056795
0.568595196867029
0.5056694641158167
0.7678166629552349
0.14695095240749367
0.36331802192821816
0.5941116449079925
0.4796895375986243
0.9075652789940888
0.8077056797674061
0.7949918514422847
0.6704778611565089
0.9534934669022582
0.5856673961274745
0.6306354335906874
0.1256604439376965
0.9733512721693197
0.9035358745456419
0.8331353365665196
0.5344952914663541
0.897259976696525
0.9216203798138928
0.37069297020048286
0.1259436114984277
0.5718368915244815
0.041561279046266386
0.1851761199070966
0.6977031556823148
0.07152807163978747
0.04524436181711167
0.3361145096689029
0.802175377250351
0.2384764421333686
0.2812280565813582
0.7668620841227842
0.006511052773829351
0.6417523128957385
0.45108242537592635
0.8354126884144372
0.9534496078091786
0.651654812866502
0.06073383899708118
0.08536297832371054
0.4154875836427271
0.7359270225380553
0.27085446412612824
0.4717754287374376
0.6569816045154523
0.40210904131930947
0.7055316537760102
0.402200964125476
0.19711247590385006
0.43388699069148173
0.7598966685706086
0.5048793017943359
0.5012061032710022
0.19917849325937786
0.08508825131048237
0.9941425077118271
0.21872835674074842
0.8438274801959191
0.22287148059347794
0.8673052441502725
0.3333406331612637
0.12716500863080726
0.8124279631958926
0.9378330230293067
0.993723439727144
0.5043246144732957
0.398278344067058
0.8863374090474287
0.8534455314191058
0.8150839377453128
0.6309936880541412
0.09395530243355699
0.4639766187475587
0.6001375807289863
0.571297490674529
0.011926622705057732
0.6370116626913861
0.6330877698753906
0.883355740855376
0.21669331127404634
0.7205956761142551
0.7300739055309106
0.934496977238383
0.10159962166927938
0.4181072817249173
0.27884321082396846
0.2063003783150752
0.36428219647238147
0.11998065680743608
0.21519876551150163
0.965935101918755
0.06309538506643964
0.7151152289940891
0.3671432254213447
0.8468287437851961
0.036426167537361276
0.5022426912527521
0.18566991061063864
0.8441890190688103
0.9055096856240367
0.13109171212231963
0.8860351622941537
0.2435977238414675
0.7143651820283212
0.469010445222934
0.9344793935727344
0.16984073388752485
0.49972927017056357
0.9107778849713184
0.6327462607903264
0.7683342422965156
0.7293718033372811
0.9276547847514063
0.2763830796190432
0.5129519746598735
0.5989368307311697
0.5862956039102057
0.9926876201518814
0.7717534780125189
0.6354596172868613
0.35896323114766915
0.9002996291972805
0.5560592056811454
0.9199679608636554
0.7935583123681524
0.6748183406014455
0.32851316554243437
0.5120841209290652
0.5152954124004935
0.9534597712674256
0.8522195559490858
0.33630147441853964
0.5914287982610305
0.26665049175124844
0.3257344426217472
0.8726177010098891
0.5062506017709782
0.3455874929705749
0.46763970903154783
0.4834642888182945
0.8656545146254189
0.7221765509452627
0.7896211278683053
0.10437975704589075
0.478878810631837
0.5113940301949409
0.02841817901606114
0.3276320488738099
0.6496121409952319
0.1460004661321338
0.5947081683836728
0.6160031319922606
0.34946660831134724
0.6196662774352865
0.9409328614868123
0.49820681989305526
0.443892411130437
0.48695360589996384
0.9502708947444026
0.11791843443974837
0.29392878582104276
0.467230523811629
0.8054047240196978
0.435153137858707
0.8667565493570064
0.004476714017686234
0.3084260689458247
0.7117370651427031
0.9538373416993865
0.5460730516871167
0.2921691004578497
0.6518735293628732
0.2174955571944045
0.621049391884419
0.5884561169175877
0.7143145392661576
0.5651188248941184
0.021898720817752793
0.00018559501932757794
0.6644049157355548
0.7847234764629191
0.5239479952635352
0.8618877472403892
0.3922752971338279
0.46645152036609483
0.6124086646919324
0.06731826166505128
0.3877169469997469
0.981636205823265
0.6296135506592232
0.892856191220941
0.032779961565606586
0.6943934303809293
0.6035785274662764
0.5519168189095097
0.04989373224388727
0.640266572257674
0.7739108086802752
0.17828643731795457
0.02631674867648104
0.6222725595229915
0.4922186438272057
0.8552304984470954
0.9249801983090679
0.04676756972102636
0.7415594660541702
0.3824224790093601
0.8872980572806841
0.849870687366073
0.9930968525772634
0.7041856677562076
0.4352739994893332
0.5497544888229798
0.49801917282509034
0.3102360012476063
0.38824317636320327
0.8009317270533446
0.3989057858598839
0.4640584003708831
0.42384475403486643
0.8237373803830752
0.23710934894835478
0.8142457406600906
0.2333291117885148
0.7355261442935563
0.5313556451965784
0.8005733649500938
0.6480613438918701
0.11967516531563793
0.10764516604459085
0.2792787583770554
0.9470900023220934
0.13430257227900877
0.7716735686427617
0.9609602887908578
0.7949089864137189
0.08468257291613734
0.7323707259767065
0.5797047935887711
0.9040468653642406
0.6616578660642464
0.90879114412857
0.1934990465403369
0.5688769709393824
0.9829211231482747
0.8824711272891109
0.653675033571891
0.6750486863641671
0.16485676916390657
0.7935010764333478
0.07508493522687154
0.6531984038952467
0.39970541695984596
0.9209440562914748
0.08889650553970241
0.11610628684006685
0.41613277118480185
0.03686434679331685
0.7663450448040957
0.5952233545052333
0.7608561364911682
0.8781128843991209
0.3644734782102209
0.8755000371271839
0.5548009194687342
0.24114913336142463
0.46383735238330737
0.9167066181054723
0.2493307137303099
0.2725617073466622
0.6433468474788568
0.2449427072185777
0.43641424551750696
0.5015827346613395
0.5688633673918504
0.9997910346630134
0.9511631961387828
0.0407743451398771
0.2598630505517907
0.5305789018001966
0.34599487465043843
0.1671976375947185
0.34242596328326436
0.549468108486055
0.31274437956064716
0.1887580289350862
0.29700350527852926
0.3696020673711645
0.7823709804769409
0.0990532180128747
0.06586342420263458
0.6832967996699467
0.24147359537765556
0.028933205115151517
0.8978060221822325
0.6682703014840493
0.27065115182336996
0.9141140887521009
0.9766909771544493
0.9491618979903201
0.43181319987164457
0.11557083095187315
0.20550938709195632
0.08710258529537063
0.4098670133217429
0.9530664266815827
0.4991810839455556
0.8218531403602477
0.7487773241201536
0.24205807803384605
0.07695222659927847
0.2490363490861508
0.612815674750111
0.9603535693346411
0.5392139199127137
0.4792465049145248
0.7508858206277722
0.11327407861986993
0.9637576597172536
0.09632755235850832
0.24513309620134294
0.7147121307158499
0.8629288294196039
0.908868716178105
0.684614778754679
0.5563567130533632
0.6058346915019726
0.07197494067674204
0.12062968339978619
0.09848977039257711
0.8287086098158768
0.6456262826230748
0.5323750592349356
0.38314173812174745
0.4317279041687395
0.05144931068161329
0.5599193269024312
0.3440260219256859
0.9920273318867175
0.6914803916438406
0.9460496163489694
0.2675555897723777
0.8103464089137182
0.20050930388524546
0.46937307284417584
0.4453773370996881
0.35269327281403107
0.41784885659504534
0.1481214380224204
0.251242973804473
0.5486035469178376
0.18488471713754073
0.14742891463529817
0.9736676253472155
0.2640181241631355
0.5015163142620174
0.1324228798663648
0.7407106748061701
0.27949839960135725
0.4076089919325624
0.7752886474015723
0.7843455267844864
0.273443760343428
0.1948339940681354
0.7465379477596097
0.10926858519744187
0.6351705444518151
0.19978162457662585
0.7990332820257203
0.354629616296249
0.414157648100523
0.4809902946418212
0.48788850615374824
0.26704948150555663
0.34945904943853623
0.14054213703480323
0.6601880425370177
0.7394229931537146
0.7172283985551653
0.9151334666957978
0.09553606355921473
0.8123886018878809
0.6844972689962936
0.9320367155560342
0.5817684660594885
0.38397820773480285
0.963792505093514
0.2021274664779713
0.269729851622712
0.627844350863025
0.8258745612511689
0.5051587769139371
0.366838562010284
0.2815939872807922
0.9468236717665525
0.8117224501099307
0.10123299081527815
0.03414134172733008
0.14089582636953246
0.2818446215175785
0.4166126168139028
0.2146249581278592
0.7620158872619298
0.18192109973229076
0.04245763050472118
0.8653170355624659
0.4444709021246044
0.7697056492961311
0.42513145926281837
0.0670855953795989
0.8973114479403113
0.31132191649674645
0.5024403125393038
0.07835338847681805
0.66716429187842
0.9147781709518082
0.4575449143512007
0.4471296794153983
0.14060536067102702
0.7912208724897419
0.39768913902040315
0.760574371105661
0.5699368065882464
0.8881721191216528
0.3690313128663639
0.10768640824436837
0.5751572619038713
0.5782525193747167
0.2409335985102562
0.6480911519924039
0.4001105273578486
0.2324000124175315
0.7713855833989505
0.9035346909688647
0.18224190373222782
0.05835208739886488
0.5998085642972885
0.5185755034021057
0.6330879921398157
0.5431673204227226
0.004306876012867833
0.2730964062888551
0.8205700362883735
0.2028194415833725
0.007503549933138176
0.07164348195986281
0.19435710996689537
0.11240544105341577
0.818417296390056
0.48323035247683965
0.602010074124461
0.8672664510948082
0.6574086537074842
0.16012995011584907
0.8063128627807382
0.20832869913383123
0.7270428710544535
0.12530794842606297
0.9331428304054464
0.5342288397823102
0.4637882251207279
0.48553558104767747
0.3544274248958714
0.9182964658345713
0.23378773389437257
0.6008517192977293
0.7421795352041141
0.05022388761373031
0.3205136626688936
0.12092738238844136
0.4172992460772419
0.7302616513607166
0.39293334749164777
0.5850182745704718
0.6607751162506555
0.15803519255640686
0.6398865622653139
0.47457419512659005
0.3551132125568853
0.2785870654200516
0.4096934142006423
0.7062065512474662
0.18026778544140276
0.8750056912723762
0.50358343934895
0.557598240318898
0.6010424245174841
0.9300104582736781
0.23735608931979912
0.9300729927715369
0.05187600793892133
0.01812017052543513
0.007753221652169517
0.668923998599331
0.050123175377145945
0.13553987846043147
0.3783447547958487
0.3862345332611927
0.4503842175430278
0.42665884764947415
0.6342988772388654
0.8608058304011931
0.6901344537141278
0.724060495273485
0.3462282728993672
0.6259409756615562
0.6708488692549988
0.6832025888738222
0.7303744716432848
0.7982152716980713
0.8690129049653288
0.5634339483858523
0.4957124775006959
0.5489977302806681
0.3778552762931221
0.3837718132415979
0.42812856423503687
0.8753696441489598
0.8433347898041093
0.2648717377816211
0.17764357651575524
0.4882204650522305
0.6768573812754043
0.25787968816971363
0.5867256474225783
0.7026828473978556
0.5023960774969396
0.8563637834448546
0.42605520079902304
0.1897024328295931
0.527131005685129
0.6892812546045926
0.5886766058758728
0.3274198755556581
0.4124219801764365
0.6009433475880284
0.6342901977363052
0.6771764219328174
0.2658723771577962
0.4381995870111467
0.07250950449975346
0.8013361863849873
0.575436954571579
0.38556972454341887
0.9272281821082489
0.23875192389027156
0.26297273947545485
0.6158102461694646
0.9338118984055171
0.958583189544271
0.5473268273099535
0.3564097346371222
0.1866504714684497
0.0243091293204607
0.9760004648273497
0.21176521197314213
0.17667610027215308
0.51716093025765
0.8096239138706255
0.726299524026665
0.9367734558600068
0.9918309344914146
0.9249221661268916
0.7255376957647391
0.44757841208021987
0.8671997637582748
0.5395466308402952
0.9301676695689823
0.546981544826637
0.19095408521559876
0.3560935062375511
0.7023690566551971
0.3337237789615135
0.1593514486710308
0.17282456840888238
0.5542010832491473
0.45879124073110156
0.6220209609926364
0.6150515520749751
0.22459885628424991
0.7578869392027673
0.5565716707491047
0.40384073882403526
0.7145347524895254
0.39407729507254485
0.15891299939793557
0.4976394970977962
0.6591596564482755
0.05178147599246041
0.7625748200111967
0.5176217665750319
0.8112466544075498
0.7515923999579472
0.27394707736499657
0.09899520527366223
0.21201737798578169
0.5399879269053642
0.1902422950863153
0.1982074454529269
0.833439170914433
0.648811572584969
0.5531162591414251
0.9299347353090825
0.09033899671032875
0.716472200251711
0.3832659401239221
0.20793113606256786
0.6411880521503648
0.3161324092199064
0.23995586248797662
0.3202622162732328
0.3231682830223729
0.345725655451287
0.5543071951723654
0.5821418999421113
0.9001405159188376
0.8004626869029999
0.29631646896749675
0.3785371365467657
0.5413912790334444
0.07055785069017839
0.35295401986878816
0.2338997619092773
0.5945432698453252
0.18522631800146616
0.7183246734308882
0.027830499182156854
0.26777245080214773
0.358573605593115
0.22675611918938565
0.11317554068235502
0.29448215568166514
0.7838190687872628
0.09581332520684172
0.8870009279583759
0.517842948745072
0.869365195904622
0.9886201958270698
0.31508606570049325
0.6031143142400797
0.013545188720993306
0.6535020784542005
0.01702203565537863
0.7624222043947438
0.5744512012520582
0.4538463018377994
0.781696570368576
0.4596745033229621
0.9070662945637351
0.26220974341337655
0.8018924145026934
0.5525539761927475
0.21199320296335988
0.2600864553290898
0.49192101259599075
0.22403626596668547
0.4683936485476152
0.15837965089646078
0.4836592697549553
0.3576382438534945
0.9083215773410874
0.2335070046138925
0.28405183718310945
0.71860984213588
0.33045522688098294
0.3601991715751547
0.12108716810736808
0.4175402800536071
0.048301544112689276
0.9144357789434892
0.7054505493229775
0.6533575584393435
0.42126868056610023
0.01859486317648884
0.991502988959175
0.6594577401888526
0.7265708570196125
0.10577533687923601
0.53392984636223
0.10970822392557777
0.5957515326511355
0.191384200880939
0.705348423578247
0.9803275981424935
0.3616803335180797
0.5574636270882858
0.8653592805857598
0.009151646508726796
0.44019981075192804
0.7788653863846486
0.5529712368347395
0.44555370175176334
0.30516843919080316
0.15026324596325258
0.9120250437069624
0.7422946565218804
0.7064664068112461
0.609126421888367
0.853186599304024
0.2048364257390466
0.5276012207000083
0.1921605248945607
0.9062754360461495
0.3841597295967749
0.0828703703815854
0.9113545495940377
0.32313957774697566
0.17588565027988934
0.713608750726971
0.6906558178599574
0.7539833784887604
0.1715075730151132
0.25886846465213464
0.6654275633466157
0.7390002333288532
0.7967982971052577
0.3479495798941167
0.7142260507965773
0.3323569416100931
0.16796489439040652
0.49052009464840696
0.566068011045659
0.40702255714588487
0.3978815395514631
0.6246340685422427
0.20624088106829508
0.5766292128052807
0.29273853056104593
0.12377701878155023
0.5898417572113707
0.21449813362725167
0.9937032984347813
0.2611381455129773
0.864613893572206
0.750159004802461
0.13869738652150265
0.7826289755275764
0.40328185727441224
0.28013651389022143
0.5461507899868963
0.5497387020851632
0.9504696975092309
0.5424732272089617
0.2556031462055294
0.1791365246548159
0.10041929493054991
0.47340267552606485
0.9992788196845828
0.22800169882869836
0.13910844722023163
0.8897826554364483
0.8242712422011637
0.7523823465385436
0.008001690591648791
0.3223435434439246
0.6367287446719504
0.0004544095913645574
0.7765490757957293
0.662501836698471
0.8974432622782432
0.5933722617281814
0.5466812715037536
0.07943443253800986
0.5624995825418263
0.7934730815478482
0.1549322656717107
0.6143047854699717
0.6331520190379148
0.3629172068554416
0.386453233915514
0.9649767237036126
0.3558522860321476
0.07541702574455311
0.6700646311841312
0.23724764768644102
0.19636046801542406
0.15952736199359252
0.3846259145275639
0.8575780884527338
0.2011288178661318
0.8240406033339249
0.974385159646339
0.4174892782671308
0.2546559464148298
0.544349851820725
0.04460398356249784
0.9512465811053985
0.04326671001597049
0.9732143678010444
0.48863537847145044
0.03614142533007325
0.24378074644357672
0.18018098472920108
0.4837657563110882
0.1486295338278366
0.5697909427844905
0.42098638879195627
0.8855142725521589
0.9097794284304086
0.8287802793587316
0.7915846533998415
0.1487161707705157
0.20992895347321783
0.07006389503975274
0.9310153680237789
0.40859941196942606
0.715144923024097
0.23655043278868348
0.40314774922432417
0.7661963121634164
0.9270242437374093
0.4725751339418086
0.5094062972145776
0.1398154409024086
0.7925716298518698
0.38556475904392595
0.06290417684144689
0.26793109900874446
0.842333839826737
0.11105165393555161
0.08898051438220778
0.5787310823372648
0.9726654308728525
0.9885633875533625
0.5079584776329177
0.6776959891815131
0.2819468250193762
0.02017048981107694
0.6030108562960464
0.14696604041519123
0.8207703543350989
0.05398445560194698
0.47934052178445874
0.19888447709460322
0.7225557512389043
0.8116543806607127
0.7804534877593367
0.4809891710841736
0.9437511714235678
0.46191949602068494
0.6431222107026598
0.990857039274028
0.7617220235942858
0.4315321785661361
0.24470755999147864
0.6265887142989336
0.2536243090291689
0.5403739708855753
0.3248278803613658
0.37235326220793963
0.21100512315888487
0.34934490981273814
0.7479340031165107
0.4982964874247764
0.33256813125669715
0.8176143228212981
0.5141692952139703
0.44024810031340844
0.08148673737013323
0.980078996200133
0.6229644634660833
0.21704664682530994
0.29384379502638247
0.37638260630635434
0.8471364687599853
0.3419336030204905
0.48122116917999536
0.38960771560933094
0.7848320706827772
0.1893507012228992
0.7831581421688063
0.4857600780260448
0.522475982713218
0.6896076027099969
0.6941433849105033
0.584422178427474
0.8639548292652354
0.04126992770421223
0.01499952789410719
0.43646100983567004
0.3595874820663827
0.8547500245016458
0.959965721767216
0.9364332193656145
0.3030032822880533
0.7704662704626932
0.9884782193985834
0.7553378128076953
0.4548700552523811
0.13106880881791283
0.7245946075142906
0.5436252801047633
0.49948329409196357
0.7296132531299279
0.2772024209518027
0.22487898179442345
0.14354949707204456
0.0041959959615487374
0.38059863363899127
0.5773434811400112
0.3260655773255168
0.304447858127868
0.03772107493959198
0.38348085212236915
0.2240178134112839
0.016415792268727247
0.7672590588378384
0.9169955170514935
0.6106930122994706
0.39974486664097686
0.13106490498794876
0.43227456609117065
0.6517160920773089
0.9647055470554051
0.9497341512074484
0.6229490594819417
0.4084970338578022
0.09649475420129394
0.5019168729949884
0.7242895016635529
0.1595922701402197
0.42037085642182503
0.046868527928656145
0.048406354203655355
0.14755429018874633
0.09356658333141543
0.2099432256233269
0.2617343300511793
0.5121646166358254
0.8085563415309345
0.127178714562452
0.641037151040055
0.9805150350442914
0.7971367721715535
0.7578164287398818
0.8771770067369703
0.350222647280507
0.5359130566553322
0.4425463584178113
0.7351510942311044
0.924134256625858
0.17116544130599032
0.6104612771142017
0.02440495949627397
0.8331963422080461
0.9047038883439967
0.5191499977349789
0.885190957876923
0.6187368034389172
0.7122012400668308
0.05005538100475815
0.35474674070456347
0.5362251226089136
0.8016281766748944
0.875167067013449
0.5413279807087463
0.7896480095631725
0.16179612356237472
0.7613153541972125
0.5046361467237265
0.3089577627557458
0.39964695719762144
0.3847770327776213
0.11794037934775048
0.7426208337719029
0.8198112424783298
0.7915998082665464
0.770200615547004
0.05311464114143616
0.3610897341572131
0.557997124042536
0.7557564954665761
0.47529079888025483
0.5718950667218995
0.780360514879969
0.5946544957127112
0.6258432017397673
0.28032438476895205
0.25588179764182895
0.32844379757509845
0.2366899916252384
0.9944152849365782
0.6024730271770055
0.04427887100692807
0.3258983196876547
0.3542713361033041
0.610617186613472
0.4944247979645058
0.6168515659194097
0.15012548919897772
0.8199778761745197
0.6987690331541915
0.6696785988611181
0.5190430257549485
0.17004191767460042
0.8447013364992344
0.498535555295577
0.9378479857598423
0.5867636555848185
0.631730921937928
0.4141497964551528
0.540990361549738
0.5361253746176361
0.44746849295649604
0.4531077577594791
0.10945389760276791
0.9007233419625891
0.407107677103724
0.03368672241458215
0.800436945594393
0.016934696801463978
0.3402991400186911
0.41260259572532165
0.3174221008484598
0.34791491769965377
0.26731762893775046
0.10786493548593457
0.7563827257687028
0.06162193974715613
0.7706806891910888
0.700001319370347
0.8062577062926269
0.733257606530396
0.9388850581379561
0.32723332296710395
0.33045796662490967
0.4979623517358748
0.23568506410180623
0.7497567466559674
0.6110519186779915
0.24229516904644854
0.7313446867918971
0.0740988635730967
0.6984090612330139
0.8419751710667077
0.6215532075873099
0.10059597540686227
0.3764641563518655
0.0285571730027272
0.8552016110584256
0.785354891462621
0.22739732180583838
0.1991584417644493
0.9939755071977604
0.4926319999252491
0.15940772001738845
0.37104975296862663
0.13472737659678657
0.5543841086897587
0.5473919800699464
0.5268684253806356
0.8398491251504555
0.15081576438927502
0.8287205116280681
0.7964069454698146
0.5413739296920852
0.6790674033551539
0.9949386916784436
0.27737572507603603
0.8112936695197583
0.5867598462830611
0.925101622747141
0.8102340322180559
0.22358646549564132
0.11293013050289202
0.9175847830823385
0.6911285431657169
0.2727065130667322
0.5009648178196068
0.09459546478474823
0.13217385091463063
0.958796302832164
0.026456473453247642
0.577242438298945
0.2597550467538492
0.20163877181377288
0.6174797840778905
0.4589045063036027
0.579227677588133
0.2033754104892912
0.9356039523994074
0.6407712204561937
0.12833546380505112
0.24427345093313702
0.5330283320798899
0.5358117608149215
0.99186170700744
0.1663334834734298
0.1045485712984775
0.49606099889146527
0.4564756682125999
0.9762867924063995
0.9126308605376354
0.57299448513607
0.8474302806452204
0.5825388737724744
0.17969221539946412
0.8818966692332318
0.0077131071783036464
0.6698742798696735
0.613754934277952
0.4085101646764674
0.4554475220321227
0.11124489250752956
0.261963736662273
0.569885759595862
0.48678668790333524
0.11772234255220815
0.5710246256244227
0.22123628297610298
0.8792380893927595
0.5357023335287991
0.8744443484831975
0.08673040717342262
0.3943014694542377
0.3147071466679696
0.5235201514681035
0.7845446314882462
0.9784988171623342
0.189639832195313
0.5323493704779678
0.7151248356157367
0.4183198438586304
0.048101776938143326
0.916699237693099
0.08649211141611712
0.2173020978360587
0.2863930509546867
0.8723969670895745
0.26155933318479063
0.632410015041921
0.697072757019909
0.560971169511241
0.42980864203406943
0.13207242557292143
0.07646408939574945
0.5485953470772329
0.32931251027526265
0.019683467110133246
0.792247591499033
0.8789549668225597
0.3749637026199574
0.6040673776890471
0.009292311555907817
0.3514797307553732
0.08491265003275172
0.09235228274422103
0.13613428567221364
0.8234529337284333
0.13959294944368472
0.3308942840988539
0.32501780189156926
0.25783027636754186
0.7563495506738667
0.6263377722429778
0.5351740712913063
0.7981707009391407
0.3175656079241638
0.14159361497009093
0.7520188140568451
0.36790214580422875
0.35131814262833316
0.7804617433664922
0.4442087936842637
0.1632153007753443
0.030974535885095578
0.04982073153173172
0.2360044164482753
0.9371991469186652
0.3337750630404407
0.11975129882255098
0.07414413627085448
0.15740198372329706
0.8783296654723808
0.18965687383861474
0.8764434229893161
0.9598219314839318
0.2470894483982471
0.312388931132196
0.7635896536002562
0.31940171112407156
0.2922366079048657
0.028580873969615395
0.49611116328961713
0.010422223298323319
0.5220693438946967
0.519838689958128
0.6652575116349051
0.7397600404071848
0.16984091255439204
0.5021327143323973
0.5195350539929603
0.3017943311537922
0.9581446401117852
0.7496798563560354
0.047900302910667714
0.7258188531611791
0.8893201892099514
0.9648003077928212
0.08612048819598572
0.16513498159016238
0.6159882113034066
0.6906796366400221
0.7645700960680405
0.7115722608497227
0.07570447326320373
0.10166052244451063
0.5737379525975099
0.4100029720190953
0.10985614351627515
0.7996355280112485
0.6879792289454726
0.49448774358501646
0.7293067073940327
0.1953060289023273
0.9585530010192721
0.27100962698643494
0.5379284511530754
0.6595192039170865
0.1637446098487454
0.13132387911881427
0.5800440398683651
0.3925889407811938
0.6868800312108179
0.8982716997179451
0.5389317439119384
0.8784528767637073
0.782296371463633
0.07497597823316482
0.7809318949833106
0.8657125952760162
0.9848413967218055
0.598657515452552
0.2133245200000805
0.04904929304540839
0.020232470662420954
0.38438073782201987
0.3040312401003704
0.012202794681432483
0.7816126889957375
0.2848578869493943
0.8973270765469233
0.5376469220106255
0.5519004139476371
0.08951123529639926
0.6521310122523497
0.0882896098979804
0.6720359524364009
0.8393130829605349
0.0280765566523411
0.12297133646574321
0.28198694927492873
0.043493561868773845
0.7494465087443318
0.9202311189174737
0.5943816750515981
0.3500268361632509
0.5881890867424495
0.7537540711651697
0.39989773101288817
0.8438761575790328
0.12461520554545236
0.5881103526975353
0.14904096724816518
0.4252989470152395
0.8680095907238078
0.9448403522695589
0.0067074784067947535
0.6550833467833747
0.7492711431679555
0.22663644143846584
0.7339293003740811
0.04440753708188161
0.5338310036404497
0.5813167523526481
0.11546232883026997
0.01408421892487477
0.1454792171704007
0.33748173286129457
0.9223826438869598
0.6512722177262561
0.24036400031583816
0.1501901569880142
0.07561540538071587
0.9513079435251347
0.6253105502344055
0.2576853912124535
0.7593279017359489
0.44812959278949815
0.27573838798945205
0.6691492687595686
0.7223770393322101
0.008837133602345837
0.7758402606000518
0.6786554795619211
0.901508136659041
0.09625202587606574
0.9773173752876492
0.8319398484625804
0.8017607340569544
0.9879100260802044
0.5528488112599208
0.3603003693964013
0.7775445351368847
0.2807414112464739
0.906606410430896
0.13988500129543535
0.4721061693679185
0.5077632945586892
0.596508232345141
0.4348205785541336
0.1936158773765836
0.84642848405129
0.021537242223464093
0.039081640753691915
0.9328604595536465
0.7078461810547502
0.6323344681586427
0.9446928277266344
0.06053693607534705
0.4619097739873984
0.3344086508585251
0.3328046540934816
0.48139912052005973
0.675437620522889
0.07068707423377607
0.5093769173850669
0.1680171718345106
0.0187526710551017
0.7937655228142834
0.38864970091013895
0.548667728342225
0.43069738003980707
0.16809756802755071
0.2652773569175695
0.181880679587212
0.22290044672674614
0.37849675574918384
0.9099459973357524
0.5144255383764067
0.5511825362858125
0.3637075170656229
0.4734902509776936
0.2900289848782386
0.08530801958040624
0.6424339284421546
0.29097054639274633
0.3528726209300791
0.7678605590763233
0.6540979587209305
0.43986739718202195
0.172927636908752
0.2688401373459596
0.19773163146785233
0.8254946380159616
0.4094413877594446
0.11465021281744736
0.11979090016697702
0.6419283460262772
0.2243980556233739
0.49846287617579643
0.8753107156500383
0.28819441455647155
0.8595339834357466
0.46352155108955795
0.9667047981614676
0.20715195247490026
0.19849573621453243
0.49175980871253167
0.5506458233696305
0.658456153916249
0.6499866766202462
0.5271861938811039
0.6958444319251712
0.1371784755672093
0.7082561714640035
0.11680437506531105
0.8731785268257837
0.006108118280982788
0.9740425986292797
0.6614092446329594
0.26450737424551785
0.9224536884398967
0.2520897964622255
0.7344190557584416
0.38763704344577077
0.8086095535449356
0.5806140462856524
0.048974088769616064
0.3522875113227071
0.44184604765839297
0.6936068020352569
0.9318534842609655
0.7855438748937625
0.21922894816546246
0.4686155250744328
0.09733102109559089
0.09515718318848654
0.29176824269582213
0.37065379942279286
0.10491180758826424
0.2751930625805932
0.05574178636379323
0.7671488762592726
0.13196162173618553
0.9009094606484007
0.9393345395305291
0.2593428323598196
0.5955613953314093
0.3083773704939071
0.529179986366085
0.8523217310325414
0.7174892990097486
0.20924112474928924
0.34408475491316426
0.868854383829198
0.34205337696869886
0.15214782585825493
0.9821636236797965
0.0014804788932099022
0.1885679114599973
0.309758438417542
0.9428067148585598
0.7927957155533617
0.2485870407598736
0.04388562297072707
0.15634655640468642
0.13563903057867255
0.22257949093257556
0.581186134708856
0.14198771353841821
0.09289539028029581
0.73154858152803
0.917968798369953
0.7585068878496126
0.4508846745031536
0.5361720028983499
0.7650615995562949
0.712427012394563
0.9408157545162404
0.14935601456288794
0.9423140924659874
0.3448139654108201
0.9895421952701771
0.03766917173599793
0.13719490442539373
0.7305399329016733
0.19386400079228205
0.07294125704049026
0.35307560857678566
0.7928026647183828
0.4518775308600037
0.017382644074719344
0.6901764506962725
0.9608852624242891
0.8303837286783122
0.6039005906959654
0.3257814370074319
0.8805865462477759
0.799122293521708
0.20785852536020577
0.6902129929402098
0.8244469810824226
0.4206077353902238
0.19734494672868474
0.8711897284579521
0.7428410282840148
0.4486003192120892
0.7960892407475304
0.22157363154728693
0.3472016043874707
0.05875360502653493
0.6964810851154133
0.9941449150092956
0.22308784306037377
0.11173741414889671
0.7197218241615222
0.5819270261602926
0.733502604048179
0.43214307314947353
0.5359549230462725
0.6037158535459637
0.3918118976073778
0.5757358283990134
0.8292942348287966
0.6418507274675017
0.45881267271713
0.9531267431972913
0.3209884646387229
0.9128971039549277
0.7499421116078836
0.9796944388045618
0.748530559252847
0.5317943481960986
0.02631566015595732
0.12959504948645284
0.2393413109729039
0.31615403662512986
0.8872271079247864
0.3859559103972555
0.5147266308811449
0.269777478309436
0.7819390136449804
0.5998570954445352
0.013128150449473575
0.9830939427121057
0.6150371716349741
0.6974622879905416
0.3312573501187466
0.19310375977609695
0.43231808072888656
0.5076682245795789
0.34752357359173613
0.6565433723054438
0.8431238375238037
0.22190011573649648
0.014236648341485636
0.30737222707962797
0.1602337404235047
0.14318788577149955
0.08338512800545994
0.3933139112165256
0.7198681716964365
0.4334162457643832
0.9653615797289274
0.9160674703979403
0.4820542068852369
0.025648896260463516
0.5108262928943014
0.23593682268993466
0.8055491594143663
0.7326858285686028
0.7529718496486135
0.14400948175208828
0.24171259832806158
0.8535193733451917
0.5507702962948177
0.05364850398566068
0.2981631232524513
0.25611357920772015
0.6333558536298377
0.21794459949239098
0.385751375959995
0.9979385499248031
0.761516089350535
0.04090740020232264
0.5813259934667124
0.03494949160733496
0.5943344238997751
0.6175589702151513
0.4139649551512833
0.4652079162605177
0.37734797448376056
0.6117240347158925
0.6137891535025339
0.055100475008085015
0.7531540057207166
0.4601954889925207
0.6501716606614357
0.5041185231112191
0.836219747299189
0.6780853872000137
0.9301001982457925
0.018419047598651872
0.19071967819026692
0.7325556891628284
0.7276463653902747
0.28389629840112884
0.5035448863308947
0.5507545111925917
0.2719403337749272
0.8562501813954452
0.5542002260309985
0.23266766922379456
0.9337450068318545
0.31854598160559555
0.5491238814347578
0.9507270766601692
0.11966886959738843
0.2960177984872845
0.010035744086644871
0.33540138651491413
0.3082522238388772
0.5633753715510568
0.18424012317920935
0.8696258859869546
0.6436067481953152
0.03163225857591501
0.3793794371589403
0.944812755408718
0.639983464338651
0.35948109531220585
0.7159554216845979
0.2673145347499545
0.8445900173492938
0.298499376805778
0.5380047600038653
0.24659721659552714
0.7561726650471868
0.6519767817891373
0.12563652511000134
0.8450116307855309
0.9033246163703427
0.9039134070492221
0.41270901622901957
0.12393489318423856
0.7491768314707353
0.15774551074917487
0.12874375839185015
0.38218673545825055
0.008073508368846904
0.013613955945869005
0.15624501539629732
0.35000765002647194
0.03502879060471753
0.40849710054119026
0.9229132641918936
0.37551931397747695
0.1802078500655504
0.2452892107082546
0.3328115717954625
0.9204701496348736
0.3883693626629624
0.8449120531130534
0.08136383999900643
0.9682018959254781
0.8671530152064957
0.8698058408732328
0.19613452614918292
0.13915558618135626
0.3482900677850117
0.38765308461847114
0.2986597117813353
0.4078687104907559
0.32226082781088927
0.1709473684153946
0.39216921527615367
0.3202974384374305
0.6396178897258884
0.16102562065959958
0.9458606628163769
0.5214311242302415
0.04113952911893981
0.26444213381179205
0.6684558251037085
0.22054886936614182
0.5041729964092511
0.2950683707162015
0.6420904632147144
0.9451009744907091
0.773972305477427
0.9270619744713837
0.4221588873326758
0.5640804352249364
0.08653109581052454
0.9818554576652838
0.29955505601790944
0.09788322317059983
0.8833559382829481
0.23657289958068528
0.16882197516626873
0.2740379032523219
0.26882111098408934
0.21179113498559776
0.3490417508600787
0.13681909100783407
0.06719072359556788
0.07331924285749136
0.2638690595714419
0.2736409823586774
0.5990901134714436
0.8656785153968732
0.10293054579752514
0.3822608363044815
0.7161528723655299
0.7842222419880241
0.4588837528478569
0.970204549827243
0.20776607224454868
0.0883433211764294
0.46274895495582524
0.951459658648835
0.4252806953479482
0.5599743846783436
0.12469756569676294
0.7853635137217692
0.8567502903660462
0.11959422146406173
0.42830157435744975
0.5887477499847252
0.4292058209010393
0.3262109245807929
0.22331838221319367
0.344782350114472
0.515670183378107
0.008300818951914923
0.11540551771015961
0.9305958320275902
0.9805607124899111
0.19943963135483034
0.3607308228861693
0.1906309689208373
0.10982424924985701
0.8853704116859847
0.23926308117912465
0.693827552554426
0.9410935776292765
0.8085100961666338
0.5025990965332763
0.13010782079504868
0.3343499807526874
0.7214051660706633
0.27050295518752265
0.5252715952793924
0.10502218095626781
0.03240379844786412
0.18490419751882947
0.5832917275092288
0.6791462497184313
0.7448205064280077
0.7209210665970837
0.5011334346357466
0.02415769041962157
0.9551263371743554
0.30154628014998763
0.5436033408196874
0.05908127912815986
0.9462063050490812
0.2659523022581106
0.514367165492783
0.3543296594944785
0.08848278661596165
0.800943686620416
0.014158002816011317
0.6940176356290352
0.34471196866168863
0.6609046368646987
0.03832936148019439
0.9926435798828728
0.16351784058864938
0.8736597360673493
0.033290800997478165
0.1331852317671014
0.9422366401734082
0.6579865510262334
0.004995771928143378
0.5251023236759909
0.041401503994386135
0.4630887436610682
0.6525352557965035
0.5684337630828705
0.5412059766926903
0.381159195435665
0.7860223417088812
0.7541224251505378
0.5445420180316598
0.18123216122580554
0.48033694788366466
0.8308958450290683
0.8517163874107971
0.8658445819264113
0.514931639659686
0.325476737242126
0.2587070088301754
0.9615965094767708
0.6547831280932375
0.7155919842847505
0.5638284531176753
0.7205209220222589
0.2387060979165696
0.7241946587371856
0.6069341808141149
0.03124397102056853
0.35862978866714623
0.5285086568757382
0.3107901948676993
0.11723632671688966
0.63706919999259
0.15895087863044477
0.7460128798236353
0.03402718754382783
0.2399073504149687
0.00068094805054697
0.6989721296352139
0.5680724574739807
0.2977359081715094
0.10447452659347312
0.08631758652866661
0.3870393017006726
0.3513861539152541
0.9638106165398249
0.8302947879263939
0.1945889026002492
0.785913579809344
0.5215092662194045
0.48577488123152524
0.20231066046398005
0.4721831254226351
0.43195120951182964
0.9929301468996103
0.447279906235292
0.9963346556639647
0.02385603372481715
0.4187447394267274
0.35578327260512166
0.9247907534519254
0.9837912771164739
0.44605831706249666
0.482074410375109
0.526102287888909
0.5120295920732381
0.6705978258743864
0.5355944445177129
0.25080964984613674
0.5900669925555025
0.47446063062409716
0.6509109999202547
0.05663024296562602
0.04305999970422325
0.3587697732154518
0.3517005752913587
0.3586661814768951
0.2806353234288814
0.13873041741622782
0.8134186143079593
0.9829582844632188
0.9559704097016369
0.3310736882020777
0.8388727960212412
0.006595872689484694
0.2957392614606331
0.39688266861649657
0.42673460826858634
0.7787242144377138
0.5224624252449535
0.24205235585911766
0.9350951734892162
0.7341745042252533
0.6159960849908497
0.5231439412423371
0.6204911370244729
0.8350740987348871
0.6423400919010791
0.8581510344727457
0.7673971408505228
0.6056775714807054
0.015640034677246062
0.9997035620874745
0.7140013963174573
0.7617915197325489
0.35320410277780345
0.3924926022948445
0.8271513299471881
0.37854979686801904
0.033550622662142815
0.30720772993933343
0.8826767149348824
0.38892741903922023
0.17394711083186365
0.9200356433853556
0.36686773027475483
0.9602656050054699
0.5065979183953413
0.28977722457152066
0.9307058736581866
0.9572116940600706
0.5515816125940227
0.1738973899434232
0.6005159676216009
0.26686209904030844
0.5598358302031012
0.020330656626020294
0.37702787927186854
0.2355277309674363
0.9309315732756265
0.2736223246163677
0.5394064858464486
0.8464255138877996
0.198074941860523
0.3419938402193611
0.31162950050171256
0.5537311944489836
0.21671922026613755
0.18617784604725607
0.5456621193395274
0.8808126176337419
0.8933658711034795
0.511377036122882
0.7291986678601912
0.9890943387272221
0.6475778695123071
0.9704581960308772
0.9353112047114377
0.4288882380498539
0.8129245975786911
0.6195009230228354
0.29716521563128495
0.1946569739589178
0.351522457657641
0.10607807389063395
0.21303366710111593
0.024560079995543216
0.5820308985314427
0.7161530819633574
0.7651598817081218
0.6077655685749486
0.10240874129037081
0.4572369054781571
0.7705909539754645
0.992892241623438
0.7264311534650207
0.8134554267949515
0.47292318507670494
0.02708137579999015
0.04691260521058571
0.6724352445622206
0.1309715125823694
0.0975784685023311
0.18877691684169073
0.19442482021693153
0.6636952382201674
0.7963392809794166
0.4215605081199635
0.07082440066863271
0.07028270628141053
0.3830567100371085
0.5636301996843271
0.7023071815765983
0.5601176746525627
0.08313820579873488
0.5293426194034636
0.3159707636871001
0.19942067964947174
0.32454584593595615
0.9455670603141925
0.9364671248479212
0.4096790990339192
0.9910445946595853
0.4954395338453891
0.4278157479433883
0.8375492389489111
0.649286169456162
0.5349104674357188
0.5306136788216592
0.956735292229634
0.49329010987027344
0.5715942297078914
0.9336128782068377
0.25941899708517524
0.4422646367398354
0.3956239240450803
0.9391440161709825
0.04813522858864194
0.42634481504570065
0.008660030354453174
0.2086232160030418
0.6485582892257753
0.39970626780518714
0.009896867527474096
0.4073859296890445
0.329484502881888
0.0316471596391773
0.7668563317039704
0.30735031342562014
0.3383667282278974
0.34361292457152826
0.5239533269693162
0.05152033416205315
0.2390769485040548
0.7837717385271806
0.5832629674566786
0.8360958257616652
0.17314295820062864
0.36063072482376046
0.8296148455996907
0.2239656721131239
0.7565262753480734
0.4933166983630852
0.1660846092990962
0.6676174246102156
0.07107770631707178
0.17852723553813143
0.8761491866401621
0.5900044215462756
0.6131283822954975
0.922791101519256
0.535216424206516
0.5486697926310432
0.12124338572852233
0.643559771530251
0.8569358528290291
0.5914339192019787
0.9209860907758834
0.40378449931314153
0.7786423338961544
0.9012103192513679
0.7966115657628214
0.41201630792559263
0.16547973673345506
0.22302225624716143
0.42792717040509376
0.19369922650243332
0.7441969569884586
0.36805052433694474
0.11512956970963728
0.2192095948059959
0.2653042375893577
0.2975505285885095
0.8552471423853447
0.5603270503467399
0.436222586380261
0.903734493879011
0.8308872705056287
0.33920643701781095
0.8682549308144938
0.6252228171301548
0.025308156360010936
0.8325511705085815
0.13665246865179714
0.4614257495843117
0.9874056053925659
0.09857306277132871
0.06574525259449282
0.783225172714007
0.7360247931066554
0.9054551807394088
0.5200515666479214
0.5765835011435614
0.41507787241077865
0.5574177468050114
0.3074751888297276
0.4012146010842127
0.5892686028513605
0.9381197874577785
0.2821461093084402
0.3982098595277539
0.004795069030689603
0.7210120066249421
0.37215440849103254
0.1385196429889638
0.23022225393956974
0.23238893341829214
0.051373176943122933
0.9684489824394202
0.83978658165396
0.8952718877702933
0.7247611808494467
0.778833492607074
0.7047144832483249
0.5308862929417821
0.6029815589710846
0.8013195887072166
0.5177075980457153
0.049380202129816975
0.9048679578344482
0.11818116745615859
0.8915675947930397
0.2225636453443225
0.6452150056602303
0.06136196921313164
0.2450040224381559
0.29883104899564394
0.8405652068550152
0.5719417400250616
0.21698804971318353
0.194062011079161
0.6971095206683865
0.8929808640854716
0.5355868688640482
0.8721781757833871
0.2325147404164306
0.6767071219356252
0.10803200584872286
0.31516731799947095
0.8274353465352359
0.7012653262963325
0.5958467112947259
0.1747679791136144
0.4026634796666533
0.9127584034258633
0.8921767002689832
0.7966412661891821
0.2743154910923532
0.4350669488472976
0.7280397563591628
0.8127388149423989
0.252149293085944
0.5229411421020865
0.10002912318384694
0.9087091960226908
0.21505160340265195
0.17311755333032708
0.33407688462855
0.6905674854912318
0.2229298549041513
0.2537208645223621
0.37820304796230264
0.7984857098570987
0.20568868211809122
0.5639678288062885
0.3517466376470696
0.5454445046087836
0.40766603779947275
0.1942000329978243
0.4693958433365205
0.39461966575326046
0.059849849550046574
0.920527817622418
0.2054035637485252
0.531759106172347
0.20239076211135676
0.1388775996131879
0.9666962442751768
0.6374397034112271
0.18637232416390448
0.019990878672191736
0.6031531606098418
0.7189754108969304
0.14649494278123165
0.1499324967105271
0.7991542617350438
0.522881317219335
0.655275847144028
0.9099221513787689
0.7625647158223842
0.6161809918313188
0.8445614190008202
0.24481235720102668
0.6556446387425664
0.698477150692586
0.5115951353249076
0.2712927113212291
0.896943052464111
0.08658897823758793
0.11457833641837645
0.38490865748657555
0.8040549063545709
0.5996913260338989
0.10660701263761596
0.13924096977598943
0.04419084603196188
0.26527506479326013
0.7570631872575683
0.19109943479487834
0.012829514005053277
0.3648793862363232
0.4659841127423472
0.03234226222346315
0.5702923185518166
0.34343070737361747
0.5896287919348246
0.061941062282597104
0.5319011399412557
0.017154998735926408
0.9644058571502224
0.7911679173220245
0.929449834664396
0.3324135072749116
0.6415223157711653
0.620290166654975
0.3400403060786925
0.6514444541410609
0.8261584450429524
0.6769153101928872
0.5129046301875345
0.1708763110051471
0.6526687012418785
0.6641368959849715
0.11565493196955468
0.6150106976435881
0.2212545963464373
0.5308897668348657
0.6684728179735846
0.7882563031746582
0.2717498552292237
0.047430927954163704
0.6380707510484782
0.9197275764604801
0.97660480661864
0.04561997997482092
0.22282798351877142
0.987904896906838
0.5978506066430758
0.16668138894554396
0.5763238140681747
0.3743859440538262
0.17177099686884423
0.4483877510186943
0.08856158219847898
0.2631403027982695
0.9602028707322359
0.9791120071552396
0.872496665990579
0.17531283346888782
0.13883389218553743
0.14795371095835108
0.7880525474428387
0.9095035286945514
0.08055914721003488
0.7281525583945775
0.17662905616756663
0.9435847072388801
0.6359055263800928
0.14526002116365277
0.9761770460551168
0.04649928152913796
0.012726781066371928
0.8020480991128732
0.04023467121934665
0.44711625696644164
0.21381803516013598
0.25889137163885156
0.293889931548303
0.41210302268038357
0.503793986529946
0.4013671123675915
0.8254551453253524
0.4959060506031159
0.045519740159000066
0.4660754788384036
0.13470903286807356
0.04331534262030656
0.6715791301080479
0.9411897557984559
0.5368823530480005
0.7487199417432614
0.7377103345356649
0.9100045570834859
0.15613346429908204
0.20604498826665196
0.14283426571708946
0.36375765770711677
0.03308057468026537
0.4194939636368057
0.894245822294297
0.3742586751016709
0.6180273248907492
0.18760170136118548
0.046734484886462146
0.7873662640344429
0.324839516885697
0.12173755518203822
0.45084486557559433
0.2751124195769794
0.879999906144279
0.8150802087363778
0.5081840526971617
0.16728118978762574
0.9171896221596393
0.3392185510302108
0.05062755714749967
0.4725062019158591
0.6398138582534608
0.8129165153428338
0.5354706614697723
0.8944597043690322
0.4022108063424672
0.26121116304275327
0.9800180711818132
0.45046333954366713
0.7448523218822736
0.362897952658333
0.4467991975463388
0.5078587224026071
0.7596657969432793
0.9705882436718413
0.4345423064018129
0.6677340765738493
0.6586763938154669
0.4799079768886422
0.2302360477069182
0.9461103028498917
0.07248960638563684
0.22303900635105822
0.13405168411477209
0.12944817435329525
0.9147042538401007
0.06668704292109884
0.4815953629170808
0.01434627388062093
0.6141660968669468
0.30569348601630986
0.5569045802929325
0.4805566332290331
0.13904312002854036
0.7608909433218976
0.8147984028046982
0.9919529341358986
0.5150230591843733
0.7134349520966349
0.31263654676623864
0.17184466032748202
0.47450511391173134
0.9377276924689154
0.8892373711117088
0.5570371125727877
0.4644768888787427
0.631181624150296
0.4226504654142683
0.4992963627350401
0.48783879130911734
0.48145436746275405
0.44867472395816776
0.4533850367172161
0.1562584087091986
0.460418805628248
0.5284579915863393
0.56759297539742
0.8922068764116405
0.18901488905028518
0.01620968153923663
0.5756950456448731
0.43365070474323375
