# browser_rnd sample v1
ua: Mozilla/5.0 (Windows NT 5.1; rv:24.0) Gecko/20100101 Firefox/24.0
appName: Netscape
appVersion: 5.0 (Windows)
platform: Win32
vendor: 
oscpu: Windows NT 5.1
cpuClass: 
language: en-US
hardwareConcurrency: 
deviceMemory: 
screen: 1024x768x24
date: Fri Jun 12 2026 15:17:02 GMT+0100 (GMT Standard Time)
epoch: 1781273822204
count: 4096
---
0.9340651410771436
0.26978802237269295
0.7164224825322422
0.3812617940762306
0.30938953369204936
0.9040075892002806
0.4527264600780848
0.39453862905781056
0.11997803578556065
0.8054721962839435
0.9136289876272355
0.11966459863349199
0.25155044700880314
0.9934878421063614
0.8849815436312962
0.6604166908429608
0.6120709421685888
0.21995361698199722
0.8863177610581261
0.5532721859913072
0.09754956300599449
0.7675608196172135
0.8089211819786205
0.155785769454167
0.05451429672897512
0.8754686909559417
0.7792779325239063
0.6852247061146806
0.6802244068830061
0.24549045084640586
0.5820509146140476
0.38246801804737807
0.2518910627612633
0.852330442442126
0.3800330709923456
0.12480916463670999
0.6826161879995423
0.4581720413538076
0.5281071156602906
0.5661830285555878
0.664456054067381
0.8149228014039629
0.9940596954423476
0.5444726200650943
0.5779617498987574
0.5266815881761019
0.27116823193688966
0.0629323886288452
0.4227431771185549
0.9405004221568959
0.6957989696518132
0.6263982922475123
0.2550493483248618
0.23527099791031947
0.7678249809771829
0.09283783935633139
0.006052523449886826
0.08657453996698428
0.41249337963821275
0.48692579816080783
0.09846937132032008
0.8995902981867793
0.11944111574889693
0.4147140579829822
0.9793475639679979
0.6226668965952936
0.5478792126077251
0.8170971818490406
0.5432912980269748
0.580918160110528
0.4965355022910537
0.8046578833199768
0.43309475693768473
0.6022122495671259
0.10276622623821197
0.22760938088063054
0.37369825614536967
0.9471820380745039
0.7573172585829766
0.4519345982796401
0.020575888383219332
0.20039122046679558
0.4995359008465916
0.5364548036002353
0.2851104076213822
0.33154907316016435
0.5924047828144792
0.6354430797834979
0.7372050319871422
0.5936746601386563
0.5675892534839491
0.9875311736356515
0.47932808293018214
0.7893689100666093
0.27776036721895514
0.29404060183738545
0.8363810805215318
0.7068604888829625
0.39677576297113704
0.6385018614499615
0.31222658643062184
0.204250087874
0.3678710244727781
0.35400888595551305
0.5264072665080227
0.5033845546057204
0.01583430296181998
0.4061877774428304
0.2635330939711762
0.7440507298992133
0.9112075282965322
0.9269425051023538
0.3430085868886513
0.7446866830779484
0.10287775870558491
0.5077725902835588
0.7482176769792453
0.21756520040011051
0.019992332514386035
0.741340825552323
0.34197892938341246
0.39441321739434243
0.18495217244400697
0.28610183088973373
0.539029149886421
0.13268768435435863
0.8763077220066204
0.4211848685076002
0.5064886588544146
0.0932369898187676
0.03370193665010168
0.6573577127893099
0.8197072163279854
0.5068341569035087
0.5065759103434839
0.4747802982258009
0.013584096274064872
0.3800765520977949
0.2141721408143724
0.6693906539630573
0.13840219956510869
0.7304039594585888
0.9064415211139748
0.10714771733217543
0.25441022231188015
0.5854953168570592
0.9937794941303361
0.9089886976058568
0.7808334525884056
0.03406190516553298
0.34808848811268955
0.21924161762907213
0.7526877326635499
0.5730622647983057
0.06848266901241662
0.7463661968833888
0.33271786001118675
0.360622823630699
0.9520221764767851
0.2072792043302466
0.37597569518046037
0.7544552204891873
0.813184091296117
0.6551531473872139
0.4509995644639673
0.6923191323286703
0.85534796272407
0.42546025576823876
0.4842512115947881
0.054088209902650286
0.013393344050523504
0.09616598847240532
0.11341224764218272
0.13423296461298362
0.5585779027987201
0.4253595270750401
0.9103371327326969
0.7490438503439055
0.285184546129182
0.7032416371603422
0.8659051508727393
0.304674268766424
0.28299624178789384
0.33527249480582877
0.916709192757841
0.3600922039654354
0.6404780884562362
0.7594155981425673
0.8374641579007671
0.8332858194156622
0.4206154167674846
0.9927961968751509
0.5232137827010653
0.01957736588300185
0.9046785303803232
0.2017256527979956
0.5418590428058161
0.017656533395133067
0.4087534927048002
0.6939260914351955
0.8502276319609567
0.9919528828169767
0.9436996425901438
0.642922216628537
0.7358483920133806
0.9392244411668649
0.6112646307223434
0.6719502941847727
0.37179065528403743
0.2727474595364746
0.9074077805260147
0.1483667860690342
0.8533731766511204
0.589250340802707
0.03845340199061231
0.6694223934101227
0.22324310724938923
0.44174198197538517
0.9465152676853145
0.7563994821201917
0.785270387358116
0.8056435377897301
0.9877047179174488
0.21649422459790701
0.9578985178333331
0.19613924724256016
0.10995436925910285
0.9804572384202668
0.024037953665687617
0.07142094353440798
0.9368600036373401
0.4788896027558335
0.3972833797156009
0.23950770506673158
0.3797637515646618
0.7812236039512961
0.4431820992877923
0.4755806750560323
0.2723714823257465
0.7888006401504267
0.46947508325436493
0.4522802507211312
0.05051826848155916
0.7470915813357586
0.23067864601217447
0.38717136168974386
0.6842654283098614
0.22198737192591367
0.18006916664911
0.5195894857270957
0.9103335158705677
0.47122073168976875
0.7460790971553168
0.6433387557750502
0.30994572750965454
0.8343625780840557
0.11030735486697196
0.44222073225078573
0.9304762708545204
0.3634696615148968
0.3207931995368818
0.30213039866479463
0.9588691023695016
0.421342472134833
0.086897253685851
0.6064638524138569
0.4206121898852123
0.38548548767315827
0.2710789564977232
0.26083990177754424
0.00012312374741729748
0.9132448841274929
0.9180554182990844
0.3386453446967236
0.8567220091352965
0.4472309265406941
0.6432712619259352
0.2906721528219074
0.74493821046
0.7700159734503164
0.34030472989021077
0.12012176120467377
0.8387172858631607
0.4532309684631305
0.46078085052133566
0.28851032891291195
0.40616520833668346
0.9885668830417759
0.5705573153348726
0.8885158807225735
0.884787319170503
0.23681980595988228
0.49239427977743455
0.7965665557001803
0.9667492651936666
0.5860014523578277
0.10801459163890148
0.10097686759293245
0.019508102536076155
0.8706696564254246
0.811406467547932
0.09069669934725788
0.5392317053398226
0.6720162889793025
0.6804152157842155
0.4852453819564927
0.3627448347866128
0.09188248305092162
0.6651171339761461
0.3881613316475083
0.04831100000457067
0.4737545322709712
0.47916260354796014
0.654305385480174
0.1763790430540758
0.8299259492404337
0.42422206815738783
0.9756135711827701
0.3184939636053066
0.9263943631070949
0.07786290972523136
0.010403436748182449
0.07589180712734345
0.07569490081773478
0.6316308439841631
0.30809513300503044
0.8988686075204998
0.6927537346360658
0.6788052003760375
0.6142169447696346
0.36383399718644127
0.5799795995392529
0.4202419129948032
0.3798221912675621
0.20702983344011927
0.7251923706483651
0.5819143891518722
0.9449527335720486
0.6922152005919467
0.11962192025277796
0.8192065571143695
0.9175418135910759
0.8241890924856915
0.7330924692675437
0.02070894399403833
0.7271568126393477
0.5108421081566472
0.3196407426680308
0.7182128302741108
0.19724050453610764
0.023499587052423165
0.16919919578135512
0.7597938841050303
0.25001698183521226
0.008638043022656139
0.26960790654093103
0.5093207706326439
0.5349861757607355
0.8636278509930486
0.5981023203763598
0.0984210064298896
0.8549393220326147
0.5049746484402291
0.422555849478948
0.6758801390450042
0.7526844171331761
0.42960327764525597
0.5601402559564809
0.17464698820870972
0.5171798499130869
0.49804700778955246
0.5146983334222747
0.8480618686451907
0.1695308408637708
0.05297667719151056
0.29400762084083665
0.7146209993634035
0.6973126042233934
0.827323384505098
0.4942451927436945
0.09453468235402707
0.9199402909695226
0.5933192316874514
0.9313477379835207
0.6215330598757743
0.888315389799094
0.6571011905199444
0.6975928452980091
0.4698178024076437
0.6487343697607311
0.11309290689594143
0.026611217862393732
0.0487540234113637
0.5340544987967327
0.23819987170075918
0.7611713280005412
0.08684132047710968
0.8843686622587532
0.5279238457251375
0.5354619249208536
0.8516989960408238
0.24494953858659063
0.6548223412425832
0.007229456704549331
0.23424518972742425
0.6409805961443743
0.06430972045127359
0.6050115268637097
0.562944974455739
0.48659978260528625
0.01361626789230097
0.29183910292506987
0.3079484297381374
0.05003937029988248
0.6067925461727833
0.7891639341417083
0.28513411764987384
0.16715301715796893
0.7819660527578143
0.5534000456179882
0.5765194236774224
0.07237932912858647
0.26662789542355136
0.5523508363764159
0.1461940846632822
0.7991985910420327
0.23254728585954343
0.5499265917275323
0.04987884649780683
0.5913977016248079
0.7539821579529508
0.17493959090594458
0.21140629356671237
0.16196535040944993
0.2011744342248848
0.5233970437313812
0.9708663047110603
0.43819823884028164
0.3856886738417479
0.42359479686309387
0.9968537801529004
0.639606158289076
0.6149733813188953
0.7794475878761892
0.699201980641286
0.14946192949031478
0.8105943765109498
0.5998746088007192
0.9787794742592848
0.661350135671438
0.4979098899868003
0.4206914950682058
0.007374652286356698
0.5088259473660279
0.7845278706502254
0.830343279738093
0.7433866541451213
0.9193036902780075
0.41070522872198245
0.7219451708588893
0.05798712091642244
0.1725521518570623
0.5769204996665876
0.7114809950936494
0.6716122701876596
0.28968177539127693
0.5321703091065321
0.8856421774581903
0.5820904100890507
0.9302664517132659
0.8411113351305476
0.6726723756191694
0.30340487596862054
0.6332506311321529
0.8389894475781452
0.16571647364276154
0.02803813328817284
0.4015501670852303
0.030367590666366406
0.6705547331525392
0.7760379995766667
0.9007631301860208
0.09098525583264339
0.598236151953963
0.7003918648751777
0.21916472232393036
0.6916516088304507
0.07800765846981594
0.9809906559442001
0.21916807722154308
0.5788955122455796
0.827068896701176
0.158409306440097
0.9996908418322433
0.21916560304955202
0.8810646897776041
0.3339257659889566
0.8843746808610897
0.8416936899855579
0.7628604943193602
0.3936460608894812
0.6523636038003421
0.8997056980435891
0.5470288273909938
0.3022981163235051
0.4363534803916419
0.8104840463567978
0.06360744823301212
0.5562024412804618
0.8268845464694771
0.3318559963193358
0.17707278469909582
0.08512293077692523
0.24235486411868
0.08600276277905228
0.6751052309411367
0.24914662592649894
0.5509919805904703
0.5510544451277919
0.8066053907861354
0.0894363075121597
0.26402661801408644
0.30675622620692744
0.9195532478271329
0.660645236607021
0.3585709783929143
0.44256146243947925
0.9666853700862655
0.0979788090501551
0.9342115596041917
0.8148278147368438
0.8705976207251079
0.05333276316516489
0.4590841107750151
0.27436268654854634
0.8697637430767112
0.27263351113835066
0.31920671810073353
0.07638447936936121
0.00309348414471311
0.38045094857872774
0.7491041571609116
0.43203699412443974
0.8330359914310163
0.3881495966089502
0.9922650039621504
0.5639139258815621
0.35586756690988874
0.04828947583214993
0.7167302993196649
0.6876211140691216
0.8026855073084865
0.9406828672197654
0.29412101515249256
0.05722451579166432
0.6957625360467734
0.09445916753218875
0.5396686585143031
0.584502138460785
0.09229920943128145
0.025684520393385202
0.9063218264278238
0.5702382358851397
0.4212444195685481
0.30152901724336245
0.9277587692314979
0.7703690120728864
0.6987369722851164
0.1296690795597205
0.9131443567633357
0.360608505107221
0.19385419011169913
0.015558047418984589
0.510727094729422
0.3602545029151223
0.8087357734467712
0.23039327950309496
0.7778803326143986
0.7291940102066827
0.5357848782255364
0.6890537077846401
0.821948767872429
0.6616985490206554
0.35953000420868886
0.8499765346486116
0.9092701962556116
0.5664195417236535
0.8818653792258345
0.41788757808192656
0.17899898286506977
0.8440645807837656
0.7667691241753449
0.9554947842383836
0.7438671482544307
0.8525555804998898
0.8242322851615311
0.991699932567117
0.011775035089574004
0.3840400195460343
0.18301396344063814
0.8515786180038437
0.520112740378663
0.5689473008304654
0.5379709728605774
0.22732428034985752
0.4389706358249855
0.369351754523113
0.9000929200762071
0.45954703670046193
0.1699050068287279
0.7272247627870478
0.6260070784381974
0.6047632974055246
0.1436833127875652
0.9927286406857947
0.7585991255719293
0.6276082055965041
0.003440527742233135
0.4735251162939075
0.8715298798062932
0.4752470482795166
0.848936486017748
0.818141514213633
0.6778101165311458
0.36665826470952056
0.11311179284137718
0.47475840322231744
0.6362285164015784
0.3609052038897489
0.943897335527072
0.6513524030563765
0.6693110778112901
0.15620953153044936
0.6722409089934361
0.04394807065713269
0.8926224857147909
0.11558420559969174
0.06157162554727158
0.09680406252081764
0.9476029793456269
0.7149794506016725
0.5544309226973009
0.7116772973134665
0.1287676513123689
0.9663405827793197
0.6587569370710795
0.13288114833987197
0.0009766792873586727
0.8806712606104569
0.9493162110482544
0.2006726113357037
0.6136190603719128
0.7051419775233381
0.899035451175189
0.28757407518510036
0.7359345913832888
0.49347797923327996
0.9004928769178276
0.010556072820120832
0.7613315595536557
0.5503068378749
0.3895873995387933
0.2465770891463296
0.05844090726191231
0.42784069874421304
0.9414107881654402
0.06979704480793825
0.5827798574065536
0.4472140724538549
0.5726067791335693
0.9758516840959668
0.5052815319588692
0.16699253185253926
0.2550080550576318
0.16189483354065315
0.4625788805701867
0.8278141419278039
0.822100156925881
0.6906864061739282
0.7888153268616559
0.5648194615531049
0.032869548458687836
0.08282375071570136
0.7498860496193415
0.09847250024539445
0.546850124314166
0.25328479470896514
0.3683976768355033
0.6895693226958673
0.9596907521573655
0.7367714687523652
0.9012664186700114
0.3756769281253519
0.8503245922207286
0.8309121089315358
0.41175753612805865
0.8939402063110431
0.9988276503732718
0.6272021696519089
0.16390211832917212
0.2391397685782315
0.5483130618778106
0.8966325962445871
0.7596095286083242
0.5060794622422564
0.904714651612755
0.4502756192321815
0.037427217470423546
0.5218265995038048
0.5950712335905162
0.9046682270788783
0.7567819663648496
0.786024702882798
0.13793133187424889
0.7476534363526705
0.00266948067075512
0.4064422264811963
0.21875515557168757
0.22241033172424218
0.06314248887849783
0.042117722797076484
0.10869924586429225
0.8257238006689535
0.2555798164155637
0.34790558294874685
0.3169261484714374
0.15111525042793295
0.8076019707279462
0.051923161705463516
0.9245902821281551
0.39827598029124034
0.4346313473925949
0.5913446369575575
0.9129078641586269
0.11731535019506933
0.6984786012089174
0.1821824307338451
0.06822769899758707
0.6596556323133119
0.5799686074092951
0.30514246701259684
0.7237765281124819
0.3669766611433525
0.953502984990979
0.8523347964613055
0.680760981983494
0.7454325332580277
0.8125887739025026
0.598566075571902
0.14076583574034396
0.7444342995825539
0.16274547428891062
0.23613658225151024
0.3768959798910212
0.7876115210423549
0.47183567154296335
0.9435086482323413
0.172867589232651
0.38813698282501485
0.447747289477634
0.34590958418909246
0.7672614230319476
0.021418372563317134
0.6994881057263135
0.76987711774511
0.15440941861127555
0.42523181034823665
0.5301363778573827
0.8939504136152472
0.11389310944851583
0.6506914506618815
0.7087237159384282
0.2541558973516228
0.2673907555387022
0.997020802580314
0.5730095600475292
0.5756313941972626
0.7946170636892782
0.42891070300514655
0.2262394831036858
0.570678098690587
0.17935839609358983
0.19732008135665025
0.9083617572535513
0.6687249564941898
0.5021127826877304
0.1628950627106901
0.8458102820697236
0.12513552345001755
0.3476029477400717
0.755753250373932
0.013844094754714709
0.09348219520628298
0.35343801484534254
0.5961994681749905
0.2815667250959434
0.5398587812678792
0.7904570720132443
0.5480100608554764
0.3521317717145045
0.3279970626838359
0.33579611981453594
0.3792430362175172
0.7592733075197303
0.4103985026801511
0.3764773322382603
0.2651016301812871
0.9361830083736404
0.8233876759963284
0.7643274774349572
0.08319922602279595
0.03388851124957892
0.10293924548915934
0.932290416244444
0.8236436339730576
0.7336703705096423
0.8133255033323554
0.6777058666587255
0.46467963975075066
0.7716877505992187
0.11207704099923088
0.7198851336099119
0.3491983147043658
0.27386578967336317
0.6624441081969262
0.34732148408368246
0.43824239415517796
0.28523061494625535
0.7484919922279998
0.08413163540095236
0.8147071669105512
0.07026031831613289
0.1481584630457662
0.325831560183225
0.46375658242078466
0.859453613104389
0.17604723561886737
0.321308741851584
0.6660448663970383
0.7222001096812841
0.32042625005289016
0.7108598181686523
0.30565375310806364
0.1571695684189175
0.06784528348217678
0.06942095260741743
0.01672629607001741
0.8088196690242861
0.8339821979039791
0.5496262178603497
0.3710980967797928
0.4422551749483934
0.4007731704493118
0.7710861963425953
0.24379748165740323
0.938553828782352
0.8975768201577674
0.5602881475473538
0.08410609583507755
0.6088075433671757
0.15806778624573004
0.009775618702451805
0.06694195466785968
0.5675094719060055
0.23475095424526093
0.5957741411331702
0.0026472908718209176
0.2545514779197433
0.9594321102619832
0.7701867410521472
0.44283364642845213
0.449978359115925
0.7006769227566071
0.525891618823517
0.635757209676182
0.286778365215576
0.8882344529350529
0.9235311027194072
0.8567676293830381
0.8343725536841262
0.44959815566969497
0.463489900017218
0.1676937172791373
0.7990980511170208
0.0353209947359604
0.48851772666220017
0.8435999808553147
0.7678631214999703
0.7973979238069515
0.510459427862375
0.5461681237513483
0.20728498138972073
0.5289736458195928
0.46881364790935376
0.8200278991941179
0.1230038905926999
0.17382889551454195
0.4493488192174919
0.641682211318902
0.8824998706093145
0.07054413553089234
0.31776274784739655
0.5602414741647584
0.20962135765292245
0.808934502126568
0.05638080613954988
0.4350025249217091
0.7701679738283089
0.24529545330309976
0.33114406664639817
0.8969782042510922
0.08525183282074933
0.0481935038335044
0.9616483473625792
0.4398030207418995
0.7327955756741206
0.1279823175520013
0.5187510678660954
0.4800117744908158
0.927407245559136
0.44091892778198527
0.23227222175788842
0.8175075136815488
0.6050054361060605
0.9527013694187738
0.7555726922589497
0.6741058969360398
0.08095084444116307
0.996442613562986
0.10430109166685142
0.8913630555699791
0.19907300866793542
0.8665429393287318
0.2633581441980005
0.9284649583296346
0.6438640572076115
0.25261666457538223
0.5391358323851514
0.01677552861777387
0.7492441332111377
0.03657510557031529
0.7233456740514537
0.19971243355158808
0.7046854831532502
0.0511631521806426
0.5302587059074522
0.014938578447169948
0.533115907166185
0.6296916022889754
0.5709376501091585
0.2604283251381344
0.5949038280905731
0.16440311036531385
0.3360491975631351
0.6267875511955769
0.6583617279102284
0.4348547952891981
0.2731024292520732
0.975277027012148
0.7695854484756002
0.1678960411671856
0.06446733952123207
0.6943089853271819
0.25308183032887843
0.14726478385042452
0.639284537658906
0.8767566566607236
0.17951811377880234
0.20352169128811204
0.2853861386295181
0.026237643024354496
0.5480605430878659
0.5839862567320384
0.4666045126566434
0.6226013507559857
0.24815207836885922
0.5275345974430581
0.596354103929247
0.15517186276180794
0.5892115355588229
0.3505638401982146
0.0701294029190892
0.16686750139982187
0.8166199155301169
0.9881232279235747
0.31756909642972064
0.44313856973472154
0.5684923012664432
0.7281577077988316
0.498995494186963
0.7267355099449699
0.6701159739134568
0.827004672410686
0.7418450403765608
0.24263941864777416
0.011569216856532338
0.800730271693627
0.4891641459549748
0.8770579089132837
0.5089171549106022
0.44958637223926656
0.6153523982229085
0.07020886164390994
0.3105142510888529
0.09181555389244578
0.4535923584534858
0.3546854513153489
0.4773259532079588
0.05822574629134314
0.7749140006914818
0.9995159660570748
0.33981455109556624
0.2304021987597915
0.06059891811727158
0.40460226376143316
0.6138171088327307
0.29311948039188207
0.1176370968838163
0.7310408418229721
0.14397655410388277
0.4154615835954997
0.20120786752886666
0.7499013422929776
0.8356691780258544
0.2753533130327547
0.32866317857171523
0.045356869932721144
0.9350053377736603
0.6986521451019345
0.396250095874942
0.5176315394786759
0.3213621849899787
0.6966437202199922
0.04281682360684391
0.5970503591732718
0.8880408498979816
0.35473126679082045
0.9440044755282296
0.7025474781665424
0.40402260969296966
0.8503027122496334
0.3659345090864674
0.25630853196681413
0.47343199138777226
0.8592059568988192
0.3591598548835082
0.0007935627877565521
0.33919703023735914
0.7479572420648238
0.9316550489931986
0.45520726538736145
0.31353014113442523
0.24275344579812386
0.9038791616968066
0.09555323303104213
0.5602356377233151
0.716553894107087
0.9194525696938529
0.24572977873938695
0.8024829104069802
0.841943118735699
0.2617466662860214
0.7266948170478827
0.28456678565335747
0.12018085250332533
0.7096934768496003
0.026547507512178936
0.9773098718400128
0.7157910991519515
0.6553798749089429
0.126445315271848
0.5841440227743985
0.10123769084160206
0.10149864749747717
0.1455944668535043
0.37854116242749414
0.24767825021194745
0.9584872293367525
0.6531231814396878
0.28334661494313784
0.485484796112747
0.2691918314688705
0.8354663071233397
0.8887003106980035
0.7021636176051211
0.6031528966744745
0.7049613648422444
0.2976150272621326
0.24550325964347874
0.8831160546985819
0.18867529761603785
0.7869125823673243
0.7562237906739435
0.33312966898425156
0.24605217958173864
0.2761024838312819
0.1670967868277684
0.07059867331395708
0.129792567671556
0.5079201126874223
0.27445001866298324
0.10392169634718107
0.5264446762676138
0.6616239049986927
0.6131667043512952
0.14284671459549536
0.5915088487146968
0.8437848888198359
0.8477339987330841
0.6804377823469395
0.8284264023024603
0.5311833320050867
0.5295913112419135
0.2635536677884872
0.35164469626569816
0.5765611708274436
0.8649736435408668
0.7329968538522231
0.321020233640781
0.8303614592806782
0.08764103242059595
0.48499893617399914
0.238142038958153
0.7802182283481239
0.1373302591183425
0.4824667587643251
0.3547280673145775
0.8648441086172033
0.6074602411061569
0.8274211059281734
0.6590675046163715
0.2800948250820795
0.34456803107091183
0.19531745971449488
0.778552005454451
0.16237306430835285
0.6571473950127394
0.3274465784542899
0.6646596013961655
0.008166872048725238
0.8230075105988582
0.07937011265352623
0.11132499146355057
0.06840058776902791
0.47196453895788404
0.23135443114391285
0.9984503754045229
0.24240906334672185
0.4646239909100286
0.38102340379202493
0.649381432215517
0.68872875505519
0.08820740903822799
0.7589592395160856
0.8444930044039594
0.9685322059456987
0.7468220855492003
0.7347377323135488
0.8425997147796893
0.04241497304762576
0.836267451760977
0.11389237551360765
0.22772682073494788
0.852377213705439
0.1624180176100155
0.0655593797288736
0.5208472484022694
0.5382247208638508
0.08741695603529265
0.666063969390775
0.27451048545473267
0.5612469928633328
0.5693605513753731
0.5954652607441591
0.8028598880926506
0.13791302872366706
0.39884867846696426
0.4820859680152281
0.7903551421020548
0.4224577926829002
0.22972188908764346
0.7543097334095933
0.7695864823023115
0.8196158525913053
0.4515009884971546
0.6294379927305528
0.8618883689436452
0.6573907791176102
0.5574900678916243
0.046154815929931425
0.23403000616470904
0.20463232782844376
0.4252000106861351
0.9301571374074354
0.4400804079347229
0.6793255914473147
0.8446935612534147
0.17176478871460665
0.18961670078641035
0.46087976798619457
0.7056498130345423
0.08983285103646921
0.11176375001967542
0.19333667699442636
0.4853898955696061
0.958046774917989
0.7691241361655093
0.8463018331768015
0.06780211119249124
0.37768833606305996
0.5164776369615465
0.08653403721728692
0.46704921723796655
0.8952182854980502
0.7961996256781502
0.5055119502199793
0.7301364852950123
0.2835296291692694
0.1156682240503798
0.3469293069477276
0.14886404720931057
0.3324830016690462
0.2615002598864927
0.38295261017031335
0.9243826016258894
0.8273435051303983
0.2712762842540114
0.49920876281736415
0.5965167170852772
0.6329962501630505
0.30548578644326296
0.3658521411329111
0.8752155029035916
0.44732566102379445
0.8407430566003263
0.29569407088091926
0.9929353885055803
0.8389011685044688
0.5398955367910013
0.020259976854497985
0.3344553327315055
0.6421202543624606
0.7454660075958637
0.6507725557456298
0.8945701871423554
0.6472169337559837
0.7899406785852136
0.5334420115465648
0.06430269956719215
0.7930522002768817
0.21973545864707522
0.05707762985167719
0.3527207330247816
0.7473603872161836
0.5892430466936036
0.7259167410527961
0.9141409488953282
0.842133323669393
0.6971834981118312
0.9717013365760541
0.16944587580528148
0.821082063448877
0.009551883854655108
0.24641410119235285
0.38543648190382884
0.7516236597057931
0.5417762278050283
0.9107195340460946
0.8075875201875058
0.755598157290023
0.6572696022867105
0.3130376810394947
0.829268679920457
0.9209292891411726
0.08038082964111704
0.24031160627985704
0.7244392830721833
0.8706994148605347
0.9188178004732678
0.613911946299635
0.6710202227321268
0.9866177708766601
0.6439385394903087
0.9027553551994558
0.14859145785910766
0.21061843007682624
0.7868749816917682
0.23059545601611753
0.30675945690175355
0.6813324911888325
0.5742748276667621
0.5655789824862743
0.5694835415514022
0.20143648914954904
0.8495171563575337
0.6975415513056157
0.5658459225798262
0.6773872527988123
0.40357805939002567
0.9321507924724123
0.45919549462653286
0.22481103478045683
0.2742922904623857
0.5608875664116689
0.8842901659343292
0.5908222369582818
0.6635778526816503
0.20198817486001275
0.9960089967707875
0.9088055556495186
0.8692603111708289
0.04985398862019186
0.5833992362688336
0.5717026393677003
0.031454310180698
0.9190672062679781
0.8092700696073691
0.18660230980054415
0.5530296095015889
0.724034639678214
0.8982391812169019
0.15644126956613902
0.7695096925173517
0.6964138855053358
0.015084128349148185
0.4238799929912481
0.8158213264742913
0.20985934251258787
0.6504455442018516
0.307926287948157
0.6656332105394508
0.5552583341201854
0.062374751549828966
0.16563696178169107
0.0035928767391371075
0.3895100639335366
0.7099132893087313
0.8192354222011933
0.9315908393072847
0.8670333571030949
0.15883764066651207
0.3032416530404478
0.5072515713862636
0.6555719300645538
0.6398974483302005
0.5067177702636718
0.7661708982066938
0.1364983004131084
0.2963207382324432
0.7124912045232116
0.18899008452528965
0.09470061927358775
0.17005556495587515
0.8682246135536857
0.540216905215039
0.11426984607439128
0.1451618347918957
0.6634597319386708
0.6277744986718665
0.7135866278267712
0.3919634022301862
0.1322703699201948
0.8105788892543448
0.977040733665741
0.3370150431779113
0.5529172150023015
0.016016651179989072
0.07049866554826789
0.8216348466872812
0.8739049983078957
0.6200143780935334
0.5637675944655715
0.905697224415688
0.7601007086632339
0.7894616583179219
0.9256865798499504
0.7235777211571753
0.6230789920382787
0.7900703574927627
0.9061094160658222
0.9055856618759508
0.6766186457403213
0.32232210825849406
0.7739254172139677
0.34091620868368466
0.14128244406138557
0.16397753081049637
0.5413977864644978
0.4770984032372234
0.21126971618457013
0.26969001564845674
0.37248210082610356
0.9261117113070558
0.2922391646185887
0.0065877798855472625
0.34641989155790365
0.8787881123959181
0.3205576181952844
0.3892579321701083
0.627785357416928
0.7168127790966
0.6824372527145183
0.018386685405942682
0.8802960334404758
0.2555811712581285
0.3656828609332752
0.9243803579139462
0.45408087119754004
0.2513660747472767
0.4972774073122658
0.6706116723007272
0.47473245716875256
0.1626930598165579
0.34679277249745943
0.8805067213156796
0.4673522010893565
0.6685188079598591
0.20862002947269875
0.8185076309159719
0.559930933022423
0.11475094233318173
0.3152711834808427
0.7770171991362318
0.6277893571783617
0.8858446570726908
0.0795127217269821
0.799750795577942
0.964436425811382
0.6796554640571356
0.5148487535076929
0.706492636787486
0.1940857886601065
0.8014239325396312
0.6418789602316607
0.47507242583088627
0.17720387357863232
0.8867122616153336
0.052315522826609784
0.7834497585260183
0.6028453886332297
0.913309336620526
0.5729495832482984
0.9181134221296903
0.8101655786113205
0.9685647668222139
0.1486166936142007
0.31457302467511783
0.1363804691734668
0.001308811486279593
0.6462182067731563
0.7115412052080182
0.7495802107580002
0.7064597532698527
0.27111288778794007
0.27247424344094995
0.49218221518837013
0.7656162266078375
0.6827017861758132
0.05645990894579933
0.7344449036126715
0.8983763486280736
0.697786295764855
0.9050112870325857
0.6173446375399329
0.5668218670177324
0.6782876358378843
0.15214552143048854
0.3502515851247212
0.7195502525884382
0.3141738661070682
0.5621972953232324
0.421223526484757
0.6618330933338934
0.5329479989908718
0.553136644056345
0.6763686134133781
0.9949242782625171
0.6938087791274868
0.07273111326536041
0.22961143336954204
0.5802373661023679
0.05760375541578755
0.4607127939288037
0.07532952244748148
0.6530561448550393
0.7629514661553759
0.2521809338929297
0.09370999536701707
0.5356380277003985
0.18441812823558046
0.15579097157224742
0.8623092852675049
0.8810153621286396
0.6003914100845251
0.3748517515623794
0.3171809366638981
0.016494743783864174
0.5563019104077843
0.03027197962399819
0.843070294291406
0.7497999333151256
0.173101041057813
0.6913683960999059
0.8145568746214792
0.9509994073024554
0.9214113031164163
0.9238676838994128
0.958658399326015
0.32980435191153323
0.058522985262617344
0.32400480466076
0.16429330157334088
0.09051908669163011
0.00841971530719099
0.7234405311475498
0.5251310463633447
0.5658702076117607
0.45427166031591126
0.12179154783724644
0.4697428931325276
0.5061370373315583
0.808344802829592
0.4318865074317112
0.8065980738503692
0.43145043722779486
0.026030914797747773
0.30743203585315726
0.3913333870128062
0.34282305240829547
0.43871179095606183
0.16359268009096972
0.9098570679506236
0.13141870721467308
0.39442853404862055
0.9980593394249376
0.9632304738090016
0.2257646267528094
0.01583455990753113
0.7735009617024057
0.23890398994836481
0.37305498600493614
0.3116691533272097
0.9318645056127312
0.057766563761410206
0.9633898149123307
0.21099566381541424
0.07680878451474582
0.997600567531712
0.9747386810080055
0.8287067357201263
0.9826276252387683
0.6109171615219315
0.4416134432941651
0.4163065317812955
0.8663384951364805
0.4787797218990524
0.3318805400412752
0.003737731217073881
0.2941830760886287
0.9721056756940154
0.8538374756800504
0.6960290140138543
0.18460618030089626
0.12807029145713222
0.5096245504873166
0.9527963798168411
0.11685013141761758
0.9916182238007095
0.6612372739075849
0.9491396781664425
0.5576217707440011
0.6207220781859586
0.9818510880980515
0.2932333123304478
0.6778599630970124
0.7089094010139396
0.9278645306650671
0.9589180561077668
0.1474510371602319
0.4397128127150586
0.28601272010364753
0.280858680778864
0.6678107728148049
0.7550805807498854
0.9250985342398869
0.25533995567644785
0.03057128801901976
0.6934179375263531
0.11333354946853913
0.1915311136126494
0.17518168578492488
0.8328117527164861
0.14997671353016206
0.9660573133233878
0.0590516141750993
0.1611248117787698
0.6039037806238117
0.7479736307933884
0.15093719253363103
0.8870280716371712
0.15193578788363338
0.08174566493981805
0.011589154779512167
0.8046721999169509
0.8662004605735778
0.6425980300311068
0.7352531531966688
0.8295828747454871
0.8124950437682182
0.8116005096092804
0.9914326690084454
0.23449669971324516
0.9905657553296175
0.4571186184472209
0.028395501695369085
0.9312377079753644
0.9724123997365631
0.9547639788575412
0.27822431442214923
0.8683670091582409
0.07617400614455305
0.5297369872217228
0.1377831783153447
0.24422114129344208
0.550845176569765
0.4634627806648881
0.09079132625300768
0.7710874568810324
0.041018843541444916
0.5706785619331202
0.5832663162972545
0.6686474569905725
0.551046405425958
0.6236388829688718
0.9679186846995209
0.4134521798022156
0.23445137264208282
0.07686266340273717
0.39265100979761325
0.5260763580795745
0.5971279277772614
0.5288541368899413
0.7241338312259237
0.8387307394014524
0.12180122188191556
0.8464870725222161
0.4695020092040836
0.7534951158924866
0.8964217979636185
0.7732500883411979
0.18753493072612937
0.9749670445903407
0.5606110439308022
0.1443082899834427
0.0652543358871005
0.0810043412772884
0.7719710111790251
0.5393441559029749
0.17669391191507888
0.0813722459125591
0.4380161789511424
0.318398998479796
0.43766533373561867
0.8064885079147003
0.15968086655300084
0.5064434906786932
0.42366523891380126
0.5670933125998294
0.688800657608433
0.9191637916380756
0.027638320922188875
0.030552732529994464
0.7146622340119622
0.25545788227721467
0.4001321604813244
0.6706382626794707
0.9636605014571705
0.621394237665751
0.7364490388701842
0.46500682876172006
0.42129795262696257
0.09589264665853336
0.2537212930021957
0.7382393776824793
0.46720602710836856
0.5001451987896562
0.13540612892361126
0.1781780128024022
0.851563696187685
0.49080312075834776
0.3115168142961754
0.08943563291822776
0.7352340298452226
0.46121267725864956
0.6899770497591629
0.8903334191341515
0.466134332543476
0.5054916474742878
0.8578058321640161
0.7081557270187812
0.37080129232287073
0.8769953250531982
0.3304104797764317
0.6824937970236641
0.6028073732216271
0.9557287578857292
0.14308567574467035
0.24758275545441022
0.008630599492587487
0.7285204170656319
0.9508866249565239
0.23191956845128658
0.046774413203822585
0.18127920332196945
0.8313650237751282
0.08708179996458953
0.0273805042206825
0.8044155531760937
0.6692265732825389
0.9375503722694704
0.32727198600760665
0.620514626107083
0.3427893272555823
0.4294719777949606
0.7793101514023124
0.7576074328803166
0.9291919895522833
0.5486797297507044
0.13514315863688164
0.6118938866746811
0.7986224629628654
0.6769237681991321
0.3568703230840905
0.07052903494947949
0.7774063140284287
0.1601455316371566
0.5058409413710028
0.09809224728502697
0.5256155745037568
0.5737631973486993
0.16575204964860446
0.229616195600982
0.8969289897244792
0.6873180191050161
0.6624047848024177
0.15856081001733902
0.3267941805343345
0.854463959880676
0.8239240017287932
0.6598750890237471
0.22951356139679147
0.18416650264815015
0.6629416935778316
0.5462972230052222
0.975695229543287
0.3851087378507565
0.15618976203613166
0.22030171549559885
0.2685812231950797
0.6176857089831072
0.2471426853604628
0.6546093580618624
0.6410849647585253
0.036601175301209765
0.30379664625599145
0.3109347444741317
0.3549409188119669
0.9619633948608469
0.5263663703375301
0.5896525787821509
0.1991890029035256
0.7779093892322133
0.21862668790638773
0.8923228253491998
0.5572872507090508
0.7251702743494262
0.4118205958573733
0.2745223544224419
0.6404659895516438
0.7276225720429772
0.06150173198496145
0.968187765392507
0.9695075481292049
0.27275360790037606
0.9253734919360931
0.7606833974386507
0.027955750517094202
0.1521018419029483
0.27413328955331207
0.3320647099441665
0.5068291791092285
0.5601155370159008
0.7875250782849496
0.1725162678701132
0.7142336373069592
0.6485065012386714
0.344248822412045
0.6287006722176484
0.5328384338508264
0.13805769909415166
0.9270710144675638
0.9607629726272022
0.7740019190176978
0.0009771950727262002
0.5334254750941015
0.03099257011472467
0.899402355236673
0.5442730349063511
0.8069891248469416
0.3906528530474075
0.8593496281278755
0.44825682392651267
0.08716255825128327
0.08324613978357265
0.2315245830792224
0.4441663903382451
0.7110807046144563
0.44048977468781536
0.9347122862652912
0.35103093399129903
0.6967241657399889
0.5115367417506137
0.5391664761303101
0.13428475779443438
0.3858971566044225
0.5364819946750817
0.5985622990020326
0.4972683722240838
0.23228292400727324
0.051953690129570185
0.4880648839130104
0.27163885575561064
0.6824836746137573
0.7995960856592814
0.9488618555375677
0.5338439067209418
0.016896278434984424
0.5975089195726419
0.9115777802497339
0.9421969738436348
0.09247114132854706
0.7302157627015081
0.19930915957630968
0.26272365217846927
0.16084671012386276
0.21449155341205728
0.39558889958002874
0.43183232739906596
0.32304718916721664
0.5063875360339896
0.5034092088615716
0.789994784729163
0.7258767140806514
0.8290495974388368
0.01850268479961803
0.31300548222542957
0.30533812113334136
0.32143365604298146
0.6934008660937602
0.7660208255456015
0.7388502824673899
0.6347797639734755
0.578360993187942
0.710462758228708
0.2807326623395394
0.43671419145682044
0.8910708202965383
0.2050035677173323
0.32437177603000533
0.5221069561491893
0.8891124295714818
0.859232001242985
0.8596787997112317
0.8753192956852643
0.19748620371054626
0.6222330077517182
0.4758935920892441
0.08023455862346274
0.9780658501476817
0.3181969968491799
0.19748507541247684
0.9324727050803776
0.918676813455698
0.47730654246716187
0.23484384748718712
0.972446759164736
0.26655922649171093
0.4525317888179311
0.6816575095462816
0.9284281722656008
0.034298382666678506
0.16159863616777081
0.2973053582125219
0.7355441143851987
0.06587498848779016
0.04827600462021098
0.7753034357152089
0.8796396473352657
0.8663079621013674
0.018262241219621056
0.3177771564495534
0.3041937107263949
0.9704333858846098
0.17233262200008603
0.9111334026429422
0.013986723806677648
0.1546827898715889
0.13304325887407076
0.42954964050961564
0.8109752308261545
0.980294741347406
0.6411693908119128
0.5805926117071416
0.30583642289734847
0.9972139114615887
0.8841890030833148
0.7512249783694737
0.4629038516904642
0.4350020676509977
0.7115049492356132
0.012652872220898281
0.4567227361519548
0.36040568181448007
0.489732527848338
0.8989135100980914
0.54521164987724
0.09079539127292546
0.85626125835425
0.08679646235673544
0.9974250223433456
0.1185125532130894
0.040433356161363676
0.7736379561608687
0.8531684028627123
0.9232287707432587
0.7390632675476781
0.37472321282658927
0.43722673082623786
0.827744288186025
0.756656404027731
0.14347612472866045
0.10272335003867705
0.4872215531758879
0.7505672037184937
0.455311985144881
0.6361353312010879
0.6926708298020453
0.45747001760890726
0.7899737834196485
0.12074879506074199
0.9165746561721911
0.7198988065859885
0.8973676306201148
0.8258450481266477
0.4318582293538712
0.4802446413000854
0.23835885798795664
0.8656671949522092
0.8949838283038264
0.6644826124916887
0.554685056387529
0.9552235419090123
0.9997666775300038
0.5390329826300113
0.3410879751865694
0.579242803948239
0.1805805338045049
0.6915435269958001
0.06796132816604283
0.2861036941214151
0.37194203162511164
0.2600134972702941
0.23425693700153594
0.6203188841855825
0.5160317962793101
0.41456219849007014
0.7180871156770615
0.41516184004825185
0.8505321456578698
0.38227779927152317
0.43640606152863626
0.7812822292253639
0.006230623087474019
0.497965097830262
0.025348954300763227
0.14766373386746068
0.5971589861648818
0.8622437378570581
0.10925204474471417
0.13803591565665507
0.29560795032640486
0.1933308087631721
0.7390732191255
0.89885935739674
0.3501780566064042
0.36997521527839405
0.7498769580698897
0.7342614997770942
0.12709723088397695
0.9803935310089329
0.11224336692232229
0.5488079402741189
0.5333562547135359
0.9156898686647787
0.8339064159524661
0.6507521631941644
0.11478334309435567
0.676125442334563
0.6056214688601287
0.9264143992559092
0.21299949944807772
0.5947360852517553
0.17920750602099966
0.260597808276546
0.8122667114963726
0.625178690511509
0.4159054628335803
0.34845851234848946
0.6105611848494981
0.6893205558776918
0.04963807645109697
0.7210034359357997
0.40877407136055954
0.8349685944379168
0.4724533791872807
0.889397849192436
0.1277629539024039
0.6152673965487209
0.26837845737914345
0.002522246252055771
0.6350469100448906
0.1686792649026284
0.7971054248159775
0.30772616829622157
0.09125888695185413
0.45209046764423944
0.8603772035599458
0.0064843250373852745
0.7110392180110184
0.9594727101815845
0.3716358574271186
0.8046679076572264
0.6738743966342402
0.04465967469423482
0.9934414955162413
0.5714024537080777
0.417455485703503
0.6591829275162708
0.9073651400647509
0.04099056132366741
0.6994511101155856
0.9147430963674258
0.23750410675201894
0.4191363749460776
0.6231600799349203
0.3847760531154677
0.1614641959223826
0.08771597821712485
0.28832887414279484
0.4707055373369655
0.4115976711351539
0.3415962692098419
0.850489867301924
0.47585778115730015
0.6944818123373431
0.23651171266759818
0.550496320161899
0.25364518029934635
0.5380679717567862
0.1787674674788674
0.7105004508653471
0.42650968322639105
0.21362633599142722
0.8455439472685079
0.7834410877559231
0.20824958301376195
0.6735569630212023
0.388836775312539
0.29017816329089685
0.8047349904626024
0.8963330285853233
0.6465729461402243
0.8817310020953921
0.21665197193124985
0.6362872994277148
0.26120247086045
0.8236483093434
0.022795864736940286
0.3386484708807712
0.18907255175895699
0.9153574601162927
0.38356947316164125
0.8991792094581694
0.07314856797168312
0.22941149545735018
0.0717227136805274
0.022962840485566516
0.34715485480294017
0.08387228386560508
0.811004135490095
0.16833128686589904
0.7409651015664006
0.3456387702447089
0.5832774045188641
0.44962186105729063
0.06508112548965495
0.5033492882786426
0.850788348938337
0.4163961793407832
0.7662952722863895
0.9455574658167788
0.832651192307604
0.32694921104797803
0.7671407095507272
0.5332017547730847
0.07325565514341459
0.39038260528520374
0.5284910511257186
0.8649582030107796
0.5451786736296809
0.4642108692906367
0.10767855263515091
0.5998872292872991
0.440318336982251
0.8634149543470364
0.2237582524215075
0.8238550472554917
0.6203493189574925
0.2620527145410545
0.9870530637380546
0.7245306051798356
0.42123302958396647
0.14998143305788958
0.0018724002344819857
0.7743295985415651
0.13639747005688285
0.9449422676799406
0.009305391227592441
0.2114970511787222
0.03933547938793314
0.6542025402139563
0.10124668707195905
0.8565904583384735
0.2487521991744378
0.930146452482379
0.8073214271864094
0.20494585655615505
0.08802584985172068
0.47065060237968825
0.03313323822422687
0.295279251804485
0.8456284006725725
0.9777758091742274
0.911267457178066
0.0703964780457268
0.004285797324448115
0.3072518039743717
0.11573880930360914
0.8180545363729184
0.07404005736851016
0.016427252749275256
0.08608144915770866
0.8083380469423049
0.13800842511705624
0.2498021948304554
0.9090365251379525
0.42848469310466986
0.09951738751775818
0.7889559816301491
0.3138003547449866
0.9569135538464757
0.4054226447588196
0.13762847638435682
0.351054377825891
0.615281228747829
0.7128084794220522
0.7129080996555558
0.8465052750174695
0.6907100514500529
0.5648928215036149
0.5699252356531136
0.6464222783701419
0.32990374135655864
0.6468474697796641
0.6001451604738783
0.005665556946564121
0.07268599596702019
0.6033753597351337
0.8122995995209614
0.20795846165257537
0.3145674186165148
0.7172697311970128
0.1301918024449472
0.653663009532509
0.6662671197604692
0.9718130531804933
0.12305468791655894
0.202076897606279
0.6126850295341375
0.14975587911031274
0.22183780978986944
0.5132775516296069
0.9646419483193217
0.6577490269447867
0.2687431140764247
0.49879651579894024
0.3437738837563157
0.707485518021617
0.6975258947506084
0.7609156071781421
0.3442882870801732
0.33344064179060917
0.24852172421079288
0.07713388883218764
0.07485957761672757
0.4819822318241854
0.8850561565195868
0.5693622692615014
0.49976193280907777
0.06775567196284216
0.4968388024157082
0.18666047234385874
0.3704075599689034
0.4606308200779202
0.05113893638409961
0.525838883981071
0.5667788977857072
0.3401311791367936
0.0839851790167293
0.8160056074335775
0.3528136887018005
0.2341482179545744
0.8113268683836176
0.10114682969826916
0.39062209603090126
0.34487661147901605
0.6840402521212219
0.2690864652549968
0.35548516117522533
0.4572891687687006
0.9108577778695421
0.5956789861740943
0.6469044429217146
0.8241025115237969
0.32974432331170844
0.8998465493770235
0.0005431310319229388
0.9260682283750789
0.020939204913749787
0.23808042166418775
0.7717186394321425
0.9175559520727085
0.22382839881828798
0.306283436468478
0.283177910335932
0.38477889467710646
0.44500637631884143
0.3623387717702513
0.9082057637069859
0.7676438379510543
0.12633283475084878
0.5345476167776693
0.49468852397943963
0.4260915085821142
0.8794842914177265
0.8390865757132953
0.3265735149017419
0.8679255579070481
0.08744601498199256
0.09389316711539974
0.0662374631536724
0.09751095061609216
0.6235856634590687
0.18689576815807607
0.024595241068762985
0.39335616174046395
0.5453941347875885
0.8332618272402353
0.6653519950441228
0.07747544425766117
0.8826756425365464
0.03934655500129747
0.4656214081358545
0.0005611073623394969
0.058913673716645354
0.9802815774330099
0.12720337473454812
0.5343777807764164
0.05973474148348645
0.8936511469244142
0.6611343958883947
0.8364241626544042
0.19383766805032476
0.8934611316972018
0.052695070610883854
0.03179006056864264
0.1794510620541805
0.3166140948358749
0.05487800232966544
0.7432694695769103
0.3333267926270781
0.3283612581076385
0.15539144610705102
0.09317342223771974
0.839473294967506
0.03371017039022073
0.915592892507764
0.8989190350185733
0.431276921187273
0.2685246611191344
0.6893178377204513
0.2893538022581533
0.333355583683579
0.5770613196420374
0.1953893359308828
0.37990721463084487
0.9784340632555854
0.6219451510929994
0.5396636286013191
0.9620450102060351
0.8397253455094515
0.418093640472761
0.06078837180177976
0.38613280593971244
0.7007481902523279
0.3338579327105746
0.8084193396001105
0.9467006019791222
0.8222058626109003
0.7606559491012344
0.5534626195333548
0.11523065225337525
0.7594969904130249
0.7166315959706989
0.9769790167021344
0.9079753666027637
0.034624088325804325
0.42038078945846935
0.08770804513950936
0.5249437238362799
0.4727109534486935
0.047543678693167
0.977739227306248
0.15107818471634393
0.7760356974229973
0.46606972640899436
0.7416781170300424
0.47177675085341764
0.8274308915813667
0.735220615193081
0.7567259964308861
0.022297022182407478
0.29009810137357495
0.5488833370149835
0.5494111179113754
0.9642130674593634
0.30232933514022287
0.6055236047720287
0.15928063022579741
0.2619776306486217
0.4533228686826746
0.09511813570632244
0.2506824114003101
0.5187755701726047
0.7702268720999514
0.10766141585666777
0.22083598884075606
0.9232372474959614
0.1467388301422532
0.7883507804975803
0.20571263121828565
0.8572131295346728
0.500034802691497
0.491311577474261
0.19481437209645747
0.7196940846923116
0.9554971227883646
0.01673140123427097
0.4317628539658619
0.4330939020870108
0.5276552753243577
0.255531100555614
0.8996780957211301
0.9154945471853829
0.09094922145546647
0.21120704520988398
0.968648624865147
0.5260863824761906
0.9153702376976762
0.4202379646881209
0.2171643164788427
0.12091882879310556
0.679729546987381
0.2504565670460104
0.030203279071706057
0.8922100077988591
0.6692503022840758
0.4210447139750467
0.8237350870954901
0.6068463717399794
0.8143736180410559
0.3583182189473617
0.6487224651965723
0.2083359826336767
0.33411509103147796
0.6782253305685279
0.4872740130439238
0.0013626350096687112
0.010003119475912259
0.16949105215717042
0.7694209171369256
0.799219920804789
0.5355758529930483
0.1405965581690628
0.5110607826668525
0.48178792005484306
0.9616090703317614
0.889291661396254
0.0019323899288421487
0.38534750131531526
0.988692016588056
0.35509525384090945
0.15705468192865824
0.8254101982234506
0.7464644867398204
0.7232472564513583
0.48588469233976783
0.8398745184285612
0.7427726713694689
0.8628325902588725
0.13051853663810775
0.9322023978697819
0.8661975961099392
0.0023063766292273913
0.5775803370333501
0.19294194964073041
0.6818544398353948
0.9724065600760269
0.45801423068600666
0.6828060582566085
0.773057020290308
0.6794486122216246
0.314814644166733
0.37164839754890133
0.5503866820061257
0.21125425272837361
0.34080096746829436
0.24506232230681513
0.7749000063945021
0.12347447733439776
0.8668621098255918
0.41395991095985574
0.023655679568410082
0.005824587956170801
0.8156677434135927
0.19237151220913773
0.46343517514619625
0.3857566864671065
0.4266626292878539
0.1448395635952644
0.5924786305500019
0.3913534457445156
0.3052310443235149
0.047162401497454653
0.06025078348001878
0.3657341058561724
0.25223860258821906
0.5528770863114624
0.2816991236778543
0.8020218844134994
0.3897291514883595
0.11275298640179088
0.3251599936006202
0.5509296841221355
0.8143743112087487
0.3557006108143528
0.472014960635906
0.2422788873716123
0.38234432905681814
0.7068831920876483
0.9213942271948118
0.25727346187062383
0.25758854121357433
0.4924510368545074
0.344669794210156
0.3901100976725205
0.5400840635554838
0.16020156245097816
0.38217589583317424
0.5455121212498114
0.631432296138412
0.5316010138277798
0.7185398901212291
0.4330334369965092
0.9922525301792404
0.19298645104179968
0.07320190663095649
0.23948612295990923
0.599142120467514
0.23239910092056193
0.299146996244386
0.6876031054496186
0.7185439261348999
0.5333837245308757
0.7955688095215708
0.7220557650575905
0.5806807801511984
0.7482208061523578
0.6091288728863453
0.30320307486860054
0.15878824216213594
0.8904414441383842
0.9236713949944386
0.4344575910305106
0.5371963201854875
0.21010764214951017
0.11969844546712427
0.6009114006613719
0.2863814924936934
0.6452234544826129
0.22260542238597525
0.2548718928889512
0.8539309998378369
0.6787753551103702
0.35262311092452725
0.84821669583909
0.22743099673066502
0.8732826954449007
0.7396061758167622
0.18198322103748898
0.028611013781776107
0.7033726063567789
0.9722553156516807
0.5203676824875926
0.7576473986186852
0.5617755630118274
0.4140537588316926
0.9993146392231403
0.12234843266921613
0.975271508801308
0.13714548179982544
0.3491375443139395
0.25901451438973355
0.13449882759486986
0.30057674287974967
0.8461171818374624
0.18008674078982578
0.8151711114606148
0.6307689287479897
0.7097838241524443
0.9682681070595311
0.6481300558089143
0.5497849689314989
0.8705957808602865
0.07762089025616825
0.48179498847520097
0.5408976505049151
0.1469856273188347
0.5992152530399286
0.272952798340686
0.5411631397226925
0.3912527993475985
0.5022234505296757
0.540464554757148
0.5071484095803436
0.09053892685099574
0.670925017476657
0.9213481380889956
0.8126563670005175
0.2421305952134326
0.023907973891831857
0.7798288996476742
0.8062384029718112
0.061591515458098156
0.12382218662822808
0.13733327261199801
0.6814786183568894
0.22773415535074915
0.464360626684416
0.4150327532555034
0.7944796553302506
0.9201987503938505
0.055714915257386366
0.6104290901418101
0.7006758017200297
0.863415186588257
0.02057184022252867
0.5656036376282103
0.47704337259880636
0.9549813157007151
0.6597878063829007
0.9271372567394929
0.3459744842427942
0.8269989046938265
0.8501985767188383
0.24633948215140877
0.2235256570573252
0.8656663343053406
0.6965915719357422
0.42330867699319574
0.5774472162491858
0.7974347961627483
0.07568913548612122
0.35947800119710405
0.8993457351105385
0.9392929724556625
0.08206042658898471
0.2506841215039497
0.17052640320125823
0.6062523779346431
0.4142010873059535
0.42642913576781927
0.932507912487885
0.9708639062328307
0.4235887134827643
0.020888622791587874
0.9608973312693929
0.8776036097568903
0.8903442100765637
0.04735155168401217
0.08525850505053711
0.7292237702766713
0.586197683145636
0.6401606489321159
0.39780179027925533
0.5826728129750258
0.3387791849910581
0.32685478663403666
0.9501692057427397
0.018945951007262152
0.6208240807958558
0.19809739578869157
0.05028384584215062
0.1842356089069449
0.6537036059840624
0.7541081354917104
0.44017778570573707
0.6390090158446822
0.6367613068617325
0.023697512621338346
0.9609084221311205
0.29714800625284554
0.9922563224683122
0.2756373670318455
0.7921176422454604
0.7890437011252597
0.450284887860967
0.2719823113649108
0.9914846419902733
0.040546860125101225
0.3888717053521382
0.5490908606377026
0.8532674418495388
0.7239322196029574
0.09149316403915264
0.654476960624951
0.5553244591798191
0.5075431227226432
0.487614625391382
0.6162561294708554
0.6704518419535854
0.707540653772026
0.5013945062242602
0.17683273703269498
0.3805684325867543
0.02818889216720577
0.3495278009219118
0.48360810263058784
0.6512249494342532
0.5663661288443392
0.0012725419919885628
0.9968716636455156
0.19910957208443936
0.15149974658123644
0.542022534994273
0.348670423345955
0.8166674026714661
0.39387953906812223
0.36636026401454813
0.7663347197927695
0.5056465023739841
0.5223134071777308
0.9673441785816786
0.4604709196607939
0.9153285190904796
0.20634546906742302
0.5858546422487896
0.0696149595039145
0.7813974034819092
0.07876619509005045
0.13714357085087103
0.8523726611170048
0.41784473030230607
0.6009004191651649
0.6413026798914709
0.822756700567124
0.8270057730813204
0.24616825865675773
0.8501856814083518
0.43556161633535995
0.6617654859828371
0.7166705218837137
0.8853903931965442
0.7460021735093294
0.09916926814538796
0.053059132747075854
0.48022657885164166
0.19147249636251362
0.6661179752690684
0.049710104454956605
0.8531658413467685
0.2731666211825615
0.19552309578346327
0.34522464409490927
0.3310903901223222
0.4514336124189564
0.38524186916450065
0.9225422323797633
0.5877274555065332
0.5111234096108783
0.8823089648994634
0.523456418753228
0.76597687580162
0.5018123701694883
0.4214252911710914
0.6590827155286958
0.8124090391173576
0.11268017803565022
0.30936088225834335
0.48083550482565207
0.06803154661560795
0.0029425197235987133
0.4658733164973793
0.7657284361523554
0.5314924724961141
0.17612735784549383
0.30693916967873236
0.6653210164097525
0.23920893884020278
0.9601142395949441
0.9875403337200241
0.6693916665577485
0.8914796800619544
0.5347403341977848
0.9089438294753648
0.4434252746559987
0.19446084721316204
0.23490856870808285
0.9393572041699381
0.8132613624789294
0.3849546622839888
0.049516498061652814
0.49703864231996175
0.1907565381413865
0.05828028950545516
0.8351574509461719
0.5013849776033412
0.1610727348198535
0.7290674412483411
0.7684282315213918
0.210217012885483
0.7852108059122571
0.5206328597981782
0.47181015381914626
0.1304259280655672
0.41066643597498587
0.0006705207709526428
0.06547352855560529
0.5143410592011171
0.42859365873546984
0.4593064606842234
0.12098810805704863
0.43562336303414506
0.46761847714108407
0.8601396578006945
0.12280504826185912
0.07618516224860372
0.9724535697583748
0.2857107063624278
0.5795086689377065
0.649581632850657
0.9797222351774427
0.9459098813152869
0.36921904197184185
0.33651492783487325
0.1739079704917158
0.7211574115265015
0.2521594810749783
0.7145371006239026
0.9831038069890493
0.7717580264633641
0.738285465316865
0.4267333062628189
0.5572431084351356
0.960653092938013
0.6590046403807597
0.25311202860509163
0.9607517794172951
0.7088632044429224
0.8594003814125769
0.3236246802741566
0.8070691387216078
0.4312351146525708
0.4010037314299423
0.943181776139147
0.8642429631853351
0.8846763790119397
0.5450420630802717
0.38672843581818905
0.8688117170684669
0.601882441041377
0.572225120206034
0.0663874812596762
0.89944503222287
0.08063009014179656
0.18751186302076095
0.672873191198877
0.18232111172826349
0.5520323529058158
0.8569348859304342
0.24982465828459732
0.12697757966454049
0.9607199650958633
0.9284412524076121
0.6724027297674583
0.7243803922997626
0.2557344559056979
0.7998422131595297
0.6704394885992057
0.17821265850657908
0.21298900528981946
0.7143461936732679
0.36162541521004554
0.7858937354440532
0.78847291191573
0.9877830972391839
0.24166379577721075
0.637596131951392
0.435945819829492
0.6015101958007855
0.7160176801120265
0.6595360849911204
0.9136887217197337
0.13112298313510484
0.5518201320492437
0.8920710578869114
0.8519483975798068
0.9234770912348403
0.07871335939811652
0.6636456013626204
0.7560327288868572
0.2831601087722826
0.5738281088303951
0.4983844846844535
0.17958434279148172
0.1844351434950563
0.02880980950717671
0.17814004093866176
0.518380793259697
0.6858105230792677
0.4157431375459617
0.36905859218927883
0.24707895007221636
0.7917732489338208
0.6440222347233588
0.618238120314723
0.4496426607153413
0.9798560059780959
0.6316590487430899
0.32780783075907505
0.17876230449932895
0.9910909981838424
0.3022173775895267
0.5217675797712169
0.5203952847252561
0.7680363448033724
0.8625057929803972
0.8351830592797795
0.23662698382627123
0.6169434575951569
0.4163578681646458
0.17584074013150786
0.5133722530348952
0.7692670826326112
0.826273207195522
0.9352238656273887
0.6490069301817825
0.5226020860295492
0.7473884710074783
0.4586790363628973
0.48584038046276123
0.052263947142181744
0.9271925045280953
0.7239006143975537
0.008409448193723579
0.8021130570940327
0.18959544269188677
0.8223677169771534
0.8108948007648319
0.08685527663663617
0.0034064042428642027
0.8901270998978026
0.07053126201480153
0.16793418611451427
0.17297032069247154
0.5923219616171012
0.25470361111349904
0.601263689118671
0.982659298960137
0.13012553548870642
0.03648976116778013
0.09743160527141725
0.07710936389642575
0.00924571764456028
0.7967337225118993
0.4836383930038848
0.46553881542253583
0.4859245113996694
0.6503009413820912
0.6115178108814834
0.30117983892046196
0.689364470863242
0.1499887089224634
0.21611891596100619
0.5057997264209712
0.9087717191608844
0.6936351628888632
0.7987117568609508
0.8844844991485659
0.42871306492737726
0.18829015196837173
0.5797120900660101
0.10730166696637156
0.5982424398555832
0.7098819715759603
0.4479028195200023
0.8221554283176871
0.5272600900434925
0.7376338774837682
0.6182632262129893
0.20709197740853436
0.9178250355405807
0.03955524703107949
0.403099449284715
0.4705085732153833
0.05864991826320354
0.43865178355930046
0.09980266776968616
0.16416474660901625
0.9377647465130436
0.4990699601274019
0.503444103528405
0.6865900702613007
0.7613436154017987
0.6372112747570251
0.9635491854117747
0.023427281011885515
0.9059471306290323
0.2849217222234609
0.221775328262663
0.5964458469986996
0.47694002294731974
0.5101828605802147
0.4908513509697343
0.07440554210583139
0.19760215677910342
0.935300475686946
0.3650187244310077
0.13664555111384535
0.31145833685245927
0.8834076572006245
0.18834810635324484
0.4742194428453229
0.5446104749910352
0.43116942585772
0.4496874355874504
0.7635921017449558
0.9453633201117908
0.4488956858048827
0.6216298367502966
0.9543594784690916
0.5951929125178682
0.7688406908196396
0.6157741087697387
0.9751481317653662
0.7681144536649099
0.3382864606933996
0.6876812014188521
0.8807958430539486
0.10476457682029006
0.5860786275354224
0.19231500260247447
0.5391107275613096
0.7630202146820632
0.2596030659672677
0.06438693441070098
0.18695135078001757
0.3087346669556227
0.6737623330658957
0.27790772505329564
0.5730652805035567
0.3181788240257495
0.6543308637592578
0.825381875995927
0.9490693952017825
0.27803348604114875
0.45513849549470575
0.9494638336708618
0.8701502515140864
0.38928671900009537
0.5818521893065759
0.4585265737875013
0.6235081090388381
0.3081475998418429
0.7646957580036953
0.9624776987714486
0.1152637001799337
0.6900958473123276
0.28826831738251857
0.7762894088606114
0.21549206953945133
0.6424446117985042
0.5086919718857059
0.05609251222560052
0.8862429551322917
0.8363011948203392
0.6666397648120456
0.4563170254504997
0.8988528385906904
0.08056880502015784
0.03936544978594747
0.22624502857616202
0.5845487167272687
0.6186397398482177
0.06567635514944281
0.20047369914845337
0.8562894069567502
0.27268868197246887
0.3248616918162397
0.5801701670082986
0.6899848420865096
0.8309820603792202
0.15390829650760518
0.7506314147291376
0.35968001808374306
0.7503779578598404
0.2469065542722365
0.6355467256266991
0.9839848278625976
0.32919791356793016
0.7963693782421493
0.24949150459575586
0.35997643340200536
0.9949109862788733
0.608257341048518
0.177565388714634
0.6359967697786696
0.24657693192469632
0.1508236939420774
0.6847194178105463
0.10621203260780088
0.0937541507891203
0.6819628992403718
0.03720047959574013
0.2974974045252289
0.5415857183611872
0.44056698897962254
0.40467367186278047
0.5631547885037282
0.7860339849119721
0.38446413197192064
0.40396639390404443
0.5981669609095214
0.30374281972628314
0.1108341071262201
0.9440102516679658
0.6471368302546834
0.9477640533925101
0.40456604719232336
0.5364403521476123
0.6887558803258786
0.49339234693108425
0.3258434482227217
0.6474438134242215
0.5495910758451356
0.8176109325520685
0.8703125990175117
0.9838323840195933
0.7251746342534939
0.04115790755676796
0.013510023169507224
0.8299468609619854
0.6678270275741797
0.5139812853134363
0.3857957160306724
0.6818838927694033
0.4383379894226742
0.48285805862832865
0.9148582938960894
0.46166814045430793
0.9125764125397995
0.6442109573223127
0.5199296017555852
0.5363762708813645
0.1842948962019738
0.5556642078404576
0.34516561716606886
0.6158515030802808
0.4118400839459707
0.056637113720883536
0.07922151545150924
0.35753038638231627
0.11917531359434963
0.43128264030516994
0.6238684111996063
0.16803657836640296
0.8805674686810665
0.036335363726676895
0.7465706176326282
0.2585786270923569
0.3934850495371919
0.5119416661626641
0.3802612902745649
0.4848223364350768
0.17569982053900068
0.4953022443720543
0.9181257084811384
0.8817904040966185
0.5102801459612132
0.964965096738442
0.19202124903558648
0.09047505324839278
0.8061084378717034
0.9578650627115565
0.8202333317982802
0.06523270489468225
0.24175183514898135
0.4217135437770757
0.2635875514541859
0.5496615410095572
0.4169591571984267
0.3920999521402031
0.23850749734548904
0.8135465751537986
0.7487534701882103
0.5166745482699735
0.10142914539880976
0.05458923976650709
0.5180344529238294
0.18803938962132138
0.4410522632519711
0.6860210524672927
0.7978003592030474
0.19248292164881997
0.39323010129574776
0.4548343974585177
0.9755441194142119
0.8334506031617108
0.12786831958216982
0.96524569181464
0.2200743308415638
0.9466525070277219
0.5480252013136482
0.7181392564475109
0.03695620085997642
0.0879660641786556
0.4884749264981353
0.21962299005775676
0.006963744635850699
0.44580058680353996
0.6043161402996247
0.06045989845796507
0.9083790334149752
0.7063471439193019
0.6997785194736189
0.123021901324052
0.6866703639309939
0.18314625605614798
0.46320015942589965
0.2335458373304885
0.15402583407282366
0.011662493655362094
0.44621901461994007
0.644853683555563
0.87641455750797
0.10506401040984104
0.6535419984580654
0.7083324229170879
0.43729311055277287
0.8691620415491474
0.29422532774612065
0.9738513798334286
0.1547696440997096
0.3824736070273136
0.08622062252545981
0.7424277341190632
0.37298402118141527
0.8616282627714402
0.0030110433557875016
0.7888341822076015
0.6486571066956902
0.7528477826735562
0.504481944580864
0.5699747040205947
0.5102080708015255
0.7169854444038523
0.10374188876437196
0.7397379294869926
0.9795336174941739
0.10861879066354263
0.5874285747469257
0.2021702221741778
0.7154883387495368
0.28894886247650053
0.3291059420885232
0.2521929196647217
0.4633011459120392
0.25776512456422074
0.913678302024253
0.576722053848519
0.47560731945915
0.6414944809149411
0.7253178046081722
0.01893028098308558
0.7084715747990574
0.03235969593848209
0.2422219893812957
0.044525030722406767
0.8897229517121856
0.037930799174546115
0.5285882697501908
0.7912983728855641
0.007116851397404034
0.17086067753943124
0.8175126994596668
0.43183785202406977
0.3702859245447573
0.8853540022286484
0.13809059253421174
0.33417012558434633
0.1631360907426772
0.6499262866932107
0.6558168436737308
0.16624143650947465
0.322289366443299
0.9352677193136748
0.7674543776394953
0.6575229012494062
0.6523708890152093
0.3915346532234768
0.019858836661984958
0.20466033564243113
0.320382400719296
0.2911484333388831
0.6068187934304347
0.8879717929981915
0.25909989945949596
0.5211903074261032
0.5387904139475077
0.7517285283495645
0.5533786811478332
0.023738048529598488
0.5774759587362318
0.3935379968460202
0.5834440401392376
0.6029980971710811
0.6805161022155831
0.006780459512513604
0.5556912342966168
0.444844814673758
0.01113599365550022
0.024933061037536564
0.06421385553239456
0.527386270805869
0.5334055902838415
0.42774896294538
0.4952248045869714
0.34043364615408245
0.8358448419516468
0.586640714974548
0.4117296636262727
0.977259512585417
0.10442482544915221
0.2502511768889435
0.5372569912605646
0.7137873545106468
0.10058624455107856
0.9010771343146606
0.5951463755954896
0.6483635853467359
0.5907166801441569
0.2501436829877405
0.053839276435811656
0.8395198997713972
0.9205989791606697
0.07911123269732334
0.7788137910861908
0.6496425981212316
0.33166258890458344
0.9878280289355822
0.6982495240003602
0.679222903623902
0.17544073806595184
0.8602259037269241
0.8522038911109185
0.7593700691149367
0.3984563805598421
0.022588126525930008
0.6140268920614097
0.9595268798431724
0.5418297814782062
0.13560184092245176
0.44793622215014617
0.46283539034572774
0.028221698197462453
0.8352406182374815
0.2981204779299478
0.4633579407611027
0.6932957161401777
0.017404658097691983
0.5924327221015241
0.9473665737950169
0.3597039412412266
0.4473794582222229
0.8876830332414302
0.33517197908474805
0.7486705887126552
0.06755715394830586
0.3837330295187886
0.4804706394938457
0.17756820414994867
0.9754958976838496
0.8900410011337588
0.4509466889682192
0.30145156169525045
0.549277614673114
0.34100200676099035
0.8468730245897695
0.6223346154633304
0.6082553365806482
0.6253719225124434
0.15371358210760455
0.6120664433600055
0.814665394908908
0.3202600938108975
0.7702371875499483
0.07298184389668572
0.7452121198820341
0.9016207836987655
0.9054104447200834
0.7950732425936158
0.1916152146984944
0.14086823083381284
0.4953455257765068
0.6592504806847723
0.28524356894948
0.6911862705344448
0.6558361006040011
0.08332517658908978
0.9833412116056156
0.3172982717094639
0.9565230117575821
0.11067741505380602
0.3029844827332272
0.8289083149741112
0.9794883061206777
0.5011320117099886
0.44379225275168077
0.5407205446518181
0.20808485229463536
0.8993922787225492
0.6015434068060932
0.0008881600094038378
0.2810662474139496
0.5284496199534837
0.8422394490304024
0.8049393256872902
0.04258916614751207
0.8837074413899972
0.8797818378705402
0.5436722917030958
0.6204189499959563
0.5881281917511219
0.9803174582316571
0.32120775444632377
0.9726761858035046
0.9095326852646172
0.5024377586178698
0.8233311587032641
0.9577205122216235
0.43825114399572496
0.7748004224731202
0.6164535168323585
0.00227513517409339
0.07664586922931038
0.11137458861931837
0.2139644377978347
0.8696538527599693
0.8015953950013152
0.7693942980343457
0.4594462652296206
0.862959968550656
0.6268507628511172
0.5662368939738575
0.9451636392196507
0.03738393573874654
0.8142445013921096
0.6888262963319701
0.5094382721771018
0.6412353833931401
0.6610533235769316
0.9527940382500175
0.3379635196897548
0.05710170918513047
0.12538594702566164
0.3985130823720041
0.8318094446323556
0.9725341656231189
0.1422876941817921
0.6472532143040904
0.1988134917897999
0.37392016002322326
0.7303237287689082
0.8830887548916957
0.6752480233891254
0.22770727254464695
0.8917232608662441
0.6748227489393855
0.3911004603983803
0.3899038628121133
0.8687374770781339
0.10707408316357181
0.1549981320253323
0.36778773441607426
0.5346837137932083
0.8508074105615352
0.8537539097037468
0.04701262827313779
0.5702195020707717
0.8709678980142755
0.7367054924948601
0.39280998096191344
0.6037097410334994
0.4425163659253678
0.5864650068038237
0.4357414558045327
0.6791208614790208
0.026042253591835873
0.6653925089925664
0.5604652491648245
0.25569632006216814
0.34026577689866444
0.3710505677577358
0.23023713526179834
0.4407376847110063
0.6611224138961779
0.7340940595576988
0.8003749691994544
0.3101360962137787
0.9757565119749622
0.24849336152711587
0.0006733967281591369
0.9808693336972025
0.12463291552806466
0.03668511508876038
0.999762881705744
0.5654997898870564
0.47610886660317364
0.021189932947532464
0.703665527248152
0.26077904615197645
0.9951910363427577
0.5994315028832591
0.08630746288847446
0.6007851740610787
0.7918351023423129
0.2999371742991451
0.9015057795540173
0.3395889623029382
0.3640288395072022
0.035795165343387
0.08395562670750212
0.5192658097826046
0.787031333830647
0.8651889383756365
0.5110007972317286
0.02614029247666605
0.0425251300976045
0.6190248658826119
0.5674792880960342
0.34147056709665613
0.5300697747432399
0.36211387046646626
0.13269252291736955
0.252350206218524
0.5581285160879488
0.4170640577526764
0.1915556894161713
0.004425513960716443
0.2730729387824329
0.59898583410788
0.2612433296829535
0.7500963716984962
0.05195270970064536
0.3843066517591536
0.22015299213267991
0.17418920806523974
0.8584505908083931
0.9684380409624949
0.9277672966878102
0.8636608527406254
0.4413257154552739
0.5547322868263403
0.23200226688222014
0.3287126537258729
0.5407810516048523
0.7611122522323139
0.5748883171005729
0.5797640016553345
0.4605735267965525
0.7309522789638953
0.42793713804983247
0.8180552791450469
0.4623180760702613
0.3912342439213765
0.21530657938827769
0.10722021167441453
0.44332026821013826
0.31369739811058694
0.21588241719558543
0.858988069548471
0.27040418562316726
0.8036467021872215
0.17465460916651032
0.5882463832347924
0.9595854866637787
0.1662788048697491
0.9992728249809945
0.6710152189447662
0.615072397318355
0.5818310316700146
0.9694240923321449
0.7734544538208021
0.6709601195004865
0.6585533636670359
0.3446832625979839
0.21084541366203025
0.5151168057794645
0.5264490567740003
0.12074473372783578
0.7425593000964885
0.017142356711315476
0.2849247314002985
0.9544515907889722
0.21234414766247312
0.8309139082905649
0.723936121141872
0.9547964391150332
0.002833280081280698
0.5971146043394487
0.5009110879348893
0.12007551902188274
0.4889981306348502
0.33227552403316585
0.37467651314265626
0.6906360970564251
0.5473384037255996
0.3582426998879489
0.6728113023949837
0.5821644809522734
0.7059233453280281
0.09961477312805256
0.9002929237793824
0.3662199728130927
0.7049678541251517
0.9565789813636526
0.2850002451420367
0.9727280763846466
0.07844758415740716
0.24670634644803846
0.09958064877029449
0.4034035049473448
0.8643276167624758
0.9016499361464672
0.7993848978299312
0.26558223153661553
0.7042991780097306
0.20332206247444207
0.3726182933639408
0.8626989281406512
0.4034898868604301
0.3490102175810652
0.8115523067040611
0.9106540394197948
0.486432650420458
0.046023411549958815
0.28258581830177
0.6885729525018941
0.4076490643902515
0.6538438672389443
0.3981406962577817
0.5779670803416089
0.8535231367090996
0.6153918826350612
0.9748214992240525
0.4960648260178122
0.006712088775260527
0.04889413586707514
0.7999649001721776
0.6870878788680786
0.7351602937961115
0.4079787207665313
0.2226487943949489
0.6995066453424045
0.41485397498690735
0.06000329976465224
0.8354276129170961
0.14781536430700382
0.49877323481294256
0.48125493267700137
0.11950453658035198
0.03412703878929446
0.004069848588816982
0.5225435005257185
0.6887473283667525
0.9878939090952189
0.8053176836154109
0.8598432856316556
0.6868996153176778
0.771319170302408
0.9937550343295235
0.31201995273511574
0.9675345358630817
0.7935317748964337
0.5907565331347131
0.18131315419386984
0.9177434834548457
0.178354791765993
0.5883440264529749
0.1521277636223688
0.17424734555394727
0.1385058909706255
0.6303652336442408
0.5698195352928498
0.02456364674704148
0.023325135967141697
0.6450398878769175
0.11354365710689107
0.9860576738551241
0.42763447424652934
0.39289297880967344
0.9758677643078782
0.9121514033332802
0.17609025091197494
0.20366521188204467
0.6667337195792495
0.9876593173253622
0.8303981697890322
0.14161121245806718
0.470484798056815
0.14416510364006896
0.6060178136778083
0.4606659028893778
0.40205867591871414
0.7515492767714446
0.23049188419469058
0.48928053569211816
0.23207851544707425
0.9232222496882524
0.327292823336781
0.01929908133211633
0.7804576268273142
0.41031338420106434
0.36708765533105214
0.8640673510208065
0.2142662965574953
0.8540115031846652
0.09257921858385187
0.49803622763839384
0.5279915846172738
0.11544758698985347
0.5935903658745503
0.5934414944959514
0.7329540701390077
0.5089560927380262
0.8858149164621895
0.8292130267933704
0.5375284165348831
0.02724615794722629
0.9296674114724539
0.5630859168544018
0.4609471126542518
0.06595962252547516
0.514921340170601
0.8299569912441928
0.39084989945832527
0.7302879993828555
0.3323333635738397
0.657850074437327
0.5683738260969573
0.5377657056939599
0.8552087460815138
0.8774240926482574
0.8644623683926483
0.21905242161715077
0.36187131144977613
0.4417778003136875
0.9972036957548538
0.362462611087391
0.544258663823314
0.7703759049114004
0.03239244491036242
0.8481954820811733
0.6683716626773646
0.7842412493241246
0.10814084142143132
0.3746641901215777
0.17906451368639553
0.1091281239379982
0.8292487244638236
0.8920182728999367
0.9746700046514398
0.38921206745196113
0.18817429616510017
0.42689833945308986
0.31621193127356095
0.7759020484959929
0.18683076715685432
0.6076582803574292
0.48146503736657564
0.4347008651474886
0.5570661057861008
0.18073410980186388
0.8258797667965813
0.34761011858682345
0.10756687439878954
0.946535315896017
0.8703980384721648
0.7793966292999734
0.2610589418632593
0.837179007146344
0.4004431473785228
0.5231068051506321
0.2880616607522708
0.30858282167360007
0.33087496770076696
0.4435368927132365
0.5920839713436505
0.825877544496911
0.2684599795455832
0.8969359698484701
0.15603459792417462
0.9837963558049816
0.2864124258033355
0.32104022872401217
0.9207505191150718
0.7226421061786502
0.41482181088146564
0.6616062495221932
0.433931203312669
0.1756299485521149
0.7462888805653193
0.32993215058926373
0.5813988849125793
0.9148478012274031
0.8578505993913863
0.07042527859996583
0.5924875806732075
0.7507721122379487
0.45828224837738185
0.458095662906694
0.7974970835891876
0.7842223454784085
0.784122510714423
0.742924535016064
0.8075299480635523
0.10983229300607933
0.2882752662864755
0.4113779842788843
0.8856634139943691
0.42656200075097006
0.591800001158654
0.14490551115418548
0.2832902406102443
0.823469316232934
0.5025096312423024
0.8210841892964001
0.22659549883058372
0.17790525890896536
0.14325353766579563
0.825138838920765
0.05551919228861579
0.9284929638919824
0.8782704234212894
0.21788952001829576
0.7411874548623141
0.46669514273844104
0.7777539668106254
0.2407474802394377
0.6376777681919236
0.02846997490637837
0.8187819468052986
0.22920131619103146
0.8601162754320939
0.7614616251575951
0.8850170702064165
0.2533052469946966
0.12348876126363328
0.5933655546354651
0.8980961835222359
0.7070018747999802
0.22517867487607246
0.6335552994707107
0.0903813407734122
0.6276818883757597
0.6091293430120451
0.1027519751041901
0.5117552558961007
0.7432036724822786
0.6106596928604358
0.20446348180637863
0.35240033097704915
0.11566606180275507
0.04834592769587498
0.92711521055983
0.5590090107572525
0.7795478069097788
0.8030142858794916
0.4972401839253754
0.5236308235597964
0.956397313627532
0.9037728175028166
0.09179089939243001
0.3323690231028883
0.2690773365400184
0.42714313688150973
0.4615811002856317
0.17539804921345004
0.875638437945269
0.20773553372428144
0.3180611208957411
0.04028031992302272
0.5962165164049972
0.9575439922195111
0.6920748314828216
0.7373191644628461
0.915919347159769
0.8958203834047289
0.985942972431254
0.6386920244244185
0.2124872144549026
0.40261968983787455
0.10916155500923153
0.25236635576886224
0.6795839343973215
0.52649138253562
0.9132002194052775
0.897308094807885
0.19489378179805805
0.4004242549471767
0.12233061131860035
0.2982505968571586
0.8167708751475046
0.7500356605893151
0.09510953261288269
0.8762996037005558
0.6840077433106215
0.7141280557347836
0.0450880745785569
0.8759076860508468
0.8403597811705851
0.1401189666518471
0.7995121159720808
0.2392595908375309
0.908783246681182
0.36548371573857186
0.781225485525704
0.31586734474437783
0.5999139446225293
0.2512320070691182
0.6616824701700567
0.0781820170508799
0.7551349120352623
0.8945735146609795
0.0519211808834239
0.5032870857532259
0.9966510034808984
0.015309376426486332
0.673545177201212
0.17624557648891015
0.08530905745777861
0.48411995189902157
0.6832054638126799
0.972431640127239
0.7714724905511591
0.8408019831396398
0.21177105643806782
0.8841842900044689
0.26507948807305204
0.9366404504366295
0.7233206400739568
0.6713797033162965
0.448083977116291
0.027484396200600836
0.49928409130484275
0.03602549507415076
0.6057996212125427
0.7427275400988251
0.4095074102397732
0.44773875202324254
0.7632365276400661
0.36027826022591625
0.14471005251166058
0.5799769987249878
0.6783413679201008
0.7287358628925343
0.253748858702747
0.5561495659728654
0.16612124364210334
0.9953730488886825
0.6542984925906883
0.8502441503915245
0.7059528040952279
0.02215710846555452
0.7670030008274238
0.7383614518010504
0.21894760570449445
0.0019255497506250885
0.060848940834608234
0.6555585788281127
0.4930654017014299
0.32296420005673876
0.5914555685751057
0.6766595723248793
0.9807374736844922
0.17261908980555618
0.0641728914223404
0.6101994468568789
0.5970822051396425
0.719205950727621
0.06032392889466376
0.8714255944646399
0.7063653870378287
0.9663639767068183
0.32762254049228745
0.3832887222070347
0.7001783118096779
0.5351335176991224
0.45474359914173523
0.24361276850587532
0.44287682416148166
0.6964201128359742
0.8252178425962773
0.792141534292825
0.38814472158470925
0.950139733022536
0.47726848478728656
0.01291701705088899
0.35511557675051575
0.32722354775799267
0.3839027603380898
0.9154530779328796
0.7933069067711588
0.3767928097717804
0.711516102512268
0.6524248557751867
0.8626913690865945
0.49319754624058143
0.8154624042896116
0.6521030668030358
0.8085494280493286
0.8362454349308952
0.08748921942314458
0.970519716887694
0.920319094319629
0.6028300342404638
0.2826317358228301
0.40135923487830416
0.8294775679875303
0.8193006215039008
0.6221048213077409
0.620827892291003
0.023560939221188515
0.1412982011999253
0.7939277907210311
0.7902608514031394
0.23174765780233697
0.37141559179131167
0.9544619971283788
0.5909851383492613
0.7720024490961732
0.5349219049895935
0.9717360291521866
0.6239638743055587
0.04059692739668719
0.389924848293593
0.44537976443045213
0.4710054200302808
0.07189412470634171
0.19072682920412576
0.4881823898882852
0.4848285660332402
0.4996043531827852
0.37176378614223415
0.8607361918954209
0.5520329033847033
0.31028940172651576
0.5743987038706445
0.8133223025541055
0.6560312339800455
0.4957138031081041
0.09997393646350294
0.9081400895855277
0.05625860707357455
0.08271059713647555
0.4399101129713011
0.17017778130376715
0.2954809269316785
0.047550588312990416
0.007271380840070507
0.14646625803076885
0.048782680346133755
0.30637385933388117
0.5741005665404548
0.8411539803684305
0.03582280185299047
0.3140625643759807
0.20495918040641103
0.03778615530129226
0.8322038746413625
0.8010045350078814
0.6694917854209439
0.22036632742289908
0.4363089402915793
0.8305174950723585
0.41546548640303427
0.1612243697187259
0.8747172581714855
0.6692740119104877
0.18861894349515984
0.2564095034557865
0.9623182765661272
0.9288873820178076
0.29678828748416697
0.8582729734164428
0.57250150969297
0.058889472917113994
0.33315915237372895
0.18009976507061332
0.4183065734763183
0.5496513017593346
0.8971281551301347
0.829094479678398
0.3971769674830853
0.13836773227207066
0.4811387901742811
0.6617214234170771
0.00996780222897653
0.9020480720835081
0.22799030753750904
0.44934477146138363
0.22911580698047285
0.3685243286400933
0.7055005644923374
0.7923091768455404
0.4613884062096475
0.6798096707059964
0.19403695845750268
0.8270475361436231
0.9273853666455963
0.4017092917288527
0.23731171003112217
0.5334971338357188
0.8629752614018824
0.7894070484874177
0.36797169603876834
0.8690508959017188
0.43710625626984145
0.19082067514714018
0.9868945313672937
0.5304661562373895
0.17593890994099481
0.7978393124935487
0.3487365824736035
0.8765980593315118
0.9850060363211377
0.14012717540612818
0.48616056465953206
0.43252053073745667
0.5691131850783516
0.5569975261641328
0.691303682250814
0.4395428699793895
0.1639501100054529
0.3799312053998811
0.865429725239171
