# browser_rnd sample v1
ua: Mozilla/5.0 (Windows NT 10.0; WOW64; rv:50.0) Gecko/20100101 Firefox/50.0
appName: Netscape
appVersion: 5.0 (Windows)
platform: Win32
vendor: 
oscpu: Windows NT 10.0; WOW64
cpuClass: 
language: en-US
hardwareConcurrency: 4
deviceMemory: 
screen: 1024x768x24
date: Fri Jun 12 2026 14:29:59 GMT+0000 (Coordinated Universal Time)
epoch: 1781274599648
count: 4096
---
0.024300284397431815
0.28313447574058115
0.6949890869017217
0.28890483864529615
0.5887515176735076
0.6315151340721963
0.5887618033197154
0.8737943771690603
0.3106646981502108
0.93368754998327
0.00592707707907858
0.2136834099686944
0.38393332009954806
0.5597180683367817
0.06480706032708028
0.16385181763805168
0.1191207949560189
0.28886894900395976
0.9537180121938982
0.5287593021212391
0.14469088371299377
0.16602609290365655
0.12479734250464392
0.38226131103421124
0.2500997540564537
0.07385321512966858
0.6439455040056266
0.11922630372893062
0.8271754849693537
0.980870954249933
0.28831543527844294
0.8685865916117526
0.6462581787273081
0.9584508080932934
0.7209604828949627
0.13790878310079624
0.2896423324952363
0.8704230860708873
0.5965319580104146
0.6629751987092982
0.7576343984686298
0.15120800366290732
0.3495087678592258
0.7061966733630238
0.27785433824696093
0.6393635552303591
0.48917482506512344
0.08605549822444425
0.7558781603986545
0.8388026087609226
0.6830949823270845
0.44245737504899785
0.6098710940522032
0.6382366212236507
0.4983024098674079
0.028185940750546257
0.8776500595137322
0.5448219650537179
0.4754752877136298
0.9644021155747388
0.6847285516061994
0.9186355853920711
0.8636976839478031
0.6301957717382604
0.4388040308234624
0.6456715153178072
0.2071355337780718
0.8181148270067421
0.4441071185002389
0.17369989756097404
0.196786257875739
0.6340880199682601
0.21723448972983372
0.2508325731705049
0.062183345911431154
0.4388731215737317
0.552223674805654
0.6984704126769209
0.09013200405752153
0.8807427261040875
0.7432750728903772
0.4029706902656157
0.6297060804568356
0.8079256195612456
0.5861903057432183
0.2605758578841526
0.48602311946416177
0.944146183750464
0.9027127819195772
0.1885148256408421
0.8777381734480721
0.7222053733542606
0.40146929672225484
0.9440637409866831
0.999333383139377
0.41911915793398613
0.43140790347620794
0.5602163676224357
0.9625100436071995
0.9132210245647179
0.7516806856257217
0.6561216711817254
0.2930693198412553
0.13839481020816624
0.4853461647885313
0.14876710402968152
0.5115006611857956
0.521712927340446
0.5325631154423285
0.8455616815466352
0.4891377054470881
0.19247473888110944
0.24134686585058118
0.4224622101530071
0.42884114117393013
0.890390698382172
0.6819587083361348
0.2558982963148363
0.8023120460562476
0.0476702776278598
0.5000992088018713
0.17731951724280237
0.3513081758518286
0.0713676567065108
0.26407343673334593
0.36838736191514465
0.5848407108924403
0.37879199737587155
0.07687857690006139
0.16235506893853213
0.32873818254606746
0.1431723150895462
0.062050332329569025
0.3552290359496264
0.6580389818045731
0.16063190715864273
0.3046749594379907
0.1971609898962069
0.4570521117861842
0.8387560290060471
0.394780762434772
0.08676177393011864
0.49811751100991897
0.8968313621604462
0.9168945705879871
0.2685612459491218
0.6165122482531181
0.3039084900273581
0.33082748992954936
0.23174872650032474
0.2337302060452474
0.23506561699516382
0.8910154972529003
0.46937348042991467
0.7869673589915935
0.42635973263341864
0.8263423827044116
0.5623201453554529
0.03841899071352062
0.7479485886092676
0.3633797083298541
0.10444288467557905
0.7952478073300593
0.10739290856855066
0.4261638987616384
0.3034013675780074
0.7312311673886868
0.8057057613368563
0.9552320500276448
0.9511737028045222
0.2687679881978613
0.02166591800185247
0.5361238184236566
0.6578146711889278
0.8024783143282733
0.6324045944626646
0.8258972485497265
0.44294588518239086
0.24017047072108733
0.1874587115876536
0.8774856856548232
0.10799809641568026
0.48682075568443106
0.6355462501515291
0.6366910936525829
0.09953318646426801
0.4652986967190388
0.23173189791527027
0.11502648872571408
0.08746485185109198
0.08997687511775054
0.3271277800620268
0.473627409605167
0.36225811097207905
0.7015712788318432
0.08104398379639721
0.08048432651421944
0.7801330450776461
0.16327450740625504
0.7405119989955343
0.24613836525627153
0.6266117335004021
0.8578283655094419
0.43199257925305024
0.0626330586464604
0.3518889838675904
0.18048157529382824
0.57393480892444
0.7206917033724762
0.025449310016592452
0.11487374261117078
0.3774643399249191
0.46532538063706574
0.767760190280737
0.5770955744760182
0.5220926297579261
0.5157712732235439
0.6643500278133392
0.17276005704280473
0.46112804446337496
0.8365599495642881
0.901240231137377
0.5634499085679011
0.6449986162583056
0.4230908828717169
0.331286670030403
0.4669088755914562
0.9250000947420097
0.8030361628630805
0.5575519496976828
0.2915833610906572
0.9742360288963662
0.19419015046462829
0.8527856897639898
0.7000853774630413
0.7717786080623221
0.7960632996066422
0.35343819815712973
0.5187934145431393
0.7062697960989619
0.7651764728762337
0.1367951244295481
0.8969796625752364
0.09186750735586036
0.4761274571354205
0.8702184407757683
0.0485593764768385
0.06398598813098189
0.5685708168377331
0.3715706190778504
0.34955993969765775
0.24998635429686977
0.5803823211991027
0.6061978086022707
0.00308088385182137
0.6148551315821431
0.18957706143157504
0.7653890381018892
0.4797926029104391
0.06499844033267876
0.15979586434445703
0.5279269520011718
0.19337009480319822
0.9135076614355889
0.5532226796284218
0.9358586060627124
0.32490645155266906
0.24847640081696354
0.5657501809619498
0.44744675274691703
0.37954042076803474
0.2736245454755055
0.9592698592292581
0.6142312075271775
0.6027702633077355
0.027448141594960673
0.9750169604409396
0.2659054792583315
0.5914639225775403
0.241370363981955
0.658372400259303
0.7932050454462324
0.2069769527908476
0.11074914834333605
0.6297243540651805
0.3105104811995134
0.41689940841457407
0.39431873809112716
0.19800570588930755
0.10381173314250791
0.6532919109858121
0.4998952719441081
0.08724332277967894
0.06954595060015278
0.075930192087175
0.7847697998348715
0.0922830025323721
0.011838128792666103
0.08105229535511882
0.4618190955826913
0.3065332312986446
0.7360893044181211
0.30432354279626794
0.9481087365756548
0.990220665824116
0.5054130035356081
0.5080261379075434
0.5611935653293438
0.1669143079570259
0.9267863942128479
0.5573435770326295
0.9797611871866236
0.6912073051894398
0.31115183496859045
0.6046854421811952
0.5704363330122769
0.8247775115424474
0.04695252129926797
0.37459881524543637
0.5180244897921414
0.5204583536249305
0.6285914548717685
0.7401383592234232
0.791933499354808
0.8746165819935251
0.8919708711373541
0.8522201208014205
0.954063103600554
0.6203546957764099
0.0391306276228387
0.8200540170816251
0.2827461107562489
0.7794614369973858
0.7894896504595986
0.5601409510494807
0.4767012892519543
0.12564804300218024
0.4073206886372387
0.34752936513678356
0.5313892106987124
0.5759434476519947
0.13791676819982468
0.49311310847032397
0.6433288147782643
0.7181375381644555
0.27201017713224185
0.8468513265304461
0.3247325472322663
0.5385638754182326
0.14150273189422824
0.3864867285292989
0.059382696874222374
0.27190510574450966
0.37083398364725373
0.25383955781078515
0.9345492524426103
0.24460459710993732
0.47198093159008825
0.1888601528337025
0.700734815836055
0.22733645753696552
0.9313067038398705
0.5723320614339314
0.7722956848850837
0.3957871758211666
0.8738007717254744
0.015118331132238483
0.9250351935288373
0.7362676966985189
0.6954129364340167
0.0010163360899041463
0.792654255187553
0.6830858781879321
0.1841097241104641
0.08165188361666309
0.8316016410684726
0.5358425261275545
0.39842811087703534
0.20197793095184802
0.7233354242702442
0.8331105321095382
0.9563422408663466
0.4529770639224584
0.6660544830202343
0.38482321925843765
0.7615562923978189
0.7367198717541944
0.30087245180568334
0.7398730285272127
0.395767558138988
0.950857201906634
0.6527270444510976
0.37327511878126707
0.919221925662177
0.9773993296387357
0.6191889985433902
0.476606579838998
0.013520155177458859
0.8070021160656196
0.014225709602153191
0.8048343484858315
0.6955995887524736
0.035813835677005024
0.02563092854217386
0.7736999189177495
0.939761150839594
0.4769591846323349
0.6881308229880003
0.07481883668426104
0.6333209992722189
0.9157550173432951
0.8750683092477072
0.8550576565251704
0.0029043705424223187
0.650128594899034
0.27963620160954106
0.30548627945729245
0.19544336824666741
0.5057092678277753
0.5151025563914329
0.2033541733996398
0.11828096369876218
0.4590021357642661
0.706578406019306
0.23032844895754967
0.7631033837784826
0.455114266195922
0.6055880270108375
0.7003617550345334
0.5324799763638345
0.046052227545761326
0.2984557863663748
0.7832942402878189
0.5083765594779456
0.04877294916799679
0.2128761849644777
0.3039715054482879
0.9560666947004591
0.8285199099038774
0.08562082367574042
0.9685767849563259
0.3712581981251477
0.4314623456991784
0.5715753145353754
0.6649064841913556
0.3500584198869452
0.032220907016884404
0.8868873153662828
0.3030465864390607
0.5026613750809058
0.17958967995834363
0.8249276896270815
0.1966149957495662
0.26279220208575704
0.9362802649002734
0.9020988122858988
0.5524540032175013
0.9604057419456681
0.36298268739842177
0.5838062275047401
0.7135746134086699
0.9695878720957569
0.4270246717975925
0.761859792872405
0.9026302511666836
0.7850351230938062
0.22389024126870938
0.4683135089210414
0.7067558820097718
0.8119528177026527
0.062433805026506195
0.36624439765304506
0.6338670311841197
0.8465054630177217
0.23724091686170623
0.896598789962989
0.5755138167790766
0.9554714022201035
0.44009226202803775
0.2696623481461202
0.29174605626909944
0.6869427251039715
0.5898732725907687
0.9755318404682477
0.7323389886953756
0.0205224707215107
0.4799742424730945
0.4974471434725186
0.2531068429095378
0.6711418923210178
0.5014682826062173
0.5971409582310724
0.18959161001588132
0.0413847733091256
0.3056799147455729
0.1261607882152066
0.8488303016434328
0.07724068234644343
0.7594908245280555
0.49805831565428504
0.9178273834911428
0.3854144857757231
0.08920185558759641
0.7352540083996694
0.7798477513629223
0.32350798975896156
0.709385790264316
0.16352914009469266
0.13402463273403442
0.20254691403399572
0.4288111837917157
0.39427166636302435
0.9080150376487076
0.9880844646826302
0.8104514157366951
0.0752653610318742
0.04167842125779564
0.35896235598727144
0.26406930989395794
0.405033182689584
0.07847184012843356
0.2945616083188888
0.7000565801608888
0.9209167789328215
0.8807785311174099
0.06676491540748242
0.012950878308576552
0.15116578381395263
0.9776988320703422
0.3286021032754557
0.6098474942350839
0.01747439950595797
0.8371154978680734
0.24274050637742084
0.13356266531962036
0.658921302819952
0.36626225264007695
0.22027443030557203
0.32635508263006885
0.7601384378146313
0.11316420411176353
0.7353409361802166
0.5321512441515512
0.9360926486649443
0.10304426720426951
0.44557199885833965
0.4966908040582403
0.2234674993317306
0.32817236104017644
0.30580288810272216
0.3006235818675328
0.5772080886531298
0.13888646735243126
0.4402321207302361
0.44469871035358666
0.6848009511626223
0.3311038385784866
0.5116406061320975
0.8868966039369232
0.16610323600671717
0.9670260715445306
0.8667803378550588
0.5108262672835125
0.17459182698618336
0.9714639173969464
0.3280061413001618
0.3673295442490081
0.8488479401904817
0.9962370762643594
0.5213288506229675
0.08354300075153476
0.9371410494231177
0.35692817781987074
0.30575597143695465
0.5171513791206043
0.18760893579826288
0.859615525088289
0.9806319379500577
0.5447294733014113
0.7352475359672235
0.19370670963615255
0.8755986059008619
0.02159836494797951
0.6586349592754617
0.2294465773089056
0.27942903079576364
0.6932783358632748
0.5690149583605233
0.8149116166046101
0.8501735503798802
0.2525601517573357
0.2590044002455032
0.3956986229306303
0.7219338048930328
0.5085786782735374
0.09477006607468008
0.7255965788265254
0.20385373663867679
0.7351027677906312
0.9353191954260108
0.23081105036113436
0.38739245032640257
0.7722495647124945
0.9809376087876958
0.5793007215839592
0.6706317948648617
0.31780944627020213
0.9122225389382961
0.9308696220209102
0.860059872474076
0.2944599093887763
0.8198447879285458
0.2697685563762515
0.8674370895055901
0.9373852339566219
0.22059671510864964
0.5568609119046467
0.7221858103538796
0.06197691618248047
0.035926043082040504
0.04749942419849751
0.5122952022697183
0.4198695123491528
0.5385657034102681
0.36895981677770917
0.2747755589860881
0.6433728362525558
0.8163204881302026
0.6599811772856158
0.26086273801457605
0.2457672613248134
0.23170799807126896
0.8270347555957441
0.1752356862118386
0.7160984772710365
0.059864668639986296
0.041561708585292734
0.727341396284173
0.8234218201730158
0.8948849472923239
0.9354077875301784
0.12539371784398567
0.948670963887574
0.06111061585726174
0.01715283202106377
0.9589694711572966
0.3142792834807927
0.38899521373417933
0.4063426812846861
0.46959278236494084
0.5334248880795093
0.3701700325011381
0.10829604044132635
0.5412504528693377
0.4768264145244402
0.3067517516253482
0.4563021130881808
0.9805908191315943
0.9573678301371715
0.9713386430177036
0.4441906734415684
0.6394884146914037
0.7572103638657932
0.9822473539345538
0.31959008321047344
0.3421052050223484
0.9128022991642999
0.8631365440100005
0.5376792017738183
0.7858456139990339
0.2991131718099398
0.30789653463567024
0.08863270014476177
0.4983831867527607
0.43850822615710494
0.880816300904597
0.07815852822907188
0.5458817733767524
0.21364825540622456
0.9046910506223639
0.17640253350589796
0.5928701895076021
0.15208076176623475
0.20111991294635756
0.8731419914560773
0.31027945876625806
0.42265159052202383
0.36533105289581447
0.44798028220833297
0.0875172310472978
0.6538026675680008
0.3048295470626061
0.3505739746480674
0.5031680034062646
0.5136718988852238
0.8843507269898826
0.44279019514354157
0.10563544808535108
0.04685298533219273
0.5473602764699174
0.1305758045071841
0.5148356036690074
0.10977539930154856
0.5312192624382315
0.18895137873033208
0.4925156765902592
0.2663712378233011
0.7933889622228119
0.5467820530375098
0.7680595052805154
0.5168013205157898
0.6052830834953918
0.3682675584931757
0.20592715365477066
0.14944823335922564
0.34414573185011244
0.7949011734012305
0.34384718140457615
0.15288294571043293
0.5921127949536394
0.6200631673920319
0.1543335351058347
0.7646868153836726
0.1406625008393162
0.4263599866597849
0.3438055663993772
0.17713256985930637
0.7022711196537761
0.21854072795802382
0.8934348240595996
0.17379378395823752
0.7940827773913444
0.7985681565747571
0.39020462355807584
0.8826239599045737
0.12958060467644228
0.10957709578121466
0.3851953858192275
0.45616596838954293
0.044470926241048536
0.07473449456394676
0.19878619529791997
0.26154976484250825
0.15320326802264006
0.19768514262503667
0.0070489759406277
0.6644317081165343
0.7480891385812274
0.4450628035143348
0.2916051889683027
0.46371198035906736
0.5467249129731501
0.6750562448393788
0.1699434480208516
0.6947430563925484
0.543254407555567
0.8282825247452984
0.5311125674620277
0.3504881769611081
0.9793447788952783
0.5711738531304171
0.03705163722250837
0.01639634612712293
0.6846057847605282
0.12746126799106472
0.8671550504876936
0.38310302800155194
0.4386378942082222
0.1747183174909488
0.5155273920331532
0.05906823981828424
0.466898658151207
0.7234190063308812
0.6156817159582934
0.6144964603459384
0.5642040506045533
0.16054687671154633
0.24126246439579557
0.7654767217856895
0.7832770731856393
0.2946323377855513
0.8135032119128033
0.5648210453340778
0.16193305882518683
0.8712364209104324
0.001856404890364871
0.3071629359272301
0.9053005977761036
0.01531872710067217
0.9308639874023503
0.12728943744884946
0.09819489935725356
0.0308335762501446
0.41887481981666974
0.6097880126096585
0.7842511090584176
0.5155343488041559
0.6087419539086965
0.6571367882462554
0.6734321430985087
0.9952431272748741
0.059570709149386114
0.4784747255707734
0.14606054743396701
0.5170409153614932
0.7304068315541028
0.7549516545295916
0.9816561096761843
0.7045172347618898
0.5801704028261462
0.08865586228296884
0.37217147832027864
0.7529004437369471
0.2291065283493806
0.295122610769064
0.9179132760514755
0.703719817637274
0.6926776526423846
0.1521899668845733
0.3529872501834236
0.22449588722746794
0.6685332116028578
0.4472745868168916
0.5945837425054336
0.289705770544076
0.6322755967251387
0.22178462598653237
0.4601641345276828
0.017090698633802748
0.024711545397662515
0.8600163285392185
0.31487079995798994
0.11145736040246723
0.617840751704224
0.6493048398204754
0.9058302901041501
0.546578659313241
0.3565349587262826
0.9376625701412457
0.5613756347279424
0.3898297187038494
0.4014863238270847
0.24804794160640553
0.44813090247639475
0.2085781884394836
0.27595087318224887
0.8901820641508641
0.8817895185519168
0.36622199880447115
0.6504670369587229
0.04881362289307234
0.5345087033839093
0.2626981728024551
0.7132025890937116
0.42174333450380397
0.896585451531319
0.9662484783217047
0.9657249823703102
0.7156788172763681
0.562348871948039
0.9070467719729687
0.09209587059327429
0.144094012395255
0.1515816328303412
0.07313323671794547
0.9071817173317512
0.7975262324216104
0.5865941839269616
0.7180815752937979
0.047946841909183746
0.35983554888759683
0.5174952532809897
0.020936310865779295
0.8058514383813616
0.29228813252871755
0.5685542607050655
0.6941419219146785
0.051708690225423015
0.847021287192355
0.2304708999579156
0.8676175312048118
0.6044473155299236
0.5987931927944037
0.5964780856390116
0.8903849775703648
0.20232476148457568
0.9188245413519681
0.8305143923000832
0.8769557164944964
0.608878446441009
0.9886470190309611
0.742229014145103
0.9248639833473861
0.9356882898375991
0.612819647710024
0.44245397654948015
0.6589898096587415
0.19880348644563894
0.9756817310489302
0.32491176195963956
0.6165287325696995
0.6301386053497379
0.8629424177607508
0.9824426365194752
0.7812954639212573
0.11930290451314052
0.9456125876813117
0.12987298036692863
0.6365240362525674
0.21898334784625495
0.19785838586501048
0.43152323825358385
0.6672528696630516
0.5195688528383311
0.15365408068614195
0.06306021762481295
0.18876599382262804
0.5741423515507281
0.5888788436002779
0.8902468497515632
0.590033000197546
0.5542666756649665
0.38665455710633323
0.7016813102563968
0.8370114726416014
0.941065890298997
0.9627678691405765
0.12376705270406418
0.42109314498913875
0.6024087505340843
0.5288531697349983
0.8302893006239355
0.23157565617080766
0.8587586050680623
0.981597057084401
0.8060928961133137
0.23181591752391917
0.619454236936997
0.5270125223286408
0.18461578057597716
0.0613982154719348
0.20323385974241903
0.5878908800972115
0.9212470037324588
0.16548015794373194
0.23871445355014032
0.867532833170314
0.9033175585024871
0.36815940374846734
0.3145961314253286
0.8948665534841186
0.2024267661757152
0.7275675672857886
0.3264551765914814
0.9723152477711837
0.19118791783349698
0.757247170947652
0.06894074573148223
0.9999850513760535
0.048054909977167215
0.3261403338227057
0.6944641047240245
0.8987662636262694
0.30995581648668213
0.5277879710721358
0.3045356610788932
0.13854844522662035
0.11226098735086376
0.3791510777636199
0.6187815634852964
0.9904800545004951
0.3416190765439705
0.3865543347177608
0.553068951374955
0.3789469671907808
0.45183872967749017
0.6252621695303108
0.18673530853379527
0.32873055539006735
0.43551762349347156
0.4679942594567148
0.1538863222210073
0.04385568203042556
0.9751405574824593
0.7979863675539999
0.4425709297056284
0.9518850922955078
0.4685300901969487
0.6858374032670198
0.4688793909265192
0.6583628269941241
0.5897471014607978
0.3231730314944177
0.9820895396168811
0.7739953390025155
0.9284813120581508
0.6563298686513646
0.894827014603728
0.22136843033815723
0.7897849924929323
0.5847218475791237
0.20819422369646967
0.9969423363306638
0.0570397920958321
0.4764831065192575
0.0008282379087939384
0.5198619790922376
0.7534256220483906
0.46691345870345125
0.6261802983857115
0.16038841546319782
0.6020435448934462
0.11292839403576183
0.9301328343888465
0.7795097081476596
0.3112799200444759
0.6575161567542497
0.6030092471037377
0.24024999968592686
0.9260891856361123
0.8566373024725749
0.3250676205585351
0.057059458914150984
0.8964894227965843
0.396143090435521
0.9642428739038452
0.16201114492022106
0.6848883069529272
0.535564293659363
0.36960673304365743
0.6654322255536839
0.2981934952971004
0.029480443512753585
0.32624943152788055
0.24750364257459068
0.8158891589061147
0.8585035638349946
0.4284478530220679
0.6751267931010677
0.521358908730845
0.857457687984583
0.7966965503426512
0.37063008497823247
0.7392659811021176
0.8587557428738289
0.5871671647859302
0.5199871136063237
0.754540103800949
0.18254742515113287
0.3125455986544756
0.349930857762912
0.5470568788748057
0.29463040352275627
0.5325233386197986
0.29470515972195765
0.10695029696222147
0.9963722450531154
0.760653689198644
0.5638880027985634
0.4346510862289442
0.3175938474541268
0.42214662099399647
0.8838745147655354
0.9781715255251401
0.9266044877523926
0.5484066780891895
0.8152382353924125
0.0066970458196818905
0.20353430270877693
0.7932835945173412
0.06836093145588984
0.315056267229993
0.8040940435600422
0.5783882933533239
0.49454144979087256
0.2381354577105832
0.8698491888217385
0.6131383281534014
0.5951803123310068
0.08739775931905935
0.860491356039306
0.9453237113238933
0.28563615072055526
0.30552866136052614
0.8556769821501331
0.7583530859314415
0.6240166576094087
0.6040687384723396
0.11044981870633208
0.3999780478177022
0.010040208835203623
0.5364856666925149
0.15154257978683727
0.5661144706440496
0.12294530282249194
0.9352756361394868
0.8474770908196552
0.10023514346235762
0.3596175586744339
0.5875218500529421
0.03023167983901831
0.9398861407786635
0.5657619725854072
0.5455045185876779
0.8186395082690131
0.8353221489733687
0.942464734265464
0.916917346802925
0.7633251424828432
0.03949435454142192
0.735431253080578
0.5362926698521424
0.2824506295648541
0.3286754394516822
0.6466276754781098
0.7194906295994191
0.16169018703294746
0.3291091484219608
0.32436389370632657
0.1223142756061032
0.2588874259709558
0.6162349595090995
0.9973474862618181
0.879146150545874
0.019752195435270514
0.6981575517272396
0.17638599616083406
0.4903919782722085
0.5303900959760758
0.9839565320150392
0.856404417731155
0.20514345190233918
0.30267327543668765
0.10128154638309039
0.40494857323099276
0.5716653753838689
0.20938226295931117
0.5002809292172413
0.5764209270573519
0.36705728639988533
0.09844531533364242
0.05211934014649389
0.8034285752160777
0.6382905991810072
0.21740691362007591
0.45171499429169326
0.8587132276880296
0.41819391841432996
0.19000808084062493
0.17415979702215623
0.7883867651377863
0.8803547114619754
0.5721745854437773
0.23581290164611557
0.8583158099006142
0.6294923769538899
0.1532551246430589
0.6961398967218295
0.9955782435887965
0.6077774225327928
0.7207438707751217
0.055397969925606305
0.4186202993246507
0.20219191194122044
0.6791183825688678
0.2826315743710691
0.12959943617410585
0.36323389479019175
0.1670459430035548
0.5485694581387408
0.45528143340814364
0.13651814685201724
0.19645207615880667
0.46984360389019864
0.8292844137027428
0.046735254083465905
0.5800303827849623
0.7575024964274036
0.6589649089346952
0.3955620152848899
0.5572140652039891
0.600389005766545
0.6743920295051654
0.10645884060929989
0.8142622194766885
0.2363025101538243
0.8592262651049661
0.7492987025558676
0.5774795015751738
0.5947625288577308
0.676641577322271
0.03792805994941206
0.40311354759108653
0.9934398955206807
0.06612975607848803
0.2209651737897601
0.23705402213447746
0.283126160265211
0.8093875686428279
0.8986562126330885
0.05595448612401366
0.4785242112139507
0.1788533000148852
0.04972648269639157
0.6572693233775655
0.5773488846350134
0.18544237174938683
0.13935336101396445
0.31772546309666005
0.45118755513609576
0.7498884862214797
0.7772954350254201
0.8336461053524838
0.7668799816220764
0.31873933997936077
0.004027482544254335
0.3035165172417713
0.32952837016359193
0.8641293018908748
0.44326758609543493
0.6008626232751779
0.1691252212414206
0.5742509127185826
0.09386208397188789
0.47328314350900214
0.09303162064125259
0.8683587759718194
0.7218517082043109
0.721480392716758
0.9988326323578014
0.07865519172920887
0.48339382867908953
0.8464026115496259
0.6487420060552989
0.3973033689268539
0.17103415363336105
0.6135064044633768
0.9080537713816819
0.5584669599667051
0.780549346169702
0.6223534962440763
0.33297278703896094
0.19784637869201838
0.5310717708451376
0.6192221002837291
0.18141932453471876
0.09949746648748803
0.2626123399693858
0.4233860684757158
0.38274828585908105
0.7248945869166437
0.17476910692700587
0.04219877784527226
0.3854514745873898
0.3317934890943469
0.34094754904558566
0.06482094381748149
0.13790508955245206
0.5619960688611915
0.6904374790865646
0.39993257985866315
0.04210633720678214
0.28899304760046196
0.8073128038550359
0.9121983700241931
0.28908914460115187
0.962057836896811
0.13406770351012443
0.11015268275927315
0.8177319563309688
0.38842653019721085
0.2633413138857077
0.012058692324955933
0.6683701380181867
0.8527277612277253
0.3288338149432485
0.39023260770694723
0.046537568735235846
0.28852317598114086
0.8812186734403672
0.5210099661427466
0.6620012763398316
0.517479718281131
0.6187143429157616
0.6058689823396765
0.18693447954482845
0.4296364678441954
0.2982420319396213
0.09484679402501772
0.29939345783641413
0.6696308367105813
0.7599866832363058
0.49609239005950423
0.3745599908356304
0.2921319310824071
0.8541191408513036
0.3246942431321873
0.8251748832477853
0.2677322229146175
0.32325881678976565
0.6518302632371573
0.8410428852727289
0.6471155755652839
0.7453200439430115
0.7352192870470264
0.6818117293645632
0.43524457292990537
0.4161108294826825
0.08397502397697687
0.035820304926508784
0.5495804932000287
0.023644271714634346
0.1538444723262704
0.6535743477374724
0.3329657650977096
0.6999744096255681
0.4636320999601239
0.6883820665327646
0.16693235925093797
0.5452523071846512
0.503185770670093
0.09171393866557254
0.235369261099574
0.860844127968787
0.15449462695131777
0.6101049632970733
0.8257791235603794
0.6145551054994169
0.6666663239783218
0.42352805386525316
0.21310682512347645
0.08828685759213639
0.2415887418370739
0.3124543007493502
0.31585018192094794
0.6065982497327828
0.16006828694230035
0.5043621773494987
0.2290505136265023
0.576995979709278
0.3836093514554225
0.955503949335062
0.051682034440217794
0.16587002644806892
0.408525979275979
0.3568848472431161
0.6854283716891425
0.367620038284573
0.5096491461416357
0.7888360006246828
0.4307722609524691
0.6259946888320165
0.833394007183543
0.2631014438788529
0.30304206399545974
0.16708138743062506
0.5887425577460844
0.21637354624422078
0.15708768210127078
0.8895024206091016
0.8397817895851571
0.8202618181854759
0.2113282456901524
0.6022384080943998
0.32613136010092825
0.6595663135167265
0.436845719178963
0.5263900255858347
0.5976057078328328
0.6512205278156886
0.08010199379470473
0.6601849439877397
0.7780824745214047
0.29044242899417017
0.31177620547646
0.09716500591521893
0.9899586759781298
0.7836607256450562
0.02489729198774837
0.6234998832614085
0.7170137544993779
0.0427969911309688
0.6400469439599686
0.6541979894789345
0.900790190447874
0.8285697076203
0.7301580953124581
0.34022926971340195
0.6318119839687211
0.40298323772579736
0.4557741401794534
0.5188715661878297
0.4616777132167491
0.9057934832159698
0.32954780065830547
0.9408526573191609
0.9239149389517941
0.10519511813603155
0.9445135740965985
0.34544072422968486
0.5225673926627324
0.29705534755580953
0.7904437260114348
0.6167983093708028
0.014727189971041943
0.11754992079617066
0.745553121905307
0.9252807880447818
0.06710999958035524
0.4346421879540209
0.25749345678905355
0.5098448174322742
0.6636836342790294
0.4548037212965502
0.6281194945831264
0.4977101198793258
0.651293810840841
0.7399733674759601
0.629586935505475
0.392793551025297
0.7601462848504679
0.25003424615224135
0.7885100096358231
0.828919030589317
0.15959176132394537
0.275485152496194
0.9592609008722829
0.6352535443469272
0.9997645230125843
0.4020630949992816
0.9789414027229157
0.001777507286407909
0.37910058020592186
0.55819537264188
0.3743040919754037
0.38426420349060875
0.6843256439933918
0.1583991151652634
0.9093255189235825
0.667504549357413
0.08267397146612643
0.4041403807039108
0.3322277346166055
0.6647750860485034
0.5304350571493484
0.9493126517382438
0.6885591128139567
0.4031329031155334
0.17029896796397925
0.4093232612354578
0.023847298609149026
0.18744809926568273
0.2705635331552696
0.9568176697065345
0.20333622969732246
0.3438253293142127
0.39677823709698634
0.2205766876483033
0.6599252320351858
0.8080441164699655
0.1860634576711696
0.15161790686601284
0.8685064560576411
0.036356246620882104
0.9006515852387967
0.5379405721687538
0.7327035543762391
0.6130965378400592
0.7232255001506652
0.6301296730319039
0.946836219605082
0.6299220893611942
0.5351012267430479
0.414718810923112
0.45348067986714036
0.13666612253332044
0.52440087188717
0.8074092238717617
0.4382201391980053
0.15970663943803765
0.6956254804106333
0.6643745645511778
0.4254444846890255
0.8326973058127951
0.4417210153007053
0.19955604629034618
0.19494849797845148
0.4130211683838456
0.7570265867314812
0.6799846277539603
0.13585466652090694
0.9496142615159311
0.24283259845283078
0.9577402013004732
0.2009387996982468
0.37974998006692107
0.09971669696997276
0.55741114786762
0.18833167821278718
0.7570094820235506
0.43347543288804125
0.8921616012188712
0.9504851502668124
0.9904956149242407
0.6289346520552241
0.9575537911415346
0.08242890428869576
0.6415964772287865
0.8207231214284532
0.5303265436380367
0.21660833363979526
0.13629605616673912
0.32302857382348127
0.9859353703354127
0.5808040492150196
0.18440861536890896
0.09901084855990638
0.632844706758364
0.8385629704757785
0.37610853190015914
0.7494328295439832
0.8286670085052956
0.3050052251835558
0.9070310585916107
0.3839676482141344
0.469186646283549
0.9486941707334371
0.6461848278347961
0.2019048736038893
0.7286093565562823
0.27296937828615064
0.7710221090713721
0.8745395416963311
0.3811001432205544
0.8601101305126589
0.3108909552017284
0.10783666111254975
0.22053809774833344
0.6915951125855656
0.5569098483900118
0.7029413311566509
0.6077970946319078
0.6756003539763574
0.25228032686328905
0.5421261345324349
0.5549948037011503
0.37584925837565186
0.23236202698856723
0.6963872913189684
0.4881518902788776
0.7893337704454543
0.835162226614062
0.7216323273156846
0.2835454497488835
0.2821231539957074
0.8552154630133632
0.05729740272656769
0.9464528820011857
0.30145665394821597
0.016430941285880074
0.41736870190822284
0.6200601115377649
0.5179347737384232
0.686848898855698
0.8907935678329394
0.11345161314813201
0.14083852712347533
0.13078777491400329
0.3063954750269574
0.29796384383888164
0.5202683085412113
0.3501835528927191
0.7575759913694543
0.8684136408982498
0.12617839009815235
0.9005699772212036
0.7352016459090862
0.3439840891676269
0.013843249497846988
0.0947479975621478
0.42401753316081514
0.2627734356772259
0.005822153412363362
0.4059134110268027
0.31015264979579826
0.4109536061940161
0.10932154542009331
0.5130118073687187
0.8478447527128345
0.2803804907454077
0.7300266944432792
0.4816730038413396
0.041082193723714355
0.6106954313540579
0.9991907568142586
0.794091089645538
0.37583779470414347
0.7217098769706777
0.9825133032887466
0.06149093047073528
0.9919224016928231
0.619743810925336
0.9369995849425866
0.17763665270038898
0.3935866252496538
0.9647163227394375
0.5912908492145994
0.31010674896345336
0.08502780068252014
0.9180435139693205
0.7628876464763816
0.1800706809710343
0.973144954121273
0.18564131091612535
0.7836898288318556
0.5354455676002229
0.008386296082772082
0.49707563661722454
0.12591224265769618
0.19806024319608406
0.2114222097490246
0.7674579009811786
0.841181063662598
0.5232693430129342
0.863232238097771
0.6752797573900066
0.16965177660053166
0.6797251527564828
0.26120187112341764
0.7265624248414605
0.7983604123285954
0.4541094587683234
0.07623885299428523
0.853527480656074
0.684557055385391
0.24055884682246043
0.25667529921122356
0.6317262666806985
0.7136971538294641
0.06666346664634426
0.5642537058491572
0.6930878271820197
0.47064025057679915
0.7495601987908936
0.7045533287884466
0.8902267033359896
0.7520624289792757
0.01671435024056389
0.3536141079288737
0.2047782973771448
0.98186638187674
0.936890864044539
0.8824412606155262
0.9635050660814477
0.3056232894129891
0.6470239884609283
0.3080651581640822
0.5629482136001558
0.4005962446540319
0.8841311450173306
0.3453643847661889
0.9264795280885966
0.2707892595452279
0.17679329694810364
0.9201229832530046
0.4246422978430189
0.4726287112219353
0.33016927110406014
0.85319078606344
0.6068937786624738
0.6895708394525025
0.10267296449597241
0.9411335480397958
0.07394258148955035
0.8567509850346771
0.1081614330016365
0.17312105617881002
0.9441397090934548
0.2097671752685385
0.9483463221284234
0.257821148001389
0.7669788638491516
0.06060185358962211
0.2597958437749315
0.5128800749678519
0.7481543761189762
0.8222159071143531
0.3595399151581359
0.6008997900995281
0.644454443799957
0.010227287156444387
0.6953761470207065
0.3799225760970645
0.7804506586302571
0.8300389211273259
0.4402553072729186
0.7432206467408891
0.6179807304346434
0.16517417167956217
0.6454925397405352
0.35828335932207245
0.5948133097606003
0.8970877722307152
0.8609317318722403
0.6177213956288612
0.19591597922805415
0.21804103053324453
0.8485022328506567
0.5870628754559094
0.3561491450552955
0.06337155563851449
0.271655083830989
0.13809614576215545
0.810290862111448
0.10619326270790752
0.6339558802743714
0.041181833371441434
0.7743581612376375
0.47896902486240467
0.6485407477125137
0.5053614834890642
0.7607587899057279
0.885834047894959
0.3966398168109121
0.08662459208706907
0.7544488538638106
0.4387015072504883
0.8789956366430584
0.46355596049292214
0.860971102159081
0.6549705526579036
0.9048841839460936
0.46032688985193604
0.8535180359277422
0.8419534681381244
0.20329416101348818
0.5221745717606895
0.287207347188148
0.9658607904215967
0.5804607315496028
0.17236721793940368
0.14240013534325913
0.9469917384417497
0.0028799567738739817
0.5712033717421539
0.5838798316546587
0.8369003630256139
0.4051531165148554
0.6104261497663601
0.8082802635678331
0.8850756556996254
0.2880759154436303
0.12188755347145441
0.9037007424397521
0.6847387443524859
0.9951074238843323
0.40444143470305116
0.5063423503086251
0.44476869243020756
0.43956568506966354
0.27376434807555805
0.05698377031656732
0.6045075711749384
0.06318854928106854
0.28403401465090206
0.18892741000953217
0.8937898016990091
0.6897163395050944
0.021738759284261056
0.2914479572195873
0.21312670756644703
0.7191599857330632
0.034822717410964765
0.02326179169510123
0.8537776754967866
0.8048827421236023
0.08415518548430945
0.45431953296712413
0.5073748116324299
0.5848488614316605
0.6688408082148137
0.9278164635103211
0.056999412782439474
0.6530638369022255
0.7949806269563082
0.6059497562687376
0.7245396075049102
0.2025195154199988
0.7221587363154961
0.854623746954028
0.678629944750505
0.5374820259860518
0.34187573346125755
0.8579067964970634
0.04002436978898227
0.4103938101977702
0.6257306473161776
0.9259303843388524
0.22549115295819966
0.2921300052261432
0.19747193113143235
0.5637486225133485
0.7503576721146196
0.493153591087345
0.3676269068548047
0.9330919444431395
0.5827084702382678
0.14475312869850931
0.8831194298787297
0.9811807780171963
0.42638091289356894
0.397337810454813
0.3087547959300785
0.6315456824810902
0.34155669041215897
0.9135781008300999
0.8842499903925528
0.6690782416223224
0.3584848553596879
0.7886399425680235
0.35965425505467663
0.7734664152179619
0.8453361365708744
0.6401051293510861
0.15273902790059923
0.49819060183832475
0.5013987001277079
0.3290474007493057
0.9129585515151529
0.9905110997366929
0.6797405957828505
0.9565811052392313
0.9146974505700676
0.05152291899793815
0.41216605924748284
0.6714622708467091
0.7510880092612683
0.7845426076156847
0.6820826064177689
0.24773031563041548
0.9420850361844091
0.218068906854767
0.19123073960343262
0.513308230000199
0.6527205118850479
0.6168144322593808
0.47161378766692974
0.3638894285004385
0.589824703415422
0.8877120354914453
0.02584127902427258
0.4115496326335173
0.9885473816572703
0.02578344308897429
0.5470115313016914
0.3501217037786678
0.8615391247819303
0.8115135644943365
0.9518824913904035
0.8255647408129917
0.03199724255805303
0.1997117613898951
0.49967533852764423
0.6244243550367704
0.3424312997217861
0.8858213599758361
0.5595884760462888
0.8928321487784023
0.6939964450172106
0.7042854041570836
0.13944667300663927
0.7173771708323541
0.15692617430349753
0.3132447057973897
0.5628350293989605
0.28655782006324304
0.8813900365185704
0.8047500488528959
0.4003621860722132
0.38485904903429147
0.5421905354320132
0.33806802832671945
0.25073901828892764
0.7411794254062183
0.6960954558118855
0.9306490785760244
0.029781681386164993
0.7922561951347182
0.1733891802290305
0.0869115406941775
0.7854547234448439
0.42373877918279534
0.8947591903529938
0.961795359105307
0.03473895232767543
0.7387384776143937
0.2493646909670827
0.9817562065926455
0.11292408579466062
0.16497983849324982
0.067285274214267
0.5840110756947726
0.7910269926730232
0.12211633655888265
0.9675098410953014
0.7651324441546061
0.08691584598665458
0.33937945726379937
0.2268975027555451
0.09711955017223006
0.41887857082004754
0.6478903735662489
0.3518828155803112
0.8306584174006454
0.489213269636255
0.884156652736523
0.8160565768437819
0.7644718278361418
0.7362012862389121
0.46099763200173227
0.7367849435158532
0.37983413209428907
0.5618685659463443
0.7910214177556709
0.8620735133388057
0.484829675037755
0.8995700189569603
0.5623489573506473
0.4226593456182375
0.31419754361730556
0.45629187579339736
0.2453807318744835
0.4716517110518078
0.020472928183766226
0.246541527270158
0.8526056155566986
0.8638867928980061
0.43371810837260116
0.2845487997903776
0.08964694409033969
0.20872391382351663
0.9583742160636767
0.5287514606823621
0.2039631691844449
0.44013145205960413
0.24006067584485968
0.07489798929979297
0.7339841784286795
0.2821935218014554
0.9361629891857072
0.9479221315392178
0.7284195194018327
0.09533884095258449
0.43314327458230795
0.6333415401659879
0.06758809127113297
0.4036763723740435
0.3346195573437938
0.2712450867499102
0.19056627893835787
0.11930102685470301
0.3551514889527654
0.8974933148127734
0.16653487476623852
0.8146322585714384
0.36103387132919973
0.8343029178512484
0.6145537368435668
0.8990925150859294
0.6383064747727749
0.3848283796504688
0.6702804014806442
0.7093391428533815
0.5576335343344822
0.8528941682814886
0.4193899336814044
0.2794150924214358
0.6032497248651276
0.13405450966412502
0.992233481170049
0.13970013504883072
0.42317525375195464
0.9509071821283676
0.8405006386716698
0.724593961437863
0.5092657664596585
0.9781527513841003
0.5367117056649219
0.5520828333979183
0.9018500154240303
0.8189144197345147
0.6592824354921768
0.8550859828270851
0.050368168228214216
0.04546869659374608
0.30528833884820084
0.32981078696633637
0.4498534805853588
0.4573318144133539
0.5601062840131147
0.40809505999380935
0.734347176521175
0.8803319733094794
0.7968541220153262
0.9945024365825121
0.346134638360274
0.3115110043534972
0.6679978636942754
0.05896774409693806
0.6659780109745196
0.7595798591805085
0.6219155301612842
0.17476226401165562
0.07524250508566233
0.026840536819564553
0.33045088641380416
0.03972693252831938
0.6983444226531997
0.3551976903991937
0.7743065434407151
0.10924212777268616
0.26438408375188727
0.2799308852604886
0.5756056347998793
0.8233928811356735
0.33413051714076547
0.9049813060249333
0.6350747360314403
0.3052144753865955
0.6753609362828821
0.9013663412869225
0.8791002003144262
0.8036985828432188
0.830809666102514
0.7480427293258757
0.3130236110518695
0.7303735091234648
0.056931479863354895
0.14848109577524116
0.9689352994937137
0.046422732836374325
0.5453232540815139
0.6045936913392994
0.010314910901084828
0.8769789148867171
0.6336734413446317
0.6584679207021159
0.16356781622060024
0.2795190453077758
0.40262153998113026
0.8010279198227178
0.6068501776166528
0.5935195353032737
0.7340815384151338
0.8654643750758716
0.899670178201365
0.41634539665513715
0.0037023702575019746
0.2640620082891365
0.9990338888104225
0.06053906052646374
0.2684094828415652
0.7221599234191916
0.5232350551450163
0.31126149462047814
0.5149861859744772
0.4996494347243444
0.7500513294331216
0.5179066502628449
0.15288202783088722
0.5182637412414592
0.019416896955819052
0.10827204546467095
0.32365587075223945
0.9692996881104757
0.34786680741660847
0.5085387739252335
0.8778728247567374
0.6945869573471903
0.8263890676661444
0.3276112462637478
0.31442011763925026
0.7850359453115715
0.34712211411281213
0.1377537271772905
0.19054011704883067
0.17064042195651918
0.3322313476639488
0.07956299169166292
0.3673202328293469
0.036488774897787124
0.2268708467855478
0.16855833772839024
0.5442823219415128
0.6411802571395712
0.14394939664696638
0.8351166261020355
0.8836216857503698
0.04971013637996158
0.22183890209642154
0.014248405072457726
0.25301508399610495
0.461011309760069
0.818315181056934
0.45024997289422886
0.40814188913434823
0.43849747354483026
0.343981289291435
0.6148172045643022
0.22339220189783526
0.16603266545686735
0.5803343389837284
0.43780422461940616
0.4559795700750937
0.026713006893422042
0.7815571549966812
0.8120695068306071
0.6608393692286069
0.6150933672098522
0.2821256954654756
0.454345064913673
0.2807941466690125
0.501615073010059
0.19505090649668155
0.34475933778849877
0.8636993767733755
0.5924500117324445
0.21635493975083753
0.5097677586858143
0.574317543053143
0.9497869021066402
0.6015000143043489
0.6456598544671307
0.8335866030760107
0.7033986123553242
0.1173830538776166
0.14413547622416145
0.5846085390850423
0.4361895179313561
0.24650132662509772
0.448319451586109
0.1897406910157623
0.09670508200917238
0.6359986708638607
0.5528877260466725
0.3794328007124165
0.6749029479152039
0.3373990126158021
0.9283890330068006
0.5111836537488704
0.9385881155981919
0.27547449060291995
0.9907042528520784
0.17985800778780636
0.555643732605311
0.6954848232037876
0.5709491894981493
0.33197587272515394
0.5726575769639248
0.7132352938099805
0.20849989235294863
0.7839402752695112
0.19880271514579684
0.8397271106449985
0.6545494701980166
0.25134952861033255
0.17524628445440593
0.33324208423835877
0.027271364875250836
0.4223412940738398
0.24536289610144768
0.7452263098453571
0.8339968120114695
0.462853941804099
0.22897606163337536
0.9269774115941085
0.36198033180188816
0.5750154858625931
0.01625606492783438
0.9415402089059782
0.17297689837005803
0.880289145182438
0.3517911716796779
0.9123111038673799
0.7492760522709104
0.11491669924360182
0.5478119860012336
0.18992338462701197
0.24739600826369623
0.23913380053563615
0.3594135731030593
0.8153050194340243
0.035360444399548774
0.9299194469713548
0.9826575118593629
0.3683035437677724
0.9752632009868425
0.6560012492363952
0.23519831295680338
0.7848532988446566
0.9771966263959022
0.4554882676900627
0.038693063120975646
0.046323826998622586
0.9468150039610619
0.3403850112369413
0.3109108947635705
0.42621417155651287
0.4796175293706011
0.41435290186268614
0.36916757601846883
0.6331491071988289
0.4554409946774288
0.9571986898071939
0.4714706789734928
0.12227794706654582
0.09287054799560568
0.2713482722308368
0.0635987234888239
0.6300421845718286
0.813072345951437
0.274365244763187
0.9023203865578401
0.08655303050067042
0.20022803253181454
0.7810671060617804
0.038374898955344516
0.35873676844910507
0.2981214692414401
0.5658146824886027
0.37787658810005487
0.248988706961365
0.30710890807405367
0.6471481337179176
0.6082157833039358
0.9613882927418103
0.5674645131052485
0.07794483709489053
0.003424451758048175
0.23952433228511383
0.6287381558715714
0.15694873192335423
0.2302282936429978
0.089403477702381
0.6338457926237044
0.2585506543814371
0.5066501092747334
0.34407963645819917
0.8671496002882202
0.5819269320309796
0.8029015039005611
0.27492917274793716
0.5149362875744613
0.17808674738512076
0.26985025242829785
0.7359504312550376
0.44748480483938513
0.13322273671366092
0.7894174756744722
0.22257871514769756
0.17090444009580685
0.2980691896341974
0.9960191436732931
0.03328153335019601
0.697135525612765
0.4057116576195302
0.05968919108858173
0.5970851931225231
0.576045809426687
0.5959434515039557
0.47035149224556394
0.8856285966967338
0.6282098213145485
0.8653018257293641
0.2986925980522729
0.47868277273316506
0.045949792089266195
0.14095538244833405
0.1468282157950035
0.4492836038140451
0.8974731664520598
0.48919486581115323
0.9290066763163752
0.40983661343585776
0.600643208273082
0.24718352112351094
0.2229291190550443
0.8279550649965227
0.5892632392825433
0.24295154540495634
0.806027124131524
0.2936565802763954
0.5374525654766704
0.186285400246486
0.25708331259726613
0.883626435342284
0.75189182637246
0.5837838710233212
0.11142534321093422
0.6955773011288626
0.11639688659162128
0.3626234682841504
0.20296993013061493
0.9564410511251542
0.9429000155940662
0.04801167840015097
0.4740534318295121
0.3357177759300036
0.215954562103582
0.9378947836304198
0.43278873956626673
0.6832503924442676
0.5385858007796837
0.06533220934082917
0.23824865535008932
0.7119710205852736
0.33474935923621973
0.44794389184215067
0.8163626609161343
0.6548677431229043
0.18071957094808677
0.3593405679539202
0.3081931972980717
0.5385973770420185
0.15040219338143423
0.6535150870584864
0.32707403113628264
0.999598669996287
0.8426314556958316
0.2677574958143045
0.45169021327376435
0.7927064249968292
0.22078172449613798
0.9066303290315989
0.28595379717819225
0.8180720053678082
0.8466910760633923
0.359543708253105
0.9829507693099496
0.3588147839522572
0.6803893850400665
0.8799631070753963
0.10683867369084055
0.9111556025540896
0.0456632921068737
0.9921950609240063
0.5009683058055794
0.07707014263107037
0.8063163986009815
0.014641062376076541
0.009229333661616712
0.8703558669777722
0.09885270056075168
0.40856970122428926
0.822637546372515
0.7278512257896919
0.0025913184334448447
0.641603706371692
0.07515716398534122
0.483225862914775
0.3812144971948439
0.31058689845581255
0.9362098971829742
0.8777238737776792
0.8365450865242715
0.5028781512027705
0.8424034121520658
0.8965915900841652
0.06421095286909628
0.5411753532868921
0.8879915092663277
0.19367283393032675
0.299367588183597
0.5862587028496465
0.9555359795151528
0.33037354595552726
0.14476560979678232
0.6672407081266084
0.6002975162643913
0.18670811344733507
0.15391868511713747
0.1670804266134115
0.5231700642555934
0.07976358454347854
0.6430491850878397
0.22923143092064913
0.06702369391750884
0.19957306550740084
0.626971651757575
0.7139751774290829
0.6588850663537348
0.8662284951050319
0.8818550107767019
0.23068020917012844
0.40713419626742875
0.5218930633258888
0.9062223069186257
0.07792343846375571
0.8642306572452806
0.3454884443608607
0.07334109581236092
0.8057513598639997
0.9093643612733884
0.6797042904607428
0.925707652644834
0.34380674265267197
0.05589954869959879
0.7376850362696101
0.08391712722999245
0.7623393581551332
0.32458167022357176
0.5462757552450044
0.6220490376531608
0.14595822952789117
0.9307192465846403
0.4043901828487738
0.41746855017042206
0.23951408739306201
0.8404014962335875
0.3403418481581826
0.9208899858029203
0.4312366321342833
0.548513523958904
0.1802666199708276
0.5695160723080981
0.3359134362296736
0.9718752136435806
0.5223232553026388
0.35392547522877693
0.8636598913992551
0.06567887222768654
0.5514326104902747
0.8077457089896573
0.24191240680883974
0.3074214093528579
0.17809868610319846
0.6417554852512447
0.6590015741022772
0.32431594334871305
0.2981647097348018
0.29257157163204306
0.1276077787107276
0.6190917849917439
0.12811869408226118
0.20713442175800179
0.5785437784342027
0.9096167192220834
0.29247969138547814
0.20931465851987485
0.5080492041641946
0.6543306814415822
0.2740780070495529
0.6074899147316666
0.2806362427141156
0.4090961993810478
0.8680104482103743
0.04834835640113577
0.6923284683850328
0.35861423586923535
0.7949821914333575
0.6689689698738821
0.8935198082361491
0.7758007518875987
0.03530591712080711
0.9174609607569122
0.3904108030003416
0.9026777413597054
0.31183156685481417
0.06830708089077153
0.02150877939778406
0.7579447277596947
0.521556282607446
0.5392379342311142
0.7519131163111464
0.08646658780712746
0.9567184822888654
0.23702781253902983
0.0967274338240044
0.5187837660714638
0.9468163588010294
0.7908609293336204
0.6259361817746832
0.017463262375605915
0.10786088724631138
0.6899266227526955
0.7646650402263186
0.07421212303366609
0.6538377534732748
0.8630485791359129
0.36715522934324485
0.29712039886181996
0.10104456285190766
0.3607614892070894
0.5670558137349555
0.48312879823677135
0.35215030739194797
0.9796451973750231
0.510809694739735
0.9967554151784971
0.2058511235187911
0.6619218923874667
0.3139360667130534
0.9930209771724571
0.08662232553009885
0.26058744747640306
0.03291967134360774
0.8216439957652605
0.06519863103860979
0.980081037810617
0.6663459571859977
0.30541864488642534
0.751392915548439
0.6555272367182879
0.5283110837268914
0.9030680494837933
0.8404194730639956
0.8223065979556534
0.46245326850278345
0.9712660392237944
0.32654993154285705
0.42570362696153563
0.45603597199728874
0.9353980750726333
0.47885828659661067
0.7673324083703122
0.25980509566903087
0.20987855423414603
0.4817210065629669
0.4446456759957772
0.4257594687014682
0.1267556079198524
0.4142195773138262
0.21696219168269726
0.43519377483259614
0.30257350284557827
0.8920392119736471
0.034550752876120194
0.9104898235033108
0.5549074101882746
0.544763325039212
0.22264245436744
0.6870529014441713
0.6939767341015656
0.39692829268499974
0.9789936194677639
0.7511143069369511
0.5488954339231086
0.2771876553321667
0.3573179368026055
0.5424864309259113
0.019999890524249886
0.43285198477925046
0.6733787752300026
0.868562670224659
0.8280853252184317
0.7284445310965059
0.22011307097117105
0.36268879090192374
0.5397368788646248
0.016200116267687026
0.33438273262148344
0.8334722807025297
0.26969377246965054
0.6936219978577745
0.6840861997021355
0.9536468658685846
0.3520940854812238
0.13317262003476216
0.4157904607888475
0.5001940207406805
0.8933314180890305
0.826014671573874
0.014350314465472302
0.9027190785251519
0.04948819994153175
0.8212182590255663
0.7880425234654594
0.9935135211195726
0.39310928881180296
0.8637575326822813
0.7598858991533561
0.05312398091839021
0.3255867099685804
0.029168677975370372
0.9965858116321308
0.36323952750547917
0.8889770401796181
0.5333225733837601
0.55066615103478
0.011115375636478464
0.9997704668249205
0.47103521544146554
0.0025848443960106993
0.7628978507526191
0.00014258391706412077
0.23115590820951581
0.6845925985108609
0.7796491150744403
0.1485607444871846
0.3012256502988735
0.7715726838695374
0.1360787322984771
0.07560332104367773
0.02733210017082277
0.5832334000281539
0.8215012442015789
0.2607682927377092
0.03241420002569284
0.7972769063661841
0.28480918954742085
0.921624183841062
0.9789202823305686
0.004605760240218637
0.5329354319720165
0.6243711599968489
0.41811312039985304
0.943690930644375
0.3386736497699958
0.18848502176308402
0.3640968944436457
0.01013390627269184
0.5328695222050924
0.16725939971693427
0.16508300975062018
0.5187070400201286
0.7657298754704891
0.26515144002757696
0.24756228381667866
0.5041307833852195
0.2972992940038952
0.30744779735295735
0.7780684259255386
0.39717290860826904
0.6524718416929175
0.7150875472553566
0.6082464568198338
0.7694802583602272
0.5625450468175878
0.5473980734847885
0.3521680192618939
0.6649610928858577
0.7196383218745496
0.10327490777178983
0.29689361193312536
0.909409476613894
0.7371272090460333
0.7487896542586168
0.30956663581165056
0.19516020259792943
0.973704099635977
0.3502782929452827
0.3803074453119132
0.23240857483005306
0.30958484826623256
0.5286166210574681
0.2377318886671811
0.625040710183049
0.5121207307759489
0.397006986944905
0.8595844213389725
0.4479161592411054
0.861380669757621
0.3679364435473872
0.2729688936320578
0.8162475209201594
0.8754028018910801
0.5770909355993201
0.09060998466103198
0.19061880933135544
0.7110290835332849
0.4267394768929885
0.9813457104030243
0.3844833074443923
0.9548166695134734
0.8127123144619963
0.6028615603612018
0.8026766852317796
0.5170012997911981
0.5941336687553435
0.32835275054989754
0.31272024526342956
0.4676720153313083
0.6714868747997865
0.4076578481440031
0.8798894478702545
0.32058148511636597
0.1183534575824351
0.6251063208178451
0.7351079417301218
0.24888729791876563
0.1397861627461876
0.8834602288095456
0.1577170218739058
0.9738455481835938
0.08834618593617216
0.6810779992318621
0.19420338159202255
0.874869996186775
0.3750596437726136
0.04599988626007023
0.24816281363113535
0.18262750213138768
0.4939604468050647
0.7931620773811273
0.909527984964148
0.8219361568978996
0.6909556477562255
0.14437300350164484
0.638721984458235
0.028839666531341956
0.10029498522015834
0.2328616825232711
0.7044802873239606
0.09103844430962016
0.3942804375900141
0.16966633999011604
0.8089993052306265
0.28178666339170977
0.5071719189876756
0.34094765612092326
0.3448357797956578
0.7112485976465999
0.17560099256377937
0.9102509862467197
0.0949179824152645
0.3600007530873949
0.01938107745477613
0.8591373625734746
0.04759879562721114
0.48769040777441663
0.770261833164513
0.056829461507189594
0.5965936632087467
0.2296305862735315
0.2590670071347959
0.031062348173249488
0.1387310131273497
0.9735548841712912
0.809072372292784
0.05584655189933174
0.40170422509020476
0.19887104056790028
0.5024261036493124
0.09788013769308446
0.2682165578071696
0.040530649649153094
0.2023300985913441
0.9007633475853536
0.5576470089755382
0.27870838538321485
0.382901416625819
0.4540843693288612
0.9620998001459312
0.7938219576002299
0.8007902661209577
0.36291229944622105
0.444482308318525
0.0949907467212896
0.11315511059132644
0.12262359944616263
0.3928228069299783
0.6848199110235245
0.7614484102357265
0.8543948956654747
0.8237855423437875
0.8341430624627935
0.9921192176580018
0.9542249427078189
0.8102986789174339
0.8523949606211632
0.02961682588263337
0.9850285457580101
0.025758277038178234
0.3889740823636342
0.2602371748302278
0.7848292720883552
0.1831346300929365
0.7812016908685167
0.4819676450184872
0.4516970548786895
0.6115178016401449
0.6760228780637274
0.42493723134857786
0.6791015038421612
0.8591590937379382
0.850310371620612
0.8363499513832822
0.5290876797271331
0.6124169731261996
0.843114673180536
0.3142411814915782
0.971273528312017
0.7430735205254845
0.8801702058537114
0.6160192903396375
0.9014562129563369
0.12239688951888861
0.9128291565776513
0.3083108909582407
0.06578532947772475
0.6734374598893332
0.0075494211889554075
0.43845175280536375
0.3024072057881073
0.22961949649650037
0.42029045676815024
0.13161209338994362
0.07553978465712419
0.6803799663023069
0.5064566033598157
0.9971056402710204
0.5731256302299316
0.9366453296536126
0.09897948662294886
0.6704902017209073
0.6763936271900498
0.5307391713566456
0.809061725398334
0.6740639814068387
0.598568881647659
0.4079779393120133
0.41340889385402724
0.0542517530011658
0.5512486036130352
0.8114591836851215
0.8089855867287644
0.002539262443853607
0.239175695583008
0.35710514479154876
0.2185990972698192
0.7796937747692452
0.6664345670205861
0.32125061878876493
0.9894552097536291
0.15177648540872934
0.009180794196393394
0.5382294633485366
0.5387935336926379
0.9820672448688473
0.69433711504351
0.06890772434886983
0.2488092059229643
0.29474433985444126
0.18610599446023912
0.036643949059500636
0.7740995496621004
0.7030165060412333
0.08737710153768963
0.5569854430712419
0.22082814458389444
0.17173832208095974
0.6990658159081967
0.003480436791381436
0.20505470154438388
0.773085918386171
0.4953826971359414
0.9984868402618685
0.2428039252257861
0.033849501540562654
0.7496073399888659
0.006622616855667007
0.10820878483846508
0.5265958186636269
0.5351597583612021
0.9259158717570515
0.8169742579810754
0.1172947079494514
0.5245663411403023
0.9554234650525657
0.9624164120195421
0.07642556359547503
0.05527856570164036
0.002364077053864433
0.9179196363422756
0.21960733123076637
0.2937283661237944
0.2608859214913154
0.3382297636565006
0.8466930180631657
0.5410221121931117
0.7359017216805267
0.8148798683340052
0.13640004006650885
0.5440008050714544
0.8800330872677957
0.8209193960710085
0.4109444053132665
0.5927636610787356
0.6599005726803606
0.38760040233003046
0.8270051712318434
0.2645297734942109
0.7453482806508724
0.9257760235989946
0.7218655060199803
0.07122746657119838
0.6032857814684242
0.4570914744552709
0.7879932760624475
0.6228988896671263
0.6345114658086316
0.6152426175854774
0.033415353583144736
0.27509384978276286
0.5303188501921404
0.8573414043739184
0.27712499585681205
0.519063962975438
0.35534833544827393
0.18479820858181883
0.8039161691152609
0.3953928661719375
0.19590346148145354
0.6613649841131929
0.8132218731980623
0.0610909883910995
0.8685689591136172
0.9131381672002007
0.5857897076981591
0.8581577385946331
0.007871350020212775
0.2694422311686425
0.6844805698314397
0.6613938021756741
0.2978137030004808
0.8493061599694248
0.6952005200668748
0.3068760026997245
0.08734773752118008
0.26579990444224466
0.24273119730791437
0.27715834106272674
0.16092405978967173
0.18473119589723375
0.4256939348176916
0.8064654749131929
0.8368537744831286
0.3597210662304816
0.28233397076795463
0.9087244859984805
0.6216980991386406
0.22101175748211987
0.495938835613556
0.274811859775972
0.25676332892423737
0.03260220404600078
0.6886585935114017
0.043598710080033576
0.33354202453832893
0.8032550772095807
0.7960799792405507
0.7084809381866218
0.805694959610661
0.716918979366413
0.8560050395238724
0.8579907169282303
0.28200946525928305
0.06917967781879719
0.9164677075939407
0.049815423914760903
0.9126712792569919
0.9237406560754954
0.5935417124253873
0.4158177278118538
0.08207413949271569
0.5640669105061399
0.33133428217518013
0.5346364733083901
0.7336344639331466
0.9457583983140119
0.3917773564265711
0.7355000322191014
0.2725765088481732
0.11198628030340962
0.3249035879748027
0.22914572597357863
0.6176036288074254
0.20726158096038083
0.3518657863296455
0.05223018259561851
0.6073082719606239
0.08113435679490744
0.5127772109506097
0.12346645766657272
0.5967066562044088
0.8244510413184025
0.4984682939815892
0.28669556016209197
0.6665466959394443
0.865089893327302
0.49365231747189553
0.6263247733264585
0.11485193149820849
0.48631253003736186
0.693949583801874
0.4511797162014095
0.8418160129048227
0.17075231521347034
0.9513360999974334
0.02915908356990271
0.4531710065150856
0.31001835515498577
0.8078867232645345
0.9459995358693585
0.11040537221364866
0.4480217439808214
0.7326617600008359
0.0644061985880221
0.14854596195055203
0.4814227096034748
0.43532184848234645
0.5413190328224643
0.38801568504811035
0.5186019117200579
0.6218866122127198
0.177541590017805
0.5617519456790915
0.7131867713130384
0.9815929735113376
0.01546526083169153
0.7019983947293565
0.578209435257401
0.23137926179189416
0.3300730724180203
0.015627485361509486
0.04887276539518892
0.936823292646845
0.41958568573125876
0.8472863074474254
0.5286318485464376
0.9911704509978937
0.11954471388832089
0.49849682943257867
0.6290884384522022
0.6428881514931667
0.939146348435115
0.9946519646746316
0.5064806208666751
0.0759801094396092
0.1586848027838098
0.4799206156331234
0.7088459313449463
0.8263025142707981
0.7703576744162332
0.564564228261142
0.11224539305466086
0.5489975276016295
0.9595761914077486
0.35959961379491423
0.7809350027017083
0.6530447230477983
0.7478643677750242
0.39584182499540665
0.564485230394151
0.6345861118974037
0.7727591418903921
0.5220505587117122
0.2712486948284335
0.7971591698092445
0.000667865662101641
0.4118239586471334
0.86946570331807
0.22194081236282592
0.4639496403554083
0.7288335125066905
0.9741901737016476
0.6725853307328095
0.1902451818939459
0.7247087487951192
0.7873411594151756
0.6342269484492656
0.9518631244728561
0.06487597086534036
0.4737322992335189
0.5108734755173157
0.4743666040139092
0.6893950048029731
0.7275541284272585
0.4943516148684751
0.36959661831336343
0.9504097199561548
0.18079822723418304
0.8074444363486252
0.8397704387346486
0.8289383012233591
0.012903015854569655
0.772315951287612
0.4146050042814271
0.42468721339512283
0.8031256036361593
0.8419432186828153
0.4864925194138976
0.020229899202255375
0.46433717363821614
0.8956375328656901
0.9729019319160384
0.22575670847416052
0.6845350385174005
0.05358216870447041
0.2750496363828917
0.40479267854584555
0.7944225215751424
0.7897309527653056
0.37366602498406243
0.9413247311612033
0.8993625741264482
0.006473665667522943
0.022514650014162196
0.9428522501897644
0.461685085501226
0.586385318839372
0.9211064461131561
0.9021253851959352
0.003944919770653366
0.8834253153815234
0.7514762970272312
0.20103551544387066
0.3952495542077047
0.04957797546988374
0.69780461234682
0.8429470138182195
0.9889762155841815
0.9534841407303611
0.06803772173919842
0.7997026834305654
0.948686968066413
0.842391361164753
0.8116574661890349
0.8220097127951483
0.3113807538033234
0.748068871741056
0.3655495416486456
0.12116859728089246
0.7002906460531153
0.4481280693614632
0.9690484707732396
0.6947802374055226
0.4756532783733436
0.7397574141695741
0.2824152932804116
0.5178601835501088
0.1686838294535007
0.6621537065346433
0.9572530347031517
0.4028590671513017
0.9071260680716237
0.5823213948259012
0.6829423665151473
0.4038944994275413
0.41110431800446356
0.43269803416543984
0.9353225884346839
0.19519222700619898
0.07774308256863027
0.39346664665197906
0.07590774729195249
0.9980909155300123
0.5913607546103314
0.03805899482921915
0.8777417917289102
0.8349558463061151
0.9524743537460431
0.419476560722147
0.4689681780727185
0.7414497141082155
0.5556876744333769
0.6626809314737592
0.6797129129949947
0.5812627884841373
0.06479188933768953
0.8053787999773239
0.48644831116760867
0.6618286021698344
0.9884885603364624
0.029565295106458223
0.0008689865353577186
0.307358322514806
0.649369190098415
0.8990383511422593
0.4567204927656323
0.9258624054572077
0.2699754447323215
0.06607784579905529
0.4988110663960553
0.2930655783078876
0.2960851602521454
0.2537283921225275
0.11044573996565832
0.8780057520240928
0.7540000928872185
0.8004686855437227
0.2587102343951275
0.43198188297599904
0.42732039483853046
0.1827685528337022
0.09802530210609262
0.1736655212828614
0.028267710411050917
0.8774267033359762
0.09846426038441991
0.8623912777420425
0.7185991399891676
0.9428394524560729
0.7448255130804037
0.24210062955475042
0.7448974923242916
0.2295498297197479
0.045966061269959946
0.34771160924891054
0.10683461311936093
0.1759210753861976
0.6540815751252113
0.349211408722096
0.6368148936406566
0.9277567686860405
0.797394389047131
0.6622577309913174
0.7863858400314082
0.6317669993809827
0.5471071044447253
0.11607436023191264
0.5467584178022864
0.2297358129190621
0.6100691266905601
0.945628226624917
0.5670248908994135
0.11417134449603306
0.026201939893867654
0.3228316823220091
0.08748204071385968
0.45139339332022965
0.9176278546662956
0.3007291989257781
0.5019061414144514
0.8338728940307839
0.6982913965592149
0.4431551771382237
0.911476219254824
0.5282930845206011
0.9050259853186253
0.08981930681758332
0.9092783809527276
0.8551247583209272
0.03972778151990641
0.6344849956929169
0.5014368810714882
0.9597886284414424
0.8770166355830236
0.11609524210406452
0.011400518285034078
0.43546990601427293
0.14397827956506293
0.9161927708107815
0.12264455653214379
0.19984143516131936
0.041167594372912175
0.2386797820131641
0.8745591560176897
0.7594817278746074
0.9408491137008492
0.6756785934968689
0.5783019209398939
0.2689821741396283
0.8232654557016954
0.5356673125882548
0.5339797398875286
0.8926447287445128
0.14448869282361965
0.8369801669871014
0.6893818964988199
0.708717939517804
0.5253666893795561
0.8071801867657781
0.5757673048415158
0.724263058261031
0.3771561123530758
0.7633449235397018
0.1071377762407657
0.9215128881197883
0.24244433323170467
0.9295030696403499
0.21676153508967655
0.6622691542267886
0.15013553678074676
0.3858539785542954
0.3347369094097019
0.7174293104947
0.1046518397402515
0.6342358488189043
0.7827330755082265
0.8082210383168582
0.7062060551035626
0.37699999515626936
0.905988452436349
0.41964982826323016
0.4303019411249901
0.10167869610063329
0.35543667668626167
0.9832038495995034
0.6895136012809044
0.40883087387358064
0.15811031459885916
0.8010449177719723
0.1970425993637952
0.7108686033960402
0.6363410400901296
0.1267371626182613
0.9723036677913763
0.47290258490270853
0.11166280991765698
0.9260830947999079
0.34177211595714785
0.3715218148869117
0.7244872966295586
0.967308636103589
0.19690402988199307
0.2700892681492847
0.8678614898648829
0.6067356478745252
0.08536275280492778
0.9968646126332067
0.2414763668802411
0.7707818500402206
0.8720628659215802
0.5470772337088725
0.007223281398993198
0.914799299777622
0.7323056014921852
0.5921990285134889
0.2250618631316219
0.13107597967984752
0.2076362025681331
0.062071183932506435
0.5292128523279804
0.3372582670767973
0.47712266526082847
0.5498217573622918
0.09172223581311612
0.5896874371874046
0.860620728507663
0.030888416515359673
0.23625443485081077
0.04088437298220182
0.01147435590386292
0.07119288563522375
0.934865262729736
0.6394175809506006
0.9826067789188749
0.7645264826254986
0.7303361830071624
0.053364407191779706
0.24558962767120385
0.08665449453226393
0.0472127631378807
0.28522820638167445
0.3151383077853718
0.6760029980363488
0.1409924620771431
0.007736166671992062
0.3684626846606125
0.6588638787904179
0.3308342114255931
0.6092885882135114
0.7330672101753115
0.0009681813282711449
0.8030793118476142
0.5027462633715947
0.150287632395113
0.012326893953791496
0.831032884979083
0.235978133593995
0.3837003695006498
0.08376394326794423
0.6982855358422306
0.24544506183091241
0.9062072822193259
0.5506911800331228
0.9775280459759148
0.0008380526066069649
0.42723129058229425
0.521740180015401
0.28599553083238083
0.8610234728597718
0.9315157453710168
0.6482794676457659
0.1505048870170288
0.5827397041689237
0.926801712312658
0.28333056483541474
0.6018647566833288
0.341658793865785
0.23463301344149923
0.6967481630020298
0.08143710375046032
0.10391814910547292
0.9714568988846252
0.2381132004811256
0.1924550458975004
0.1633935284266237
0.9154355990932861
0.5077843920180685
0.20399582027635832
0.421945652710371
0.25855863346748165
0.6629382125564085
0.38404267131974457
0.0243860965671594
0.2840972708581537
0.35995291780845895
0.6961114436976906
0.8861963566553794
0.21473899404471242
0.41173281713530663
0.42273143223160936
0.17415665014009862
0.4684092468432891
0.41433751726092316
0.5087986319971234
0.08125539890689626
0.3392814435292202
0.699455710605279
0.4532733212205673
0.016644014179808986
0.3823464058174314
0.5429431144568212
0.03926407698024781
0.5918664157134585
0.5329928476486336
0.5592715773249857
0.6850144289945681
0.46400908985588785
0.27392596525784996
0.04057738395106392
0.2796975228965628
0.029150909472080988
0.9230743166950011
0.5749363743797303
0.07653797726265943
0.6266036254927628
0.19838222705431596
0.8892887265805532
0.9235256102483583
0.5030119034958608
0.25123625309835695
0.5615131978834871
0.7425244465087093
0.04115742179611592
0.8522658968576752
0.32526585052594803
0.9407004579958052
0.2805592009302853
0.011244112279961693
0.5557359453661095
0.009448672676651504
0.46002632152883216
0.29274470665787455
0.3200635753177562
0.36576827058124817
0.4096769372415391
0.43294319235347567
0.7836935952305283
0.10812375954527709
0.9417313231222552
0.2540821635348053
0.405412196671352
0.9238432540836589
0.5096871098688504
0.7390164852369356
0.877203009945655
0.789523830449674
0.09015030086848652
0.3149869879064041
0.3760209544845645
0.4178089609057525
0.40861083859457603
0.16149282679037347
0.8708075821899671
0.72946152548051
0.40757660953188035
0.4489835751083481
0.5716721661956468
0.3146306860950935
0.9525681605316989
0.11852226060500226
0.9928805138716396
0.10077331665948475
0.49421889888455495
0.5381824107372346
0.3375531548959695
0.5323431341268133
0.28468777825054026
0.624909048687043
0.4196997276717369
0.7795849802915239
0.867870172156512
0.024165902781641768
0.5208962450000592
0.22957974158478234
0.8638749227369376
0.46287631458796474
0.6550458441549498
0.9845756590865542
0.5194977101574034
0.7897537522367876
0.37736398880359057
0.7093851021799279
0.9109207136699514
0.712197183732465
0.5864681781543184
0.8850297799677267
0.8928050165751645
0.8478126604132197
0.25931489323808543
0.3459691576917613
0.0632176816686808
0.3546436078464861
0.9366335849963854
0.49485259583599894
0.5764209126810734
0.5088118046773902
0.8820824322594363
0.6481693716156854
0.5151487298652121
0.08581275773483532
0.827764323424631
0.28358667147919436
0.6629617107324656
0.8273706666682331
0.8404009700619857
0.2511872118615712
0.09528092579035241
0.5290264388228076
0.025826493005833395
0.14078390452018263
0.9358006593083366
0.6772866730361269
0.10037756816462773
0.015530894644595672
0.7441901902620868
0.6376850491523292
0.8597658602846948
0.13202999897836976
0.24641550619023112
0.20875717181234976
0.538034644328317
0.24979616375481672
0.4994162737843322
0.159238234562757
0.9940638066764929
0.7181060593235914
0.1873886076597463
0.6120232506435956
0.10550169372467322
0.624575721104333
0.6642646004506539
0.6852730437216042
0.05595824686131534
0.30238650597983996
0.048512855422138124
0.6081856424551735
0.9461592919372195
0.29384002636252904
0.5626813630617941
0.5900036471913297
0.6462282883926492
0.48458684452028455
0.05261050999480521
0.3765136572977662
0.36322945724527833
0.529756182770873
0.5829374583864059
0.0743368013227278
0.41056106056282005
0.0028337238898116235
0.8059374867521253
0.7947682566286546
0.5643254960020982
0.49967331694125017
0.574116161312943
0.6116231461058727
0.4105266941945003
0.9845472574998279
0.06514493164053015
0.08171794733032722
0.7207881973304711
0.7498222155415665
0.7838668725766712
0.40986350093974744
0.9768625381136489
0.2890083571931428
0.2522319024743198
0.6474848114805174
0.8204234219162595
0.016578134682399437
0.7450929571268757
0.18975261072257088
0.7207852329870167
0.8328632104256068
0.3286071397193445
0.5054803649869537
0.6999306791633089
0.3038320332887482
0.7011165672066093
0.22400687477961678
0.6027552552857709
0.49643897405309145
0.3412399061403386
0.9512999226617199
0.4166206896594735
0.10934655668232895
0.3319710790916345
0.6136895964825413
0.5383764091884673
0.4004545251690279
0.5132312297484043
0.1447706180213022
0.22162365962564234
0.020437696077098333
0.7926583781567861
0.599805965077029
0.18858024918473093
0.9626632401433828
0.9786203724582242
0.4444810374785251
0.8991852926692109
0.5178023002635671
0.6831019441352437
0.7427577725058075
0.1234509878116985
0.08528462103039647
0.020222004830783513
0.6805598745140227
0.06306795248803199
0.37328019376568566
0.23701622816138923
0.1432181511230286
0.6306496874084037
0.8199097828442338
0.166218301202962
0.12118768079327746
0.039701460070444394
0.8316682550865033
0.776367313146472
0.9276360262716076
0.9498722529880201
0.03222793426157833
0.11201050570824722
0.6073910474044628
0.458506590242718
0.7432190599946165
0.2474880543769019
0.6626137610744659
0.5743044806174763
0.07254479922626134
0.7145924295076431
0.2549861084966575
0.31423839245532104
0.5357176507086117
0.6375323521417423
0.48746058168043493
0.838814264281013
0.09169829053232614
0.3092190918192954
0.30454417143920387
0.7522805871719549
0.28545432601901
0.45824461644886305
0.7402358040545797
0.7949849975880723
0.0418470751494916
0.7507802118340091
0.5026249032188354
0.8609965151987721
0.5835927312769262
0.47189461683216805
0.17054303079148436
0.6770813660648806
0.8856290413827497
0.32565027826129034
0.06916394006949211
0.3284036165753629
0.6856995768737307
0.02648254587529464
0.5059579789232606
0.9104135056031474
0.4758617842479811
0.517371011656965
0.003869532470267223
0.8870045660589851
0.8724737184600652
0.6377709599627442
0.7799764718690079
0.06976233644583407
0.42163708642363207
0.24855224991244695
0.09176715472589037
0.1919686614997368
0.410915631402452
0.4932391915913975
0.9273236686483967
0.6704013034507302
0.9921048007367533
0.6286626354971347
0.8833805384949707
0.5782833121820803
0.7579903148797107
0.21790942372622446
0.5755027858581422
0.58402168791073
0.2949533651213361
0.728422151893418
0.5809813744420227
0.810087966815916
0.35127755811130457
0.9492513428419216
0.8588448234875212
0.7572384201442683
0.34845715786822107
0.8243671812825081
0.9726920468842725
0.07542883746211226
0.6496922111544535
0.5648241303625261
0.7501434295686172
0.4659891957979412
0.4317385412881277
0.28878223809556103
0.038681822098900476
0.7563004824415143
0.5815835634329072
0.6000175830540848
0.6724684011438727
0.8749892791061771
0.15923554374630755
0.47106254803070013
0.8697480729283367
0.582437154746681
0.3229633933751095
0.7092638363384881
0.054641258669604564
0.06863678994366051
0.04507503524389789
0.847155926032354
0.7264633644724292
0.8462664809461488
0.9086147042899826
0.3373998233930613
0.8537620701011465
0.1895365594413555
0.6350175008774327
0.3091893802500618
0.31280091258172305
0.49784181296697794
0.9514830182167486
0.6372374580914725
0.7499902643517947
0.3772958991856581
0.048649186286875756
0.13544995374566537
0.03927095580850426
0.46287218073396885
0.8226771140328624
0.5713486652436209
0.07332889056180769
0.5483397474631592
0.16019513218938697
0.42571135101744995
0.5115479172666889
0.4322928994320959
0.8749062888845219
0.5235467172969803
0.5738448215585449
0.21282946353172671
0.8914090094527182
0.4876663395630815
0.8447454738078913
0.6072914812508408
0.38754542984323903
0.3905625839664054
0.059604709300268954
0.13840762825388042
0.4738594201344317
0.9712544296076108
0.5383466044184295
0.7421672088227483
0.5577879278547647
0.5264304860939492
0.2617109476765973
0.7220354849008015
0.5351398243931296
0.23997835158516612
0.18124114248785506
0.6390165725022827
0.8038682913358404
0.7486607646891317
0.9460184659816704
0.368092812897712
0.10529493416921143
0.17017945530769563
0.9837105516062521
0.0408861577731926
0.7059667049285854
0.7443371234294482
0.050264316291076416
0.09953516419591368
0.6692390133403031
0.03163607720441708
0.6320666382950654
0.20576442881246337
0.8354711460065597
0.7617666695043085
0.9976352484371531
0.26213083916680424
0.17187278525113614
0.7718103513860776
0.7636625070307247
0.4771682480891163
0.30630205476014516
0.2048016299130091
0.9989480877832421
0.19396271956226474
0.8649016616049061
0.4454854877530232
0.5738991309994779
0.9958132257877447
0.569673699023864
0.36981129225133025
0.45680028476320433
0.22748734032089324
0.3175147884298112
0.47333699743576196
0.2526281446289754
0.7714755347763508
0.05582663080844075
0.3805560515138078
0.6148429069601966
0.7079591663863916
0.975051787028748
0.40257462702500557
0.5276035432034342
0.3880221450747542
0.2704934542522772
0.5831883398398214
0.0022312766696582775
0.03795656863027741
0.710233085284909
0.45641230378566444
0.676442744783045
0.17571636376594857
0.33895538396114944
0.32702440989206827
0.826104800593868
0.5854705959843801
0.09461038042835956
0.8054655961586392
0.08549392559240288
0.41582791350878157
0.8639408630998665
0.8192872936001103
0.7275576577472136
0.8919969759091361
0.17627565673607015
0.25372449214500326
0.7000558638269189
0.7486187859986102
0.32574501559364566
0.38220512869602086
0.29871572119871737
0.9086870193826109
0.3945422423648143
0.1465118734382489
0.9177011589184758
0.12064488206270041
0.9107927610983425
0.4113139304302984
0.9451110854193446
0.857252897937748
0.5636485056229885
0.31911828364322115
0.8959877606655319
0.3852799196740275
0.15943756189572422
0.9972120998040647
0.6242574248917817
0.9553098604541417
0.6290281215100378
0.4870965575000057
0.5114894449324736
0.9452255797841362
0.8718554391939963
0.8184615196097125
0.39836719524636743
0.6732876626196447
0.4412729145260098
0.4982837802442335
0.5554172186634083
0.6145710990624128
0.48888549991923935
0.8567361667218788
0.5403882694813559
0.5592933388252985
0.3983299917978489
0.2663441764195902
0.7603575277561392
0.13182458274889608
0.6059169828783023
0.2098029432587385
0.6221011868140525
0.518043523020771
0.866564913722179
0.5645300655916102
0.29867623123689935
0.9239611210827786
0.04366431243729574
0.39699743458578773
0.33312601483986715
0.10977020075030564
0.34262526673731286
0.17831189973242756
0.893039698610384
0.8571277859344326
0.9938373299356547
0.12727961163835388
0.34369343656617846
0.0075585177661122716
0.13619765954291962
0.4436959280965158
0.57902310587778
0.838361647908814
0.05803160195988777
0.9620899380890665
0.4568787133757095
0.028615675080577274
0.03337991173306376
0.2064638923306079
0.15323154688080753
0.4876162821038389
0.95613020483252
0.681395070437915
0.11448842009687021
0.5457894746155787
0.9675689305156403
0.33665777961421794
0.8455696787113938
0.6815939554983093
0.29514374123318443
0.16863499380817093
0.044137452929250864
0.08950726550934462
0.32663908770726013
0.6109356638762017
0.9847917780984745
0.539976169382575
0.752060967830719
0.2837243890316926
0.8080220501046604
0.23328594142665604
0.6633852461094089
0.7817828048359851
0.9090119801089119
0.5901438906457283
0.969712792866974
0.615997651931672
0.15081572856075642
0.8713350024597339
0.6900051710533883
0.6835021631413027
0.7564814306356802
0.8556130700395683
0.41203395753215144
0.12823699732985394
0.5488105124171341
0.5291125738543131
0.7248688335896336
0.9035547187281817
0.6865704910907562
0.18767848675621857
0.17431218740457355
0.23462666347108396
0.4194369684292337
0.04671083219640637
0.9368213908618817
0.9118444161085746
0.6116911000482926
0.0819566780044616
0.5796954940295448
0.1902472546452928
0.8718761151455721
0.8179143048589511
0.8775992937996457
0.5792619147030091
0.23383099089120707
0.2908171347060863
0.5716769000532116
0.21278723428473634
0.7152977266577002
0.23573644109882042
0.7551937555818579
0.9332047110553964
0.7982327548556608
0.3733712936550969
0.15029120661961637
0.6683227236350822
0.529345838285755
0.4501068907205684
0.16133908574207068
0.002764483589287603
0.49656178135587536
0.33188687925821736
0.9791232044717055
0.7010035144767449
0.4750367100982681
0.9684448893797395
0.731185028503373
0.24035372242134823
0.9297121947980297
0.5327451923203044
0.25304318922576685
0.12119769215763776
0.000705474189898081
0.9515502406004086
0.8952293218523671
0.019970035987415757
0.33994425938556627
0.08488920679728373
0.6133267969506697
0.988232544049523
0.28926194115402115
0.3994703390895058
0.12680075201976293
0.8672471478571018
0.6825377212214851
0.20464742133653935
0.8434664040277866
0.642098555337022
0.8412945345036137
0.26595500585490395
0.7453001831192577
0.6854959932853515
0.9796592115429424
0.15349028438455092
0.7549823925093472
0.7656695484627228
0.5901227610345746
0.1282574483127853
0.020107116155822058
0.46947395186721874
0.9203996514590174
0.2816084450409708
0.4765542658292421
0.35002796011592296
0.6727425831113968
0.5996203535205309
0.6097070833936445
0.10663342400825704
0.22439295393118208
0.12076926417497569
0.3693957735218887
0.20539552251652582
0.5587022443859978
0.8294306903441783
0.14797856795050157
0.42488462899728807
0.10693745671923238
0.038670694330490196
0.5917091869370329
0.8827822688305078
0.6126353640328839
0.13930564062282458
0.38118046106965187
0.5797233151436122
0.8114996299776576
0.576348838705817
0.5589193133850244
0.5041064148196278
0.905087330381908
0.47558515860928385
0.7768308358761443
0.772833091768599
0.09842101068545372
0.2239777771018875
0.27842076556542106
0.7818713260486313
0.35723987055152395
0.7521260692948265
0.6595358665696247
0.6491942667245569
0.9771550676371273
0.04236388939315949
0.23343422859223129
0.1393913541070081
0.14447628715020777
0.42585385225156125
0.2183768147951165
0.8238595730045507
0.09961944241435261
