# browser_rnd sample v1
ua: Mozilla/5.0 (Windows NT 6.1; WOW64; Trident/7.0; SLCC2; .NET CLR 2.0.50727; .NET CLR 3.5.30729; .NET CLR 3.0.30729; Media Center PC 6.0; .NET4.0C; .NET4.0E; rv:11.0) like Gecko
appName: Netscape
appVersion: 5.0 (Windows NT 6.1; WOW64; Trident/7.0; SLCC2; .NET CLR 2.0.50727; .NET CLR 3.5.30729; .NET CLR 3.0.30729; Media Center PC 6.0; .NET4.0C; .NET4.0E; rv:11.0) like Gecko
platform: Win32
vendor: 
oscpu: 
cpuClass: x86
language: en-US
hardwareConcurrency: 
deviceMemory: 
screen: 1024x768x24
date: Fri Jun 12 2026 13:47:57 GMT+0000 (Coordinated Universal Time)
epoch: 1781272077034
count: 4096
---
0.551255836508908
0.40967133181082604
0.6512273767102894
0.5387801152386615
0.4884853229576671
0.09377098520299576
0.3246370838824842
0.3115660485205177
0.2938147304778164
0.005533155046327898
0.508388217054093
0.7189697481785865
0.005624241303552324
0.3424043927682198
0.8620292811019161
0.4530740937652335
0.5000868210356382
0.7285675109973696
0.7406974144090395
0.5023870302096884
0.6632706959624082
0.05555384714398942
0.11413907011181384
0.5294606184031034
0.433428630141552
0.37069269214180633
0.9720216109120696
0.21384310630268671
0.4556920548283931
0.8244148483158898
0.5754296891143431
0.6773377572287111
0.08455206665256026
0.4696537218629974
0.548229149225967
0.1563941421928255
0.9939234826789041
0.2700638726237429
0.4670204689446719
0.4155586170252727
0.7102521625123574
0.01850360374368587
0.3046927900027946
0.006262677561553853
0.9710398438329563
0.9932045890332344
0.8101283458863564
0.3668293643425576
0.929324795627005
0.0862783992480286
0.6653966343342199
0.9324292819581283
0.8740707623203514
0.8276858856776057
0.05181646647704108
0.8778196288631215
0.3170805720403309
0.19752243143474707
0.07755301262272612
0.8510509326417066
0.008964942325356995
0.3704482473875704
0.3719562538921134
0.07292789951377243
0.6898611610938998
0.5683197800965627
0.03563616115279822
0.4748623491226262
0.15501006959810126
0.010554527601366103
0.05030900933337307
0.12685775787680603
0.5209643344155675
0.5464884516505656
0.19873840681788823
0.06771637203260106
0.41511450463082194
0.9299614802844571
0.5226334291862265
0.7911615999809004
0.17938390928921105
0.8535933332953257
0.3551555881499904
0.06441987069698085
0.07835709946804692
0.7986882703394422
0.004725301362271561
0.4599076873009149
0.9327709254807404
0.47643427378120173
0.23810752623988868
0.9660211962582876
0.5612112483650062
0.13703816794819978
0.8132954747434313
0.3096271594200313
0.9060222448971158
0.30566550089249455
0.4465001135074243
0.17070569080120823
0.7438496270979327
0.567529738459084
0.7625925476837255
0.2986969572169024
0.4369028323729589
0.8692026621085469
0.9746351431089402
0.6504551761960003
0.2679355858542306
0.4291937891405569
0.2656764328147737
0.061315128843761946
0.5201079926431594
0.758073679915984
0.10477410793983277
0.6336280038910053
0.6123077659901661
0.4768922093254258
0.019248957263765964
0.98122457539158
0.28117181807077523
0.5923696896127449
0.6664622894597552
0.7036157346575467
0.012963931661094163
0.6383150956522336
0.4009479572785093
0.9803416600794438
0.671627991803466
0.6249524038130033
0.9165193392213686
0.9737326234612666
0.5437504115232297
0.051312369708484795
0.9580109257854478
0.8074458160953452
0.8268294430716296
0.3305739964049806
0.5436025950990893
0.24849441432214342
0.9241633166006214
0.8542160301878054
0.6162145936441679
0.8620864167380704
0.7778327348058696
0.5780658613466236
0.5512494133298269
0.3314424377980158
0.8706679108898868
0.4518094368555254
0.48799657390480244
0.8388632553289217
0.458753847925024
0.23325247688689032
0.023304776988609832
0.8896694228216035
0.05794217041120331
0.22959985411645872
0.4086654535571364
0.7272367458060636
0.20100124619767862
0.29024659276187253
0.025640376329418735
0.5352031906144913
0.006451045113857468
0.9390503646320155
0.5796054658031162
0.9520241430414491
0.15579274074206978
0.8787820566351793
0.14807147749347738
0.0334045418252269
0.462757425817234
0.2264275931219693
0.9473820491104713
0.68973814338757
0.3363622280571048
0.745240456353614
0.44037773403712815
0.798535500889713
0.08897624491386841
0.027921384325626686
0.1976545862666313
0.6459239074489544
0.22126269026424855
0.05502783840821596
0.7463343211114786
0.08665425483807315
0.527777858301768
0.8036926703667557
0.4928024173491006
0.8286509587179143
0.11017149792538694
0.6139578542603428
0.689659528119492
0.5459930585795913
0.15934702923920635
0.8335058316845023
0.332170587469539
0.10331601869591622
0.6736046164579659
0.8562974049330585
0.8157851487045175
0.034975134690810206
0.11670366531448556
0.04660181285168569
0.1638414418341581
0.5639132731182734
0.38794555907212963
0.19713121375860226
0.643355829972963
0.8680271936409665
0.3757917000043872
0.10846814470579602
0.6268382868338163
0.005928021870112543
0.7971956164706406
0.5967014312098131
0.6293636713763342
0.8993434273912033
0.986742243936775
0.7371622346969265
0.5526675314549336
0.03601018113428023
0.7928515377871435
0.43437868307983385
0.30182439534282423
0.10475757622470782
0.7627173265505535
0.4718441327573172
0.10510537498770939
0.6035838548547558
0.3533168912550389
0.039920557904553344
0.06390117519271193
0.5718789850741468
0.9927403718948977
0.36617500421157994
0.6871354217951489
0.9895491199559785
0.43425332751130485
0.4796741274313328
0.4233825728129135
0.05864924547825939
0.9949199043496018
0.32923756546105886
0.4939434120539631
0.5372324249408797
0.9512780969621113
0.4453784252479598
0.6514206082950094
0.5304753506098521
0.5764724305680765
0.08663476239016715
0.8408753262962685
0.6607416606263522
0.04641395098230633
0.34322334699021634
0.12443548479260874
0.33609585892421273
0.716950892842005
0.9844229062499628
0.6452650936413422
0.9158824181229468
0.07969780445265556
0.9308210872318088
0.8530928976701144
0.9323361540576764
0.04108504624582848
0.10853555069209303
0.6910382472280396
0.16879138478410815
0.037354248428715486
0.09974652059569239
0.952260484726364
0.3179091810413585
0.8976398083080754
0.4423543507854044
0.5549976710554484
0.14744338205587076
0.29794032397283743
0.6513025565088604
0.05584945459862806
0.5864177427344952
0.1106979372929941
0.03508305730318506
0.32369767370897106
0.9111880965351639
0.9478677241742797
0.1631669682718883
0.9304477601406369
0.2587148445758303
0.7197732778293091
0.4035811292572065
0.47981277532327926
0.023472974640034227
0.08770865284969809
0.29457669233769196
0.7916510066170183
0.3047780486229059
0.2751609113431089
0.6403129428778895
0.5869073426764912
0.4629082539688394
0.8206917118399595
0.12770608729491634
0.07699734602381797
0.015254358505307041
0.504930200437235
0.9500690464891459
0.6515123283818578
0.5578306278287516
0.8647938181528418
0.39289524158267325
0.6794126479603252
0.13283170429513957
0.4199673142686317
0.588115577312962
0.29141541670936915
0.47952166874752816
0.9798347724620129
0.675384592189337
0.8950721946365829
0.9035933440298238
0.17347319798899208
0.42242822632234367
0.08907081337712053
0.07923727275559927
0.6509803200243696
0.951212230209467
0.5895850973095478
0.9585114483308683
0.24132347271732307
0.5926668634523948
0.7590348365585232
0.10420442534107266
0.7200603143502602
0.04992996552176304
0.3364077003587318
0.18523605446854602
0.739696314791442
0.9885471757605374
0.008333758786746303
0.07774146518303027
0.9061079476232495
0.8917945525391543
0.5313923081300318
0.0003357345472345674
0.9463746554807051
0.5202654792744206
0.21866990426557736
0.37865811303810243
0.4065265278187886
0.5970902126238612
0.7373773182193535
0.6821461157325688
0.3421290218531718
0.40363306829439543
0.3293724698945344
0.30509164677666195
0.02028981494722465
0.8152387992391782
0.762725211808734
0.6743826083710361
0.7385870731321547
0.9325762293614932
0.5499991676496767
0.15793520309627074
0.48458245970044805
0.8713537973101717
0.2277144884518642
0.020673520901358932
0.3089963432251609
0.46165826503132784
0.7814950187922065
0.6290147619973643
0.9662865383011576
0.5778943724798778
0.622691820833067
0.34016985407835814
0.5882862102325643
0.5712797179947989
0.874814527931468
0.029170805724679283
0.8997204846901744
0.8090758666241646
0.1118908186451466
0.004387919881028934
0.758835398728048
0.6382130922572426
0.10591347428217901
0.14140106297308585
0.6120368571603303
0.1856928025749377
0.5868234498674605
0.42544131231881304
0.7883514491253767
0.2841282656421941
0.4960165965712765
0.7342205424028789
0.42768489412036303
0.46801076088724286
0.7231505272160774
0.615818066308703
0.2362680464163202
0.42476490150728146
0.8560673977583382
0.020395113526287145
0.1933443594272793
0.5043833890403313
0.04493736392672859
0.42985960261767786
0.7950668772875727
0.8924080725648666
0.6842663273985121
0.5962047980320587
0.41473679960868165
0.833250701017272
0.25020106997235025
0.14709758934104006
0.8829298520221347
0.8543233339144371
0.2956035789877862
0.6463931972479495
0.446720478720231
0.28617499843369587
0.30165547739192633
0.3076049118545113
0.8541283341159718
0.49980758856452373
0.8122928159988845
0.4499591182251327
0.4280752807978049
0.18957072389715468
0.036560124854235265
0.9595170493487182
0.6435552922465135
0.7185118372648276
0.8940119931671064
0.4719468055179024
0.9023837823195876
0.012784201513362847
0.2995794801230145
0.7288801728185072
0.9118068200834188
0.7426922192562673
0.3368575159538795
0.5763908970220486
0.3164147883629425
0.560179981277446
0.8525587150631495
0.37198209497765716
0.007219225425525944
0.9760454841884003
0.9199181021877285
0.14557248486824098
0.8374155087942714
0.05488958207898026
0.5651221187221405
0.7203224204990373
0.3112679814175099
0.4817852086796755
0.12837448822759345
0.1407423662061868
0.18071875385838687
0.7118791675197245
0.6400006531162619
0.17837803822665482
0.7837346109450058
0.8526149834516469
0.6320312654171025
0.3894679133046753
0.38907127707683025
0.6479923478788883
0.8769946813763103
0.18432041179305775
0.7740480167538499
0.4352548062815071
0.6481870897575703
0.6347597111332073
0.7550895293376599
0.22662423636819834
0.22947821269487584
0.29384059049640515
0.4152063842715468
0.13217697003400808
0.5677495244912962
0.13113419440993862
0.3282491793288522
0.1846832026060537
0.15735089862099738
0.7972385421569975
0.1666857338176549
0.25320766239067566
0.4735007920505454
0.8227685850185358
0.6978144965597763
0.1394963806725173
0.5303440618142016
0.029932822939834624
0.32274176699654744
0.13965053300977181
0.4294205870303688
0.38890441020744887
0.9931139931010771
0.3233153858503068
0.08558692847385246
0.7865469139168009
0.5525108418153716
0.5335885006142667
0.6699723346740628
0.6916557348361353
0.29256845381504176
0.6430782564353366
0.6933394163363251
0.4987284814989168
0.7883166505401481
0.91502001476308
0.06825903535355482
0.411378473763416
0.8828777102285907
0.4130840858978461
0.9347976606318034
0.08685776857767519
0.02858858756973609
0.279486033626985
0.5119550236541606
0.9047569809724343
0.05977228409567703
0.35823644745934396
0.7458784920574711
0.6458014442864175
0.8717983254612507
0.0788440107555276
0.06591984587593419
0.5707641585928165
0.41173631913116976
0.7355119683329816
0.13088927640160908
0.37486807079199474
0.8478205677602069
0.2978450739252599
0.05040042437357456
0.2596513904479267
0.7781078412813319
0.6713101892202017
0.19998914733613887
0.4121215038517964
0.8631244557907833
0.8891706853303517
0.4137280739002675
0.5101244352543935
0.3229628144417389
0.06234107748714518
0.03434805318799783
0.48320841907400646
0.3262017805987064
0.03958501463464903
0.028416147221946242
0.6498617144869615
0.41618907296594126
0.6377063333389503
0.13290980939437102
0.5248563215943617
0.7696382276076945
0.9898592955197951
0.7895649384972847
0.044531014551847714
0.2631564600399795
0.02983087604188195
0.44466538001177563
0.6931981454255948
0.035233987721189686
0.38112442332551405
0.6444799904936456
0.030461086710428853
0.4743894283546964
0.9519005861814882
0.2403426880174443
0.41707976666522545
0.33857986929806155
0.3503079712844148
0.9324099386706879
0.31612418302289124
0.016648309216375057
0.8294626649296897
0.32741912934422834
0.4065067119065251
0.7794952931627787
0.8473119909808346
0.6633103175986291
0.8875859633248941
0.23682551770352
0.48384493590344995
0.36236315371740235
0.7763863003566422
0.11473430880402724
0.8965877484590476
0.6145394292152528
0.7030788599356542
0.900062978241405
0.7150501041359346
0.2640110984104625
0.6957213333686505
0.8593659580429171
0.7757636684780993
0.3743926425093024
0.7118553090334685
0.43349695997110865
0.8817814504797079
0.9819854479984942
0.2224118269365356
0.033235165302946734
0.3339828432295608
0.7113812949148694
0.9824769242212131
0.8170366547134357
0.8262560988974563
0.12406091856774848
0.23382083752995153
0.11891048448815755
0.9226060986186899
0.8981625016744801
0.9756960323937061
0.8125825863216067
0.7414621598711435
0.19638455063587462
0.6132606570256316
0.04752490767868395
0.6609372091185814
0.8690260099278756
0.2470857256605673
0.4730913667623393
0.8285159060115368
0.4604560192516417
0.10255581081718473
0.27891595761670784
0.009626228220762811
0.339844563971674
0.11457467434782015
0.12289276478462285
0.8417753464289452
0.6607744386608552
0.4808387586058469
0.29247137722544286
0.8744073056996888
0.26939378806174874
0.07604297776644808
0.250665516834133
0.8693664267276246
0.1270579705901385
0.9797349666472023
0.05508661950770832
0.7128272604631071
0.29094800477473675
0.012135353650505165
0.00647809566703933
0.9467779790408215
0.004942420403029502
0.09509324723115525
0.2826404100885215
0.36662112001826286
0.9930581405868328
0.459447767864349
0.24430062417728138
0.3511818687610366
0.6190650444983834
0.20541779947688055
0.5613946639793662
0.5923908096442405
0.17841808825751038
0.4892439580184976
0.30139428027622755
0.6741344363054502
0.2224398910412731
0.6571581787708671
0.6457248686410842
0.51324345934544
0.4797255696429066
0.9768578967143253
0.9559843468111798
0.020315542735347913
0.6360309458251545
0.22701340913765616
0.49858739746226976
0.464045291884356
0.9614440436151542
0.2969385847271628
0.2546232709880895
0.9299614852075517
0.532429185563358
0.12140650684958304
0.8911297949495999
0.9529475264410488
0.5863715797778204
0.7296934098378212
0.15064978670210888
0.8726479830432783
0.36753994824441516
0.923285670543315
0.6278504865711096
0.7118405703965678
0.6759232016755405
0.1132862120276577
0.14515064678056988
0.410079511568297
0.21418679362979753
0.14640835027014176
0.7137138986694906
0.05839260968745941
0.7430328846836187
0.5275464583852641
0.37183093286033636
0.3755412701914912
0.0015381256928370112
0.30726458113297006
0.029627579222161082
0.04232891865739602
0.32658132112020183
0.044145664714605015
0.8171993073648966
0.6676699687434341
0.914262783605015
0.6747955294413688
0.3326872340846729
0.09860819729344355
0.7062559320647312
0.8283973442581087
0.6174745143045612
0.5061996775638891
0.9553209363983262
0.10806392388496894
0.6475961465596232
0.18015210403610043
0.626749189996507
0.1278367807120202
0.6236192810235837
0.24733910789907382
0.9262964543822918
0.6420322488760474
0.3656651743244063
0.5927842361712725
0.4102016088024883
0.9327368053646798
0.6759079462440222
0.106436437712435
0.3291770216638107
0.7316051155165715
0.6177995270643658
0.005034878730218739
0.08579554349925933
0.3437158643591684
0.27943395535428944
0.3855879637880968
0.9434882708818453
0.31409214555123743
0.7378786119769369
0.35546765842163197
0.41540624189996367
0.9315946266914952
0.6219636488750442
0.05384690757227628
0.08268821568099782
0.10024734790281531
0.8829352585267594
0.6301845390058905
0.9442161229330723
0.6246573779675786
0.12554239936869743
0.7776885475984121
0.7837280645955891
0.754041557844623
0.12654041962754586
0.7331651567999027
0.45519881697604464
0.9084744393543248
0.973259526450476
0.749387890457298
0.4336859191110062
0.8713239370328929
0.5917997239606199
0.9220969513490307
0.45637904349358715
0.3734418753745036
0.3025780563431874
0.9109663251041613
0.5873793985957338
0.9175289666181126
0.4403681367933923
0.5323522426914206
0.5797745223421509
0.8951947635083424
0.006635766809500232
0.42136321541894633
0.9798635570350977
0.5345850024386194
0.7838888693144008
0.961768587316643
0.02092645224107964
0.9830501886686975
0.3349236099809144
0.4644889614934186
0.9877202869970363
0.8771808207902398
0.8342629316839233
0.13888850836461797
0.39792440632005293
0.08163633609556198
0.7347478384332384
0.7458156074959332
0.04304545282634753
0.8885462871051875
0.8591554064868534
0.9473150402001452
0.658832308628394
0.8608638569126407
0.6248821170175518
0.27516128444361015
0.7540401012346327
0.6759034605500127
0.7591448489627217
0.3288391791837255
0.9164213899446625
0.7793956973525271
0.04281577070782577
0.28332477807430783
0.7361118385454785
0.39574433020575356
0.33292202108470853
0.037995609993478396
0.33911657443055565
0.45677183783940367
0.35700446215005266
0.3702264542687851
0.40739275628971344
0.3090914474113039
0.5469441758727296
0.270702870099355
0.47706254191953323
0.6393449727483182
0.4855296391638603
0.23221174653376386
0.2525801545977634
0.9168978026700537
0.3759510729354074
0.6396442435133578
0.6522155411298718
0.7951834615459582
0.31257288569398056
0.5661735087767992
0.3090061358848458
0.33574199935926996
0.03074922847336048
0.2190456469998036
0.29136751524223786
0.6230979434851351
0.24411140097854833
0.9981494714112815
0.8788426200245429
0.32397518067568986
0.6396703236935961
0.6315066918359211
0.3310084251416805
0.010947562852999637
0.09424101237779242
0.1340510406925431
0.7213477380224936
0.6184757881338293
0.7001102785927274
0.39954128488965945
0.07293331313768225
0.22838238693500407
0.7435328311460951
0.08017968304868311
0.22906001755000432
0.49216858197344454
0.8665550752462823
0.03448389622564513
0.1195002420566178
0.3891779823210863
0.260829878359885
0.031187175285277424
0.34184661909783026
0.6924639310121352
0.8914997369789883
0.5854178234785472
0.2674452688153587
0.4683186236826721
0.4298898536142761
0.7731359587022968
0.20271173436141587
0.1707739177835253
0.7856664991245277
0.6207816807876304
0.48916093382237247
0.4089852086803872
0.8722803923273684
0.19931579977130254
0.8092715807064894
0.2632612180682373
0.513928655980741
0.8653103419489168
0.38034427257815045
0.10460429725172404
0.20793301779273637
0.18647309599408313
0.1648020697986856
0.23297725222932086
0.7933461680975482
0.964966628908669
0.702920730238476
0.29111433776268236
0.9447619661809561
0.4291090184149287
0.6827655656196427
0.3335456531410288
0.8097193766678259
0.10251997897990833
0.9021502723597199
0.6346055168990796
0.03875429552166487
0.07950270647312718
0.8487227913267947
0.8045474475397645
0.9190669724884433
0.43642826642167964
0.726821733588257
0.5494892920562615
0.31593737118532644
0.29111588920710346
0.39353634860807923
0.45876416322415564
0.6504345476352438
0.5856792315549051
0.3314419769099643
0.5323540915316809
0.19763008301684204
0.013035040463367897
0.48177192016465325
0.7714350167892092
0.5764400822101419
0.6332474509106691
0.48932578228731416
0.046663185399721585
0.42038394997011463
0.6331074011435007
0.6692034811370952
0.6316846364653728
0.8679622807968996
0.3708234915745812
0.7954929143654421
0.24345114159272102
0.6920204711209972
0.3174270990769192
0.6333287949991526
0.16627729220823223
0.5993784052816855
0.7574710528378992
0.9882786047243801
0.05317508985969299
0.47517091243534504
0.14382765112388024
0.9308013967999347
0.2958541732913467
0.12075760435665561
0.8148688090995744
0.7685635817091578
0.4338769212793537
0.3397247503338624
0.37703698496420806
0.28568533555331726
0.933809741427307
0.06341606971298652
0.43179281300925737
0.7455301105576717
0.8108129328463047
0.5755930843650423
0.4831513806601985
0.16243891218307244
0.9879635469326147
0.7952402166819843
0.8004959455527164
0.3878499868682197
0.992706832465429
0.007193221401439132
0.7310844731744795
0.6275336587454598
0.5751836514454687
0.3921842901112154
0.4576405738182202
0.1092110765117596
0.09978268465386919
0.2010607250441211
0.4786476302496036
0.7536148586677251
0.10911800373386127
0.44234839579389823
0.15244066100147036
0.8670883711078241
0.2887337830661597
0.5079951438264131
0.4909178803577634
0.07010980529546873
0.17118996798242714
0.24904346627191814
0.0146696346739556
0.9036659696299242
0.3097838401520778
0.6311457007259065
0.8885497535561813
0.8141900202562365
0.3250142430620278
0.24924922466064186
0.7451902168941189
0.5078161825020813
0.1809967445583951
0.6614430793447491
0.5736871615277881
0.9859938189220976
0.2843894653027711
0.7138714802272492
0.8016624365045342
0.9270420383671611
0.5149910493413864
0.7717838463122235
0.23113163866455172
0.46201529919224077
0.09502366994451522
0.04620503171230472
0.8020861799313848
0.8082893489104563
0.28321554963469725
0.011373343521112355
0.2524232381111312
0.6705660775484203
0.2401490490718775
0.24500829233415966
0.6188344225983449
0.7965347199526077
0.0529420942129748
0.8916336754335362
0.18049015503176824
0.5832161280010535
0.830181909261606
0.3485961173568737
0.8858334637435441
0.1700556977229249
0.9821319709694112
0.7050828225081469
0.5225235982608007
0.02611976848202996
0.28658447164029915
0.9263567730726032
0.8915462881252627
0.6412892261856504
0.10733206662696021
0.7685912042358498
0.02873387456629034
0.5651331912802271
0.1800845107125919
0.9340996882666268
0.08041558229600515
0.7021847719682899
0.7097570401185369
0.03242195752922522
0.784644165708956
0.4686297571644355
0.1334091356563734
0.49963977427905365
0.6354222867867322
0.14295838589680976
0.7947138179893798
0.7464611086665014
0.7145780705593235
0.5019192896022073
0.9486890345454121
0.45502506276480453
0.864416230507347
0.6231537559383115
0.969524595377532
0.12504402001924875
0.34399735892767213
0.557177599895202
0.36968928775556764
0.6818134658923619
0.36287495594792573
0.4239168074033374
0.25510463229916785
0.20178415937948652
0.9183459162374281
0.3727925429694753
0.1390232237518672
0.5858051733895898
0.17574701699117778
0.7603897524715142
0.6163510995752379
0.315810658797049
0.22605646353232905
0.8460328458171598
0.2605053154792071
0.26763691213492435
0.4310360032069452
0.28313119332146186
0.24649918589506342
0.9208207964245796
0.7233759537169131
0.6929458406899182
0.6267995570263444
0.20564419154675367
0.167781538911616
0.6474682293574508
0.8906017389798017
0.6583536261371297
0.808666209894204
0.45939060208564747
0.4225194491711004
0.5173979132061914
0.33109346988506694
0.27968697537334674
0.7432887082207715
0.8866910858641174
0.3438358221841451
0.13711245199075295
0.9629359626959246
0.11632153874657675
0.1568956164131703
0.7189677801477432
0.7059626505796884
0.10679280567533167
0.7705596416439471
0.8887653063424372
0.8784495969058701
0.3297950640597452
0.41903513045983703
0.16397118350708412
0.03858645164179614
0.9766708236241579
0.41894222667531855
0.6357879948113871
0.8049828687105165
0.7951520720835004
0.2614138989665654
0.10298112114280183
0.6912196167412061
0.8556105011702263
0.8562812042854224
0.5130408145277574
0.9904494875376328
0.6999761010444592
0.5877981540180479
0.15651150090094962
0.8504593622805262
0.06964392441575423
0.37358716608214165
0.44410861748889574
0.47745639125263184
0.6831025594425064
0.23196255678316058
0.5112823133783575
0.4859427466800892
0.33968193769146393
0.9575160501946246
0.34117665129351493
0.7723950287367713
0.9627324730798075
0.3808250016515654
0.5744717171934659
0.9320660301006718
0.06371112180337684
0.3453704017569844
0.6833853747096632
0.1610779115612503
0.508064343849387
0.9732283888487978
0.7271502207876714
0.7900776402107543
0.39446202366385097
0.010825705289993992
0.47757058320519463
0.08107696569647554
0.32085020069525666
0.04702563057652115
0.3058032483884379
0.6857008698122762
0.303954767078936
0.17803814809103768
0.8552949504640921
0.21091973922126261
0.1432823497018078
0.2571240905320481
0.19084831257284557
0.6674426351671647
0.07632838494302652
0.2117898626808391
0.8100774290507644
0.18629974737679444
0.15861689254858124
0.03714583733780702
0.6310530773375391
0.28074455122375363
0.9203600659428226
0.9813281005494836
0.8287265678168956
0.10345721582106787
0.5009402483419388
0.12735975154737317
0.18276058254252403
0.6031324327932372
0.6430806075928039
0.04555449328367411
0.4206841184324525
0.21988660401149057
0.6404851243140679
0.44154195989099937
0.8928278056013522
0.7755207200191503
0.5758923767376467
0.75722061117387
0.79928514882291
0.5125268752734248
0.9609019282569753
0.4954206774054582
0.10418384246101564
0.8148278515083414
0.1945958048481759
0.6337861951753732
0.21884091295972313
0.0035910184169196113
0.09489204210486846
0.8693617783742302
0.5129140364809941
0.7430589232789457
0.12473096884073542
0.5925961717391746
0.7214507357642961
0.014190992350394671
0.8346091991270322
0.42795138906439506
0.35577615471554913
0.3180119288400189
0.47364031082359764
0.8980327779578522
0.29744906944022087
0.7559142595521009
0.6832351196489854
0.26913165554819856
0.8570549960880656
0.9007637583708523
0.6806587904552654
0.9182991188838787
0.7133941997861636
0.9205083294425693
0.36413575579744617
0.6255459684197797
0.3136616017420476
0.2450922336881829
0.32683775801157866
0.03949014546421392
0.5115045390120423
0.1778293396831353
0.8540043039121794
0.19074996533309607
0.4473833812770565
0.24399039794750998
0.5956087114613149
0.3346076543453118
0.9344491139960372
0.7422111448725199
0.7563973537467077
0.5929444925886921
0.9031912767254218
0.9184294075472466
0.3257933262300364
0.8351753166188709
0.7793980933728162
0.41741105615055634
0.08207029212276612
0.9888867461125111
0.02251046796781825
0.18352617440140417
0.8483658650725175
0.5031100201127792
0.43523998846755174
0.780288421784273
0.7525183040834467
0.0006359183407181335
0.2703604992996729
0.1772720203678601
0.0483742710518294
0.25050585639784095
0.6068715465547551
0.4133724641916088
0.3931291748915951
0.4677895974307639
0.9452714910339741
0.18697862983364777
0.3434262782881219
0.6049869588836387
0.4804666324550853
0.3464754032904917
0.23235415023672556
0.7378670553228553
0.05088230467657945
0.4585975808707715
0.5201466385842144
0.8682854151407
0.3336303814447733
0.11750741201371784
0.17330318838217584
0.46749585361128454
0.45812723242733394
0.42406960312824326
0.6200118172174889
0.8657005008005156
0.8443448636114603
0.11264929604161844
0.3541706418236435
0.15705785532100924
0.7369172024776771
0.13185989130261833
0.31596837148919165
0.6340955885557382
0.6026124942023194
0.09603947712056554
0.7638978772794678
0.8914509933178407
0.2862219181211487
0.9158357452873068
0.471241287089545
0.6460888492269492
0.5787034263729699
0.08913131730562679
0.7294789051114107
0.009622969129307434
0.6414591344890157
0.5876426236990684
0.8217384970456447
0.4180940350883856
0.5519132614658877
0.009877091549226446
0.34131535190765843
0.6755332589815841
0.08809727858588634
0.6877351612787392
0.9734578396840923
0.5998676673099845
0.7537371753910851
0.731894932821477
0.133026962810796
0.573199507697296
0.9603777244709516
0.5802190692265368
0.15630269900178983
0.8932187798723914
0.22936685956769426
0.47377488209539514
0.5821239337948625
0.19848463883081518
0.25406294788617034
0.4266603832873112
0.42571261740446053
0.3975375231858418
0.6714164606809068
0.6786803636573737
0.2479473536064986
0.47028107088495285
0.43211677159420153
0.32401827294402646
0.25351505342580505
0.22979885800065858
0.729783757525421
0.7944013261095448
0.6132839028373902
0.6337479544784397
0.5522230635631411
0.14185754498400133
0.6994046228156308
0.5166976018620789
0.051552844871523895
0.6140153061944695
0.9460611606235372
0.6782580624519712
0.09504896887570535
0.8439973118412225
0.6044560440386405
0.10657110712592932
0.5548445738008334
0.08731262228117609
0.7475296850650004
0.7427102962109817
0.12215913063217593
0.3297518126929425
0.49807691423066696
0.5987656949521206
0.6905210147225356
0.763141988170596
0.6033381843340457
0.23086419814905323
0.6424869099442341
0.07991986888974134
0.15980685330371813
0.5381033068317063
0.6956501068354658
0.2728328173893531
0.5039080749504972
0.6093526979457382
0.31626912361893294
0.1426790771812661
0.027368929905071226
0.872104412382799
0.09263693533551287
0.5148503707942162
0.9505134126413801
0.11102928514231197
0.8753502984540651
0.24454104722818276
0.8923798733941672
0.018623519487089013
0.937927617594471
0.450840162942491
0.41347288341915156
0.8163060034273
0.8887628676119161
0.061523917247715165
0.5751251904335124
0.14155363470135596
0.5741923029397524
0.6732176794678226
0.9588596875586934
0.8351382764960713
0.7524894681801451
0.9356984207556922
0.5198054631146274
0.48225566611313686
0.8898933901956665
0.15445980229023565
0.11013577686465775
0.5623130838509209
0.03231363500162254
0.57226374942835
0.5016601446556389
0.8443692842130062
0.34014520312006646
0.8382541476367824
0.26111670631772543
0.22869652993354827
0.5386650908601582
0.5023093919145507
0.8873749694040703
0.5796613633377925
0.23277152964558378
0.9826625684153065
0.20667328109459393
0.22109717967002923
0.762365991433887
0.34641931655624774
0.14017935651136137
0.6725682324098328
0.03346703781654331
0.41545502219240265
0.6075762190720624
0.893401349106514
0.5501841798169207
0.1642746815731465
0.5110399947931896
0.7710880773187179
0.6939690302101333
0.11177016435149534
0.4558901923492553
0.8416366161823281
0.14909993940619687
0.4254113177348111
0.10735685775696196
0.2616795858348879
0.25714568756866546
0.7542587969016051
0.8573234418213191
0.8656197961980621
0.9981923111300032
0.38628822295552245
0.7805679219922286
0.735823389743079
0.24290702873820857
0.18586652133685316
0.6969391234476687
0.08984568055294217
0.8970512812758813
0.9088233995168125
0.5240688192789319
0.445902100787047
0.5688449425313988
0.9154117595448842
0.004634814941404997
0.9662726752756472
0.4296221331370999
0.005553172770144221
0.3228536769827955
0.5980556553010501
0.009508395675130843
0.08611544273548577
0.08679630799536864
0.13166177575860571
0.7723881681525617
0.6465713257499503
0.6462834180709571
0.5796679168564217
0.44822021343912327
0.567238685124487
0.7405319396828085
0.342124854032456
0.265798063682302
0.6134042518794377
0.025387734338956025
0.4691408308409092
0.42534153338077557
0.07898445549685967
0.11689375578619043
0.9575388477276043
0.37784406191757214
0.4349784117705938
0.4061070153580526
0.4256125534109776
0.7368903772310826
0.5108198725832012
0.04949176341741779
0.6984817711802099
0.938697342749343
0.6908363000260953
0.21988041320637602
0.8062755469862426
0.08742037057650753
0.8433749399331358
0.9149074949024725
0.6483470372466953
0.7753067490171901
0.21675721922042484
0.3629864931309412
0.10895112060558243
0.05106602928454751
0.33407439464858845
0.3413130695132314
0.7232922300762359
0.12486717598420155
0.9979390855943455
0.5260423708072592
0.08757648554519237
0.844660742910732
0.8766585415398203
0.33170220971275915
0.08267858271203976
0.45606376738283777
0.784897492859528
0.5650679688828066
0.6382607560893563
0.666833847957755
0.6947496017808595
0.618139141451797
0.2026574525077745
0.5769983081084817
0.717238366680894
0.8555213642515935
0.30356596212890813
0.6069928727957071
0.7796197419251523
0.3134320326231375
0.5855599849000157
0.15870398198264085
0.49046036545295807
0.8207116240528076
0.4926694177964831
0.37809731358649673
0.732316869048517
0.17663676882644413
0.3277463144024285
0.05315470957389301
0.8509432593548925
0.07599529928115828
0.7650637549573975
0.3771302055606498
0.920304786288616
0.058797687022591416
0.018570415131462126
0.034675461741248914
0.4542787524996908
0.8801628883202237
0.7754507534237128
0.8271736068457098
0.10877358220647809
0.3453313828797618
0.693116938553396
0.8436595887993779
0.37209969331480574
0.835421472814035
0.7274852431827097
0.00499444173365049
0.9767767998105121
0.4614597392785054
0.8113663556534834
0.6614996093991421
0.7825641118925994
0.027379812111169632
0.43402541539829176
0.8080467796083295
0.17835141885603006
0.7570985935265143
0.48644442456736014
0.39563759960572725
0.6296503386470803
0.046442109872459614
0.3315457168937109
0.1647968585846561
0.8587771190296207
0.337608224277929
0.4346125281181663
0.4036414735309095
0.286419326365589
0.5820167204501337
0.04636850468664694
0.04227717967495004
0.7861308241037814
0.6568118335640606
0.36965490602484246
0.5352133518811022
0.5074006050805493
0.5309460868605972
0.3603709668358719
0.05477581289610084
0.5082929909458591
0.9386884619753759
0.8143190691800188
0.6210363954594005
0.20525791361885326
0.811564069925247
0.6738232365760824
0.9275671703524898
0.19556178875302726
0.7441463373129857
0.5514658342701781
0.7873661546969439
0.8368909707816068
0.3247870013797227
0.31301416502193585
0.3195906000498306
0.07903140515464491
0.249283150628837
0.1875848973327749
0.22527288303233112
0.43412945608883774
0.7536446540536015
0.28032098116638837
0.7589829772437946
0.6448908219941088
0.05153934565452645
0.5513325149081494
0.2934409583466641
0.5641755550084746
0.14265743584390505
0.2943789580023726
0.6953714645393524
0.9947992042992859
0.5701506957458107
0.8997473790189846
0.08343166283257164
0.7549512987916801
0.4484659521556546
0.21800748113097784
0.9228329118426306
0.03249422662718865
0.3573065411900794
0.1548008783808229
0.8263156405934319
0.17050693089926883
0.5031194186214845
0.22154874671858626
0.8774258922925715
0.38678953617133227
0.8864197561129031
0.6429382604847758
0.7695811306142419
0.5716465189654205
0.08142878192619884
0.27927524302226164
0.5632017968454224
0.23111761348750326
0.6339147917538905
0.06026652560278467
0.4032244620384176
0.846927167217999
0.013791265241568706
0.8465223727310034
0.11060118107972483
0.40977436806211803
0.5209401149424137
0.6360458095004342
0.16392886096319864
0.6491880222246584
0.5358921849213848
0.8152023666168711
0.2211416118061888
0.5310215842925798
0.03141107934434445
0.7171400002260004
0.9962378433463934
0.9227651996413344
0.316690550071097
0.09535590162294821
0.0023032405777358433
0.9372034843232969
0.5727897457507458
0.24608323772731683
0.39962955988681486
0.3565491116796564
0.8560945784894072
0.4203974434969898
0.9465184299151892
0.7120338176047045
0.8960076927049496
0.8554183210619116
0.8403982743388858
0.04804030434343093
0.19373339100169767
0.22371076062533407
0.05817161836570334
0.1352095163762445
0.6409381437491614
0.5509633404011637
0.6572491287822145
0.9135600569080182
0.12023116296898423
0.6842507893634064
0.3825156272748325
0.24450729341303218
0.32382371708263374
0.20666278583663938
0.8395126343516532
0.6297720128802369
0.3323899540140805
0.28880804047236663
0.44041082263203657
0.4155193888752292
0.333065904120423
0.34367940176058176
0.3068850148716067
0.1416711209896535
0.22368751337511583
0.5085919318491906
0.32279322683710565
0.11918475691817398
0.7497826982287674
0.9163829754987812
0.5696006295585547
0.022196099569534666
0.251496226048739
0.43778913657690305
0.4487778633621429
0.2672718877264173
0.05954052855487674
0.07789237739657229
0.8979428518300099
0.2186216991530277
0.0724295381113424
0.4917533352075413
0.24130366384987417
0.805969522102103
0.07166666318214243
0.14782705966263693
0.3799995372516135
0.9708869505658176
0.8872220524576713
0.512482546986242
0.2242260455342796
0.4677415772054209
0.6125485606288107
0.25492428274258544
0.4965693347260117
0.9370157739236639
0.6865495774657988
0.8790403357967764
0.2947636189094783
0.8416024399947325
0.8093262258877123
0.377178324955769
0.09212520119792433
0.8107860724861282
0.33919536825660484
0.47057702455873035
0.17520501804885985
0.1719689283376475
0.030383874936446176
0.7521578733867795
0.8707412659456286
0.9668036159943826
0.7139688020785453
0.5796073963958803
0.29778228742336254
0.5462451694729073
0.7990471539054147
0.8801579523479286
0.7958892668975299
0.918136967829569
0.27678274611230385
0.12320086356905957
0.6266170746659234
0.3812966548161608
0.24689225036072243
0.5928425091730654
0.023010976990232634
0.6216696972896651
0.8542958778525616
0.749740556416032
0.17064572412958073
0.3689696649101339
0.9230729752512721
0.9100340397360571
0.24377266046755952
0.9163261499477773
0.5055261604821225
0.6889075330837979
0.19142971812664256
0.2908124017433749
0.026072231208164542
0.6573063622784203
0.5709079361587392
0.6293269168069799
0.6928418190773098
0.44254619349210916
0.3597575495205288
0.3621539589081422
0.3742839941745119
0.06703692566471853
0.342555322328499
0.13563047265500594
0.19373597163109324
0.6640675118208378
0.36494441667834726
0.015697567404453327
0.6818321830755774
0.8355747941778255
0.4749965756416702
0.4057169864981678
0.4447911825017681
0.8240459139149494
0.7307358728845844
0.28478410972512175
0.9560324960785758
0.3591806614450586
0.24270221431904476
0.8268707185984583
0.2592402375599691
0.5096663952732726
0.8417217280917141
0.19648244806221915
0.08290365148198408
0.12139502443140854
0.6145904162581854
0.3331171895324356
0.10952939746596624
0.45567787365287676
0.434166472943846
0.8346625108410154
0.9171341527618906
0.45449086636558156
0.5254055294590252
0.6289713905095211
0.4162902234590603
0.6545092192183504
0.0551624894216044
0.9832076424436404
0.44291089288064894
0.14766705031559613
0.711122448857894
0.5421532762476673
0.535126474234896
0.14320414625759642
0.24401220256035938
0.5095223354171645
0.8220157807153039
0.6246386940485513
0.9872831900420671
0.7904267612152509
0.3826221273143152
0.31483108529317954
0.4397454934693558
0.8984916227856337
0.3955967531398279
0.6632807688695053
0.09917173140924712
0.6977186207246331
0.8929768483909247
0.852024536260519
0.8686786882913462
0.5970483503435929
0.9560192699369573
0.8799811520958868
0.5227335930798138
0.6446732308388863
0.7466751595013881
0.6303139508014461
0.9159211788346586
0.07950466988057131
0.8552047184036041
0.4513594242911506
0.8451462427527094
0.2887997609186774
0.06259555127451777
0.1888964916075157
0.7347362093094368
0.7938038800818028
0.7658617987485989
0.7960076297382308
0.6039465919218228
0.839367831001905
0.9949657640261462
0.6165098099938513
0.0976617321630795
0.39884897468110763
0.16201727616854794
0.18890925774888906
0.7136219892934172
0.9222079833474666
0.42657056863752895
0.9500613274736518
0.7432979307765505
0.953064065589404
0.8352522712833983
0.5311926893665446
0.8585707103258549
0.8195731256220753
0.19961815650025921
0.43366995017259346
0.7226673753465241
0.9643449921459986
0.013050441289880976
0.7478753856851339
0.48133841306209635
0.12021732858911788
0.5756715327953809
0.23577674283144795
0.4990542867804558
0.4615553400954806
0.8956640633269426
0.536255058616296
0.24503666720964845
0.06484816930608267
0.8660510857196157
0.4719806290718918
0.805228938259477
0.49772410320627236
0.6779046369069486
0.4376040071951761
0.09884992605559828
0.12210875309509916
0.42411458064007085
0.6312554919369259
0.5119636655709157
0.7451012521118543
0.3722639088733476
0.4548229831917211
0.32553707424844114
0.5802459070416361
0.4408208523731773
0.7532048419637165
0.01174659409643758
0.09222749171949063
0.9997717701005184
0.688710757941889
0.19983385025382422
0.18962056280189593
0.2349834855474222
0.9540103560197635
0.8715993337654798
0.4031743935363772
0.9649971993426791
0.7155056833851314
0.13666245160455637
0.14121672089111692
0.9796205886075611
0.14873048023723784
0.7589049920038438
0.8491112326868127
0.6815985358095181
0.6783554303984418
0.45805446156452456
0.9163051446184807
0.055807096706192716
0.06760541145226534
0.8941526107007964
0.4723546898932819
0.7648293266559418
0.31537120858919776
0.15769344630505932
0.7924182019178685
0.4754357276668367
0.914024654209288
0.5345044778073851
0.8930577221180203
0.35740599743598483
0.3969228108245752
0.29198340964216507
0.04079184305268091
0.06429292568155764
0.26181344911083043
0.24209228175357272
0.31869388507252827
0.40514349857602194
0.29483042530660203
0.8765493538503182
0.10043125537854486
0.34685586849850136
0.03949427329809113
0.9409486971326416
0.26649325855470146
0.9487654404129371
0.6561098974720474
0.41707627888757093
0.26395620176857326
0.3242170851039343
0.6991797200185581
0.01648029905995646
0.6589863137004022
0.7482946128073598
0.40392729139395666
0.4533927754154077
0.6603824162469383
0.5865426665218956
0.9177529170878751
0.961388376028081
0.2028119364390713
0.8064304503063957
0.538419287677705
0.7457054880687346
0.5699953651839378
0.4514704192956643
0.4279918917849954
0.32194366905050286
0.21094587545969018
0.6073194990534474
0.46003545006760676
0.9818907049422896
0.35647240114631806
0.06985421622034599
0.82729391905327
0.9485213722226706
0.278505802899661
0.13712521917684206
0.7880588120752747
0.13474936837530443
0.5514098151964171
0.6902608529125863
0.4616563089752817
0.8043026571858853
0.4722893268434298
0.002803368844667642
0.896960916428605
0.8481316847696091
0.8764109004155709
0.5236254971486516
0.7325697113722644
0.8360489485893331
0.9442011773710335
0.21548915843121286
0.6432475016075522
0.48083756519307596
0.23789125304857284
0.8994721177879825
0.4244803897706281
0.660855194409351
0.12872573760533207
0.45490252901583067
0.0054512327611799804
0.6871993315486234
0.9797576810896584
0.6551051702032647
0.9004774196518512
0.07278837684766065
0.9346013165867513
0.881177687780268
0.6099276749974427
0.6632526108615835
0.9291168312228089
0.9491785785821247
0.26386142341574187
0.6233175635470192
0.590852272094361
0.8105232955034709
0.36511064929515346
0.4374020573566173
0.020169892760972585
0.9410485788688477
0.8332507187422331
0.7794416815160863
0.057335302011018385
0.8211193604888163
0.6768833962723013
0.8344877987999524
0.5314495826292567
0.027316384480130684
0.5288814965070054
0.413421302326085
0.15995617253888705
0.10565726765038857
0.9677216843348828
0.9921590865906433
0.22155562475036483
0.576967056024041
0.017757916111973193
0.6280207066527338
0.8607131087307991
0.13692914237957454
0.47226510490118783
0.5584613105722385
0.8985450880648178
0.35651088360819333
0.7153087232100529
0.1711664012420262
0.32272303741267655
0.9628727208735666
0.5319729333695704
0.9495426457070092
0.20813371086255566
0.08653337611896083
0.9912063037622878
0.9439284420550137
0.6803870606993845
0.6974780494816242
0.86152057128194
0.2963865623646409
0.6758644601744579
0.8210602517394108
0.17700472352738927
0.3557307180437166
0.6748512942998738
0.02396233003700815
0.5095930936373254
0.9594764785434106
0.28839980035237905
0.09114357996713518
0.2232527526034454
0.5306965306868668
0.5649194003852125
0.7766189468830824
0.48673197268709645
0.740298804402203
0.14909349862843252
0.004075398619150905
0.10373833098960261
0.619035634913478
0.9735729827429795
0.9177471676501432
0.2828912302200114
0.1685905791902948
0.9929986839259888
0.739634974711491
0.31452056046914517
0.7173790877188179
0.5802561926180682
0.4760686093708246
0.7473593914171837
0.49423800683261176
0.5964681096477011
0.13477608112943568
0.06540557819894155
0.15196802167200535
0.8190807092380825
0.26303682415489893
0.053703324647073
0.2627321610379045
0.3665028710517378
0.2981603871954898
0.011522542593003504
0.12860275294974094
0.9931074173463454
0.43344609973661174
0.7223904036105332
0.603087976197743
0.6450060606580452
0.4459433238751829
0.622655911796484
0.003258367172425336
0.464860949465988
0.20674593714878825
0.9237450426784051
0.6071329327795166
0.5130973478002132
0.40021868191528265
0.5379903906241801
0.6772729952367901
0.8332334189434313
0.31546729711156085
0.5338960232052368
0.429071654064177
0.13064487263250435
0.4415280615106283
0.5039246480287702
0.8710152241698081
0.25693353757176185
0.9971668650484066
0.6663707771456204
0.9842325360845576
0.8961706977526538
0.4568415770804962
0.7426102368522092
0.27993662795530044
0.3346374475676023
0.5962957727693438
0.6519928557669197
0.37590281760481414
0.9622860103096137
0.5744159990806387
0.8488717173426701
0.8669158819844576
0.20199738347088203
0.09239866538081664
0.6897389397746839
0.4291583125796554
0.8918123810867822
0.7269365911455878
0.5631645391250353
0.7948006360714985
0.7556645794227861
0.12104983085888898
0.6412114957099444
0.9605939027348156
0.48974532185866876
0.8343488058609136
0.018226627227974024
0.7530533079371711
0.16448251876483655
0.30393223986708345
0.6913834833634602
0.6628612921042105
0.09621633947811414
0.5477863470544768
0.30708016352567246
0.6824072365969256
0.07800686318328625
0.9544658891552313
0.8482712004396583
0.7329200801870321
0.8756097764207911
0.7460014601578531
0.4700396693847353
0.15143926442421301
0.19250831107868432
0.4753918511889235
0.5041916952923695
0.6229084059657782
0.8869907591786847
0.22570409636271066
0.24838269833510174
0.88896513144638
0.08461463670311436
0.014718002388123652
0.5312607855363285
0.5425396553074343
0.9710003244371512
0.2772159201567336
0.20233939729239758
0.22616379907238793
0.47274802935980414
0.19643284380040604
0.633788191587636
0.5919310108769358
0.7383741748124124
0.08684548931420022
0.041057114765403635
0.4523371128868624
0.31651423380205945
0.9923937032370538
0.9302257819589601
0.6537706835371277
0.19524115271053982
0.1573909904330324
0.26219638535657946
0.3382108881820836
0.4141995105433813
0.051795490553609824
0.9873252866257709
0.4237295633861542
0.7903577686007819
0.18817654989432753
0.4488145472204193
0.3306838092359761
0.40853178683055896
0.05462614981679681
0.7791618440931248
0.20802382020740256
0.9194350697046778
0.10602851451206202
0.8211931243471922
0.1729303340411249
0.360862214431985
0.9055153339419746
0.293679406928457
0.3670346720453811
0.17171393579935995
0.18859798624458962
0.8912654128760675
0.9537637757007494
0.3039233895089837
0.8343823375096331
0.7594144272692526
0.5338914307248517
0.8539452557745515
0.4714357034871073
0.31730030272234266
0.8401660092416937
0.4333204767994321
0.7202895563000604
0.7150539923573764
0.9869243000716283
0.576931097718694
0.8802256986030353
0.30649878489864046
0.9968897850705576
0.8479114747550144
0.20490779610203485
0.39448468632261096
0.8048929425201037
0.9397831585356476
0.7795838279387746
0.1631592465953126
0.4470402133070274
0.9992329644442254
0.4119996807082294
0.14998844885001933
0.683897256338303
0.5970547660548826
0.8798275481004312
0.8300679336194006
0.8775413368905967
0.26012742612556216
0.33932732891627704
0.8862416138214262
0.544876472287785
0.24390268610898935
0.6931230906163289
0.5207706710815156
0.6433943614200231
0.2727285147317939
0.23939059887695752
0.7277734544449874
0.31060293371809155
0.30443487715626965
0.9804163603351238
0.7903822480070274
0.47463350805048926
0.9859604862031672
0.5554021776418725
0.3925404589413361
0.481076694990099
0.3584006647143598
0.8805537655626952
0.642589620090853
0.6398859568249733
0.5427080429758573
0.22890570621865203
0.9942725105633716
0.38622729850268356
0.5913793105445864
0.6629992121553727
0.5205052282388187
0.5704419846005382
0.4268128315417155
0.44544325151367225
0.24624740835972664
0.24482891364582532
0.8036235047323608
0.29555359250725155
0.2790266727965649
0.1987416867149509
0.5300528492097526
0.1346783489979383
0.28914971246917503
0.40853511227288747
0.7627137593286024
0.2684829234180582
0.486358940526126
0.5151843455761449
0.04926100416127921
0.7913808119921138
0.6156704658400137
0.4199394751910664
0.9351801758181426
0.3664614302517085
0.6523554950116721
0.09716690610045436
0.3737391120061754
0.43367962453861036
0.8145037724363907
0.7635684346479097
0.8822477327181615
0.32973585430660013
0.23133452813738386
0.6142576323580045
0.37312350960227475
0.7649902143395528
0.10639663108871111
0.43871235732309233
0.8548613532310655
0.5959171429720375
0.49702645607623663
0.5634112824166046
0.7458586177741097
0.8560222103869897
0.8949083067986072
0.7330013659356047
0.3731469551342093
0.5638059150758331
0.6373091027189884
0.7381321104358206
0.3384346746711965
0.9132740525446785
0.8045352847530256
0.8256319971078024
0.8254648881171934
0.07065774551348408
0.6663866651580194
0.18549073870463573
0.5955458112146232
0.9504206657412362
0.9288583831558513
0.09915098870550254
0.37221183036398003
0.024294814300867717
0.002068825924218809
0.6549013912136037
0.5513248505596031
0.42900045800056174
0.26136787269123673
0.28870246193364096
0.6895274862606228
0.3814697816016329
0.8058061848226657
0.7925655947848391
0.02181099184688423
0.1848078512440352
0.5316232942110538
0.8476446759226772
0.3380623321144988
0.9138885866081323
0.43313827448246034
0.5854886493609397
0.9088066670384223
0.20639767487091465
0.919403788933024
0.15844278027274183
0.7919626511829987
0.45329798339829735
0.5922104777527732
0.8089750442567055
0.7752798316930437
0.08210760497439978
0.369505576862592
0.4677435160480066
0.41322904156762846
0.5570443887127238
0.058015980675310275
0.48150923000816553
0.10246780338886241
0.18200490841927386
0.479842550461998
0.6745385328321412
0.9066048506130269
0.7855101490722998
0.04001914249519534
0.5809277773364565
0.8888391656932091
0.8911637677708457
0.18550633988284248
0.35032208234753115
0.040150462321820346
0.03283347062981107
0.5508163531105321
0.5257893961909988
0.501069735902836
0.46067940532291174
0.7114422004905008
0.6201497748755729
0.6666600143593993
0.6023183091656582
0.37349088980780914
0.17584890971944994
0.9371889468170915
0.2928253231926526
0.5163967399952616
0.7835043862234285
0.3310765717423765
0.9679404598958308
0.4753177132982483
0.35554145868849335
0.9120529499659257
0.7267597622461864
0.2007939812048698
0.8038750699237196
0.9990621437950056
0.4133560811723399
0.9654747484298736
0.15438321374216923
0.42530051860922663
0.6411878719113355
0.6011958037903801
0.0459561598529275
0.6918786645995778
0.9898189029201216
0.9444166678214974
0.5081949567034818
0.7219482628203144
0.44038552600326597
0.5440031977500663
0.8893719142296916
0.06273632725036504
0.4844123650664865
0.8425675636059158
0.81505446185399
0.805781104584935
0.23999135485065326
0.9810544352932278
0.09783330794767531
0.1997653958624196
0.34000300758764257
0.09598870806773857
0.5898843326950527
0.9156945066021278
0.31897300707912945
0.4797764559928966
0.07263330988586525
0.19076786701834392
0.7183211897903029
0.2566776728791438
0.4115811617954977
0.625144585257533
0.15417400644869916
0.29054573211677026
0.3693866590187222
0.2349051008790528
0.14757565789329136
0.8851550337960132
0.6665926208006128
0.47486236676222493
0.603847384739942
0.46391495741414756
0.10692064674956025
0.3364777675646093
0.44600787833967525
0.8229949118912909
0.8428484338889055
0.29898846966454
0.05658250451446423
0.7403615021679361
0.1472229379160243
0.8659543594163155
0.862792704333112
0.6929556713202767
0.3779515996076596
0.6547844839038546
0.612031018051127
0.18521427953802266
0.1753528149564651
0.5234044024045945
0.6276914159635178
0.7243668421554701
0.31553622043037793
0.016077169426299942
0.609838521569837
0.7914150069832695
0.05822202297240142
0.48949279983306726
0.35086345182129663
0.2514288006272274
0.27369798086688285
0.6405919047188535
0.07318801123190832
0.522770183688171
0.11115154429651508
0.7991914304274919
0.9642431146091063
0.4820811747250073
0.47940370424968093
0.2713314971059197
0.8833613461262044
0.5203500695299474
0.15111041697143312
0.2233642067172591
0.14588745316639967
0.38509637711030636
0.8727860700055557
0.08215665477968087
0.7517250892256786
0.4446908561269518
0.46554302633158056
0.1933820473489491
0.41870154008578536
0.7930545350445767
0.5352299625141885
0.5277244074969771
0.30554687564416843
0.17645631922945398
0.0756909729174875
0.5539237717992576
0.36494751497450645
0.06885594733703204
0.9451564625822548
0.007940615726509836
0.8540486307492896
0.3482152361259375
0.9233158080790932
0.1791193674015042
0.6479435566607286
0.9334274236973145
0.8154109116566038
0.5070829855642891
0.6511028135383137
0.42999070458907173
0.8597289230366549
0.7371917004829697
0.7823589718587116
0.30227875943250615
0.5161611678383874
0.6177506733217668
0.7209780339099105
0.3412377327161683
0.5660348268764503
0.13875312525256211
0.8445118280881667
0.22856544382842753
0.33721246519529396
0.609796774169995
0.5635401410075427
0.811905306968804
0.7834940508211063
0.45391302125786603
0.5640751879767132
0.30031411965031873
0.09364487994975468
0.4544000879433433
0.30531526165255063
0.9652391252271926
0.4829118732735505
0.3333526571717219
0.4885983839166061
0.08946673936594251
0.8286799752277592
0.9634321696387671
0.11282078545988222
0.8449813772526307
0.8519592557113222
0.2185236240689346
0.16224934177587796
0.5003999541526574
0.6176825199127317
0.454276121044092
0.9345707197751482
0.8596236811425062
0.22933211314971935
0.8761260161611317
0.5101845379213856
0.11557573717085284
0.7272038868167161
0.6002532465153044
0.8881616084663413
0.36636957679764525
0.36465521611826396
0.042022628227403214
0.869952438066422
0.8859796914836207
0.6329730443397719
0.3768138989511578
0.8588452775214226
0.8674626216565497
0.6330369857047035
0.20974547809390193
0.3613370580797392
0.7640031372373088
0.650741668598734
0.263648724666757
0.12599460521039968
0.5415365828485594
0.08318140783051309
0.8487508749712642
0.5360475734997397
0.12642534280115675
0.1838894727354633
0.11287656243391586
0.08386865054361514
0.08264373749287973
0.4479633245868281
0.5875792041672884
0.4986605024066821
0.08515210251407767
0.8416960158901299
0.3434652538187263
0.3730833340595825
0.06961777902079785
0.4963733548718017
0.1470758166217933
0.9402204591771719
0.033366858098721586
0.932185248737136
0.3720416312600015
0.9891939338935716
0.3384273077204147
0.3557387058836094
0.05882916770406399
0.7759059180921111
0.02475074147953016
0.08344919590496646
0.44024688513968
0.18479566194079366
0.08017638475476624
0.6831260867319007
0.453982515488709
0.3281661743121791
0.8334276801855618
0.9973567080773127
0.24879362471762567
0.23154849738371524
0.6374082731389822
0.8148330490518544
0.45757537137911086
0.2467356990481493
0.7922908350413802
0.5895538293830826
0.05838083045661974
0.3585326876836698
0.22136866983871078
0.2728738951031239
0.9735710095690042
0.6069322068252767
0.7573666566131051
0.019661925214191467
0.167622956730627
0.4333409862728784
0.022884615805394082
0.25736651176544006
0.895726269189556
0.8776447173507356
0.7958727891347265
0.3655797249232576
0.9281494830249689
0.20231397371711424
0.4395154961440405
0.003726304440770878
0.029459847599063393
0.7004176951900538
0.4456260674035876
0.9457957486403614
0.7070310496869061
0.15632470667376463
0.39163206763462876
0.13357355574619367
0.2598754490478051
0.671037762103072
0.6434568688977496
0.5436171050229255
0.45668862907216634
0.3385189482832695
0.950080153045499
0.37826034202918507
0.7510959014934839
0.5650289795636945
0.6702860479776924
0.03722111800200151
0.8024417154090163
0.6604171907910761
0.7480849357345736
0.30392336611709736
0.2120646020745065
0.6984631553357683
0.7105206957986141
0.18943597422999087
0.8078520028518666
0.5427847054116377
0.9000523114375412
0.9169689622671062
0.5139704598958926
0.36549131691568
0.8734250980821029
0.601156584797472
0.8280187548381358
0.9476760127708215
0.3999233611240037
0.2788963895845293
0.19445267800860766
0.5440026231747792
0.7741229071307372
0.08230189390235554
0.11098198776836238
0.1180598413001886
0.22173838319426997
0.5093658375138637
0.6337415097094995
0.31081697249621975
0.02188699336664629
0.944220114886392
0.057389906816583625
0.591430903589578
0.5950666345794751
0.8064172633957323
0.9378913422185024
0.6578175005082316
0.2133731604156478
0.9674477798702563
0.2985866684621935
0.30381477041300203
0.17795799922557615
0.3627463404077663
0.8142623210913877
0.6504294007970564
0.2784538574671599
0.04872916908391234
0.003276896374427629
0.8505720494997083
0.10007292351371316
0.30694387802648065
0.974406678434916
0.11985103445885287
0.2763083672294382
0.7812021737615402
0.07292302151539853
0.22040810033663982
0.0986468110204522
0.04860474373372242
0.8495162353277028
0.3304438401049022
0.989425502627496
0.47165696125734896
0.136031854466377
0.5689946597122104
0.21994513793930248
0.6562127784899092
0.6535870738755906
0.3136871107622551
0.9131751601780977
0.3487736191861361
0.501486486920275
0.8486093894955042
0.8088655299958001
0.1467077533240867
0.07945777852431907
0.8101040412507343
0.4886050276847968
0.9662450466620749
0.48107993407031563
0.3601998591965521
0.7593430957051614
0.8156407515296058
0.16287749165274062
0.01056510875314326
0.6761185818458579
0.054691355121272656
0.7414066483654592
0.5442780530328932
0.248215208376025
0.9868241989040922
0.09975993347492168
0.5383752683906897
0.21769067714332824
0.326272057977449
0.5952681785268299
0.5770516942559465
0.42520198328051206
0.8103826843786401
0.05177982871476133
0.3635510153446065
0.1852770739476438
0.9859022259146011
0.39274930173609623
0.5881986217487201
0.781658780229865
0.9881110356187692
0.2254677075422451
0.5906936276979133
0.6630739203586802
0.9529788535383921
0.4221206830979249
0.5666905153736771
0.17075690719537767
0.5550456764580816
0.7599596610707057
0.3118648985833315
0.661283725707442
0.04752385633399936
0.9807246547830704
0.27107215665350936
0.7017488067851041
0.09615563016431722
0.20855797792601488
0.965871526524976
0.6090438141622675
0.6446497015082894
0.5259999268103497
0.7106025249889274
0.9809739123919293
0.02705943009203371
0.6492591714065632
0.8953644613839647
0.024173710682064864
0.5512541028399266
0.06680187775342328
0.013663964424994568
0.4222615638569082
0.8176741564352883
0.709405506284176
0.04315945302666496
0.20739757069503672
0.10884992840160468
0.20517441986985113
0.7498456354884349
0.5993870614300375
0.28770282710693245
0.039616307522114424
0.9791849995428803
0.05869800516257234
0.7764366879480724
0.48872980009099437
0.02210756533853908
0.863237281399979
0.35286641733725615
0.022155305246631507
0.6994640203637932
0.36345743103321476
0.6973196631524663
0.9837925735141018
0.8954315144793901
0.6963418911967059
0.8507867918979421
0.7488902721711996
0.8885354995357413
0.1460433769774782
0.0037831406168791215
0.22946396554882825
0.9783648875943522
0.52742670282259
0.32542675376355384
0.554001174282267
0.5867222047075132
0.9384937589244247
0.8635238667190302
0.9827628705353957
0.2238639626299042
0.9786450496789996
0.8989934297865816
0.6365931543155952
0.45365104373691955
0.06195861117012896
0.521750971879422
0.41499984082238533
0.26584271411853055
0.7681438485785045
0.6102113573857546
0.5583705055020987
0.06943189252813231
0.2685543658100376
0.8428587031029737
0.6695401539338885
0.8578334415378177
0.7406202059327271
0.8478713698890617
0.6515279364857884
0.9649014969837402
0.3412869613743843
0.10557811179667986
0.9411123378910369
0.23016541536553636
0.7485250920701948
0.7585616929599639
0.6220153929261584
0.32233858443152924
0.49970010811195586
0.05551403944257488
0.48681834290047726
0.4320679416176567
0.3565702071698427
0.7574873609241115
0.8833326286541987
0.5380563217486487
0.7089048678667924
0.46897355930342166
0.22900158673791
0.975103867539278
0.5921943653241377
0.5212842797433721
0.4060098701254706
0.0882785200387815
0.23964679031143815
0.7319922353668582
0.8601292445784812
0.34434003726883516
0.2146455090416013
0.09173416838906378
0.11793071116007159
0.3897057789643338
0.07706696092171189
0.18846430827664406
0.6098448727664052
0.19366068661795027
0.22533477383495876
0.969286649481842
0.1406535705370564
0.5961778402041046
0.025813154027840956
0.26128321788551756
0.08434773355031838
0.2916302522596821
0.5921187785346289
0.3252946650707833
0.3968878829607539
0.5228383021602545
0.6091572414359607
0.6003985386506898
0.8382549810572568
0.5343116701492159
0.41016631882991106
0.7118695964525314
0.3742814490988035
0.13920815537484044
0.10977531445043359
0.7616957710341012
0.5891031016087895
0.5914465751398112
0.972065866920293
0.8982621931225333
0.08067491031838436
0.3225741380428333
0.3498465766587343
0.17060503160085327
0.23464461591529878
0.002403502695084825
0.46982997654813885
0.7126756636821979
0.47597991165620223
0.813098330103692
0.05812733492419314
0.3743450812526503
0.0830966560440668
0.7883003817258634
0.3014529404158272
0.018417171629748485
0.9158369074728363
0.5620552274422806
0.9216564104439548
0.836708834872504
0.9564971974544507
0.8967077063000379
0.20467793709433973
0.2032938690664718
0.39220910999707603
0.9146024427350095
0.6697480402724171
0.7792965571242436
0.07732565957864523
0.045338425659204984
0.6906298765906278
0.8111599608405847
0.6060686879477525
0.3184913750548256
0.7879287439044047
0.8231031968821825
0.8985438303299571
0.7811308918617502
0.4999701854060502
0.1945207049177149
0.1573314881959853
0.5001241028043524
0.7094741545378304
0.4343658452423533
0.2872134294110306
0.8211312211358381
0.05422992279243194
0.31709999423711715
0.3871965403922526
0.2993626297492561
0.5822023454894521
0.4285777435136334
0.7218466122559438
0.991581121414608
0.12497724179533004
0.08527736996326823
0.658046621246496
0.6044969510626855
0.9581796178558648
0.0365751278886855
0.41364567359926213
0.33161760546697544
0.19347564267041073
0.8373010927655096
0.10606609740747363
0.07877793131712363
0.0039952389151430845
0.28660290133406846
0.5117880699667441
0.17799070542627648
0.223489214801748
0.8691832300688003
0.15173227520079913
0.619921442708044
0.07926119794411135
0.7062657285985416
0.802913187718848
0.29720557460253755
0.8198910427617571
0.12618314376437945
0.3033365693041384
0.7439899677872575
0.7809933758144009
0.5982705486042055
0.5649669498647035
0.3814950961059013
0.995731095576152
0.4387856157201734
0.03869170744313061
0.33505782814299245
0.8015303030756868
0.39386685052505266
0.485560677101826
0.47502935063937884
0.0204199424717042
0.9320798800957473
0.8001811751530858
0.45206638859091053
0.19764569054772024
0.8378909648626021
0.8050002255187212
0.14676813376897202
0.0716842677181937
0.48744573647170153
0.3883072480751871
0.13427545419245906
0.9185111492734166
0.009320630141514241
0.09414192444907671
0.4763627446441777
0.6639507401838771
0.38545306867766654
0.2888937897552167
0.3967171165325054
0.6901652279752601
0.43124600085318426
0.3272313182882381
0.1695134711702062
0.07581430334812106
0.50888097685641
0.7191000990836003
0.8570582702979415
0.604145024679805
0.7741634727542075
0.15988114262840591
0.3691886993069914
0.24924720669723677
0.7347628215711781
0.42740197416891673
0.6852780603144963
0.007936675741173737
0.906498494873006
0.5723446242049303
0.9791122912884528
0.8832049820829051
0.39436334651558946
0.5326964071688269
0.817566588116863
0.5449009379501439
0.29626358414403
0.2882405834389126
0.565925126909475
0.6942857045956798
0.9299942270619793
0.9376860433429602
0.6258509631207338
0.4413300812780448
0.017757946716106754
0.6288862614304281
0.15642727758542002
0.06709861859837773
0.127574222383384
0.1016995916089996
0.48435512805468816
0.3882924457777946
0.8672147542162913
0.7133944731221575
0.4963070016295712
0.5669985988570045
0.5538402076045454
0.2081046290656005
0.9245995623469779
0.615920779608466
0.3413024603893401
0.16469105691651603
0.5867627883094558
0.0378425236887352
0.07711535684938364
0.011468886180548199
0.3202472372458012
0.007800737782738654
0.4823864038345436
0.7316090697291666
0.56542470245738
0.2574238847782747
0.6005406381563202
0.8996262874697212
0.29320196734630155
0.3531156772300793
0.8444568773690777
0.4872158281471643
0.24798132797663713
0.3732418558684403
0.38667606621754147
0.9558041435643645
0.28236546152236935
0.08420402719217162
0.08362993581663985
0.5135291142894602
0.8969185359416938
0.591261111448679
0.6023776839237804
0.05596746774372363
0.9664593408710607
0.09718564248962647
0.9271272456851078
0.2327788444783957
0.033776267600394316
0.8403186064714898
0.962856789451223
0.2865369581168644
0.48231828883196925
0.5033130796750767
0.5246412075537975
0.7953703665830145
0.361329658559325
0.38483355979169087
0.6038274506526313
0.21763669676182867
0.6300607314745299
0.4087043339968506
0.43599147209482913
0.18470562826346903
0.11210075779031686
0.6084769231390162
0.5606487452581945
0.8170279021149809
0.5065431274339085
0.07011311502406631
0.7589793673965344
0.9490185794177325
0.38960705225522696
0.4414566118465956
0.4833677947252319
0.03988499826024505
0.25850426176316943
0.024393046120440853
0.1513462281282521
0.7203809132241548
0.31875299490762226
0.15407461150773888
0.4665699818134845
0.3795701548718617
0.8968056641605671
0.03931187679352599
0.7507419467740588
0.9310345500592652
0.07177092940773161
0.48921242677338217
0.12294249795621648
0.9145626396914606
0.3631745272132014
0.9833720446778908
0.24661015843258582
0.3872069202555859
0.0861175981334194
0.3564009082315231
0.27945756952566886
0.6366992676782393
0.29085529354466016
0.9622939555757367
0.6078960702113747
0.6105655431111185
0.040732310173869635
0.5601308677016463
0.925081564942442
0.09588201676685187
0.15057619437562536
0.3198179495097234
0.22048330573472968
0.10746785753242693
0.40706339174769973
0.285060581215402
0.2889161342869636
0.6464092843616023
0.7232369344621029
0.3504814590472339
0.43826606264087103
0.9761628874046583
0.6412687833906463
0.31077663099473174
0.17767787766055087
0.8300868582268374
0.09072392140425211
0.822027517840662
0.8017627337952209
0.5121006560922305
0.33399731322228376
0.1787641223687707
0.9514225337667421
0.6812749902204584
0.5862590368500853
0.6551007866415328
0.42817724911743215
0.721505877284174
0.8841566857255618
0.7842426710613644
0.766420047124666
0.9890276726074761
0.39568850777449926
0.3578875639321354
0.32681450109053894
0.903371989324758
0.5130746296669477
0.11552434952743046
0.9640868816394412
0.8014805314775608
0.751117834379716
0.06335574354151019
0.6437559581129373
0.7100318851547451
0.6854593377232152
0.11354984993426675
0.7348815105329929
0.7076434407288044
0.9082992694676573
0.266751227367665
0.08970181758570333
0.34646152048790607
0.25356540674937605
0.8742591455982887
0.43606977446053446
0.6817541929105476
0.3491778915120084
0.6110068934086029
0.05488588857763427
0.8184727337216819
0.8909716906505725
0.666452852593945
0.1922659074309392
0.525349512926715
0.9010026954999812
0.3177204148824884
0.16496949263058497
0.38995140432727565
0.6323771816601649
0.4878005398176833
0.6576558068722516
0.19220948639689972
0.7134088369037874
0.11135716847527638
0.2818206060750975
0.6592973465479941
0.5858211494476095
0.13165234196061448
0.06880867901140036
0.5313318861170254
0.28487732991725295
0.7343345237708398
0.20308454359476835
0.9152220465246694
0.13373394815629674
0.987309948584105
0.9669832522044615
0.2330924497903778
0.9799784135486813
0.4006436811214067
0.564452343079414
0.6820605986987898
0.1892245904097799
0.04641337218071884
0.21883495388214397
0.013747544042057191
0.7288049127824276
0.7856654207938541
0.6985331999342552
0.6147540650961661
0.3240113605508276
0.8380997062504798
0.21443010591110673
0.3234352269094531
0.8500017227186161
0.3998358524185777
0.45423709225872755
0.15365845315428261
0.8344017859438562
0.26559004158158794
0.3714736197174555
0.11283122950346763
0.1887977913322344
0.44381864306048185
0.23057401584265563
0.5993366139272537
0.061728152923496815
0.5668608896012999
0.32465624969831874
0.443615865307799
0.011446754838071227
0.4928397198065503
0.7287758549093988
0.5174893420132125
0.5336448899451468
0.8720563741183658
0.42902772608036793
0.9779083170304967
0.34748254542337653
0.6078409065630932
0.17664733363073665
0.6341818263011509
0.7426939039374197
0.08029731308002474
0.4563020306421485
0.6318243877061958
0.7211961514117409
0.7211085915399678
0.029052204728265252
0.6315218036625521
0.6285443675009885
0.028543552247787485
0.6130010582279907
0.9283140504792409
0.4637398682465261
0.394033791982609
0.3984409227456839
0.5039455833112861
0.08031294237089764
0.17516581770133221
0.2593429237450748
0.8344350961076572
0.047265209181473256
0.2946598206625898
0.7193261035930658
0.3852683125835633
0.025370970314452623
0.27088323673319403
0.9577810420874226
0.11821896302372747
0.1325007507368845
0.9926737381483198
0.40061194716697845
0.006654536377414644
0.9210445610024068
0.7397228350217668
0.7301005349763219
0.5102851719257119
0.2711761823918417
0.9194979704552462
0.4696839507245768
0.1956654843334289
0.7156141415531667
0.7426572900304603
0.6519778202147647
0.20536055776988893
0.4546988243949899
0.591138235118975
0.46216510099140684
0.07653930563428118
0.5950194904199947
0.14657713303652914
0.16390989636721231
0.48885945664184293
0.9504887825815087
0.44144409196073764
0.06124483915343054
0.8818603688551052
0.0816765930782199
0.8712536536603868
0.7274195993200716
0.5236812676188853
0.11737905995815467
0.8634383249185594
0.240487035141783
0.5357740590837917
0.30181259177688824
0.33694884458524315
0.7054428333694261
0.5823815061243401
0.14148690942799702
0.3063713929824565
0.9140231647779348
0.41890314876507256
0.48772506622902323
0.9853285099527148
0.5958043103364343
0.2598726310498419
0.8839625797786659
0.5261573018933401
0.3480370640235117
0.975122185663343
0.031371816922089735
0.09633481179431602
0.9966878179833922
0.45181094468559934
0.2820217430310272
0.33684701170937514
0.8374473682207675
0.07034595577163
0.6556975034068337
0.37367467973299134
0.9330074431974538
0.1338257471519363
0.9946679005584227
0.46079570582243945
0.40169405154615595
0.26348837142940373
0.5201033949277654
0.021580034214341237
0.42258589414958536
0.22674701084444942
0.234510955490553
0.325180159463011
0.5035350516284163
0.3997480473676033
0.32646632125784674
0.28549632673280006
0.4110461643565237
0.08298792422415846
0.9770882301856907
0.9025224997485166
0.04475960689516795
0.18637678455841522
0.7421133083433626
0.6793555224010603
0.45432292499718224
0.3792383506728608
0.9890942243187182
0.9428764649283077
0.1427241835660078
0.6610871612582418
0.7061579828962423
0.37208980853587475
0.7776996611685684
0.4506256746796453
0.3669251874777133
0.19533260761720172
0.4416174969215265
0.713255618759459
0.435605018198264
0.4560422849936917
0.5902780762683966
0.3514991220569716
0.5269450514110261
0.4664985384948812
0.9623607459101077
0.06807712575540153
0.19762889524421845
0.06993087150048094
0.7837857690135892
0.17799387371536612
0.8388786430806663
0.6136105546802517
0.7450493459297969
0.39382782746063016
0.16443334462071651
0.5990216541815921
0.3946285843472698
0.437531264586109
0.3437387273892387
0.819932834939729
0.7878424613863306
0.44239178946794666
0.9170974116968829
0.42516802947058396
0.458093832733247
0.5004111972311571
0.24769287896733921
0.7501005124109416
0.036206499930032276
0.3832081568025351
0.4148147526674906
0.9493717595694466
0.13361067105717422
0.4186531101584506
0.13327663130581058
0.43306278092378863
0.42641888114853393
0.7407950728479876
0.49593218970645375
0.8595222566609626
0.22997381355635077
0.6472418054704935
0.07935899575203098
0.9702824610843386
0.23723827514564644
0.5960063396031707
0.2271937788686556
0.8659703776836933
0.5094368697226416
0.45293417411584147
0.1312667353246964
0.41684805926892743
0.25364766476152944
0.9611774060885636
0.6675967878017697
0.37759287923227003
0.3995816452385426
0.045783320811771666
0.8124735268444643
0.4331547121663299
0.49657633373222404
0.4893166477345723
0.8632657065208895
0.8410039224268975
0.9918694383952595
0.7185362051388655
0.6192603702578879
0.5548102623569104
0.5225071531701544
0.9274983410312243
0.13975049831781938
0.7155697139848147
0.4557808580426308
0.529060976775523
0.6897533600255572
0.17842258562043428
0.546875354345335
0.9746136203720062
0.008155567960421272
0.3068827366675535
0.2474501470909899
0.310960519979201
0.08874524078180895
0.6109246799570571
0.8951651117201188
0.45363543021576696
0.25150538975825803
0.9313515249515796
0.7417004444825391
0.04752807608329929
0.39970684351047325
0.7800933948693036
0.535610001282641
0.9585540761491236
0.007753306177540886
0.13456262908596406
0.1663862117962005
0.894201574600487
0.5653947164105992
0.45391845617587673
0.6974038630227597
0.3861393171927766
0.915839644472588
0.9360706153512504
0.9679489407538399
0.38467264973481113
0.1684612292358506
0.06647768353155725
0.8283280394633936
0.012685368240884564
0.6412052932130632
0.32327266745206534
0.9870925801333766
0.6058067531012509
0.5934733348963548
0.4979748957365539
0.3957014930140233
0.02589516103354611
0.3471672028238746
0.4670238119462889
0.07348480953254749
0.37653046984022303
0.7617462782825675
0.40659666550517576
0.28455981503745015
0.6720598711983798
0.9285619408411347
0.3816491948075858
0.01839041594960994
0.7158424675521513
0.38039853668277296
0.9598440872263476
0.7969695064619995
0.4286902423004766
0.07406351640661007
0.0020095400575334543
0.9341430608122383
0.1351041442614112
0.8970341513686229
0.06299598388145483
0.5063838669305194
0.8627557330631639
0.47358175744096203
0.9002761095307326
0.45936176420141344
0.5397664085600564
0.6014587458962042
0.43235969057500295
0.4709465035146203
0.08468785851137567
0.7371476301068556
0.11507131333558307
0.41881809960362465
0.7756886395141833
0.5658355583351018
0.11096564340319564
0.5596489189200871
0.9583039039369694
0.8416914673525591
0.8156314204592754
0.8168606531808935
0.10520621105456779
0.36468758553256236
0.27436210855630066
0.8952483354982318
0.47680739361365365
0.17212059672994928
0.7736473439910332
0.293302826573616
0.14810290038062324
0.7661521852516746
0.42416625430287413
0.6678520100981509
0.9650213627757082
0.47310253171793354
0.8654400211926747
0.4206802280266356
0.07264416649324962
0.8358944242804789
0.31702778526771663
0.823074333910396
0.018010796161708364
0.2779599447990091
0.07712644857220552
0.4717840177008991
0.07182783817775268
0.14508527620705175
0.22666150183911132
0.37867291645766893
0.33625060573769194
0.6310837839603574
0.7354327096502846
0.5363762843230434
0.410008327937562
0.023851124595541395
0.3866048364791558
0.3735698994542753
0.8674950973937567
0.17027059067971195
0.9368102306639212
0.11599392706868261
0.5750505274950266
0.05160058212594182
0.7113568527073169
0.7031648449762685
0.9155054668665901
0.8853904741996545
0.3975114864132448
0.5757470192489078
0.32116986271317615
0.22563508515787373
0.1435548144103755
0.3448452760259563
0.12579136781417705
0.11979187838167315
0.19728146972680177
0.08201816867396061
0.6376145927742107
0.4994494344686408
0.22484454675327842
0.7276013368672807
0.5085230140640924
0.630849405953833
0.13932108342128668
0.904968966747592
0.9283465595224146
0.6321284696796385
0.738100945938515
0.24965061768813063
0.908769788181105
0.7760609370262317
0.6991787868576126
0.21475979157161828
0.9378769225673837
0.5402462381111892
0.5186548032091813
0.19797948803151943
0.5842218966065991
0.14110038491918547
0.7852267342003246
0.750389284356895
0.20841267254804002
0.5936737822499456
0.7821823189697998
0.5737072778496184
0.8005510695925718
0.17623221814490003
0.7833775688441986
0.9900596638373789
0.10347064069254541
0.5467020071517747
0.5669132898808342
0.577179311621162
0.6045667903033567
0.6574940059058942
0.6086982489507682
0.7019742017087924
0.683114957262072
0.04588556942503874
0.13781459439541643
0.7566953467277648
0.1853240699342839
0.039053387897123815
0.7365770871850764
0.004473072217334839
0.9659742635063189
0.906014334798863
0.45040485156080723
0.07477943270553366
0.4833391898904929
0.013145505982945282
0.43610024921023244
0.3144137908865324
0.36319502832479233
0.5956184763064674
0.02185680032201137
0.3958974855224859
0.958069632766074
0.8439973320634793
0.6782939499094243
0.8127026082445778
0.3194871215248399
0.6234135104937019
0.8070434641398727
0.14952902935712264
0.6738143661217236
0.29214501538319043
0.4418887073769691
0.3058829357045092
0.4464178942876153
0.7670915187715053
0.9271844432701055
0.1724989418179611
0.11419079393334752
0.19555056811224475
0.3892617185594058
0.6126872402400914
0.6831111012721895
0.33586487739946025
0.348748507549005
0.9844759866302102
0.3853446477432158
0.023924053431654046
0.13521376501698617
0.8544585408891093
0.26950678458382526
0.9081685755811032
0.8602688506587446
0.0005438616959757558
0.7180490616055883
0.9726577402390893
0.5812368505223111
0.27834772393480583
0.567338547168887
0.2359275457409954
0.9447271451903918
0.4347513640149557
0.42884893522034895
0.41277816146366663
0.03792875172375887
0.4921930817433647
0.013984205477243882
0.2567951785964744
0.3951627483016769
0.8985478277803941
0.7504071161939239
0.763322551282456
0.10821084377793516
0.23998816917359372
0.7443464463950224
0.4057692422031259
0.7711631488588748
0.9480099789265494
0.19120839778760062
0.10254588507437112
0.5540054157064046
0.09684428940444928
0.6659192584964405
0.6675915228732145
0.043892143695574204
0.08376665674037809
0.3347776731027184
0.08436471055683714
0.6190286399405478
0.7123539079875252
0.02219689300273847
0.06133742577256818
0.027311777998338893
0.9575274228791097
0.23856854381136205
0.9764440051167649
0.5303555635467055
0.4812611467826621
0.7295811878268739
0.4986017152594098
0.4432543921657162
0.7891215046811248
0.8426785716451273
0.886333393067551
0.15141329677132575
0.7703456454079327
0.022943775398708343
0.2066867482546338
0.7180010597450455
0.24795320114522912
0.04854742232181358
0.4920589541183416
0.009058725420080293
0.08042613185196112
0.1949992423426406
0.1581993397288266
0.8580225464519753
0.3027800755311564
0.3777941981560347
0.8435767518963129
0.1673968668313135
0.772389762637125
0.46464569092189833
0.19846263967255906
0.0025392201634630296
0.7937201188357484
0.37135015315424624
0.051494548501494486
0.6709962816394677
0.23615370456675927
0.2594286920903483
0.8121491569099619
0.5005559636580711
0.7303942192735144
0.13904309801605064
0.9294677482532125
0.5301576052094898
0.6314649774667158
0.44728515829713155
0.7205412383415959
0.6100284715655583
0.570110036334341
0.7197896627652498
0.9066759285742606
0.4708916966195454
0.5794450411302708
0.30272315196201627
0.7508252023065618
0.16681715838822336
0.9799937374816368
0.16255182501534088
0.7767862433157422
0.9222633386878796
0.4337851645031824
0.24259403483219571
0.6688254905292184
0.8210848839673588
0.8369756997889708
0.4882137039548632
0.09980978452250411
0.9637570577016697
0.010499019339700321
0.6166131641282282
0.916584966559935
0.6887948387412672
0.4695364222369449
0.9425351286401299
0.3232573481295858
0.20532109692654693
0.9051385251904579
0.08778525384249336
0.4461976022406706
0.5159646796842019
0.3951189931122242
0.20033807381301016
0.9390007603701189
0.822745877861341
0.776379458733563
0.3878909908027642
0.091299981853317
0.7033333524049403
0.05711433215343703
0.4310822669403278
0.24224596079065413
0.22103312860305008
0.22488287293627085
0.48319070721459123
0.1676276307883095
0.7890966940196415
0.31532533209374164
0.3859861677259622
0.5090242258970561
0.04841210641884325
0.14633861926642783
0.435501717921551
0.24404257976499527
0.23736819639834378
0.6938163837403781
0.9168496722209907
0.658607643645267
0.5336589262520384
0.6875972978378406
0.4938054407467318
0.275438391233384
0.630021072828526
0.6400543086581691
0.586734672002442
0.7172551967230487
0.3693754259841512
0.18479686537882534
0.20154050954844477
0.53892886154839
0.6095679071122513
0.2992471128167692
0.2826598093701309
0.649695657969259
0.6138837254662783
0.7123900135665444
0.554738158541017
0.06472662182089905
0.1707342479324434
0.5577866709503051
0.9904656149114954
0.37475353294219415
0.33439277975675335
0.1219787823096733
0.4961562253493966
0.5031180112242499
0.14838213320688226
0.35970175126391535
0.14200632740571567
0.03152432376407005
0.9640931320071099
0.6998624869943937
0.2805678390068778
0.6189403450776283
0.9994401643104989
0.5500274567082192
0.19482459359290671
0.8125054051325236
0.5958361552574203
0.822205293891094
0.4963611962440321
0.8549678136492217
0.2264959994005562
0.7489974961815137
0.3544653887578549
0.9300886040869871
0.6850540295612375
0.23672973507832035
0.7786066822679577
0.6556125102549513
0.040707785142459096
0.010965425210663626
0.5995852848735778
0.5328210016635253
0.8845766282172103
0.8498422102340075
0.4987473333232906
0.49234639618724646
0.11169068291813266
0.27196110183242067
0.4200133811771437
0.6378399101902414
0.9840017346162414
0.14809702369556188
0.9660693405436364
0.7822509282923873
0.5020347368685202
0.8397887393700041
0.927920191561094
0.3958884884774946
0.1762746330960997
0.6329049408088909
0.9261083800433174
0.1411002498631354
0.13411028828091376
0.4305726192874563
0.25225066581716343
0.2553181833483192
0.12413343198242177
0.8973926741322118
0.3911483458235161
0.6623843614660853
0.3868173364095709
0.5056568867947986
0.37657763539035133
0.8414841952676769
0.5490764714071067
0.22431948840569915
0.08796854983947977
0.16367851882245526
0.6699349124045902
0.9127655035623708
0.8305318569547494
0.6179402645493557
0.31550779037813953
0.8339571821159013
0.05799576091190323
