# browser_rnd sample v1
ua: Mozilla/4.0 (compatible; MSIE 7.0; Windows NT 5.1; .NET CLR 2.0.50727; .NET4.0C; .NET4.0E)
appName: Microsoft Internet Explorer
appVersion: 4.0 (compatible; MSIE 7.0; Windows NT 5.1; .NET CLR 2.0.50727; .NET4.0C; .NET4.0E)
platform: Win32
vendor: 
oscpu: 
cpuClass: x86
language: en-us
hardwareConcurrency: 
deviceMemory: 
screen: 1024x768x32
date: Fri Jun 12 14:35:07 UTC+0100 2026
epoch: 1781271307327
count: 4096
---
0.22805604320037842
0.9662362905038688
0.0480754025480577
0.1422766811677384
0.8808791866818604
0.6278546323529008
0.7082197182271546
0.5177935397538881
0.030015664328609137
0.4123759970589672
0.5096427288512741
0.9979280617822656
0.7211581080329604
0.8745509740611976
0.8882446421448307
0.41070360360877755
0.024378897424175427
0.4532627645828606
0.2648347215592474
0.3727233099480541
0.19023166547228748
0.16951145967521758
0.3606533524029085
0.8427609832472365
0.15674482278368085
0.45175667659102847
0.9231274417807185
0.9476230330264868
0.6590467430705069
0.9743914064307992
0.44611847504697055
0.1306050550837024
0.053713474122986105
0.23203377782951184
0.8448986705274357
0.6504056160936449
0.1115318104080874
0.9404874937434062
0.2033173309247544
0.46714892229701465
0.45522172053809723
0.2546359511553991
0.6490963786115287
0.5922067846381044
0.02276406717301932
0.22419892559864068
0.13291999829567108
0.04980003522793447
0.9223307536219765
0.8701949165068357
0.3879605145855749
0.7008976862294387
0.31141636315635934
0.7581160530286619
0.6287087717568136
0.31372223591159065
0.48062151137351944
0.968236970678986
0.6114540796114548
0.4302075198810076
0.15164017778439492
0.9191426255621381
0.5234851400397822
0.774045550697682
0.10935428299062111
0.5874744328339265
0.7940601603613246
0.17349706406821785
0.6795409153865444
0.28505806591541566
0.32742071256910276
0.23093004932333583
0.23654868089725395
0.30399020211935473
0.8466007211987399
0.26108938917086516
0.8794016252491421
0.4209258585814369
0.006508131654886562
0.3413898671487461
0.6501403097781571
0.46372161211621715
0.6857337857650616
0.670063840805132
0.18481164479809248
0.8867544652105435
0.398768381584058
0.8117838542068121
0.4853703152457685
0.5756498730061428
0.08378493960434458
0.8254197772542368
0.579856204180029
0.9078168015603401
0.6158707810772481
0.7148788322929018
0.19856413073713036
0.4321013197064007
0.2715697280724801
0.12151606923221342
0.23552327079283308
0.39903484164565994
0.02782162706613428
0.6853919721747355
0.687455601540107
0.772566700983909
0.016862840185601746
0.042692796761041596
0.9664840482894683
0.28483518642541855
0.6783781376114826
0.9979183876325102
0.9682127561178726
0.5574448358294357
0.15117067873055878
0.011981319033670723
0.043403166462117004
0.30588231539430183
0.22884363583964257
0.7811501939136536
0.06932156381849252
0.1681168087735841
0.7674632855235601
0.34680897695451434
0.14593493555238107
0.7540953248884613
0.7779003060680758
0.8722934067090982
0.0524837591487467
0.09975696709576426
0.561522069402894
0.950604593054087
0.49156187648317706
0.8273547261868399
0.1551359222083713
0.06558873179507635
0.32068511267721555
0.9632869921905857
0.03955944367756459
0.619211278063809
0.42543183722815303
0.5453053791634945
0.5359205406159158
0.7588427220301701
0.6235904038344195
0.8628793192187423
0.5647667349360756
0.09101238474739709
0.006349783879678106
0.4176619445827332
0.475289583551703
0.2518753704780626
0.4204212409817433
0.4654160916251454
0.4654465481682987
0.2196773231658316
0.37408075917045535
0.3064228972648192
0.7084895848222208
0.200790441257085
0.5104730622480333
0.3283099358272509
0.6773858346206549
0.8984330816976085
0.9331200187787138
0.17339960614864092
0.3158426847614848
0.981974893734357
0.0914275556378561
0.30209278363452613
0.6431259479203879
0.6147679183968178
0.6380867748420942
0.6544665421055519
0.09958629885805958
0.969733466972325
0.6556167536792107
0.074179083581359
0.4407859609661882
0.7644735401226228
0.9158976948459265
0.6519389444421338
0.27034405091642494
0.9814647912213694
0.38439501503764955
0.17020948344803305
0.36509538383462525
0.1039317311084943
0.009876387870627834
0.3864841447818299
0.790884450934884
0.3942853206089915
0.9507751446393118
0.9793813810314241
0.4332926408813234
0.9695519905486403
0.7809553057606884
0.5999729202413933
0.9748232185995658
0.6870071371695765
0.8904849578620803
0.6201725558252049
0.5385455255174354
0.14326628615630832
0.2511260341549484
0.8506769442069387
0.18792588531361937
0.4113761848608541
0.9516005440626559
0.7128640663296641
0.22354988280693083
0.49298711446766413
0.4242944642705652
0.09221870290025086
0.7496666315405093
0.846476793721249
0.08291231520663533
0.37526877093725
0.2969627420905423
0.7669352616932714
0.1696969358643728
0.9776801360299425
0.38269980239070217
0.8402091981005626
0.9711803742661551
0.008071623586329401
0.7653261758589209
0.17074340746210614
0.20303376403293893
0.5802761946294741
0.8079001588134926
0.5917458308870844
0.2874351587670294
0.6861880387993404
0.8031381629601966
0.6062418944796148
0.45047616949450386
0.47199960045365663
0.33262837810377466
0.37887301943247564
0.05247978611652565
0.22254659278182803
0.733726609429914
0.700832810170038
0.3307030734428816
0.3516430186621031
0.5298777605026683
0.48412415194487723
0.7817503876445417
0.2207023142203447
0.2435829279631237
0.006358774105026499
0.7401239517051508
0.663604961688864
0.35595862952477614
0.823610578698428
0.3196904742844283
0.6826866861693881
0.30281126598666025
0.9963725512117378
0.7764438851929607
0.8988856099496769
0.30437650572555696
0.03245651427002755
0.5237958182666054
0.9885008548092242
0.5143497498237741
0.7407138137819251
0.48572723607256723
0.5196788337584557
0.4435604782116598
0.010744208876822425
0.20848589747650764
0.31365804353018983
0.8646199131402481
0.38629928030862614
0.16811604566523253
0.6989666356320607
0.436097775376607
0.1838756289482168
0.008958353322393641
0.8011816196965469
0.0982606659882932
0.8230324759408654
0.027359505272006257
0.3165223234320084
0.8871311119015712
0.9812568665771131
0.07518254974274901
0.05446489077658134
0.1896028944062566
0.163739383561173
0.1993106890667789
0.902728599994549
0.6195747203713797
0.2872115962152791
0.7561885389124952
0.767399028763244
0.6335411027697932
0.9170362489027845
0.4445468369216908
0.471616831268995
0.7238055886661349
0.8680297200264521
0.6848076963663776
0.5581753150560236
0.5284582819847911
0.9820356634250008
0.040269424737561454
0.43453378664915043
0.47948600146838965
0.029057591042591202
0.9230212901205541
0.3231678849362261
0.6738601512220879
0.8437974156062848
0.6566402319123261
0.035842042737206814
0.49717366490239767
0.005735929459856071
0.07807316082907722
0.6773033835984734
0.1553752803845297
0.5984301337907333
0.2527097813558842
0.0020603628514066496
0.6773757398880853
0.842491780241531
0.5495028930402921
0.29732358993601854
0.13977706591776062
0.6867500436094359
0.27709417914512435
0.3458502099892284
0.8347028955882016
0.7633907130461492
0.317255509303524
0.2343474461197219
0.8526839516712972
0.46540317976204
0.7085568968655922
0.5162547837884898
0.08477977186122815
0.28845551951577713
0.9310242646314588
0.5121385975970595
0.9615941244663079
0.9943571628384813
0.7216514380518886
0.33659666841760804
0.34156799562611734
0.5995576499209096
0.6109823979799496
0.5774847362646862
0.8369109978455529
0.6696688921420716
0.012581435498556503
0.4214404633109626
0.5227580841720887
0.9097877224280306
0.6200604592288447
0.41909510103537384
0.4136155609250045
0.58043432852384
0.070434139479994
0.014026591714015823
0.31088640639658105
0.8402112016999674
0.3179252061613113
0.4214221715078188
0.6262420287571806
0.7188266846617044
0.9289438175741205
0.4355825881736242
0.5678335461804614
0.057915606172127876
0.5568164254296408
0.26981403189471653
0.6398129270050692
0.4221292750254662
0.18394108945826831
0.5879180264105813
0.7503601830042369
0.6792555307045509
0.329397929050037
0.47340348189579256
0.34938993185267525
0.6756691604219815
0.3116446316903493
0.20070937008337314
0.9243368898937212
0.19220155710551007
0.8287789649303768
0.32214023383544543
0.8708966091269382
0.15555798464782272
0.5729513317231248
0.764881127672316
0.2253240345794194
0.9016995441175639
0.33086227434699267
0.3443724776426578
0.9958695039422137
0.14014620892429874
0.03888131498875641
0.34348933694802636
0.8631579269130531
0.15194632838360011
0.559175046050336
0.5813839108489618
0.8327935795557444
0.6690968845971181
0.5223339429279165
0.7015137490775214
0.01819971507516266
0.8294881975986093
0.4423390632455077
0.24529268282017874
0.10767842321770254
0.5789853970182712
0.45131112756954233
0.44596503958041467
0.22690299852856532
0.9010484393109237
0.4243362670504818
0.576718339221847
0.8465314598480966
0.2943313099165452
0.968764153667768
0.11771312189057203
0.1043566118228339
0.9899900397313056
0.737725872490525
0.9686231377029638
0.41238434172967675
0.5029685457338611
0.7942203130239249
0.4264429242633041
0.5014587297437975
0.2453199291458784
0.29996959963305714
0.6727338543255663
0.11952881092848377
0.09466028082829753
0.6323455829783398
0.07014391067442743
0.44437858027516513
0.007141008478767086
0.14302085417293964
0.6549504927029701
0.8976183255657575
0.9918646159323466
0.16359953821581935
0.8305394717579818
0.4539619866467913
0.02245815616005542
0.5363344461494688
0.41614800419832215
0.7282916237182703
0.7515574715477817
0.9021388731558754
0.8858625148577103
0.09273702866197342
0.21524448337253954
0.21345291579835157
0.8447773305634458
0.8269745197960887
0.06701880219329498
0.45612560858757706
0.5323835766794736
0.8371760706553322
0.26467408526165936
0.3623258130760698
0.4176720375571192
0.7925161630541869
0.548488456251705
0.9755964529523426
0.756097523124096
0.6228703084379241
0.4954275897096995
0.2895180780910069
0.3154667354387638
0.19731603446046214
0.4115979206192144
0.8230493733081079
0.34597523801890956
0.6602732502192015
0.833976643225223
0.9184638801546143
0.2690336033054611
0.3405979227524454
0.9524841763206799
0.7519036638389552
0.4901865255149776
0.3686692428842735
0.8347537361316673
0.5319221036651857
0.2033431498383369
0.13748710747648607
0.9384919750738881
0.12798993574738343
0.046700400625554694
0.5260234101873125
0.03011342837496922
0.4187897230535143
0.9951556876137131
0.3665470084681538
0.2933706847357059
0.9792259922930447
0.929669115607345
0.9823690434590414
0.10799141911234372
0.3354293704870043
0.9109494412035226
0.7484315481940873
0.7058720694924523
0.908635098496806
0.30300211528656784
0.5343890684341783
0.671167584732015
0.9416673124844772
0.5414918593526429
0.5783095646451315
0.04065514900207001
0.15586270240621813
0.5225361609979725
0.8088473494000017
0.5820392608279624
0.6216180236542446
0.2994602116451258
0.8847173312111859
0.680404483723993
0.34234802430899336
0.01820793917339253
0.2525265846570698
0.14681106041754593
0.34949176369749513
0.7965176934949827
0.3374956516127661
0.17806804927073733
0.6853066192193487
0.557635316016884
0.5763286103726185
0.6430073586397482
0.5105412825596305
0.6662514216220176
0.377467575143832
0.8481210507424054
0.7156802209903954
0.5825135803800707
0.2511936470255373
0.9442139411128656
0.837303862431214
0.6493784656172676
0.2905132040261727
0.17576173184470994
0.7852101931695616
0.5592328027471278
0.9034946519754472
0.24595474129842032
0.8712951604825818
0.007626182274548365
0.19869762695403226
0.17294576444499665
0.897790682608681
0.5351227604764461
0.7075629584522043
0.1466101826765756
0.6103107965381704
0.5826931361284022
0.19110837239817002
0.060165061025326205
0.6502578344733445
0.34173141192208644
0.12300154703757565
0.5872832485202126
0.2514922725091907
0.06669683934733422
0.06705854613319895
0.9028776292147056
0.3177713472023779
0.13654340310967788
0.5744422156170864
0.4045195305773403
0.19031315661482934
0.3005145459938608
0.41431200557920383
0.08149446359643275
0.36894446156642585
0.2245447572279351
0.9214027219275958
0.49978755453763984
0.6856420186277723
0.666423337525546
0.9949867018938692
0.7238298145758726
0.9458788151134101
0.35103998846657813
0.8159003770201472
0.8796256522192675
0.851038201911132
0.8914458649337112
0.6617924939773451
0.47892114615430214
0.094260304578617
0.907127861242344
0.2954782270935839
0.07036145855958908
0.882436877504379
0.8278077646018638
0.2772597180629832
0.2611249398549184
0.7786722273596958
0.7392422039819388
0.20930005242402738
0.6613106050944848
0.6823793430907822
0.02691329581975682
0.3586147239239133
0.8433945933167144
0.968281989920649
0.5041638308655563
0.32497045123086776
0.9803604458660273
0.290945135038535
0.17324518350751372
0.42095860548923847
0.42864676824269937
0.32805752383993225
0.7609098726663916
0.21373630798488174
0.15584548802601067
0.7835419200733651
0.6945950464476633
0.24140543003207715
0.5781222909318482
0.30066985010364916
0.24090693889351616
0.26172585811977183
0.06862045620738971
0.5457096714448688
0.11503072613035786
0.5168361899979386
0.12564800851003088
0.6142378317761195
0.9878540361192237
0.4048815704216455
0.9482373760837559
0.08509517437546182
0.9670065202552998
0.6379247108551451
0.9567057003640146
0.5010714923188713
0.308681862138597
0.4352431447394057
0.6171329824432277
0.7907531756643864
0.32902292284300133
0.5520917800139818
0.7812144516190824
0.16257017438362553
0.7270143896665353
0.9762368798181837
0.636732498195465
0.29993052398417746
0.305241766965485
0.9380437935262208
0.27893253973558507
0.26543159970064595
0.3805392288348328
0.4746275710630449
0.8593763317820556
0.38248941830164284
0.013463286367371485
0.16455204032537846
0.2463853267466472
0.5043284066365385
0.5536929094372543
0.8067893606731612
0.13997562392498297
0.5031260550814068
0.8978711894278502
0.7561290585550965
0.6242252119376352
0.5162080062507457
0.2870673449424915
0.3469515546673607
0.21130318745813426
0.4715409742432948
0.43295211644815495
0.3382581576689708
0.5339299251480606
0.6813724116559154
0.25494374960810623
0.595075922373504
0.9768257972535885
0.8407172790476107
0.5349955401874302
0.2848323806617368
0.7027455843002665
0.5964939895448091
0.35236023718773124
0.7120215040784688
0.7249844075152581
0.9634630485060359
0.24758060356618855
0.5404592795119076
0.9057804434329915
0.25472353909447864
0.6831193762899256
0.5596532673225495
0.018828219924009015
0.867374136118652
0.5174560252407592
0.34028759565654914
0.30415596718570636
0.21804688180366416
0.8901419122545024
0.09355093928356733
0.26490907932399693
0.3583736176554629
0.12721917581245035
0.8000121552483543
0.8081210946818829
0.3170462817924683
0.01957297903350258
0.2059740763377237
0.21534241473227666
0.012984219618659032
0.10120089123378822
0.5987133131595675
0.8440363250317986
0.6632228465926446
0.3600469029092102
0.36673982862765364
0.9069407963047799
0.9694898011141939
0.15096201069155446
0.22718702824021586
0.15413349112832997
0.009036231682844286
0.9485170966250298
0.6596694793511653
0.7913266799432974
0.6781423288023347
0.9768080229897629
0.5244219671251318
0.5079578055275604
0.7408179291823231
0.6840569855741383
0.06226015327118484
0.059930242538497325
0.020570488436272627
0.49172796144919906
0.47487981222948194
0.45439822762688186
0.03971425906648329
0.24103850559992268
0.06623780023742515
0.4177787789507772
0.4585461826686491
0.2841639574236954
0.4892350557432873
0.4932124416344849
0.9958154364500111
0.22309422208653762
0.9866478221432671
0.809983939978301
0.12226522627314795
0.8860175440209899
0.6412304962428422
0.29495276648910307
0.710626948784984
0.24926938265088483
0.5571395198888861
0.8548328018515718
0.998298425131074
0.6622990493478277
0.5833047160042282
0.848199141937589
0.6730394265299013
0.9137702399617009
0.6591006952465006
0.9873893631535664
0.6273693240530356
0.38882632360405583
0.11364779661502228
0.6630055380062192
0.9439533044669506
0.8107146925014445
0.28229848361593684
0.5675123889242647
0.9721148880167488
0.8343789791578851
0.6173414876394614
0.4094659432491735
0.9347145578062992
0.0652917474347341
0.06468295745735264
0.45619617177157046
0.36498527895650034
0.9137144959604908
0.8542400822078724
0.62030629018596
0.8145176724189815
0.06273579751967112
0.009009378948930335
0.8141401409233279
0.6964391007187056
0.22785239005857666
0.8162483372202076
0.3364084695859406
0.8319321743153678
0.3165222572039933
0.22393573478863693
0.1264538182619112
0.2535903227478727
0.05803268952965385
0.6266525094952738
0.8241727286817908
0.08570894849129762
0.6671904120066532
0.7872514652154757
0.7074032795188037
0.8694630129735406
0.12975491932395222
0.7041609610394904
0.7436247130034703
0.5300225865771889
0.2532001790636677
0.07889391958648911
0.18910530302096556
0.29301036240869166
0.7133040442286807
0.6643104382943792
0.3961733612328587
0.24930600458807567
0.9452286739170275
0.18140854371719361
0.7480755988596976
0.9400540238967905
0.8771693292946829
0.6808943183491398
0.9309259761005701
0.2878336260892395
0.18531302438048053
0.19550926054119205
0.07353725244502535
0.43530011713278815
0.9607625855676605
0.2800691095167344
0.6384666099445848
0.5692093534489379
0.42224560595775295
0.5683951498794819
0.331395630029988
0.6055882241437558
0.5828420100584566
0.7897953986770011
0.7110041289304024
0.6909155144594743
0.5846279571077949
0.7824797137865601
0.6277861744657929
0.8345294330565575
0.7520477562437358
0.9172695141587666
0.09779614298113281
0.6290791597350164
0.2829897015695174
0.0021890605065514323
0.7261010370237031
0.938689892173963
0.8959556787248446
0.17700224185079905
0.33475507973554963
0.6386118720903735
0.682378546050804
0.5264850588131733
0.021401081578039216
0.9754759582636451
0.875055272852187
0.14220059881796082
0.4771425709560715
0.8838793627263042
0.23682784813232377
0.14476999320714873
0.026119329920742395
0.6428772632457198
0.2980583013716719
0.7421092740585942
0.5142585451886958
0.5850570713049183
0.7271077817127399
0.7438287009643646
0.8709622168638154
0.1812239955248217
0.7049441773293449
0.07796763264608009
0.8950311988221398
0.7153281155212585
0.2931664793618379
0.7634645985738078
0.5749147648782831
0.9371145078108261
0.4341483605974693
0.48023879230776634
0.04341399720434408
0.5340797513752736
0.40266735399681236
0.3484858058012833
0.08825613260766574
0.9996696557076269
0.2403002060619081
0.779766881025751
0.9924962169650124
0.49125454446394656
0.947028915918304
0.294697644532789
0.36249152407002655
0.5692700049911179
0.978916241437302
0.015518772371170774
0.5162329316078904
0.28801270034514087
0.9063731795880034
0.1365576498530327
0.9511069911176829
0.9689322187235243
0.9244553537280864
0.05156654499222191
0.3877010446537153
0.12886160155602727
0.27478908421783365
0.9741495307004495
0.8950531420456751
0.45848083290575025
0.538141985236422
0.8259668921870467
0.642787335727476
0.4504088764030752
0.18731712313536725
0.8871321691254335
0.8968641287305987
0.26167174299076134
0.7519636952005049
0.20419384346571318
0.9782149264305274
0.6618953116020805
0.44006134149987597
0.0333199651079783
0.037318182235926756
0.46642351682740784
0.08524922894252046
0.6597808042402926
0.6628144033373912
0.6826637215436677
0.8448350798728961
0.7795508357535706
0.538545812220394
0.7083129718417077
0.16023346178557984
0.25482849533939083
0.5909457777150791
0.3117201868455775
0.10974664929473826
0.4624979858337242
0.32749213752595807
0.7974910463433191
0.4330153856959359
0.6430346904527194
0.35697757518412543
0.7145437488901425
0.1871311849856641
0.6270817845670307
0.40363931799558816
0.6991754511929948
0.20631540532697717
0.06790234437793241
0.4797293504031627
0.5623009320300722
0.280234957455417
0.8401381003004056
0.26489564057907005
0.5278761279934577
0.2404381673006541
0.5787820511535091
0.15578375235816516
0.60862131799669
0.9500583769639576
0.42699908898498673
0.8955572409529523
0.46550990690723204
0.5288473197879937
0.9374052945647486
0.17057455082219264
0.7390903616545162
0.013763876984834222
0.72864287378804
0.07024888332766038
0.7635606398583208
0.05475819898165113
0.9375646797011039
0.8461567532920506
0.7786157583180215
0.17605513240616666
0.7270684060332644
0.9777500069106118
0.23944086321984548
0.59515494010499
0.11059739571037796
0.15456506278021537
0.5918236225549556
0.5849335261744811
0.1365515387542091
0.4186122344556507
0.9272114706355063
0.8886380579794159
0.03932804999923373
0.37566707026405005
0.2616406285045962
0.7532384877544382
0.3084388153947398
0.08047469665395806
0.792815513406913
0.7335089612668418
0.7531273587188275
0.9284172049279556
0.38121857652628793
0.537377672989048
0.5471350310183007
0.6449832448621737
0.6739824191048378
0.8324974193319763
0.9267427332021838
0.2544178844292542
0.7443573089639075
0.11465334423779916
0.6849409083724265
0.7302200884621126
0.8549588836721866
0.45053841231370206
0.8555571168069571
0.8826940485109301
0.9695825702267875
0.15059119977407281
0.013397173412956931
0.9225497691603288
0.9362225674892528
0.2020045435377184
0.429932272017683
0.05458726114699919
0.8430348047532481
0.5976779181870084
0.9187911304905418
0.40178797499429625
0.909335152417563
0.5338002101664258
0.5812927940300681
0.5376757768851764
0.41532530551804586
0.8169136481427395
0.8194821894419514
0.9135993932008121
0.5970906406984338
0.7207239533620957
0.9226071587048379
0.5076266634403547
0.13751582213388908
0.9635855863155901
0.2527023889094228
0.09303067630500905
0.8691153595902881
0.43950500132007974
0.5559218538709871
0.6268863128736311
0.5713780523841969
0.8286691681420808
0.20848837185585312
0.3930851266422249
0.29307588417168745
0.2379204376239708
0.26960515146039876
0.699115645751939
0.45908907780848074
0.5772628316691111
0.05840088367609736
0.12224487937317962
0.13165117455606412
0.46539922807159994
0.597956468870839
0.5282761282814776
0.18751911129816934
0.07546268915936227
0.6766881110364422
0.3448473270404523
0.845425002109371
0.48151921432352407
0.4658377913576187
0.8612729105352845
0.9322678520175442
0.7470835472877357
0.6015491963381262
0.6482216290566416
0.5118551360052761
0.20880348261153253
0.3909832267855069
0.5430614181096919
0.01660546915561162
0.1516322194363895
0.33415404104600876
0.030491836830655872
0.8204754131378913
0.34622236859573063
0.4666431757170586
0.2631234780873042
0.27047481157208774
0.724939567196897
0.12307569180006739
0.41295270516522425
0.5544869354839583
0.8098070781993427
0.5972190205308787
0.5222194196746543
0.42471074190874763
0.3738575610390908
0.831791597639468
0.5309244784882054
0.7188947526277655
0.21678162881933943
0.7095450139863707
0.6983222192163081
0.8256330916464749
0.8664274060996311
0.7369100210810175
0.20699309135452554
0.7253461059026582
0.4796188634993231
0.9124732001479752
0.3406400666236361
0.0051693852737105805
0.20892519813850757
0.3547776715896165
0.26054165082351743
0.29382666264293267
0.8264272461880658
0.8274179102497068
0.0706335458546049
0.891663587902773
0.45119127110051316
0.644125063974647
0.5574798450394602
0.9813708728793266
0.8140743136047148
0.56251598306267
0.7189337729551927
0.6965271176320011
0.6116494293837065
0.18240561437056063
0.9540772834558313
0.49794273913615944
0.1504532645913511
0.05305888354262134
0.5770674645066538
0.7618884999247737
0.6634223864393847
0.16348494280798903
0.13880708893081334
0.21964328440023617
0.392298864222429
0.7408531263652914
0.8928956338918166
0.904397625906586
0.7729497257401625
0.3143364285612528
0.6261060339819242
0.5594008338309228
0.8349589088584965
0.8151651371483396
0.9886717205865747
0.04034121909394256
0.23251442634390806
0.07839943139923921
0.40595735888808454
0.10530057782073337
0.1605274927436569
0.48790682013191305
0.6306257344057566
0.12722547618153934
0.7780844367281932
0.6632562808048772
0.003202679410991005
0.6867094909976432
0.6607463558617839
0.025718117853586686
0.528980394998178
0.7069823113128492
0.23387535029888146
0.8002845021695346
0.9504890957470797
0.7783528475357591
0.10108053502450115
0.5116028278643651
0.09730577028896703
0.585955322197486
0.6750406252693161
0.31394018458718226
0.9287578024485263
0.9024987687187197
0.5423746239829701
0.5587738018340391
0.8501185170985446
0.43682188142343014
0.5498953985884436
0.8483291939479363
0.07918050836495544
0.9394068605832355
0.6864957863053988
0.44936396718122384
0.06763191843725508
0.3576073707446521
0.4530802732843977
0.3487219981200828
0.24044973165101613
0.5061972173996551
0.5623698528893495
0.4206592183452726
0.6065631671570294
0.672948121879699
0.49107134124342733
0.14566873713968215
0.11532955828826785
0.8142962250712873
0.6188167931370803
0.07150966626416871
0.9859039377221722
0.5127589959201053
0.4314425860974048
0.7393705994947888
0.620372679572085
0.6656151161091136
0.5405916867720288
0.11157520749391347
0.1265606399012999
0.9534621164554182
0.07728701392147419
0.6319638207737089
0.9227103230890554
0.4976177810441331
0.3540375039511282
0.9260619499622837
0.37377053397826404
0.7569327667447946
0.5582027197450114
0.8053724514460094
0.9178211794829352
0.6374339630226178
0.6387560255420277
0.6786054903200924
0.6811999559977643
0.9923189399649281
0.47925010719229627
0.6923862882767967
0.1521854962250876
0.1751741504567173
0.9117030063289422
0.9249575612563723
0.08563096302864537
0.07589057894129653
0.11928662944354873
0.7386201869234925
0.4447307945900483
0.11660229075040068
0.5001139614449785
0.9601319580589406
0.851142591081229
0.0140749310625512
0.12008513844757151
0.9030108857200169
0.7109752134140824
0.7253227331054297
0.4696666899705297
0.3716663857213449
0.9116929276282556
0.8848341181149747
0.3576422292031024
0.6945077183850878
0.7437749768155659
0.214637594207868
0.4242869867761048
0.5216561545040976
0.49100846331197856
0.8425412834068942
0.9370827517217928
0.5926134313412219
0.9545820527849937
0.19923072010653292
0.24400353361460514
0.9302161082061697
0.02868663793963383
0.18151151650281216
0.5025667620059204
0.9494313529959877
0.32911830983364226
0.566834628073698
0.07725845406902371
0.7830270967595532
0.7914181831855676
0.2433438322554684
0.30360520758832965
0.7208751343973858
0.10137242859849288
0.6800365384295184
0.15407967609748463
0.03562309800608909
0.7982352031792773
0.20323036347739937
0.7091904736813872
0.6246973346919407
0.8998258793177347
0.06837989129635807
0.2365212850330845
0.8370753263464021
0.9386915171665524
0.02038917432536924
0.11114819351586458
0.5729931564790518
0.36981404698580994
0.020917454539200575
0.7727782901772231
0.24572960820878453
0.41288123895058326
0.08777682021162797
0.4081164824441474
0.4768354964567722
0.5259289752898009
0.7393723917812913
0.07138189471162964
0.4596531496863215
0.8722021284760952
0.36623692347962766
0.5115588093988799
0.7706975307708881
0.3383697552567705
0.9620634526305463
0.061881621287256106
0.03444713647758463
0.8897697237909881
0.03824108809853943
0.5652169223264727
0.2543193022109765
0.30714700363682085
0.21875062047826171
0.45842044634517775
0.811081190896348
0.6393886062093144
0.9663782922290411
0.8194098437461971
0.09967419711448122
0.028047557534320033
0.1265573613792108
0.39260932905528634
0.5264061298109417
0.9119871161091727
0.49174909309058934
0.35158536423016584
0.12069201381577354
0.004265662674000137
0.3871258429022728
0.8321072469497228
0.3290011712132801
0.8484216225948957
0.35742092081838655
0.07453026229646997
0.653394372665494
0.20760694200185703
0.3951612552848092
0.3513130906092209
0.6730118581895331
0.01755670543530541
0.7921004790905826
0.7236454065645794
0.6440992029847572
0.14317137357878246
0.6185215777029022
0.07057554065518112
0.3126349560258975
0.7185274754419959
0.03917993527056263
0.7646920468963745
0.7933501501117715
0.42142144153227923
0.16000902257350624
0.830327387439064
0.36990659494672773
0.6360902464130915
0.8663126757009921
0.41341561800997706
0.8532274404650704
0.09154193861863918
0.16101933306256583
0.9165503310002456
0.6984498285368043
0.2279678332352154
0.840675253015116
0.20845312759646323
0.4256963122765207
0.23999738672054938
0.9572053045508907
0.903976628551667
0.01583800327958046
0.4730957824013765
0.4050714761906267
0.8289306349658483
0.8596492705215271
0.608193497953152
0.14631066425364814
0.43343374254841893
0.5272300086803479
0.859675671701766
0.04003516217818043
0.09815673206494207
0.09429847113998801
0.23314896680377933
0.9783306089647485
0.989738442280272
0.012933814582030633
0.7419418039716225
0.04708762276445483
0.36481861857514663
0.5465744371960678
0.3650836471746483
0.7281553325623696
0.9965463444052283
0.602554450824227
0.44454755458773964
0.7383061335556367
0.7030868282191112
0.3901873934438865
0.16582957239180163
0.9608526309053473
0.794563304386913
0.7083827278197895
0.7434775672126128
0.06735978284148841
0.62303483663116
0.8240073809690001
0.9419709279289339
0.8497459269325517
0.31952492364965296
0.8406808941777549
0.6023920910054117
0.9871688391924624
0.23277994692182496
0.1774195911096753
0.9166193045242277
0.9574439786836177
0.5463503124678696
0.2775215709251094
0.2933097171287096
0.06934378595556434
0.043751560356818486
0.9503109126897673
0.7937304494722577
0.13997851247031306
0.01587642928298899
0.8118361025768443
0.28053468483557964
0.17056056010749404
0.8604931724014233
0.1353441801959785
0.6188687655379931
0.48420595823523454
0.010579296651976544
0.04832869068382223
0.49673517515346743
0.18102796854212177
0.4464042499794096
0.4201762100635657
0.6903258311543087
0.438629667162857
0.1956881798274122
0.9729124389320352
0.8900785575584857
0.14020365906334697
0.9068284084285524
0.11727596741694979
0.5244991354706802
0.5477987401508531
0.7920991511077932
0.7673236642469051
0.37133021254750925
0.2549149283594895
0.9808939061661179
0.9189990361109739
0.1294373726949924
0.4504397689756087
0.5974942712443014
0.09157063650382324
0.5398218843258395
0.6050404573829102
0.683512923975166
0.8255747828480369
0.09045846321910117
0.05147776404617915
0.42207241243666155
0.3068731199250251
0.8171958549669858
0.5719094613019751
0.9889457251561335
0.8436622131282054
0.22174652303549902
0.028102455096605916
0.7552983751621289
0.36174880053290525
0.8678313822753585
0.2745742587673848
0.49733607777286936
0.30313110724791636
0.7878341985301753
0.0800362945901969
0.730076088676946
0.31390298391573956
0.43485942821281165
0.5491127290335303
0.2756240091605529
0.8897243335215343
0.5488764428726988
0.5841603688121422
0.7007525958630802
0.7105777482587545
0.9706720120864101
0.2561166877539302
0.31424238195808696
0.7412579008643448
0.13362202070345364
0.5636543787860017
0.0013587053918392433
0.3000168288630954
0.6908325022057118
0.9515226984201844
0.29100328360129895
0.20501474104350553
0.49398905948292565
0.1318071977389535
0.7004927548321447
0.7967024898861461
0.9302929529642356
0.2059412422300793
0.5835807297154127
0.10398868960327767
0.44515085597187326
0.820653910206308
0.41925372157764046
0.6730205738440778
0.9308249239879798
0.10764084903595761
0.721995699420158
0.6096347414527372
0.545038155624443
0.4545959102806907
0.5286298085707411
0.2000100553905937
0.43856982497572833
0.7343431233348585
0.722509932205462
0.06878193463828991
0.8171641990447396
0.4791600423274988
0.29274899874282584
0.2098533457921018
0.740615226599304
0.6289851152146392
0.9943346645785762
0.3823650761249281
0.0706788091682663
0.9050532461880312
0.7743975151588791
0.30276349952463865
0.019503229517274956
0.5646052719660964
0.7605604939967103
0.7836315923280406
0.821557653131261
0.2776687907747364
0.5692127217639769
0.47092469234735523
0.15457725363917768
0.13350905147156172
0.18471476807815446
0.11347965488977785
0.068833090325086
0.33220047239830286
0.6849564874015963
0.36214217815724536
0.34907344027660436
0.9458707124767594
0.6443526083748685
0.940584002277522
0.4297727219722464
0.244520925060969
0.1322754399677284
0.6558579337924411
0.21186295853769882
0.4729272846253052
0.8430878959189993
0.12396550711563003
0.38791196058893484
0.6379804004293272
0.04335429355825565
0.2741883071221759
0.17275138997495915
0.8199211029774756
0.702470443310308
0.6656609433556102
0.6578468725064206
0.7562821162922244
0.384868403527381
0.40063986641487065
0.36024156852456684
0.9639471892893958
0.22511562467761065
0.95114901437177
0.9206934665298591
0.4625906243492915
0.5816419893596019
0.5291597327948274
0.3206659342631425
0.2418615555751834
0.7704926473030225
0.7251890253069823
0.4341198271931604
0.9750292477069304
0.6174181318442415
0.016176649658342534
0.20759492330646906
0.12340687241567766
0.4347778591766906
0.4007283836901859
0.2708571502044948
0.49872301285025933
0.429146794465225
0.8582889777274674
0.32042731454034145
0.5547116781191297
0.4761791309844789
0.5485352334191726
0.18959611206868587
0.16454312274255256
0.6611972474413059
0.6682559627444833
0.12106910393685755
0.4073193141524534
0.9771377626756499
0.6652123577015019
0.39217470971216483
0.9347094964035163
0.09590101394426892
0.07194849056235197
0.10760691282798623
0.8179029305864751
0.18481406859700378
0.5672487938828354
0.6709638568104166
0.3854072986833559
0.3268315939957351
0.998915434490341
0.1738822959987612
0.45382281775429733
0.22126286409781037
0.008765195172697248
0.7003569732264285
0.5265740265621679
0.49122732026338433
0.5892222008055636
0.33387320556638633
0.9896821657223467
0.10470517523006029
0.37060931141643494
0.4762698430842009
0.06901318372503307
0.12796349322380213
0.6892172680905373
0.93978884612244
0.3300377201147664
0.27330242797598164
0.5184578735178356
0.15755699651228183
0.7989908601478932
0.4774801238357341
0.15888333748337652
0.7727840616204662
0.3634214172642729
0.05283921883522147
0.17758102641846635
0.8132508048997098
0.9704714980390364
0.7900714125645029
0.4634291614469105
0.6351997092782668
0.28282929214149377
0.7597211578969276
0.42192559151290265
0.8295295782269385
0.875149045387276
0.45894335623130683
0.27177838129598913
0.3232351349001501
0.7578340065315158
0.3806938005474526
0.12517350084629797
0.9803209772487055
0.00042981943984116144
0.04444569720983166
0.034611496968625255
0.10895898509632357
0.4934770040623089
0.02068906580665858
0.4714314716319132
0.41544684655219765
0.43552318822880587
0.5058843493988636
0.7646174147642335
0.11056469804739355
0.9610968667964628
0.5602053548839296
0.8732084012707998
0.07021587439973098
0.43579650050249335
0.20732074273604356
0.4916106853587427
0.1797768375106441
0.3362498613644502
0.213627577957066
0.8943365178836415
0.2503702338080704
0.30555041315887626
0.5137641200986129
0.11517065057713555
0.1853145707378644
0.9288790519104666
0.929893425699747
0.025492643602370246
0.39629239843206204
0.009370804393539988
0.04416326933448417
0.6274589129817052
0.8213185481336549
0.6408881652694494
0.8269119855273168
0.40997585522600893
0.2803786341567008
0.17221368615484062
0.8976037428959374
0.9288711791185191
0.3196473698399813
0.23627656701987137
0.10114118437290315
0.8673976796962319
0.14148505821679075
0.3783792333383095
0.41911692488469665
0.7091799389091556
0.6949499455046821
0.45899144069865605
0.10373003502904243
0.8129411872281906
0.5103528449794183
0.9295312501806776
0.3215071283658485
0.11682401340374915
0.4014199957496322
0.28365351019635776
0.5246321864932728
0.9198451530797062
0.7299185782418148
0.471918224813186
0.22960309393522554
0.18900135515131516
0.5301389382663338
0.8343126174110805
0.8760968559357073
0.6227695502115417
0.42441621369582666
0.1529524079185533
0.9633399271113974
0.2652213904484217
0.9259133735270255
0.7563892530354122
0.7169434378360817
0.8096987040093373
0.421176677488605
0.2173029509672672
0.12607799082321364
0.856972941270179
0.852513461467852
0.07695845313768212
0.30902610260157787
0.30003822603359803
0.8790315757066032
0.2026595139005406
0.8145647570364264
0.696164295541388
0.0852184302092211
0.8385321258842091
0.6472945721794989
0.9565620914959316
0.6272270965918458
0.14532251557133818
0.51694601085576
0.9349913406172394
0.5595755044445971
0.04149625459145945
0.05485730674500078
0.5288660258567007
0.9687544275806589
0.45577625427159096
0.5152326532898233
0.7198902578508864
0.9552783567271168
0.680359142037619
0.7844534501654394
0.5759835242640909
0.4520029366118862
0.37440129144913164
0.35862927622310364
0.6122309352611553
0.8440715443739226
0.908966825572826
0.3177395857823127
0.06582068785621342
0.3646423615636861
0.16748210615034048
0.22413079676063408
0.5784073391326845
0.28058703149230785
0.6198421520578226
0.30379788490564613
0.4990662267232736
0.9536402013865795
0.4736665511277762
0.2307934697758912
0.5219810648916907
0.9650190986600852
0.9728035862909168
0.32827146486851233
0.6552326831662653
0.6253207129793239
0.4610330995223297
0.024086413090614877
0.5805344533759759
0.356543832896531
0.6580200594137917
0.9545336768722739
0.3084853777861239
0.6293715546383859
0.7049223571798204
0.19672993804007582
0.6598893773583743
0.36638962339089886
0.9286580911435329
0.7282970845908858
0.5109151283145067
0.9807045211057768
0.9466888704897668
0.36242703219402694
0.9283479242547696
0.5094645985798203
0.6882774736949594
0.08706887984187916
0.2909110984338141
0.6230764296724767
0.14352969363038037
0.9488940150406746
0.24361150828426647
0.6434476274809743
0.1681316879106971
0.3658585372705552
0.864290001586262
0.08837664334040523
0.46954582333860917
0.02659691829487182
0.7350342170548418
0.674248817149054
0.9795294549470771
0.34054430906868876
0.7058378642827185
0.1554872495219709
0.1781927974512188
0.7395995632090941
0.013867026424899509
0.8567459913256694
0.5764134412963954
0.0003045442134978482
0.07892065959279076
0.2626222573455764
0.48627670317147725
0.15492977851498374
0.7341489754614063
0.569703190182633
0.41331262852703554
0.49052031031359544
0.8708200637556488
0.6770520667394013
0.8896518503292372
0.5968698766603437
0.47690151438722794
0.6937776427026567
0.3338243543461209
0.4175553509764553
0.8314505162079142
0.6761194717790026
0.5707763369625323
0.7825777313865281
0.18028235948221505
0.9715213074762591
0.9747824804868415
0.9568198009047542
0.5631138843968717
0.24345331363531125
0.8082818183678344
0.3254446897951103
0.5883550492042031
0.9782833403266549
0.22126777225621957
0.45552382947186193
0.8589480366099116
0.03428628030185599
0.548713613814832
0.42259648686013257
0.4411305019668659
0.5829196627725224
0.9976168968166863
0.4715274822469402
0.23772538204459326
0.6137828306020497
0.5505975701062932
0.7929435557223002
0.3785367959176178
0.027215874256420747
0.9295861064107785
0.43969293219811484
0.7726579309446859
0.2222837210289199
0.7609897379477792
0.182186823490327
0.7809733631190862
0.0029298870397188592
0.6628260396793643
0.40714543612121473
0.5618648110919993
0.5713732209515359
0.8346652765824827
0.00118538961108694
0.019105986115411977
0.35536034415258444
0.8728237631620579
0.5288492788030569
0.4381586779953584
0.4246753345530319
0.9561027506893707
0.9140922696660354
0.8355587259569649
0.29234723282750763
0.2514683557450733
0.2649048179275472
0.7658072642656313
0.9672853422771881
0.37442004501010606
0.44266435206110505
0.8311590467301522
0.2276108320360019
0.005396310882079536
0.4709730724210591
0.42192618886848915
0.21774276780691848
0.3114182581433119
0.9031530820183765
0.27839247055687255
0.6373353059741214
0.6512729066164036
0.8232339113660042
0.3101594691841922
0.9864521466815663
0.1528897450922963
0.24218184524808434
0.7347229424286187
0.5589032050510153
0.1431659337141452
0.269284260102026
0.004303800686726977
0.13445776590628972
0.08334648746557926
0.5880164576758396
0.17843513825694057
0.610687048390418
0.617167928211257
0.4463824067207634
0.36953293913816964
0.13647870223166242
0.57432522541195
0.5836349384945981
0.6396549662857898
0.6618042978280699
0.2884231608484148
0.2584448814529678
0.2588784922544705
0.20211032473148582
0.386425444507719
0.8180029393886397
0.5492046703361004
0.5307419905472247
0.28571568988421314
0.05320188412050286
0.6326232582981481
0.45909853347757956
0.9952365734467978
0.9219608768139291
0.27794852798309666
0.3417572248512382
0.45877472603522184
0.09091775822904374
0.6982633850264758
0.9525930899293529
0.6013105043777209
0.14512919606147906
0.5892855260596497
0.41795974013836384
0.44345347819769676
0.246082602358002
0.9186957211439379
0.4642861059459584
0.13433585506817913
0.4802379443732437
0.9774453679393336
0.839982983018134
0.5199378218317379
0.13348134978543136
0.9862864213459916
0.405342080566443
0.9116701182687912
0.6512868992979416
0.114243855991087
0.04914968084232646
0.0491409772891398
0.10004652248843931
0.11047716592703921
0.2870256967520178
0.8613859274668769
0.5319425301391727
0.8769539775820951
0.12403836301866761
0.5224405213392771
0.7739009196763432
0.21658533543642178
0.5229335697954773
0.4699878190952487
0.8105779828038735
0.6799490919233789
0.6093569966665937
0.50991382604201
0.11199654757993538
0.903454065496373
0.5667363570322765
0.864955567649882
0.9683624664863147
0.0827742071332902
0.026030009345159477
0.04222843821175887
0.1377559128183536
0.2576089134212235
0.6393372603708105
0.6922704998585131
0.8868060872093633
0.8973017708904291
0.44140489894002593
0.2113433781377369
0.8101220791991792
0.8715768792125735
0.5493533126499552
0.6990808904310568
0.6511666221422103
0.2666282210962143
0.728484804022457
0.025177732968742927
0.71542360654797
0.664024449239786
0.3608257363864469
0.18166287161092687
0.3661242536392584
0.43836748522533464
0.3930931118326747
0.8014028549783435
0.5234607602469773
0.34937063242322713
0.9120654343693172
0.7088329106293739
0.05013070104001244
0.20499764870727838
0.09787650327753733
0.6355142383703332
0.3992190169469982
0.6545314225363195
0.43954011300551254
0.7809682463037334
0.9248388697575063
0.23391720080929812
0.2620525977765647
0.7283395673795234
0.8116164749242407
0.6304517942795722
0.810709064346302
0.33479147671743936
0.6660193402111114
0.7598669405282656
0.3658085265657599
0.6081389087449139
0.43069099710576464
0.6560815512586579
0.11971198476401873
0.2540755439363724
0.43236990181293416
0.3623738354777759
0.8382565563150599
0.5324535450355848
0.05463367660892693
0.9824513384106637
0.6498180685502914
0.2964254008316575
0.738624435937199
0.8008731211689206
0.6578531624493781
0.6048595448409455
0.7580746800611007
0.9145049246690418
0.45654156441550103
0.0962925351829641
0.48936734190595166
0.13016494484696134
0.04418767030378118
0.3917823390629689
0.703027831302389
0.9783441242907407
0.07533012629287905
0.15437875906700282
0.7399597540411253
0.5688616065890346
0.8700468448763137
0.07452869361998099
0.303900091320442
0.6715425408671369
0.10773213525111208
0.9735853083201114
0.000983889102626978
0.8434818620126002
0.6726615510343007
0.4216920609522811
0.6879722411407418
0.6441844540134776
0.6899492903912544
0.7516636265520122
0.152611679030227
0.9808484175308638
0.3930418239594495
0.11708787572780715
0.6427570464560446
0.408284991780258
0.09768071631233066
0.2907240982917602
0.285303942627234
0.7714449074162381
0.2223065275669363
0.228374728709348
0.4916410356297009
0.9232479423088582
0.9911647844385913
0.033758878500256884
0.03324640384064098
0.3763885618391721
0.18391398911257067
0.851517980456225
0.5892163002417032
0.6550174260059587
0.05432498147448023
0.3883351985143469
0.216928776748109
0.8006749333745096
0.33069960518400093
0.21625179725072147
0.3777084460868913
0.9565796141209966
0.03192602600556782
0.7476153142833253
0.8612731690271234
0.20535071605405858
0.6856270047304378
0.7876960032841157
0.19590695850784395
0.8674708304851801
0.4186464435769278
0.8688593018742288
0.9057180128408162
0.28127114739211733
0.30515868609576413
0.14928400343879067
0.28200432231343353
0.6799482409227756
0.3039739689052763
0.5195671008000258
0.17266387549862783
0.15709809079257086
0.09415265783015314
0.7021579434585663
0.6617500521321531
0.8694794112138306
0.12682987007235047
0.5514159244654025
0.4106873029469469
0.5641950913239182
0.2511911008279007
0.4661874177230825
0.8633259026706781
0.23720694184433538
0.3438286117846205
0.8121493302508433
0.4789289404144839
0.23107564755716753
0.4732474809837565
0.5177680143529582
0.6503485153096099
0.3620444045436345
0.265078948821521
0.5555742063654407
0.9890623179608062
0.7300609738265047
0.29859828265236215
0.8495557731682664
0.21440582638621686
0.7100600011866371
0.5614328257791026
0.25982193446152063
0.9712493478124017
0.24880346208006332
0.21688559466269436
0.6872940809203398
0.5185332812545736
0.9988039651696695
0.19708824501180588
0.014029906910425382
0.38048893241057324
0.009332151208312933
0.42523682720554045
0.5488889861871871
0.7330363918144626
0.6642360327052637
0.7914523857470004
0.8835997881176969
0.5097649498476566
0.3072763943909402
0.3593478397746789
0.5808893577696992
0.955065655522404
0.5279094400036888
0.6641713188142158
0.9141886354470687
0.6263996766144466
0.3939239764703881
0.3784356653475328
0.9575280291664074
0.6533501239817302
0.01206726342174802
0.06723229076461251
0.6845891387463495
0.3980191341274539
0.6737700097286685
0.23296712961242222
0.37748031943635945
0.5294960153793908
0.5003078304928417
0.35804520866997363
0.5686553659907975
0.9245364375853257
0.940212759492773
0.1940695839557956
0.9434959575438763
0.7372564614260165
0.6914751269522348
0.11740926584915079
0.11643013620132786
0.4425595479413783
0.6220527093188476
0.973530054741856
0.9600609234293367
0.6511786675829307
0.044430514164308876
0.46627107531563533
0.21463020971276703
0.018629457112800562
0.2634511028621335
0.8132889642680278
0.43424522172388074
0.6260348417282489
0.6613621551776043
0.08518061999792709
0.9366458081049769
0.7976952854445708
0.7100041790505809
0.373334759456291
0.31489302312108136
0.43844298750652716
0.20728817696707774
0.6903511220307614
0.24221038192587085
0.6232324593843888
0.7235894159002341
0.29690571914783115
0.7553112675545746
0.3520839435911347
0.7134100378698991
0.9702292556528649
0.9368971496950158
0.09541011683582934
0.9986400033155868
0.5819050413677396
0.9346131008647607
0.9979208135325849
0.3619721091477599
0.23648177248168844
0.5515984716031641
0.3837141726416281
0.8025037074761019
0.1374356192629544
0.22287230243350142
0.5108271785978689
0.6002839955613726
0.29330498232724017
0.05214446591241029
0.3604321357849535
0.7125426041971261
0.15436070766301652
0.7252451238987004
0.614030107888869
0.18156160016484107
0.2789631173372716
0.5392169351976053
0.8714060250788985
0.172629609173105
0.16879668407586262
0.4902154170309194
0.5927745183323758
0.9802433352710032
0.4834620636141351
0.34871504396133745
0.2104595755148827
0.8416983905247468
0.9474442066510682
0.9171198247864958
0.34861484295043365
0.6794376896863923
0.39626453652433924
0.2127288557413074
0.11390605596316777
0.9570026399868159
0.5736639915492135
0.14810882048705626
0.9757404817724415
0.6781583418253709
0.48795300875247477
0.39127703340666087
0.8415428643191443
0.1847411577730409
0.3632034712715948
0.4797000971937003
0.5507411241828939
0.8160031666378245
0.4797466796620866
0.9349649634990124
0.16053917981039956
0.6807047982353377
0.4884806122683039
0.07908049828239139
0.0772183611868345
0.7629333371358389
0.10477863482768063
0.48871954498478864
0.298622983844546
0.333601764881443
0.44033103789490235
0.540312689540315
0.7766495981558122
0.17180874551917136
0.6150396072350208
0.29675684739526786
0.18297359127707896
0.41371728324170614
0.7061248728714546
0.06560294632896563
0.16691080947099096
0.9413360452677753
0.5378943660793261
0.3189390091061066
0.5312260370068558
0.09956401721455793
0.29315940688536945
0.3067861331991436
0.6198641046480083
0.18708555037705943
0.43607722288961803
0.6186764801498906
0.6109935007566594
0.6051795442287542
0.976233863106657
0.152184283031234
0.3394165691291415
0.7682331850707237
0.6750727516893447
0.43253188718124496
0.7343140814188233
0.8807268711470142
0.3983126486538212
0.9939949387676275
0.9514565393171779
0.46768385055201267
0.4517879558765008
0.5816819714400372
0.8034280851969324
0.10905460054708427
0.4031831157339644
0.26136554187607474
0.14707349563977767
0.17323232389713222
0.588422302633627
0.13539345637440486
0.47429220970409086
0.47087275538187817
0.2290142738252604
0.2543100715890283
0.07046802751665942
0.6574180221240582
0.84544165265994
0.48666956026475333
0.7542366876659325
0.9012005326533098
0.44172262691169245
0.5636242674865353
0.3929578342262676
0.8037299216291263
0.7575625246624285
0.25022297698284107
0.10017186552112489
0.8097423331028839
0.7370513414449248
0.6119555835883825
0.26448630867651135
0.3768177611336656
0.246652793178683
0.6429318874901968
0.33375026194108775
0.987848266773147
0.9902691090330098
0.10118426985299278
0.5840397165050069
0.6843657997066141
0.5154552107395207
0.2569350822550169
0.9398904586271006
0.1747153361567409
0.18239481639854055
0.40127159141302965
0.2803793647765106
0.7282855523033107
0.976039893922365
0.38552247034443404
0.5650690956492264
0.005485634622903912
0.0818544275841454
0.16573174908327687
0.5444949552422006
0.6928835620448568
0.21689201901712113
0.31197735711981883
0.7817871485965809
0.31389775811287035
0.8104761723214824
0.7088834406902322
0.20518534133984811
0.867660426787275
0.262541168604021
0.22152647944465303
0.43561676352866885
0.012147644859433148
0.6727304045634364
0.9300375783302071
0.6891730366364401
0.3523976048661442
0.6296382283131803
0.6465542958166365
0.14123495738247232
0.020615246013089172
0.8771202884256132
0.8197771718858888
0.25715863801294064
0.14218787856452275
0.9333864874068898
0.6052376954222085
0.7438503219892742
0.9701130146873207
0.028629731416186355
0.8334858752817057
0.4572214107099112
0.4400661007726769
0.04823280892676857
0.843757329227213
0.8124291026858383
0.6493127615917562
0.5211345247598057
0.66728120208266
0.9869723661717449
0.29489612201387727
0.07672551187093235
0.8422418351353076
0.48112677849805346
0.4200069280956992
0.20868326343152638
0.22150882868587351
0.40586598667597523
0.9121704152713617
0.6304447380110466
0.49460129071300485
0.20533154840928108
0.07286051569167151
0.9845540764869819
0.7869542264028
0.38907693886128464
0.23537853793459712
0.1769121432548032
0.6224059978748841
0.24872576500983423
0.8463101138569433
0.14699348325973027
0.738927731482254
0.4643479264153844
0.645600646551425
0.4563855185256264
0.7329669889072153
0.9677718504249868
0.5812660678423096
0.6805436332547042
0.27437947691143416
0.42321500540993933
0.8769824160457689
0.2224451912410194
0.6817744141028879
0.21002855327871955
0.23427411290208533
0.8318642266822434
0.9772003285727051
0.8480166205771277
0.495747508306973
0.8102779874499995
0.14945009980304846
0.39270425667924213
0.22179279589135337
0.6089551983729959
0.24686511175757336
0.4460925481792676
0.5404039306345818
0.28656529651193874
0.09337048554711524
0.07785318480762998
0.3182427984028878
0.08268668926087486
0.8755743711984598
0.13257901494197316
0.17080042521933608
0.18488137973041918
0.5841162924565058
0.11062100575406625
0.08048453079856282
0.6195422130857127
0.3090509096415112
0.05320632398859143
0.4236893232764538
0.08050811092183757
0.6869050160697471
0.6369459873821226
0.021380159736442805
0.4244816430856385
0.3761474040004076
0.9885050747071595
0.4224518597256517
0.5085725995314654
0.2981626292819205
0.5671219319193785
0.005096434823073259
0.0228299151549492
0.5224212286304088
0.830827460224536
0.6386424155615857
0.9794136942868952
0.09739069663952465
0.3016292509457778
0.5868043615081694
0.5600979493029194
0.832832885345435
0.07558958413262234
0.05300789615071522
0.095083806825706
0.024485147807970675
0.7856402760928627
0.26943222368696273
0.0486419503849333
0.37872417344271425
0.5181413956253298
0.31363832144278636
0.02089222837592286
0.9426629002869213
0.20860517830115405
0.9001279919515323
0.9400672807422882
0.6742324434784388
0.5976701511635938
0.2389051455320355
0.8158961889362998
0.39715276172991254
0.9153247511363021
0.67908750547238
0.6522832557118576
0.2772970643336722
0.07954396829947885
0.26284337038043703
0.3762459177166767
0.6298066417559869
0.34491612181218023
0.5034046087379003
0.9301150807189966
0.8204144882921405
0.01750146545835196
0.6706337587965477
0.9952900027142135
0.25978742537868
0.06407793971948111
0.6185995007478428
0.16837912072739303
0.006298084647346547
0.18709386332036376
0.7218414089226607
0.7943471554488509
0.2904898396886056
0.2110609980745679
0.8004815561195124
0.07632784369382966
0.3535989961754767
0.43178583589814884
0.009066857488077617
0.5280508836247653
0.352850416320528
0.9167507826077854
0.5400028943292596
0.31237060272452627
0.7278442672226367
0.6131212075552103
0.6496661938733412
0.5181729728502032
0.34520284781355614
0.5192680183899845
0.9537589304709723
0.967976587405156
0.9427485685234032
0.10635994424938483
0.15819606539588282
0.7198324180182027
0.8798350676380569
0.6384935038254964
0.3927920533689602
0.02966610527591762
0.9670556296634829
0.032992509168820905
0.09724018624708852
0.17399569430471545
0.19640416200811472
0.42692362701056774
0.9723549140213967
0.1979965723525281
0.522065775083985
0.6715379006597046
0.8542733757775593
0.35017490035322013
0.45236555873713624
0.5632625964404614
0.4952893696288671
0.6924492581805197
0.10500568571596891
0.7380317443616812
0.1422194517132161
0.1332298535921443
0.5505724634196851
0.8051577402860408
0.4916773240403197
0.9211233096100282
0.7233967188128358
0.47761042589937075
0.0713592461428948
0.4581804132091559
0.9142021185823062
0.16748421542213754
0.3474199680816786
0.14414301309677907
0.8755780533555505
0.7585977962334068
0.8902449245737602
0.8469353975759943
0.8691648449105533
0.04258515632826504
0.7444013141474124
0.5096847861888436
0.5625408110590362
0.6105004620964305
0.7432769541262809
0.35084412205345105
0.5441523321615619
0.8288737503302985
0.8848925993008363
0.0915299958406165
0.3662294687835025
0.8973180930346298
0.04259987508806018
0.6529770841576554
0.44848129905686246
0.8842032879301351
0.22285351459337566
0.8070499414766823
0.8794668651159507
0.06757488786541782
0.30197318837065395
0.3340417959402398
0.1378888221267131
0.8704116337137628
0.6747868013209559
0.34452916377695697
0.022658912034652867
0.17247847188435555
0.5302736136715096
0.5558401601783822
0.628435531031744
0.8054461181559769
0.5328022203565218
0.4787334282816445
0.03243541500468383
0.5936125278193973
0.532284885598832
0.6661736323711689
0.46867307836660976
0.3894754336479135
0.5525462899905271
0.40362860811732853
0.15738309379085258
0.1715693387333061
0.7144314580455133
0.4791023006426631
0.6302318840310572
0.42139438977931875
0.9386539735070443
0.9611565951506125
0.3460272557648868
0.6769284825423816
0.24311231014696216
0.23446432298851016
0.6269856329536205
0.3721281819822374
0.20037863369623698
0.8949747209156571
0.46221812831153785
0.8149880686938962
0.6532909968662617
0.49056176828478615
0.522948641737349
0.431142069546232
0.10005636475033042
0.5080646936874508
0.8130783058357527
0.20565456668057547
0.2549984541911695
0.45391930422121224
0.739062405374719
0.5925629718254974
0.1670611640301437
0.3531175069701289
0.024667463261900002
0.0298976430115509
0.935404504545999
0.5000218195556341
0.8190275252828087
0.5973190611872048
0.499906998269964
0.8346003891021118
0.5505205940868125
0.2841761345492183
0.20411458357876877
0.888937345620793
0.5643373335311789
0.7977037460374394
0.8291531261249903
0.8514122231703465
0.3482160701639535
0.8342415338532354
0.5793477047071751
0.9297314278102231
0.19866941823883088
0.26077014855110086
0.06376885456370451
0.8590335032101317
0.509129650895308
0.7097250809134793
0.6626521118032586
0.09757933060075213
0.4717912644298428
0.6769624220133558
0.7936140872841095
0.9800772372563583
0.8765309066463731
0.33091484808906934
0.49981470718083343
0.857482163508505
0.8631363904127023
0.8903901949382338
0.47069176442509286
0.042146978706645966
0.9371780313239442
0.6091290653721775
0.07562065683678021
0.19849332271176023
0.29520706358777515
0.11715219257402565
0.24182859273005114
0.671908154418337
0.5215675871631651
0.11209174869347543
0.040119248934396834
0.13236139161691135
0.016959964572057617
0.16811560980842788
0.6554402213133886
0.8242791354954397
0.09799514548767218
0.7357171279823916
0.014052441007521898
0.6604958392215287
0.5673309990296507
0.2425571184450267
0.7150371019995403
0.3756481037034858
0.6955833180605259
0.573709030831284
0.07110217559891663
0.9631616707266454
0.9790555627671692
0.10907207168819599
0.0021274017266810774
0.6600221259407757
0.7414332880760777
0.9263813496729616
0.24461285138284422
0.8148094102304566
0.6329403812514284
0.7401579564460672
0.8411730830501916
0.07701447852811027
0.3470561007171811
0.6401060873220807
0.15644513006817146
0.4794464619221362
0.4227433296914572
0.7168784439470963
0.7292554569081073
0.1505767417789015
0.8292400272188611
0.21879495605294275
0.1156172984938682
0.5899563823448619
0.14081741817211796
0.9700142345662083
0.5031064913216841
0.6673816805347243
0.5005101766811701
0.3988210213389306
0.2843905413018736
0.7652720244650778
0.24467509838693052
0.674106998927271
0.9661620498081467
0.773763300743046
0.014336680748218588
0.12878651071243513
0.7594542877198491
0.9693089855342463
0.4146293484035726
0.36080259255142716
0.9482933841569476
0.1601202728508373
0.8002476738248837
0.14554302182547352
0.6658678649042091
0.8655655914263094
0.5626676063279776
0.5678998870962287
0.020873111225957252
0.7116889593539001
0.37400320395837505
0.5878704923137223
0.6114148113657536
0.6712955774909204
0.2027148342118575
0.59051135447691
0.33983185312258734
0.25459236021019526
0.5579865988046775
0.3392210351590086
0.09902599724661565
0.2651598215402469
0.34244207736750615
0.15074180279409882
0.3393619157125963
0.27607117247881213
0.8969692020149225
0.0409340356805904
0.744927893794979
0.5522632629323715
0.30677657319200113
0.052291351930525365
0.2489241512939624
0.7478031922111871
0.8044050156375775
0.9673286399273063
0.4001720754763437
0.34048343414960863
0.15326990504982146
0.136389006762839
0.6562143244992178
0.4312174300448561
0.2244112793555057
0.2040799598204075
0.5232024721564366
0.23199662335076487
0.5894801696343215
0.10546303133508916
0.5887451458900839
0.29370900088828533
0.8445914439226891
0.8212851955996663
0.40111636166228925
0.2839081576255946
0.5525246943352718
0.030954440961786345
0.836700348187153
0.9146612299275809
0.14485657334495583
0.9826260046478691
0.06727548977142061
0.44189281425460896
0.8609592842087791
0.6116797373760066
0.48971692862026517
0.01018112102529728
0.817401607092474
0.1820332315646065
0.01292354262893236
0.0007518832301019462
0.599140501549181
0.4991492672203872
0.9102519062652921
0.4554543577959558
0.3429926100206116
0.04926039934498666
0.040466213356135206
0.5957928473633587
0.14422697628568154
0.2562473476229306
0.6161897588311702
0.4336263745839727
0.7587213332535035
0.4157720951606361
0.8560701362792884
0.4789381473545552
0.9959763135332584
0.7656805205290116
0.7953468840376059
0.590115336077771
0.9023833142897651
0.5823535798180967
0.24923686721213306
0.08346914343663547
0.8194933767284775
0.1546000609050539
0.4245292239702604
0.3212636708191965
0.6686357539030155
0.9798478400736614
0.9570082614519011
0.1313116925409028
0.36108683678000475
0.5518050818588192
0.2157993938285499
0.5762341426283313
0.06209138692077987
0.6644262601428557
0.5604594465489283
0.7867693222104497
0.14738953097116036
0.24393248472635492
0.8626095912886074
0.8010568407072161
0.08250473719133583
0.3387993662768936
0.011135581322073873
0.6106105207920012
0.12789949596727368
0.04703989227957861
0.30845633359860824
0.9037332549817975
0.7272068061840098
0.8407736382050936
0.6350888254227811
0.3184162555174582
0.6710975129631177
0.9599879881931859
0.010713555674038866
0.36930379136858104
0.6459445967083595
0.29056082268913086
0.7121715283807568
0.5970939735101011
0.5742976381676997
0.4160283748478308
0.42230013493655854
0.9037848450965314
0.2332816888358109
0.3382459553296548
0.9782421183134611
0.48346437241538736
0.9973868435090403
0.6990032645748472
0.16383808186610305
0.2358818351994741
0.19371601991473736
0.20282024647438262
0.6479397774634769
0.05882719196601255
0.4806101103710561
0.34056320210113355
0.6089578159124572
0.9553842624301863
0.8646713353569984
0.4441852571603202
0.8056842394596346
0.46341220514774783
0.45655711987163205
0.5648091593765048
0.8554065682955594
0.5171492942942695
0.8325182646465401
0.6595344427081256
0.2625569556534404
0.4846217981114672
0.9165069458239308
0.09676517446510113
0.3046162903625717
0.7895798090698307
0.6267815451274288
0.5455184191207518
0.22671979778861906
0.2229711871127148
0.1412868156589297
0.9010877601991571
0.3223872990207841
0.776503436038676
0.5276895454623063
0.01760014538838478
0.38502765983932446
0.5896327920093871
0.6568013864294289
0.6674184666182688
0.7033438479245817
0.39135867653194867
0.7722221903608344
0.3280063582253578
0.2434911449012752
0.6394906916643012
0.8243885154918402
0.1087856999578814
0.9118180310241866
0.41259445302610853
0.6938138147234377
0.37368138901112574
0.8242455993885311
0.9936117441131562
0.7261581480746455
0.3894621039790409
0.3218179799116949
0.9991892193209575
0.5808669929205565
0.635649658482789
0.06668274375010619
0.8550393452734371
0.25547020819757926
0.24868378894235493
0.9287369739136693
0.3951959753103205
0.28923365156059205
0.4411931838422119
0.5304011358820975
0.3718162265155395
0.5727079326111962
0.6366376134353684
0.2554593833876122
0.7022194199599226
0.8938196791048207
0.4902502187365859
0.24763176487830218
0.3511425666201811
0.3365029402775225
0.9291227931804296
0.42551991988525966
0.8487315301237177
0.9144694338147141
0.8374413645007704
0.8227949554156485
0.5785754794419611
0.3705681231588735
0.03729303085638003
0.625972273827504
0.13513164607630756
0.9012861659495579
0.7711293513513586
0.12684492139560238
0.2461763800458387
0.6762947290666322
0.9788855416439826
0.4326236245297541
0.9834575488330923
0.4145448190297405
0.28091877949202726
0.18405808580794347
0.2435123092628491
0.9512698601728128
0.7273430604950016
0.7202908983315785
0.7706536064105013
0.6843532447100563
0.05500202999598741
0.0989215911197493
0.31541744748563055
0.023870627551041745
0.4052352468130446
0.13073549436272652
0.8743023511633632
0.48521838921065285
0.19875764660096862
0.12077807617778618
0.3404212962561454
0.8640912263279769
0.13838556882078706
0.32093230527059735
0.30972562123112296
0.010673318211900706
0.11600737965609964
0.19388311785011508
0.23374937476126878
0.080759145734762
0.13711009447756078
0.46432952519854875
0.5873616096035095
0.7831216493366887
0.2443382045319893
0.5905314767250447
0.22880320408655963
0.065296812167151
0.8209742749472204
0.7277554187921094
0.6693240842225228
0.884055493819712
0.5858954796563405
0.4749084519609842
0.5410252661564059
0.1921848609174489
0.053474061798588435
0.6966283684338417
0.15404988793805763
0.03980315983757854
0.2250536272669144
0.4953225851881647
0.6680556766832457
0.7362833980168366
0.8030476711811023
0.971126287802247
0.06794119407557653
0.3479629016385275
0.2743703865601792
0.7524759701270083
0.8300865011979259
0.4171672951143264
0.7968240120577092
0.4059718418900337
0.8929085258503131
0.6796789855720365
0.9402311378114605
0.7414283966482434
0.30432011448248225
0.7306320166666552
0.9835143040791794
0.716489632357661
0.7087209818588055
0.042916249123692074
0.6495893434196368
0.11491158221425351
0.6574378044235941
0.4775260335412336
0.8718529878635568
0.42359153131244614
0.5790697839156589
0.4418894352314713
0.42920942191297273
0.36564979765785627
0.12998489022283893
0.1500661770201357
0.060994166417569884
0.36034660923649914
0.5602514963340804
0.017803645626873032
0.9788183579141632
0.7753430545563221
0.676578552256708
0.08579214004415075
0.5292698630029433
0.21279169486745525
0.9613771335009225
0.5060619458825957
0.12957224861718286
0.2279691052774745
0.4158447515559267
0.5493163865526242
0.49771641241552866
0.817638897271266
0.7350133223055538
0.29509664844942546
0.6292439668394352
0.7350606427478091
0.4939902983613015
0.1520257316374622
0.9347750958915546
0.1895364520112774
0.1271619486148416
0.6219802728364183
0.445538383345662
0.7706137237767661
0.6159165110555707
0.2698908496417386
0.01857334778478059
0.5005389124537601
0.9654843090672409
0.6899726086342033
0.02894119812194973
0.7632839035699305
0.7477805808078353
0.36953988723960113
0.12319284911982547
0.4844431635981205
0.21467629796111465
0.7431599736677458
0.22650773016403552
0.34352614624348754
0.7449109528448887
0.4027525466613332
0.1453305791204218
0.9886463726042141
0.6779005424768612
0.38334317866007616
0.7879979054480537
0.1933348313346463
0.9089829626205995
0.6795307676714961
0.23775930745593093
0.6461821187117012
0.9731821016896474
0.6643300634506155
0.6557636995156688
0.5962401558136451
0.728361004270052
0.8799024144422005
0.2659935349749361
0.8905910812194787
0.16367361653529616
0.7487892092818589
0.47979523336354285
0.03521713610805388
0.3055133764873459
0.1146139878960124
0.5545672874381506
0.7862823978349667
0.6706964777573501
0.16282094179249878
0.049331879651919985
0.43616334945750534
0.225406206148336
0.19486890004570412
0.7393300792185542
0.3970419789290251
0.34846406663592183
0.9334017412177216
0.5824444400865365
0.9046019134075005
0.8687825910919228
0.5212672601248396
0.7921670156220285
0.6653441023478281
0.8493933561295848
0.14385862519488374
0.0649949186267022
0.05326576452932785
0.42423329905124235
0.25210369786053405
0.5345495929402759
0.025122399228827863
0.6589111619242004
0.6925293636302707
0.08037985824150218
0.26821945577796635
0.10296510081842885
0.6611792519134716
0.20632325057096845
0.2206566709561305
0.4286613198440653
0.28976515435508126
0.8214636727347107
0.5111749247304944
0.3101732348217826
0.845283725901943
0.906138044327106
0.05423158437248621
0.487018874228309
0.9784317345103366
0.22610818350423295
0.5056573217317155
0.7769240849243062
0.19150470767305155
0.9699285809522065
0.035223629503858656
0.6558177511683099
0.7130652993438309
0.42770456551395896
0.4046770707927468
0.9064543041268306
0.26451941954455643
0.6038495568862767
0.153272532200097
0.7521980570884161
0.7828394604038495
0.9621140203772647
0.2875647328317335
0.8387927900849512
0.02402584477495523
0.33807305247505786
0.24819344261774312
0.4044791673666442
0.11349948442761198
0.42242330259894706
0.08362455725508122
0.9876115700343486
0.5324691974024365
0.11785403270090922
0.699285976464495
0.060965032324992785
0.7334200858873598
0.5029215845128929
0.7702631610832071
0.053212019660169085
0.563219998171077
0.0982699560333789
0.4066966571740697
0.3205878392090153
0.9389429809644336
0.6237046630276879
0.9432496351264274
0.7655525368349718
0.7693602222909797
0.4590411548193701
0.28749066084234176
0.9642962600459015
0.9441504796395497
0.5773128186288208
0.10676312525949982
0.8612239718263392
0.32323344274930643
0.8058378999868209
0.7590893860164675
0.3160946586940006
0.050231372098393234
0.888808735806333
0.28088438574082325
0.04827908763556177
0.18691545354535693
0.97448057878852
0.9327299327070971
0.812639326785553
0.6195953451625482
0.8307015457621178
0.7741873339983638
0.9628222440350689
0.4237615685128366
0.30443919265790953
0.4896028897808053
0.9102982299089821
0.3898921961207474
0.28412327763114
0.2190869957948896
0.3712656348453787
0.21118679325511197
0.698038391561948
0.46232447412464694
0.7085802256990967
0.9130920535934347
0.8876640733687129
0.21760003038206616
0.1221581863375582
0.4648352185935014
0.03177436740688666
0.39439952132280903
0.9188402687091624
0.15478291378381487
0.16527232960352472
0.195174146324899
0.6014935692365446
0.2342946952186552
0.7361497819038381
0.6003313377096517
0.057166768624165365
0.538841720374833
0.5746259465199071
0.31024255662788175
0.6954033986837116
0.2805133502866225
0.6104330477246986
0.49903488001149615
0.9903571808302598
0.9726351287871981
0.6673811413669699
0.5171598173719498
0.5141419367982847
0.49507384546217414
0.18874807502537078
0.24320927616674426
0.21388839450578123
0.6379064922569855
0.8027048986246793
0.13017523947178955
0.38126856963637995
0.0714819036233682
0.22390100705781152
0.1173262168666212
0.4907879115671446
0.5825049534029031
0.10549730953353403
0.486100184234992
0.8419343098573329
0.5886252011703117
0.10534984460630647
0.4268902053290946
0.730312132040557
0.39811316011530484
0.6107102120193344
0.5533254435084715
0.6941784963132525
0.4165589259093974
0.2777235164971093
0.8516270868148426
0.23533810799660426
0.5191297464820661
0.7851681639275738
0.5848449145107987
0.29714204245430853
0.10477424274229152
0.9762964263020053
0.4852570428382104
0.6973748245736094
0.9278628926924386
0.8682982015771372
0.16294195267509592
0.6601034084909754
0.6631059336033371
0.8458249095503598
0.03450827414164187
0.5681004410073399
0.3011910636558056
0.7231744202731292
0.23319454927120692
0.06624361567812764
0.8954354352481997
0.2591516278449194
0.9000277175740077
0.686331613522895
0.8838474004639395
0.13928392192077288
0.975455556944306
0.235046488838082
0.19634555251328756
0.40198441987760336
0.11184492780906091
0.2893312175223517
0.6234838085543262
0.7784200359950396
0.6094643148296274
0.27724037470696605
0.47088303712116414
0.4402556320152646
0.3420454653191497
0.787360691506839
0.3526711608238037
0.20510930312860037
0.48274587775402555
0.9461876973101506
0.0875854027837406
0.33646825846184985
0.46730999977151444
0.9303832642872629
0.05299170052827584
0.6929784069695282
0.038454026095404714
0.9396284079613224
0.02492805864504588
0.13143524521777655
0.4039753547783009
0.2458242916476448
0.4863800435912927
0.7484673088780541
0.5108144806028565
0.25568380657493295
0.6213482025958816
0.7578179488415384
0.18827385590451728
0.8762950124440667
0.7288689433883573
0.5432947375861944
0.44582435346222015
0.8570267509084063
0.5890015453262855
0.7018703389276467
0.524407055128166
0.19618589442383316
0.3918960946951707
0.6970825081816778
0.3948642412834553
0.14712471179739006
0.20140819861469183
0.07979489432772474
0.2731102346349704
0.8360358834731336
0.5663281957460288
0.1015446623525092
0.37887924088899
0.01246178413269139
0.8151440408635844
0.9451165845884775
0.6033639009776688
0.993583752654847
0.774358608420517
0.7276478409236613
0.970784902423953
0.4346459663558588
0.13573369594014273
0.8934812256347717
0.7799083930855231
0.16040788337122241
0.464434727471299
0.6071491525684253
0.0937546726136455
0.9263079337060516
0.8879013899029028
0.28128434412651554
0.8092181318036908
0.6430605967819838
0.8343714472399202
0.42991762562565394
0.8830449134696761
0.29469758446754496
0.8003360414650624
0.624536865594608
0.41659146681004316
0.5076034609448483
0.017806877751612326
0.4484456819940719
0.20901365811463357
0.48688456582406175
0.06512669803854953
0.9943739284227089
0.0770125107533371
0.8264496284790715
0.9191565980531846
0.6309568131671468
0.7089896025339433
0.5204690920968901
0.6820246843853528
0.47561288173506955
0.07244122565942001
0.35641964139488063
0.23222272161956803
0.2545156030817589
0.4256473719902036
0.7537091986430436
0.347688594346687
0.004767026302204824
0.79818798381131
0.026916783966439095
0.4276139834619983
0.3795465348891958
0.3995454230729058
0.9989708298721021
0.8000685560064262
0.15392102613948727
0.7910288569739605
0.867128379313014
0.7441330753346345
0.8971677449481612
0.8134827132510913
0.23340687858095327
0.7780857480224748
0.6768744493276063
0.20171782264193871
0.25115917389592085
0.46928755415659584
0.09074586685038943
0.5363306069352695
0.9107714893833998
0.00676374276883146
0.8839596078738405
0.6845522417636657
0.5900031422659846
0.044080576123245674
0.9030784081753284
0.1639959748275046
0.1282758887201743
0.8679676055932419
0.1619400098567665
0.9266478301480594
0.8492598599943812
0.7772375618315788
0.3506098065097722
0.9051720188959311
0.15239193874232365
0.6669073072067455
0.20539554524457676
0.28957928801742316
0.5215018106492095
0.2040252274327634
0.7760874025379403
0.90953284308254
0.05750968127879902
0.6545614045870404
0.7760008192124705
0.28604294774816346
0.9321988008276936
0.37481914301605223
0.881063592221883
0.8860282014976586
0.48135521446753415
0.2161774617302989
0.05610272082167439
0.8641976228896286
0.008105763424685275
0.608576025994402
0.729650489009968
0.10893456714454536
0.7510750006227828
0.8860053928760646
0.9130036595120099
0.7223399626233
0.88702015667498
0.49636713558698314
0.16493318300468407
0.15931877783887832
0.8838929143903872
0.09841989779134769
0.6403565237429523
0.12657048357675515
0.9978152726777305
0.19012892028956751
0.3294480360609347
0.9995705253011387
0.21624636445703688
0.8355883840800984
0.9930777458063227
0.9541065943305048
0.48965568156691963
0.2617871689439719
0.23113206621844484
0.22865999996602254
0.6653076376777063
0.5818404678730789
0.5821847096847842
0.9348988776643838
0.13930105425566536
0.6679110147379342
0.5461498790659061
0.6157768271017225
0.8767967057550734
0.24489546649076343
0.9459636661871539
0.3142067633423689
0.11540454894012247
0.6050529123614395
0.10000421061635384
0.2600066254096618
0.762991863127235
0.9541040079619016
0.8638745002681232
0.40879000176882757
0.22871219428055944
0.2909309711784834
0.7183364685108858
0.9737013870274602
0.18484430581236194
0.895860033154633
0.7295985706427503
0.7793720973921036
0.5470692793567342
0.9566097087609378
0.3888234069107312
0.737199998929842
0.7821029788884146
0.5963395053925913
0.04963585111931945
0.9920319147480554
0.5041402168427562
0.5848357231275043
0.9255762958177476
0.3225550785732323
0.20535596254404537
0.31172201018063183
0.38385764218970425
0.1911797762069376
0.8807479900813981
0.17968432940797052
0.5774487462603887
0.43392240280056154
0.2538945567407464
0.43605145932978206
0.29442107857553834
0.9567743798002408
0.2877394754144012
0.6026734469342042
0.271659488755282
0.9622692332371825
0.6733064201040443
0.08689235405223705
0.1194517795004294
0.1684365022883007
0.02928291063621924
0.2605010991277789
0.43413637451488046
0.20205766445751777
0.6167039193585109
0.2789375046663283
0.6379006997484542
0.8491161026926446
0.4755037301472304
0.1795626668993448
0.5779877366238437
0.1275593763844386
0.02349403374852055
0.3457238589226734
0.9419816065102675
0.2109688026297596
0.32336506375089374
0.2524041573467971
0.10150754829267583
0.0764579656297677
0.4195959521330712
0.5196123030638191
0.0835954524186101
0.37609810162521695
0.3746990488903627
0.6912677812042607
0.9871204222790182
0.4383951366550682
0.8930127109218913
0.830188069002137
0.3111476190144222
0.49481958314161034
0.7102953315001315
0.9738860598507495
0.34267287740925434
0.1961169758898837
0.24866311857456652
0.7312376378053156
0.9631646922008283
0.2341033465646638
0.38895289409235256
0.8166807069017443
0.9764770094230809
0.4168765487084015
0.596380080136621
0.11645862758788422
0.3351166507939438
0.8588508948039333
0.05040158997869432
0.9605225685224844
0.44751285423796216
0.04174918023744262
0.8759817947769953
0.6340588353948888
0.08585093228738189
0.37866272392832967
0.050999466368020496
0.8042088190574415
0.28219569634012126
0.5705164699069456
0.07332189137208061
0.4604006864828635
0.0000446033914098809
0.48275296742746604
0.011112273867212141
0.1708137221918028
0.29911460667369416
0.48977548639752616
0.13122480746268927
0.9428473611670559
0.17308070830815242
0.23566713662809213
0.9030813606094151
0.7420691505141449
0.23314830999779884
0.5419293009296967
0.8092127187729903
0.771966752057214
0.9347553911075288
0.7564594849452612
0.058686113843742393
0.9459311625202494
0.10036491567759476
0.18271505595487797
0.9959302016832093
0.593249704390115
0.07822160812029272
0.35398594436523506
0.7250074042557462
0.3324888411031161
0.9951114144386992
0.8249259842378186
0.2281728650646072
0.2184985842477269
0.2105761272956987
0.8409691432133228
0.04759805056636712
0.7233716888438346
0.2606995160292298
0.7159834077524902
0.42042632385834116
0.8470425044346029
0.29149564161603564
0.9994916063405583
0.609866748502805
0.6698118027748201
0.2250937712970314
0.5470152021615899
0.058821553366336154
0.9569355322001715
0.6763286078338739
0.42057341953970634
0.9075815599201136
0.004517075501299872
0.9430085648022293
0.1410967600270085
0.363413127020933
0.7762939440839105
0.23004881271291044
0.190490604610822
0.3873992832323865
0.5225116788801719
0.6358199028462154
0.8183108677408792
0.17268635052440667
0.49492901225655306
0.32847699864148544
0.1464905800191128
0.9283270579773633
0.0761001255708934
0.770698452652046
0.28528263735798614
0.5541997019928648
0.6264313392065373
0.8131769270539777
0.6745606071133294
0.8950221782213291
0.6191110342723594
0.9703700444247149
0.14684582263746887
0.3952687958865867
0.1808632288701394
0.21643179802192614
0.2719060103546556
0.14183670977200452
0.9855770094444322
0.19490979027776456
0.3874967089033757
0.4775980605691832
0.5582150626257281
0.8227077061985997
0.3467938368310389
0.5965128151257819
0.43800676505336894
0.8869762515468248
0.42029182780090746
0.7897664031569951
0.322782231580514
0.38301002540183176
0.9784187099793157
0.302435362490557
0.27040579510639045
0.02189169299254501
0.5508458541959668
0.08147321168859178
0.26861862709784684
0.5485391226220684
0.6094467700327825
0.04834782339334659
0.0012018285480565604
0.2539748367870578
0.9540857612062108
0.9134507633848206
0.43622310315769003
0.34005169979708927
0.89389411711515
0.9644378228723957
0.9412313079537578
0.60053230007276
0.5114175868859316
0.7069494598097858
0.9906150801363911
0.219333914545899
0.1729960257528506
0.7136985367527702
0.1719431631205992
0.3549149464483253
0.10596211579567155
0.5467020210331412
0.12095552105915314
0.5791925372250581
0.30172308223102684
0.15747230373042892
0.21897613761743984
0.17004550280879826
0.22351556448328558
0.7412729441200783
0.37186964735170963
0.7183704929403338
0.7986005396422009
0.6240825089280289
0.9562658686138457
0.5038235042566203
0.9568917044925183
0.39469950333571324
0.06662747985828765
0.6177929005906181
0.541487209691018
0.15946018487855484
0.5258380115773329
0.8678140414450157
0.7613014858487771
0.4933304223016113
0.7323385982293938
0.08454997620344817
0.48196997376251693
0.3886714350288011
0.3084436585874356
0.5706263544441397
0.5584266207151988
0.2617686631292162
0.6873172752270229
0.08002299087017006
0.10103036270247884
0.8672519953336355
0.23019331577893964
0.8973886916120601
0.03684317154224148
0.7918243547345041
0.20077433807263134
0.29855954250666155
0.5786393138943426
0.051255221572298726
0.9403455731788176
0.9167256004955544
0.24645150282106098
0.19838428673217684
0.884991812802636
0.3131043578246897
0.899936424696075
0.2649196428690238
0.6454069373401756
0.35664383454950615
0.8345688903583521
0.8061041662023605
0.23013685649368348
0.8541919917732358
0.37064988160200113
0.2948624174780045
0.6346988520043262
0.24073332209665343
0.5213409273907881
0.12082984393599444
0.44187104449832304
0.03870751790028382
0.264413395368853
0.489704916996673
0.7825482989632015
0.2260892062278313
0.6621280102808666
0.5896538303864566
0.9919112977611966
0.6148215955208568
0.5746364071527197
0.4940367340891226
0.5622581719912861
0.8343614132403295
0.99452321820094
0.40351324460367743
0.5416987669508316
0.5395059959659263
0.09358361649938535
0.9956242094984757
0.3570137079858635
0.017337888699669568
0.9176577838655617
0.8462356393128656
0.14933184299315322
0.4550361414360424
0.29132046503847436
0.11476997087041851
0.10288111975598246
0.7484677463808746
0.9014503542349266
0.9439386852266163
0.919919599565925
0.8808864742386985
0.7171803324259607
0.3147294934850252
0.5490549045887421
0.5817306442631807
0.8734564654922445
0.41869025088478145
0.5095118632172706
0.18742532541727796
0.896410156616555
0.9620910971879981
0.670509790494078
0.36925856950432695
0.6809742188762814
0.20033487973732655
0.14276224274451926
0.6678152607380795
0.9446504473520734
0.9160255796082504
0.018213857586582282
0.5791163726454066
0.9760626822547407
0.0003930405770687373
0.054480272518328654
0.27452527129475323
0.3729059914400785
0.7753116503585085
0.04205880023083103
0.9046471398401585
0.12112905244849548
0.7019394622366148
0.5152289902124617
0.8368610213899343
0.8056635949632166
0.6620436084497311
0.6716638636834611
0.10678888119542107
0.9627409802577662
0.5693665747538181
0.8511241744046866
0.8259193905682461
0.5848130306083826
0.6709272897802783
0.6902094543860829
0.2807685830384358
0.5713202012336684
0.5319396473168437
0.1179914693769154
0.9833736677467788
0.4820274048709744
0.36307073810650153
0.6864568496088529
0.9885799643619821
0.2943737363104879
0.045049462653935446
