# browser_rnd sample v1
ua: Mozilla/4.0 (compatible; MSIE 7.0; Windows NT 6.0; Win64; x64; .NET CLR 2.0.50727; SLCC1; .NET CLR 3.0.30729; .NET4.0C; .NET4.0E)
appName: Microsoft Internet Explorer
appVersion: 4.0 (compatible; MSIE 7.0; Windows NT 6.0; Win64; x64; .NET CLR 2.0.50727; SLCC1; .NET CLR 3.0.30729; .NET4.0C; .NET4.0E)
platform: Win64
vendor: 
oscpu: 
cpuClass: x64
language: en-us
hardwareConcurrency: 
deviceMemory: 
screen: 1024x768x32
date: Fri Jun 12 06:39:17 PDT 2026
epoch: 1781271557976
count: 4096
---
0.4698918591488614
0.25965964635803995
0.7211910553767573
0.968852823113602
0.14252515528110005
0.4861803341819617
0.6916921564651058
0.46128505586523677
0.22852889674672938
0.9616754668868185
0.7587644973145571
0.12124044615983775
0.5521062522635558
0.5874066244019679
0.36157973473579913
0.279118021179401
0.20279178272108378
0.3083821106382192
0.7567850639162521
0.2419069545712954
0.3340119899724655
0.7146692796919609
0.45330802914615964
0.48555043702486983
0.7503469039622871
0.5310248921693415
0.014796138775901801
0.5939803227777247
0.3722683637125325
0.5819102300632781
0.7623145375362914
0.3858929619982832
0.03138840210509669
0.566027816884379
0.8523078183918651
0.12053229592501585
0.8197591393293024
0.3778371590081303
0.05346492075851983
0.280191183948848
0.39352299829257275
0.7730769758794526
0.3010089249483748
0.18983764392814617
0.21422038223899015
0.8911418968380084
0.7680660713797367
0.6532176319515762
0.7003193599905423
0.5192317662307671
0.7611515877427206
0.859981633277431
0.6570399745930644
0.01151220161569444
0.22044229606657922
0.049827430581195875
0.15430331226861726
0.46109511737166664
0.9853892155772519
0.8073467859506027
0.23064375175045798
0.06346839983041386
0.2723556360696542
0.4052090989042547
0.4151800562653795
0.6070742264417688
0.0033495411148254383
0.3135104287795632
0.08024922054066163
0.6800558318370884
0.723551702262949
0.849561529083007
0.0640647009790214
0.49176268150523766
0.8502236004951031
0.9550839722391717
0.835768196192637
0.17342461518742308
0.9067123061996709
0.25672850917286244
0.7145024014862147
0.0444755388513115
0.21265218392400292
0.89102548533685
0.2996396296119007
0.6093277863577856
0.22509597679330656
0.05632205970027798
0.32105915268546664
0.9839684381651115
0.35519088502931944
0.8919565763508815
0.5763738911001991
0.0425692334187715
0.621147804272622
0.07886569155783829
0.4862648557679924
0.8213720796379784
0.9406349754957223
0.5060149263040587
0.06958971141961068
0.6204324615249639
0.21435974944817
0.4534890522437921
0.816689427115588
0.8033732175858776
0.6074854376631149
0.005773719613844264
0.022324975514979694
0.5111217267043602
0.5966626252457396
0.8277050121034386
0.6289336823125342
0.3776735877773792
0.41783731082104713
0.010759292728668656
0.5264028491932906
0.8642464717925564
0.5236311604905014
0.4288005272144668
0.5563158953561765
0.012757800105171413
0.5389716950590349
0.9300980328499828
0.17663417702885592
0.2603805664635486
0.9897832895673506
0.7363725429151904
0.8570354342023729
0.45400166968197064
0.7719326093836724
0.619824052440654
0.7956376355182171
0.35672750499436817
0.9262548506984956
0.785540166584364
0.4745947340836149
0.7481520589729782
0.7903699622807145
0.8993787274986777
0.9050588069963406
0.6859227098128346
0.009131086058239035
0.3703643550450695
0.15126073778982124
0.6182095736605868
0.20292982025714473
0.8218332713942182
0.8689694087435578
0.8150044185658984
0.3167161525430363
0.6670063712783913
0.14534726178999685
0.020745367392711933
0.8024734374323694
0.8423659128113956
0.8852279433776677
0.3215842394279193
0.8240218017234863
0.04615622974233846
0.35309927954901365
0.9676832379229678
0.6154059970202689
0.2795244956902541
0.25058308319175093
0.29424857298958384
0.9727566203355638
0.09426248556456768
0.8859606218958993
0.9445782809699357
0.6143965463976957
0.7138061404908491
0.5753008868940461
0.3142223915034487
0.805096926507817
0.11309444906862675
0.4040061118749244
0.5074235115464488
0.20777027404153553
0.21808497466468751
0.8730972545426978
0.12532638383700756
0.3995207317082868
0.6171682740345292
0.75631961530942
0.8900153651835674
0.8688544274906984
0.5644192252034634
0.7021568197145651
0.4492587818206255
0.5969859120366466
0.5985679601751856
0.729099080388973
0.7039097383946158
0.5185590243404443
0.8017690723058066
0.7830194798099305
0.6532332227932356
0.2557338535589995
0.5786926921524707
0.9522698798718661
0.06299942492459953
0.5244737783599929
0.8491562776352112
0.7691158417633979
0.22700378894449746
0.5229998456959894
0.7164617009007729
0.2653876968514741
0.7147445139981214
0.4297622549050762
0.9987969973857333
0.09573287719507606
0.2763084553217337
0.8619114910869536
0.49250785724026136
0.09361223415087061
0.010086834353817408
0.7751348304532919
0.47373902832191516
0.0831910307447219
0.48976233669479263
0.8218562830061968
0.7388912841305504
0.6345330143713876
0.7940796936287588
0.6271812878946876
0.4345346548656532
0.720013922886039
0.28623181241025114
0.7905997714910112
0.033864305580417364
0.9066283606695795
0.5492642539258723
0.6763447080871093
0.07948040127582351
0.8018720362501288
0.099720856098173
0.21643535377352635
0.73121882112387
0.9601390227287173
0.3738236925449846
0.017817664397393906
0.7329548979715752
0.3520815528323183
0.008800928759605863
0.03864715115420819
0.14374750210931242
0.8011376311315235
0.6265464775346752
0.9786419523295498
0.06638625917736218
0.4994396677814304
0.16761543799777823
0.3145670786896029
0.6503500290972672
0.8295750683459522
0.3206299778260552
0.6042933340728748
0.8463799164450116
0.2391774763652031
0.7454902597569206
0.28150740219408343
0.7463155319201153
0.8420853008838842
0.5983556146710807
0.6680322655755442
0.8545385324736111
0.752811897646664
0.33218137376044465
0.34185004166509786
0.3063126416891147
0.9003296304593835
0.8686668970810961
0.3163020524490066
0.8735049360572193
0.21267772028929832
0.015791075484793915
0.7095738448511593
0.579618171015838
0.6156618453764449
0.4396814846582794
0.7134555997491049
0.8837594976902159
0.24692105148658883
0.5903837972342467
0.7065011757537543
0.6871159993713557
0.6508953603580434
0.7281686391421397
0.29909203430119574
0.8657031437053287
0.4907354965776376
0.600332900570147
0.9465448443420258
0.6395970643663025
0.4899536509577726
0.37802323414076905
0.5212844428462841
0.8515573055395718
0.8996222199592868
0.17842970735313368
0.8962369197117891
0.14689194274289835
0.7761852980085848
0.8697675688849991
0.158979926444347
0.12161189396971333
0.7504552334829
0.8847859863655216
0.5498204790447723
0.7373672310611556
0.7701248104141845
0.4531123007614872
0.596853344797025
0.6893528370563785
0.5061330219680277
0.003561129244791683
0.2071855477522867
0.9573168783195083
0.7274804411547491
0.48460770893527083
0.6658958801453401
0.4700001040003417
0.9695979302522146
0.004545266222957034
0.5929306072594721
0.6697798481301562
0.24813036225291146
0.5024165106855549
0.9130197161735205
0.7769877275730803
0.4030044698379484
0.12662963363385865
0.8048307656268421
0.7223152366123295
0.8969084247475522
0.6202395358975303
0.41296006215743175
0.04091693731495155
0.5378177199615531
0.29019535800147966
0.8299939935423053
0.5032662124478966
0.6469605974751424
0.07242549250985891
0.48575586621746597
0.8955136814697735
0.6516232530912229
0.7954519872977845
0.6169865618585811
0.1560439909441944
0.9464536050041206
0.9922960128766226
0.9330902653751656
0.025121772783754326
0.13742967399732198
0.5137569379084619
0.9422089081205418
0.47096298130579866
0.4594167355874613
0.7557173516791154
0.6567722988126577
0.41826302181922525
0.24124510926988474
0.5289471692686254
0.5588033476541721
0.7241586058074654
0.7814982835995681
0.47194983966459697
0.7726408314513369
0.9217953656684139
0.8937088817127694
0.4357143254873678
0.3663747188259367
0.9831186953766717
0.6814177798618719
0.453806519726741
0.5831722403259052
0.24020052335577874
0.8115595686536554
0.752054547889804
0.5898052700108285
0.6483601055643104
0.6688952247288147
0.7491519988243834
0.022072829496658286
0.7745322416934919
0.2947207940833343
0.15282430582891615
0.20544499336188804
0.25078147603841594
0.9398386896801525
0.06577297578091434
0.4341374626461918
0.945556428185306
0.39478589033355565
0.4814333640141602
0.10295882095288311
0.7742234981827043
0.9995714091589933
0.6716515343402738
0.8036554722356739
0.8956144470849388
0.38068278293216284
0.7467062597861789
0.7211116536936528
0.022768057244352657
0.5148797246762186
0.1026725758402191
0.7946452784875042
0.7137407969731109
0.6773002529712326
0.5619434421121936
0.145772731722062
0.8023073118642827
0.195663036448315
0.7597965442087574
0.21619876589363324
0.5785664347835059
0.7028569492534077
0.7332134345555492
0.9084204619583905
0.9359140364561834
0.7569671059628129
0.7277287319627363
0.7762168765933951
0.46353902052113777
0.28079421141987454
0.9539071330157897
0.9734290066351383
0.3825445463125668
0.26218183121074734
0.3971164875525483
0.2368174496936773
0.29899126937229975
0.5519742067103397
0.8125855967674505
0.6524177894662635
0.9786053334637059
0.3981849013102696
0.722305363137491
0.33469682175463255
0.7355886817242916
0.5629643707779393
0.5711525590779434
0.4339453387528334
0.5719147517942025
0.4832124783378624
0.1966857205761282
0.07972613183208121
0.9036880203333198
0.9561896067806606
0.42038283339349547
0.9668285458580108
0.5675909576741258
0.2582381305520577
0.8776609278484467
0.2950638872780024
0.8131375332125806
0.4377333710079542
0.16983803881390313
0.6853686875678382
0.15539738873011916
0.7626414367723033
0.04326823528577278
0.5120657448661323
0.2880504814687213
0.9485689241754678
0.5792006457564198
0.8147654435076437
0.7380769981892861
0.844947199250526
0.3124839369371106
0.5832730522681984
0.5810828924275959
0.7150020517352269
0.7880578437606345
0.7450001267453747
0.33020648644305683
0.10941694184306494
0.31124370155689845
0.6267611603271608
0.06174710845338244
0.6041064317513552
0.5511662956645937
0.01146944443335618
0.9471018701984295
0.3492734929847844
0.21620956305884836
0.16512883881144408
0.6232921374836512
0.4599329127104652
0.23622912736712304
0.3706509581910061
0.2533064781268838
0.7673402594925234
0.758314749218796
0.5724101525485281
0.7026821707934883
0.3462740251031345
0.7912163775940824
0.7090815275523951
0.9901927990600383
0.5348762626458818
0.5181175292721336
0.192189821422785
0.058204531056293085
0.871764828958115
0.13826014885009452
0.773930058918082
0.9522093051699612
0.4893881886699245
0.59499548643146
0.7402035515210925
0.6992381889716449
0.02310152919911085
0.7011556876987687
0.963445638444147
0.5313035756003683
0.02220078956341126
0.9822112730354409
0.8547044242410472
0.6127142791659228
0.1821589572804786
0.023499736135799087
0.6655625016930149
0.09905285416248982
0.45656682306720175
0.229881272980965
0.9078766332049201
0.18079963815207306
0.25278825783943126
0.6844972816151209
0.8829429222042802
0.7460335416504813
0.4670977522324435
0.22787832973242766
0.44157794264153016
0.4343348509335626
0.07307597195335613
0.9694680065143104
0.13273937867786917
0.14796050679571254
0.341296575922414
0.19069975221867968
0.8406918404295061
0.5365578476653661
0.5388458296627945
0.002083806743281902
0.859357198411749
0.57812784679997
0.1339738505201466
0.17633200650592307
0.1073709122010118
0.1416444959788301
0.11418446197514687
0.2953683189293079
0.8484989286531023
0.335682037346259
0.01532840456086798
0.7211431304684486
0.8494526071397921
0.5225972192073913
0.6547722742291351
0.9284901201803504
0.38077170428569123
0.10925893538918146
0.3634737059785405
0.42283429797194655
0.8463285307171333
0.6130131047464444
0.719800732013278
0.8063804765297932
0.11313888958936197
0.04551574226163513
0.40219137996024723
0.5534816778247067
0.8055486324399803
0.35726262591659374
0.7982573424966058
0.709207121525339
0.9264970874057696
0.5420892823663927
0.43469299728519445
0.034699958132081266
0.17344154678938578
0.01361022177145682
0.12535959354074017
0.0887352204619345
0.22766008029362866
0.03451176831924452
0.974171388998201
0.35695854347378813
0.11303223563140402
0.3048081078137027
0.014919032868727977
0.8186068042810993
0.44403056976485833
0.2966153891858064
0.3219228270865768
0.27508199297981367
0.012538275960283007
0.5606943646201099
0.8834167161321427
0.35556990686762024
0.6992412819102201
0.023956799546423823
0.3938211742733579
0.36196572535094273
0.13772601203658258
0.2473268002739042
0.3915714780980324
0.01868865623837368
0.9080464954956227
0.7197930509222388
0.8459253835739923
0.7525382720523238
0.29140783754897603
0.5271835851763884
0.37918197640045664
0.3435655272772042
0.7787453335949803
0.15313986075762337
0.8000015736640256
0.6600014213757706
0.5933617858841698
0.7449621365096739
0.5190240105069657
0.7186071666981062
0.46141802757770483
0.9084438089208247
0.7197408036598489
0.49637941166462973
0.7439547798153747
0.9835072919007153
0.8655841957299238
0.7603648302525736
0.8302564609891047
0.7963994649514408
0.2384540453062508
0.6794084754187213
0.3847507522213776
0.08440023838259347
0.7244114167019335
0.13498075718168612
0.6382701388118337
0.14544275661980027
0.9890253234359322
0.45779794845253713
0.41938482150858264
0.7777392622802748
0.5178670693647485
0.7827718609302151
0.03264892317427853
0.2434519890835089
0.7369044444636301
0.3368942122965909
0.40798490098613305
0.8156436408304718
0.5730556015726071
0.7529817817265461
0.16906380392860504
0.44918746385307595
0.36692062278142834
0.9367787249932975
0.39842188488829194
0.25401199075728636
0.007716379985827304
0.10573266141924747
0.9131868253722262
0.743001274489947
0.5246979964095133
0.36483141965314775
0.807669689711354
0.2770661822717075
0.13985833002565806
0.5882079208673725
0.8677115455688311
0.7363482468753083
0.963454539209341
0.4347905806362332
0.2165564313950059
0.20921222684890767
0.09691843244558401
0.04209720283493834
0.21315525012557318
0.4096295078407307
0.8969655510032791
0.31434066671469263
0.1911879536854751
0.6087492286249563
0.5502253705531761
0.7493347644119592
0.10072410689275457
0.09789969842779311
0.9094728715545288
0.43325917245468437
0.49432495468277004
0.587957796591022
0.7505497431885204
0.173162627198799
0.5855226063771834
0.49396935654594703
0.22332116738945645
0.7341537922824884
0.2999950423933513
0.7540990633060399
0.29052177614015983
0.8015496239898994
0.33838844080792873
0.688433392163503
0.37510256035071743
0.5978212206172122
0.2746208061030546
0.4158556290748162
0.2696980402368385
0.04999769862242143
0.6246342001732617
0.5161572878344209
0.6010907792252402
0.025258707248382916
0.6379453051721196
0.9497455959389993
0.7880584254456586
0.4307666312534704
0.2879769524858318
0.7287518694646884
0.4827460698078405
0.9083598168248987
0.5670362073534675
0.47104109610956685
0.9437143763007485
0.44554850475324903
0.7279371573753821
0.762568254043936
0.6530722496354975
0.4713253886990431
0.5566496913887297
0.20372231155019405
0.7606099322909864
0.9086230882030973
0.10898798399134246
0.12174392727949373
0.6146069900161634
0.2148211571679033
0.5992355583247152
0.19399854952763507
0.7219966493113946
0.6575254643616368
0.289736448786992
0.6458315019791816
0.9698266408066197
0.9449131885433823
0.29786467748069145
0.26192738201435417
0.8354636515088135
0.858257051010945
0.21041749259630377
0.18154107659242713
0.6147469525094448
0.7188123902021788
0.2753599991676197
0.33566314181334744
0.40530424352904864
0.3620714585299757
0.7269822970911639
0.4281277335801322
0.696500716845672
0.7894593411791795
0.4929124873324256
0.5628661744458712
0.938000015846427
0.8208661510679286
0.13006210531639956
0.9759552721115233
0.3856737809560414
0.8809807627855757
0.3414631557996751
0.8438038741764084
0.8566040259198562
0.5182113946429757
0.8370887681592107
0.807767442812219
0.7641806612783895
0.37704874097940743
0.6191324234479931
0.6806749143914599
0.9498041033403208
0.12304770168291673
0.9958532851757327
0.7821979616009724
0.3794608285491813
0.25417408229978116
0.7579781917857236
0.48768788324571493
0.7314475227124954
0.8230828567271111
0.9877836026095159
0.8690505666140302
0.26577716192292005
0.8419649709718182
0.913363610668718
0.7564255522529648
0.13630847614030772
0.5449200345547716
0.06922285134297351
0.15588029467173198
0.48339764738272767
0.7423822754659697
0.779216133065138
0.7210260371640884
0.22787933946468042
0.21794803957961212
0.6389893583970984
0.895407334418544
0.4764416135448674
0.49002257898649504
0.2424588506871892
0.4177120676335998
0.8439672349038021
0.28902505484135676
0.8704996556986946
0.11329460651412254
0.8001718445261113
0.7854603753049989
0.23989540219557787
0.28319972559992706
0.3558769103211882
0.9449870449181001
0.6967357191475862
0.545820387028408
0.018513635734016653
0.3836805826449193
0.43082983695209087
0.686517768298075
0.966961374441946
0.750012152661253
0.38633764307659707
0.9269771802976952
0.8225822551835924
0.9696326121418954
0.548702543486863
0.03876889955512902
0.22632140882534374
0.6548723048575782
0.19910313587366607
0.8945281536693959
0.6709998724751319
0.60293728887223
0.545023532523476
0.3753640866608025
0.6834353027818405
0.5851032139831506
0.8591749859795374
0.03455225471075968
0.5027833174538523
0.563777850798502
0.8888843513665172
0.5552613944969037
0.8594999581197067
0.0651242481987741
0.8341976716888453
0.834009468595589
0.32358393557708437
0.682006282646354
0.6353298710659666
0.4717404081408924
0.9612647136346868
0.5853389953985315
0.6587246327717683
0.5608572356613806
0.7160606673163661
0.4814962137867988
0.1258711225802051
0.9192434958352742
0.013139062304861171
0.6692483399129993
0.7901570830461418
0.3412494458727331
0.575167719203018
0.721773693017424
0.4344206356935568
0.010815337440581995
0.3333556148294513
0.8476067174913175
0.7354960048517845
0.953349197821516
0.6191380618779763
0.16895699108574247
0.9219311849639673
0.29067173557040215
0.5299693446379863
0.996653259130232
0.43718820083163406
0.10728657136157898
0.4769438955117502
0.6780367699251006
0.5130196460511822
0.9364291009985841
0.44247468780069743
0.7474488581780342
0.15634798809209543
0.23079264248668763
0.4030155228462478
0.9185278104245858
0.5578567214147035
0.6955259163844432
0.7048214323837256
0.923350353466168
0.3416355181806162
0.030041105033464188
0.9199996621909192
0.3255236041757305
0.3926041977536982
0.4503672085529348
0.8556108477454258
0.2126533136565535
0.22207315521598797
0.34522851547647365
0.940338674152571
0.10818499729216568
0.9616807661243248
0.5567234935630954
0.17125322301064294
0.5334343734135273
0.11208104834629234
0.07042469303529614
0.1674517530577539
0.3976941805691497
0.11513766850059298
0.3499153998903711
0.6478680603282767
0.7976246699183851
0.6670132302871516
0.15722436214124163
0.8272994413630792
0.8667052625078988
0.4444255332650577
0.46331506515238874
0.8077082597870731
0.03134540111594164
0.5774754265439771
0.9717312304821315
0.03111272290333189
0.40232266359229174
0.769833495757399
0.8536958283534672
0.25588940375922125
0.058536841869546385
0.4407058511915199
0.5244059361247995
0.3200678781840895
0.6646385944199058
0.6428819626419001
0.6779611975934247
0.16320550362372077
0.20491209645900116
0.7973002743972558
0.3423089712520612
0.19268841344807302
0.6128608896025697
0.47695029131051664
0.4157845146331394
0.10081241722194017
0.7292668528173025
0.5715625220779099
0.0032698632769011526
0.6657553175024526
0.33106239670845666
0.16942047858694054
0.8826904937028086
0.9025602143156546
0.939176182247365
0.40376178600790935
0.6015139108604326
0.16950677549710874
0.7355831735344498
0.3286182975864145
0.02810996281310263
0.48075565742178733
0.19810998901606713
0.6125778339885552
0.6642776624641216
0.3279087985320401
0.9961168829706095
0.46883303287605377
0.6629388918229038
0.7711361982287266
0.280998060434517
0.7760155840783782
0.2889444088857971
0.4247778051516602
0.7525123146452188
0.7866970329983052
0.5111331659089862
0.23283652658327852
0.7852760871285922
0.16906998720714655
0.5202309928939405
0.6065366173294644
0.4593217467124923
0.3822064353932656
0.22987021476835856
0.579129210088871
0.5544438909560023
0.5464228423614758
0.23695704722229127
0.1223848585720353
0.44012688698161983
0.037664219452554215
0.2928087587582402
0.6647203383694895
0.32116714459225343
0.00845246258747534
0.06792813167732553
0.1526652875263852
0.4836740732216165
0.9178268645093666
0.8809779946459391
0.7053817063146666
0.02695373456008432
0.9388376260085761
0.10646375768606653
0.026207132950697598
0.06384974378684355
0.8045359212343046
0.17582741884366876
0.2557006328992354
0.5254361523075932
0.2520370393030695
0.44310175241032984
0.8774276691345342
0.5155274523410285
0.7291156428564518
0.6989685102177316
0.6207287226504557
0.6262910241314312
0.4389254758933096
0.7860101630964107
0.043973451531148566
0.7483178066283882
0.11581801075631925
0.5931396007322692
0.6273107669390643
0.6868271682755715
0.14886800628091562
0.6886378743895442
0.7556822840499074
0.33025240017871776
0.7995963269271624
0.9889251075882313
0.9308751256944698
0.20827330117789994
0.2965133076912804
0.15413526221672336
0.9156472520897854
0.023433105719177172
0.5314887711812333
0.8517604364913124
0.2834667382918695
0.14379671041462288
0.9315876530009474
0.6360761426488861
0.024164038048254843
0.10367799662002458
0.8348929503111417
0.9537537483359617
0.438804070683897
0.8752841616010591
0.3599704729789052
0.705012216411474
0.5463428496612482
0.04619503045374013
0.32601287806108703
0.8648559175656632
0.6201412406568328
0.06591624876538998
0.2543329986831043
0.9003912935314051
0.274166054973932
0.4093148317753037
0.861759573305614
0.10790982606782012
0.7267166171081197
0.8455664517286485
0.742621127637694
0.5373705323170792
0.48377294743022814
0.9983138609399735
0.12838651039968996
0.8721103394898916
0.7045689899388903
0.03605614353513226
0.7126637412355121
0.4880559361812629
0.9387527982107591
0.6413590788236206
0.5341411277242092
0.929406195516792
0.7575027740963124
0.3732967928400682
0.8211878367834564
0.20669940583340712
0.04022740696560251
0.1596055469988681
0.5192138034793612
0.648374968456978
0.3239833182824303
0.9333506676286516
0.9455215339972007
0.518384504669569
0.67450452041308
0.3634779726492523
0.6462653669142334
0.2501025222164547
0.9957436365779823
0.21944120694218994
0.06626644229746892
0.9407323280187487
0.5590832591704501
0.1571677309069125
0.08481449071514591
0.7005980005241315
0.8038839277958071
0.6169443707107636
0.8192204226372981
0.5581585334909722
0.1377928366060543
0.08337638507189698
0.35276623763205683
0.8842758074659481
0.5482448543603242
0.17339216044516742
0.20483212962966252
0.7182129938664497
0.32584591496975013
0.8903370325076252
0.42836285002050556
0.9530356905211392
0.09583608336343902
0.9105196544151566
0.1934685725958597
0.06953313349642887
0.6555876329967316
0.9531447909685281
0.5958383496763648
0.9954722115199932
0.8241013111878082
0.12538670908856858
0.2147768242589969
0.7109423761274606
0.6237217657255715
0.631427570615182
0.6380578168487422
0.42074485555221447
0.6348008161371106
0.38760562948015115
0.7694213056927861
0.4712247539438254
0.2907951885613244
0.8953883980441826
0.23942285992894752
0.7016400893222796
0.2142930994656761
0.18970602351460247
0.6514777576235345
0.5891071243662893
0.4337218567300768
0.8022507095342684
0.7123244688011222
0.3713564885957311
0.4659965586642788
0.45766818403084724
0.5197652559150215
0.3129801375341962
0.8021275950903612
0.6551375259333609
0.4104244169004494
0.4185443170133205
0.2908127049656731
0.37865605334457225
0.8063973552571182
0.18988917376635517
0.2792969504260165
0.9264161387295764
0.44204662475666917
0.47513073179629517
0.14129195460835664
0.2529813188870113
0.20083388652590422
0.06332662117043997
0.9985033453065547
0.2775392607090725
0.5469595047824952
0.4414618607840002
0.025323442492203973
0.32732951229777807
0.1977143018463307
0.04935661211351994
0.7155037670131656
0.2574141031057191
0.24983080811807617
0.44329304926167123
0.8851299212920662
0.8162797685231562
0.44675420830918605
0.01060358499814923
0.9879792492428714
0.5113304034259741
0.653635974664647
0.26515852474487816
0.5273491685859488
0.5691490986711931
0.8929859359446378
0.29763580868308586
0.9627024732212195
0.5824789515356283
0.4863014139862546
0.6546516403427552
0.5299830060420578
0.08919279219681386
0.9456247771788167
0.7772752322677765
0.8212135559462211
0.6380915450595431
0.2638638336967054
0.1421470827022182
0.8019952377373243
0.8621919102017199
0.16384182160681387
0.41736478640380786
0.18478549748024464
0.702233895604016
0.6834270616370672
0.27049615672653076
0.7213398835978919
0.20145930288306463
0.197724892923396
0.9475245398306544
0.02946034383670154
0.2272825174357307
0.6091972959216492
0.37922653679571044
0.02720066113159736
0.06629525075141207
0.972708619878228
0.36542779632072863
0.9119374814988785
0.08611705679699583
0.2648783595429554
0.33777760040742727
0.8922232739821545
0.5609241738278402
0.3557550773163923
0.308128532005774
0.5570951536453665
0.3170590525130345
0.4957080388998538
0.8723026929876916
0.8505215834096507
0.07094348236366471
0.7915661670067354
0.5579712619948982
0.10792658059182741
0.2035887164561877
0.21341673648746057
0.3805695180210807
0.5072389418302927
0.24431586800632182
0.6471088651197372
0.20261477723447913
0.5886718676558075
0.5208706239399581
0.38738978905917276
0.37948995282102654
0.20544598431214267
0.2739363287470146
0.25273487486117085
0.21870083679494917
0.3819269525691767
0.031119861629562595
0.19531464797173642
0.9798104505623024
0.07615607147809933
0.18880520049662852
0.8781756658369294
0.4986991336001139
0.7705108538759999
0.5598396683282421
0.19659409793513938
0.0324943922261649
0.14723963128409384
0.11083828373455418
0.1316942859183834
0.5904597938726529
0.8448725059680316
0.23496196348909376
0.6418069753738267
0.8413275677067411
0.4370187607618197
0.6843455280667292
0.5206751171734505
0.669004694783845
0.32681834161280243
0.7209219291968373
0.28149737263122343
0.5862780342451177
0.20832321225938366
0.13520934451108485
0.16193295790745388
0.5100886705913634
0.11034196350584241
0.5296979622381805
0.2875737333447073
0.8521416469237213
0.8087889650817159
0.6667939822696773
0.8800224868949464
0.48506211899588697
0.5703370768778819
0.7408481508293282
0.15059915677385321
0.907004446057512
0.773180883318447
0.14961697647575434
0.1818295551765175
0.8465660742750882
0.9399750507656068
0.7125746112457487
0.6662539103524494
0.6250532446433534
0.11352044096896119
0.31181414465323076
0.8457254024799486
0.8245910540347738
0.3075281719433881
0.6158469395055812
0.3742516954898152
0.19826553737414537
0.9727998922177534
0.8874293060148861
0.1135651952109637
0.30243087652089784
0.03342005225682276
0.8736159308125755
0.06299069941953356
0.03151010790669445
0.06806414736657357
0.4295598474341809
0.7238118973912623
0.0920628931679699
0.6382842719819568
0.8371489448445211
0.20322075087841912
0.46558955647274963
0.5986415497372597
0.745389619416098
0.2740670689294659
0.07848553157905874
0.4628125672141239
0.2815180360654525
0.4240078992611883
0.22275587492772614
0.5453048103264532
0.1601402374731325
0.6512895318221538
0.7525448059544626
0.6501739158564634
0.5522722457740344
0.3942775599450091
0.7192305036680905
0.5361434259112581
0.06697204498912934
0.5179832937796474
0.901780708790699
0.251785506111795
0.4453251415387996
0.7232175566052669
0.6392600012372229
0.704928714452459
0.4698661519785073
0.09263597162223719
0.4788249359759185
0.5072171841917827
0.15208900445793855
0.7428222218431748
0.41523859341266494
0.2177528121208101
0.4765185338773777
0.7126889810069312
0.9168811534013272
0.599010339070035
0.8518868132242445
0.2858589130235996
0.508428930034955
0.39372280677120225
0.9482776979063545
0.9183206565993203
0.41181894056504886
0.4331926086515235
0.7836733472018187
0.8225381381713414
0.6348121189305735
0.5954913782672546
0.7641570389773046
0.045323654932317825
0.9404128465307202
0.24626964458174338
0.8790965537698476
0.5691685407908208
0.3305985477284245
0.3154049900959764
0.4059530909353204
0.5653578077916606
0.034257682541376566
0.08947523438631871
0.28893057292057433
0.4320779272815422
0.5019304697901188
0.13305116286252733
0.8215010447026145
0.6618597820952163
0.5788913190128606
0.4910608505264113
0.38491153083916324
0.9000817981558311
0.8533078389764538
0.4699857288184026
0.7730987130385856
0.77989064332547
0.1576562639442125
0.8474060926987035
0.06900747682612618
0.24878034693908846
0.33926847005319155
0.3174217358488104
0.1281301979987562
0.13820269710868693
0.7098312867439842
0.3437312084493091
0.4721536013670439
0.6699654438384137
0.03385385672162888
0.3626608367426324
0.7989205041367677
0.4418068587370244
0.5225642564765172
0.45519276727490343
0.3744840538308959
0.18941864629093696
0.062391921517447546
0.1900487017855767
0.2888523498068413
0.2833216532809009
0.8261375591099653
0.3291441091393909
0.9290916056351508
0.4863816156419685
0.4901278470241124
0.48223557734726535
0.051776497841986624
0.9713853382317629
0.5120972143413269
0.5993413259297262
0.5213463767760916
0.9779801124494691
0.3122344004800474
0.3975233012601572
0.12174669777788577
0.7744121730914609
0.743777097558461
0.4328765718678513
0.8458049050901424
0.7818829310384967
0.9397327484889552
0.5490799684415654
0.720110698733474
0.8179741900126363
0.4787493688879034
0.8606194204241706
0.5327407649687984
0.42047683031813226
0.8258553340999922
0.26180346442441143
0.7969883096341455
0.12408972459961637
0.17273242920677678
0.6919479855184316
0.9063281080251841
0.37983894441912397
0.12738178689013368
0.032615354545909414
0.7141681335266687
0.5306999082373189
0.184487680156255
0.5645506847409136
0.7065091573461975
0.8867877413406193
0.5454792930291192
0.36996594040318
0.5264537924842587
0.47961445183817963
0.6512362478473961
0.9300801500382483
0.8565771507628439
0.5172938231744216
0.7405785188938911
0.4383322432711784
0.5684912437738572
0.9112078739458285
0.8541270478796392
0.026440375938319493
0.6085057908497513
0.4995319229424922
0.965816556191113
0.18348974471838914
0.3041082757302585
0.7541474323050126
0.34328729548342584
0.13748849527456536
0.6480565443495673
0.8248552016263311
0.8135779039235799
0.864339379620059
0.645197407754815
0.7484341167274606
0.3419868197807908
0.6909322613082638
0.9916950685253563
0.5299731594457622
0.21966490673033806
0.16707090610235564
0.19717360698361463
0.590037861780345
0.1994474387122837
0.9952046448355718
0.757347902245733
0.7636144326038209
0.11962880277206483
0.3274440246826428
0.13803781880015486
0.6354082365441993
0.9118285189307782
0.666096733211319
0.14103075518520353
0.5009557038735923
0.40179269265810596
0.9369683599633891
0.6880778466719865
0.6541418183957257
0.9809201150462714
0.04393013498536158
0.1813797005825133
0.019097942364342646
0.05149764591666023
0.35876360636438614
0.37723756731048174
0.3680876831509865
0.13007486095100346
0.15205021491923637
0.1441163404438643
0.49687130887621467
0.6311031633722476
0.9288811784934987
0.5671859607538441
0.7651719912817108
0.6469098846744211
0.9974214115076942
0.6084783641177971
0.3522499012026308
0.49027334976769343
0.36886845529907935
0.9351169898012883
0.426223195672469
0.37230997537666893
0.26410577923363026
0.5876466920631818
0.18065756030567886
0.35107995911541073
0.08535701448362215
0.8763117748708961
0.3530788543567324
0.6052633298094862
0.7004061455167294
0.2652004506484689
0.40744616131807493
0.1624535292794707
0.28245595749765917
0.032494206742494425
0.036255555073122225
0.44306093176454986
0.7504550506613774
0.17963097352893492
0.01782739050484794
0.36851398061479173
0.06273177002224944
0.4030112011141925
0.7504629984097995
0.3263911488831725
0.23103070802725362
0.938946250528717
0.9775394358636318
0.9853118690879044
0.9425557847314496
0.7458690242812762
0.31624357128965535
0.8088604252587499
0.10438132036621822
0.7973967997822441
0.20752984954174158
0.13051143401233384
0.4576005757591182
0.22565669642571212
0.8160187295104467
0.8204715759747724
0.6478389113178163
0.6763545293481807
0.22593565584634007
0.9005468878680889
0.7842665640029891
0.5153879875066357
0.0028232640475044923
0.944590833955987
0.5710039446770736
0.4613755901275236
0.8206421902685788
0.7397830995141672
0.5528199950523027
0.809292986163044
0.39000892257006203
0.4779349354833941
0.8812820580649707
0.6574785665068377
0.3657017023198272
0.6962118090644744
0.27802363965244636
0.45359073054203447
0.2601984049994776
0.29310944317944343
0.548553986174886
0.7346692785044656
0.6448931442709407
0.20821492434212718
0.08304141947108506
0.15227399694781118
0.08177116358220382
0.7732295890888192
0.26976017531403656
0.7457434114555359
0.2957042791755159
0.3169257577857643
0.6423981702434942
0.9549375452349935
0.07116218649326161
0.3381549148922769
0.8841810712809506
0.04839818368366816
0.23701743713582857
0.44871983195393444
0.5197758307432514
0.4836810993806733
0.8892550203544269
0.3318689509007303
0.24019454131980672
0.21368442838268553
0.6937801016211769
0.16236619818285997
0.3264274223929006
0.106118246674757
0.7101502516610818
0.2905350581301449
0.5642915574789962
0.4528301623204883
0.68194160636855
0.5053707512573244
0.3759897168052671
0.011522574941231433
0.15059074348013035
0.8607599545012117
0.6331314344766792
0.14446706601717618
0.0669372774122472
0.8740426150351435
0.7614763695772556
0.39714223495518064
0.7983248883911258
0.8875958296722294
0.29941788723643353
0.2942910038889259
0.5590010511779191
0.5218149514998056
0.03023224998874996
0.22171428099580376
0.3276890436478481
0.44181262542852284
0.17237713041524882
0.009187878624550671
0.258588055924557
0.11035143581980761
0.8826305325868986
0.23320986121626425
0.4406905101153146
0.8059715314231477
0.5036192515593539
0.3178560935725715
0.6151882806021583
0.9479695748006258
0.570293760870852
0.2278416964522954
0.12187223213533776
0.6888309565425332
0.5791641882435499
0.9199568019217263
0.9128126209682115
0.8099122267918467
0.9196199908465308
0.7473649899309092
0.9452404271387076
0.18761635724265174
0.16841345514785588
0.6958233021344239
0.6454325052618216
0.4849984594572064
0.1563954370080365
0.6717030388630689
0.4215365717515624
0.26768502294188084
0.8308489551524355
0.058760687635553865
0.3956543855533315
0.44318511464593246
0.9572747545923175
0.41392883566799693
0.6241347557736425
0.7791171364862141
0.13124006883338018
0.4819671437437711
0.07991039020051638
0.26857019814668636
0.4039102577291201
0.6746338068783937
0.5818458643035997
0.27976436250988806
0.06414030801154574
0.7821080631776016
0.6734462931440461
0.7523694672877896
0.7655113228168378
0.9627150780570808
0.176909692521317
0.1842872705312097
0.23845477616579341
0.9915741831336833
0.7783881140997452
0.7903974198467097
0.2856151985151927
0.3396124314007968
0.5364563155666704
0.008712603462783408
0.6228596729340549
0.9014551723145185
0.6481685761608606
0.47958382998978033
0.39885051266355514
0.09402618417417124
0.15571797076158705
0.7300420299267578
0.902855074337704
0.6072596734626665
0.53159465663677
0.05805737370654884
0.05347467888938312
0.30414729993593065
0.24127264422967431
0.5304432755702931
0.7502322967331692
0.6394132484052036
0.4498375954770821
0.5833271281065673
0.06546650439145912
0.494430979326813
0.012600652687884572
0.44555505197974015
0.5557370724009796
0.5105654360563468
0.7696263549636935
0.4930937217363079
0.6799552426406
0.8439449119960835
0.9502354459921036
0.686437024840731
0.42570973674276013
0.7617370313806506
0.18592608500955687
0.44322102086685783
0.765767209943292
0.6533235221178044
0.22878998454106325
0.654696042502286
0.49348371832630316
0.8393390602602829
0.9773826436260806
0.06739963344646427
0.3188715262606015
0.027359385348463216
0.8231397271306585
0.9203198852185882
0.8463236248814895
0.38509453219176054
0.6478144847540455
0.5530337005391618
0.20050580492988124
0.9802631534024004
0.026043736099975456
0.6817498046553047
0.6186841084537689
0.7708942706670034
0.3170331604603433
0.17788199989852216
0.2857634522644598
0.4206231380196101
0.36548487203117324
0.47772299099952475
0.05257071713629441
0.9606181080550558
0.4742736789149093
0.20198471601375922
0.44842356186631704
0.7230958644253216
0.1600106481744602
0.1704164645029042
0.5757841661818714
0.03095259210243062
0.9575160061283436
0.7594070912670349
0.05780468837261327
0.8438588615399363
0.20035566098095586
0.46942334625786025
0.19882907572833336
0.9332366585064901
0.2719788671829195
0.6443312343081015
0.9134239213300399
0.1868568686535667
0.29562712593648355
0.5160929789593732
0.7812685073556649
0.32836622669001214
0.6110672653226328
0.13602731146099844
0.7932422868728288
0.6778727593513623
0.6723346250688911
0.2977660424420471
0.9683056410064215
0.5767892440118706
0.1930547517004098
0.25723540844480913
0.041277842019032396
0.7534544406349688
0.4645452637711081
0.9114358926011135
0.8483735929369269
0.21562223612482012
0.7767818604228407
0.11048926959674365
0.8703677165036223
0.22172895724578961
0.7834456972151149
0.9463675404332239
0.632514980726409
0.5049197657807305
0.4696519316803565
0.1869131236484583
0.30586032167669524
0.20213501070661893
0.1045920414598086
0.5052052800135877
0.9063320832746545
0.8751279062230364
0.19120550290993066
0.7920230602889076
0.9460189925612039
0.6011052534724781
0.9611290512968421
0.6331003635188478
0.2552892725958574
0.35775308303797415
0.4055545988116427
0.9830638573655441
0.9649182714226336
0.8307294969267098
0.18125982208129454
0.17439002641018608
0.314148509459888
0.33127744648372564
0.9859580815397314
0.6624128607929044
0.033614162274976156
0.7274301004809028
0.1582471777991193
0.3263589144340526
0.5413196057656893
0.164352198949555
0.32481943286766873
0.7215819250538136
0.08536954604896729
0.8776808928562485
0.8912280808493236
0.4096143608413325
0.2689061239291232
0.5882998346730941
0.05238811102143137
0.38034873696547555
0.10071599271468706
0.8078007475185812
0.7851222667710214
0.6246066288122789
0.8292284410813305
0.8809568691047636
0.9774457682988239
0.11554886959709787
0.33813328301906586
0.7448531223665105
0.447916353711635
0.8138254967075109
0.8086050458003118
0.19388801877277634
0.1132585951036097
0.8240596319662878
0.686127887306266
0.9056827862277347
0.9736047751527096
0.4992043048576946
0.729173420083149
0.6050033159054514
0.9020770280835302
0.11450715453312693
0.06249150173993728
0.5211210832411376
0.4490685211940034
0.7142627483799497
0.7095316823149962
0.7286092565000273
0.0014640395721949861
0.8722277723938683
0.036521146440344265
0.052390797492274266
0.6731733312102541
0.4005197694268878
0.9049823476675453
0.9649252835554787
0.24573335405734137
0.4920151275667146
0.09998186252543001
0.3067420397603643
0.3263682225984439
0.38770765826767916
0.7781593109025826
0.7210968494448459
0.6457787231937696
0.4231841454038777
0.2625933523813315
0.4093503491295582
0.07906581589073874
0.2273187054311881
0.5008194415409546
0.18573631071580715
0.5405755715558393
0.9214831388843137
0.8978218050423766
0.8385081817281459
0.3770856426994411
0.3990155850910841
0.037579974603652366
0.48902294772377785
0.2636362824835743
0.15238533365707635
0.014758105719757108
0.9811412140417615
0.8924416918781626
0.6594368081976807
0.7123828819943708
0.3303932394516875
0.9377003132826824
0.04029102661148898
0.38186382409581004
0.91568047287677
0.8777554436954917
0.5529283994593781
0.30846764242353763
0.4058527865035539
0.26094046501189083
0.5081716075141429
0.17836596808155397
0.37932180510156765
0.9125756362294938
0.3537331255025895
0.002633516712072348
0.216941008900718
0.39796645513971024
0.002186779423502039
0.09908206529247676
0.12670369551669203
0.7798860324057666
0.959168476741801
0.6845725861873895
0.09338001539314777
0.33890718163396455
0.4458061589933483
0.08845661481957545
0.13703489755269738
0.46108239090919844
0.5033246818598707
0.46205492550551485
0.5114386852329977
0.339852778337425
0.017966469441266897
0.1295901474503891
0.3767028814214029
0.48769999507382833
0.7108139760566702
0.40274699997376795
0.04004341500218722
0.30793780921469127
0.39979570473379255
0.764042350424248
0.07439462029882388
0.1381728498486957
0.26010237588914103
0.8134446475320065
0.49666670927692496
0.2443468838628844
0.38443541443448115
0.268190230380869
0.7157607750447468
0.21790588231763053
0.6759552824437058
0.6075018807532084
0.1450247510712679
0.10852374012277926
0.9944923052273015
0.661922781762392
0.21465462294861587
0.41094142350893287
0.5205280427295285
0.5612367013833251
0.01661544004173593
0.7168653555797138
0.5016506401124501
0.9754533243177919
0.9679768170837216
0.44150113933483004
0.9026328096600156
0.5100951963087927
0.6881279263616529
0.5391821002632898
0.9929763891431134
0.4500307273753093
0.7511575713538121
0.5336846697702091
0.5747128938409856
0.7853553123626009
0.09675495315859067
0.506205205487851
0.3784445717220869
0.5983308670710636
0.6613070933185048
0.9076063341003167
0.13705593635703023
0.442151239855891
0.22543938932616497
0.19142291504532877
0.984221053525871
0.3003094559683913
0.5650658487057466
0.3002510607640881
0.118777062246879
0.07959999968636672
0.7400860011079493
0.9805264782084445
0.12622989907373516
0.3602975726296211
0.7581857590944774
0.74933070218241
0.9551033028811
0.303811271943909
0.9107698181877226
0.09174727997534326
0.30853767339453136
0.20112113115767172
0.7938735329708396
0.1284222171982352
0.13049054751578587
0.13456175911616441
0.3989723624759458
0.5603662419366124
0.9410858422375217
0.6210254804334383
0.686927600444829
0.17166878838559685
0.007104263806782807
0.9064154086618497
0.742876964941521
0.5506769717349892
0.7213026456535496
0.7891864960009339
0.9506995798845408
0.9763251445128925
0.10819526618456454
0.46507060551531975
0.6227543380958913
0.6086836790147085
0.07412552361230545
0.9055892760950577
0.17391186223890193
0.22142845716600096
0.8759016638408896
0.7097157598729782
0.23846984182008213
0.7188152277973767
0.294965494559045
0.20105582339040617
0.09436229718539934
0.5908758843762147
0.17300845721714936
0.7821743374951431
0.38114349465774266
0.2779365629734511
0.2901446736099327
0.20320286494419204
0.3765473768838905
0.1391901563355853
0.04819579926154549
0.4536208137533009
0.030994097484272065
0.34993875791163004
0.05933814129956294
0.44411110623001215
0.5502350989133911
0.5882543840780803
0.5343073121139091
0.5096485278758471
0.5633987265660556
0.8141889022487835
0.3145515544707961
0.03548718721952637
0.8170188408429907
0.7932973483734105
0.4991696952774265
0.18447103410624432
0.8951987133254462
0.27112108803859797
0.880165490428336
0.78709952092479
0.6818833944861806
0.8664105651959252
0.8184948110451178
0.9450378107426973
0.15328355036474106
0.8182498437067267
0.7685781357383136
0.7942693307870763
0.616814443860968
0.6958782620808515
0.3903955763725923
0.17584584554218024
0.6974838298889163
0.0598870467479119
0.07597721021246367
0.6701981157537054
0.21348284724660843
0.8496017070166006
0.7610468506902144
0.5652283421628154
0.5798045609481134
0.963843847152093
0.09277257727167914
0.8489128035493598
0.5320347130614007
0.10089887144851417
0.3810226227691734
0.24390162281789385
0.772029967914351
0.428398584066195
0.27322080748184807
0.6346097651040522
0.6030188571950789
0.064961021779673
0.7618406451563995
0.9765516245524397
0.7437312693503548
0.672812119645191
0.9587728223565013
0.923179118282285
0.28948256819031226
0.684247105460145
0.052245957128556286
0.9572412021513479
0.22270840184924157
0.8146718072924237
0.9996759336479524
0.7716903411386673
0.9662672120274973
0.5510975297755853
0.8037642919431525
0.009419474902516933
0.2198971321235929
0.24734526864832768
0.669361595211261
0.2416206489215617
0.723534673687863
0.30584835216346456
0.9450568950186811
0.24131446375161664
0.6507727864182682
0.6808252896597964
0.5161499405188321
0.19160721092937744
0.051556103919140395
0.5987271784193264
0.23460770039305162
0.4574902970501069
0.13528175367813783
0.9592471777273986
0.04680256819630341
0.9455046502652165
0.21379404660991524
0.35381216387567093
0.7112744405209997
0.8773502053561163
0.8083320995785048
0.01835956616243195
0.38645465983340693
0.011528869066872504
0.7653093295152358
0.3233351345190906
0.9122346553861915
0.9613665797645036
0.2228744962781707
0.5962302500948881
0.3094577844070354
0.278268608730277
0.9235238719706924
0.1706102566558691
0.8778580232518033
0.39581930304984286
0.6776047640247198
0.5604679841849621
0.28566451454839325
0.36334593298971607
0.7483707290076049
0.5698694546308958
0.21303621371858328
0.5368236690768473
0.5513192033949465
0.965241770399828
0.4366863319260442
0.04050683848194525
0.3388625813858895
0.06128574071449128
0.7245014879737912
0.8644290811355202
0.47595405527819157
0.2013786891428891
0.5466557718880903
0.9209233333944258
0.5031099201767246
0.64946589135529
0.4036653325816979
0.24756978132561513
0.43034024130848064
0.8528215896556829
0.5220243181629065
0.8144882372535869
0.6088202210932656
0.38369354823209556
0.7745083628749125
0.0706489394834327
0.0867047479302645
0.12272795002467596
0.9449271281468268
0.44688375560598176
0.5713092640692704
0.4082040479176938
0.876052718967284
0.5225372457421185
0.9919497881772006
0.9424910252727433
0.6146459840942073
0.4582054291002415
0.18605601621846263
0.22077224857734823
0.3989483059316433
0.598767286789716
0.41574105592000176
0.1269646944504087
0.22170152466122883
0.8589223207328891
0.26283207348701576
0.1278946537896684
0.7457039633273935
0.6177050250047814
0.9474363295973733
0.18917306187670135
0.5491062005476384
0.3689550444912059
0.2684372169677243
0.13484693427451427
0.03409493424766402
0.3014795823027204
0.17388567685612716
0.6777862793240623
0.8453091465235356
0.3156525624861516
0.43507206801237313
0.7588982556490463
0.3132778867091002
0.7224524876851681
0.02013445378456119
0.15064370017650996
0.26336411183688535
0.016449297929172157
0.5413792081210677
0.5039635390736151
0.5121447048171026
0.6660078175682833
0.5850603464399001
0.14760558276104751
0.5108518238280907
0.8219835841781558
0.8231840941970325
0.9849750144798274
0.8894461944961685
0.2104443767064051
0.5539758681460147
0.7760147183771341
0.1050880645830467
0.245458837018889
0.7209667961442265
0.9402542267700944
0.005217252768984937
0.574751114093655
0.5202273404700888
0.7720492049494914
0.878148511350753
0.8540285784406898
0.42109607738608223
0.620165813702807
0.4830343138230926
0.535047141452061
0.7978217005739334
0.15124749968519818
0.6262418403490353
0.8479867698530883
0.39785683410685246
0.2903342046765707
0.08263684064089416
0.9604675747658176
0.5571124720477141
0.811487124397249
0.04796211860741867
0.5035444377159066
0.41330226850754725
0.8377046448093244
0.8524435375960864
0.269276354128712
0.365575984876759
0.7016982574583646
0.36595198719599575
0.9049740309031606
0.6819620540218119
0.71772963764642
0.3814951086716454
0.8559874523541348
0.46570921517682645
0.4195933886068444
0.27650756735707393
0.641902749818164
0.157437662892767
0.7309621773658735
0.4203543521864423
0.7902755493836104
0.3720804532830804
0.35169440095341386
0.12165663386663822
0.3975359252270963
0.14791616248493228
0.3673369122436403
0.39049509258536247
0.3384575568662328
0.619564077695894
0.7189382154326573
0.42824111007699317
0.6035919885769359
0.717633736413932
0.7064206139724138
0.5517111238849067
0.10832620033010204
0.7447905801387953
0.1411422689157349
0.20853529113188052
0.5877299590281098
0.5813201511864272
0.11191309087151208
0.8470764306358602
0.8681168458777613
0.8328432943203186
0.5836112406247482
0.6669308684318869
0.8892509703413133
0.4486554058065232
0.20867982644909116
0.6949879019731984
0.34038896136595486
0.21123282836875484
0.7991659739651932
0.20722013576440584
0.6688549006845947
0.02576990797567308
0.8805976638934769
0.2478218679447517
0.5216033207706112
0.12318069450975727
0.6288761239008671
0.8850086327151938
0.3882335130161549
0.13081924670426637
0.27749467266853123
0.8867355880071228
0.32817622621337067
0.4622431843845689
0.7747776148234089
0.6997883710824955
0.18528115048250565
0.6306650502482435
0.06946552151513496
0.9721450320562471
0.6197921655496573
0.9003068680948304
0.9078562490510337
0.3712029632407112
0.6207044578173755
0.15569294330956962
0.4368436244188646
0.1194102515191543
0.9007558409931987
0.9909869404603776
0.22457866639263974
0.4940359583620691
0.7218122439615193
0.7997990290839757
0.534111186405557
0.5192593791258082
0.25016515431505465
0.08045958023444083
0.8152518645266895
0.21645344839823954
0.4992667668990152
0.26257601812821757
0.4160285908134861
0.07248280448203181
0.2816861399714138
0.10775972830187996
0.4574926780714279
0.8360324993248059
0.36257770866710864
0.1407304035532289
0.6642642437279735
0.35842847838071906
0.18371124915899511
0.626575379824351
0.6980882957106793
0.9581062795607268
0.11012005075467057
0.3257617635372261
0.20280607508328718
0.7068298519941448
0.1406821884938595
0.6305697628304265
0.33652914992185156
0.11095748204389216
0.41945716627510504
0.7149355273352055
0.04043615856964866
0.8924974821156735
0.6863585114215022
0.014262539192758272
0.673495493363676
0.9623910646118148
0.013750245996512922
0.6925805055710184
0.9285494747615586
0.22240577506606351
0.7898133038897727
0.7515013893144332
0.1375787245241219
0.5322176555741078
0.930035572055335
0.08874229374575665
0.17259818647300362
0.03470588180621592
0.7249371959201047
0.12355517979654723
0.153518899620594
0.04517886146733613
0.5651505217429922
0.572224002485536
0.08544268544904371
0.8791961609922123
0.024231828267057165
0.5788598854193421
0.36523959393568705
0.31884572329605665
0.4250898934228416
0.6850452930772499
0.8208906117612785
0.8987814795595191
0.06767421814319413
0.056448691951637264
0.5769613893931262
0.8310215321736002
0.7535735375498047
0.9753512351453156
0.5757050342361769
0.18145238386730184
0.10743310477053214
0.8550974101427111
0.02567517018361759
0.861180299095186
0.4656068364212125
0.9358020879525658
0.3983632503287988
0.10231568293592036
0.7792186777573895
0.38021638526749085
0.848256626179817
0.3504722126915013
0.06181486289432081
0.7044752949355985
0.09284725593515214
0.925207473083258
0.4010467653365745
0.3505203715806248
0.8565030155649824
0.37482707794682124
0.44933198149117065
0.7353108786394156
0.95574716101649
0.18341994805256823
0.6101988593867158
0.296507358609911
0.9833735975903863
0.3756872522690281
0.8450276513457282
0.8951316411456633
0.3349589554313684
0.60907324372962
0.1391592293613168
0.4327778596228464
0.01371495452411986
0.5429012395336674
0.18685007147940008
0.6942692491258842
0.24825762890257785
0.6306635311566664
0.7813102673540472
0.23622568272438615
0.46275237156249477
0.9943091269385635
0.7290686327508278
0.6078275452841594
0.5500271575481894
0.7083186628203706
0.8471674617111751
0.31213153473219335
0.7156285645471885
0.6465511705774547
0.7471966120750864
0.6946143404091969
0.3844283795302783
0.026292522591279232
0.6619350706391385
0.3801907874865627
0.7912711515020498
0.921630830053167
0.52837527814916
0.9707728378104368
0.9132861791183076
0.31222946997365414
0.9051639863504155
0.46250652204801096
0.34386979647954913
0.6837633829501475
0.07300066173959502
0.2451441268974544
0.5569770874024147
0.802730032768542
0.843292723359953
0.6055791171097817
0.765244604270017
0.051041445563903276
0.18337426035204002
0.37339179709439474
0.23659870777771025
0.6247490637202508
0.7558531444098897
0.7183237839256106
0.501386869552298
0.9764486759934914
0.8651589191627038
0.13792003061762348
0.3557020707095417
0.11235774249181901
0.10612183155780524
0.35814703468322673
0.9464533529823207
0.7427528630600265
0.21742114685556874
0.21061644510045446
0.5098682104168323
0.8284005528579699
0.25699861532339013
0.5471136170090951
0.527495504447888
0.7658095989262523
0.23704105981661733
0.9054507800975273
0.16241030267673767
0.31057859038410507
0.7828933370668323
0.9502349425130716
0.8432047873597345
0.3508079288699528
0.21327134371406992
0.6779609554977275
0.7744824589473436
0.8114902447981535
0.6784021675040118
0.9979104116733122
0.9699552895138694
0.2959890978551489
0.6382262880801496
0.578657443141319
0.12787660169332343
0.5521608321159561
0.014554806126246655
0.7845527412012068
0.29842509849550513
0.48836971657334466
0.8090823090004051
0.11737740888966536
0.8287884527813467
0.2585921275947459
0.843413642285813
0.8254287073625481
0.5140773626639783
0.8860005001263791
0.547771153361849
0.24561981603766236
0.23083415296241055
0.0008632218385014601
0.4018061989896928
0.0037464076694169734
0.5847825939200637
0.5312920547600497
0.7139469799738125
0.4138927051733856
0.2655984884285344
0.6043138485701184
0.9149722642630289
0.29002042089138224
0.8688633009331479
0.4899386311267768
0.4370086637496789
0.9111039717602367
0.9189962014827955
0.15234154306424363
0.5509066399692564
0.06574595662462257
0.7068422072811478
0.8599713902669892
0.2429584847357837
0.9430268230184817
0.3417275065964658
0.35034377603042527
0.32617910293819835
0.1334134302469278
0.11017535552219171
0.2454722833267246
0.5018785519009312
0.15687114969978588
0.832109061649522
0.7703363586104874
0.014012593970770648
0.7448945582224737
0.4102513032221718
0.33947979690319224
0.8718060675934653
0.5689922364755084
0.1795617205192535
0.24577938621436357
0.35540089057016633
0.230231316452071
0.9809377603859596
0.5106179071796615
0.6647888831621791
0.10276778203675008
0.10703630563737054
0.9361419460777833
0.12404725208003275
0.05885895721562184
0.3979567066783307
0.5379793271033588
0.31090232871342166
0.19367469360511141
0.8006584696353061
0.8307368748924946
0.8459049540780947
0.41529438642429023
0.648369520421614
0.8887945052517363
0.3460088755341075
0.16859687654660377
0.7648742758535953
0.7113566535566769
0.22410118952986607
0.621321093003829
0.2534530422721137
0.18341749416840836
0.5990416253288553
0.35639511498393084
0.4913772799876741
0.8432420345953235
0.5700255403982544
0.9867019433024421
0.4182482210463171
0.7421598674173457
0.5045929799099961
0.13677057329867848
0.6800988059759123
0.9139142620555376
0.7913642029157706
0.9204510435204944
0.571062178917261
0.35850417939094464
0.716589794687772
0.38445283187940615
0.0005422766333233464
0.9894023788436841
0.7378613006003067
0.38469586757144897
0.9062052726715531
0.6932279422295925
0.44883614980733893
0.015744013084208696
0.6317431990045077
0.5073968277613381
0.9555884719464831
0.02316112531753617
0.793244133533743
0.9339695952618984
0.21820509070866734
0.5944500560600643
0.06913575062094601
0.5768605022055576
0.15050404079649787
0.5463053040939223
0.16605226597382983
0.6147675568072078
0.9162604905824055
0.204230416990765
0.9366074437016215
0.10362863532964234
0.9120829525971895
0.2051413547395935
0.2549390278171181
0.7401036661115063
0.3850903976736724
0.04439757751600065
0.7920230034718936
0.5115286724540371
0.4977987659207932
0.4357727493466545
0.2751386875562083
0.6079823399516204
0.9231330161815516
0.45619739574952467
0.16449870294631208
0.07855143729244751
0.7292389830389387
0.006676035494261046
0.9349404221625263
0.9765765318866939
0.3967766576292231
0.3366017459689065
0.3117084877906795
0.15760477031043402
0.3006348859927946
0.25076131161927184
0.8767408060108571
0.46897191182410375
0.8835147779248915
0.14664457453705693
0.4355030553779558
0.8013809907597507
0.050587202927094455
0.21424170731164405
0.4142998367535125
0.3605403799558269
0.02243756737360697
0.9713326728417095
0.34412315087279654
0.5608693346286592
0.9977687823068251
0.8043432522084668
0.17948184386662924
0.143474291754229
0.4978411231784618
0.33816241774762395
0.7992884418997048
0.4770447312273565
0.19138565566366578
0.26788627315400975
0.5417625529479378
0.5130124969074139
0.3317355562072589
0.7512736946660186
0.03644300738687978
0.5352639775164898
0.6771775286552148
0.5827696921238108
0.9137834018940486
0.6698896024107204
0.9110333260587464
0.14827230216477072
0.19643891017416115
0.10190081818421653
0.12973919656809663
0.5943893832066314
0.3062346465322039
0.08353957387037264
0.9251989364123874
0.7367520643997626
0.6569390044611505
0.11275097195333522
0.9519439128721099
0.9790217637019186
0.7453481171412566
0.1105849995541967
0.6401413778280158
0.9175478869609785
0.5018201310342355
0.032738399782394956
0.8922501212748362
0.366204131529179
0.4162812863714036
0.11314326908114946
0.1841303940999937
0.25175097868843893
0.6168581754488511
0.8564541646414048
0.4806727028184489
0.20214273401709903
0.6456735658767871
0.9714808459982501
0.7715180673656399
0.6785176575908016
0.14997604897344907
0.6690590257891489
0.834200047885303
0.18617992753191625
0.08665628727952779
0.13554700162066124
0.0400466676873828
0.4407027063766862
0.3243359147346064
0.5370810464522135
0.6324381456322387
0.3623516700579041
0.7195974747691072
0.6099181335041536
0.9275243107371837
0.42534880376497003
0.8425569163101287
0.7486394733167307
0.3142630416983737
0.19806663540896063
0.5318628537797918
0.5166840247498322
0.7636494698855201
0.8760631125681115
0.3703396380773245
0.6726261481064908
0.7962627412223187
0.23193810550248656
0.9898740801154386
0.13080718613680847
0.5027656963336701
0.6843123011202983
0.8377785284862711
0.756375691031982
0.26375003094816707
0.122799992704478
0.6667456898437263
0.5324867080632113
0.27332773887791034
0.7166673509906675
0.5466436086975079
0.4313556605046507
0.8351272415768436
0.18193814495172905
0.6387818325602489
0.27105759665315954
0.669860353614431
0.8850292226624317
0.3219126493252037
0.946408059286102
0.15038439061454672
0.7205682744841988
0.5141142175640023
0.6849571364940874
0.46319104360235635
0.9168668252504128
0.1958350669447162
0.39807329088369836
0.18451187961177318
0.7945916889704696
0.20676230201708606
0.7722893549448829
0.6547379778154813
0.032498358212527
0.36280880133668885
0.47752790283465873
0.836608899197307
0.1786601472329007
0.8193971841577623
0.7565188585330401
0.05063429587249718
0.9864474152483709
0.39335152570944026
0.7036673808776033
0.09546897284569017
0.6515809922783707
0.24809033867311592
0.7418253510745729
0.7814701782614807
0.1799050189232873
0.9454472087279218
0.1618652002684844
0.8324237965078504
0.9250938801159232
0.37232842260716775
0.1026500109026342
0.4434337060091928
0.8013288979799669
0.4615494737232562
0.017939320008750425
0.5222265703501109
0.7980504023535309
0.9435754938016494
0.5019650256627182
0.786632042247864
0.20221115724951116
0.5895230160550031
0.3268575907382974
0.4427562069739689
0.36802767891142274
0.5356638441682622
0.6827975626432258
0.12637394100356164
0.9650457303551091
0.3158041179435201
0.9057130795218282
0.15432353413076966
0.38240740883399593
0.17029468175620932
0.4275392831094674
0.9031949778230748
0.3705267092408998
0.0490618011413384
0.2905006518960154
0.30936081297372836
0.06095139220781981
0.4809298527379514
0.3295728909514292
0.06740664539915275
0.22100895189504355
0.14264057107924605
0.0462261608580844
0.09327579044426504
0.9719049478378199
0.5283561092231686
0.2717466937282166
0.21395073488806504
0.2272621256295081
0.5940662816801248
0.9498793261181815
0.8472516329121356
0.7936593849754717
0.6312027675718796
0.756228632891889
0.6433400454964815
0.415549427098111
0.9098961452567501
0.8158016793731788
0.6737738069294237
0.044004853168252755
0.8246944233041858
0.48027092891166256
0.774466802053446
0.26206228170164564
0.3741943012026026
0.9829807297047914
0.07566528029490743
0.10900469499656995
0.8109196455086841
0.8024166527948736
0.5850599907825065
0.5117422896386641
0.20891401632067163
0.7338017360355349
0.9294113812350575
0.15352270399850826
0.5138971343077942
0.9936794256050334
0.005572907308098285
0.8885215238103583
0.364468038532719
0.16378811781081431
0.3435552604897968
0.7454344311750685
0.6027203797660445
0.4182274494399487
0.4422820712318883
0.15401267408082192
0.9287680166265024
0.27186203612699683
0.20294563311069552
0.2755538194416596
0.5960622946236884
0.03810333596585014
0.8553788795442729
0.2216800127159727
0.39301453386045676
0.29065611314382467
0.44961762927573156
0.5053064249025143
0.41132089276930783
0.8865106416725689
0.06783511222854582
0.28352267177712753
0.2625187835673318
0.5264077661216625
0.4010883005431302
0.8241805080390825
0.4716873778003606
0.40419870633086424
0.23082370330111895
0.15630130787534963
0.7508373414440286
0.22796723940594016
0.656847897695767
0.04898713075449068
0.7344177769152613
0.7834767894986199
0.6214758645682836
0.30433953702913913
0.545501088746164
0.2544507026658614
0.3938282021030345
0.8469606503985425
0.2535895105629825
0.7143888966660434
0.19875588221063611
0.24593123365803954
0.883619610689446
0.5610696290949035
0.10162914968623865
0.11473078024296096
0.14062402191789947
0.17758046497523394
0.5932349305206848
0.3003851621364078
0.4256424409260642
0.7726676020880498
0.058285018238553754
0.8951974398932813
0.03585680817708692
0.17838825912605582
0.4565449360574113
0.8827379343570822
0.6655581895508242
0.3644960435000506
0.09735141346031023
0.6643397774486455
0.45443605597889053
0.5666845542714273
0.34629398928020444
0.8031667729050671
0.8658129590328454
0.21975978475694863
0.4670943058341956
0.06999039690610154
0.6198311000054001
0.3370070943497045
0.5722243108489078
0.27813321112670885
0.7552292308138693
0.5834640894091638
0.8325623425252691
0.4546063328081384
0.6482320672551302
0.053505816975590204
0.6793942286742054
0.6102889228471309
0.47820647423209933
0.6820940372225006
0.7213237572108874
0.7440676826954838
0.19712182546569795
0.294237822161378
0.4941653479937314
0.7441751371216557
0.5334848132495183
0.5286577629113741
0.9636490461460878
0.534535428188023
0.9413015497440287
0.25934166912221956
0.9087760390072914
0.15474666313592017
0.6907528350035423
0.6826247092050703
0.9279206923913317
0.4593995675974119
0.48965119352194364
0.937622385304967
0.830282718644515
0.775751894958735
0.12338098369437694
0.9842901303063031
0.6020512368933157
0.16834886365153628
0.6059060400589183
0.47607828307014915
0.9696499802178093
0.9250000410545202
0.24556159775189956
0.5330970911145616
0.8216908479605942
0.5005932882561962
0.8467306168845767
0.6469009942436668
0.39677091714877854
0.43354681787421106
0.9921369853646638
0.429447351010414
0.19600566919826656
0.6842707398203591
0.9803712276338055
0.5564798514953765
0.037198944115421795
0.43582978910152703
0.5293967937552322
0.04953205347300199
0.5318083395873443
0.6440689772346202
0.7991683501394394
0.9909419783323763
0.5363721302574419
0.5277847649621441
0.6351256984806948
0.8727139418777325
0.8068216938268593
0.7490941113359235
0.1892101738618569
0.042759168235388056
0.16711164208491302
0.24997431278750348
0.2361830741992232
0.13099187000949675
0.9928570030967145
0.5830170263565686
0.5704084398387569
0.9129530302100475
0.706175239947118
0.10275974481202155
0.841895401235325
0.8000792419567446
0.27968817786656297
0.5685288151455243
0.07027794191613379
0.03342943285272604
0.45564726551932555
0.5505478765393041
0.8615430805605186
0.7016273846150371
0.500402812346266
0.5281365447807197
0.044700863619593745
0.9039736310704358
0.8349462392529612
0.7221436720616803
0.044222705820028074
0.7361251857168887
0.8090116747424441
0.5133306710536238
0.8089572833499952
0.28843729009366653
0.21923146426874707
0.7642400957456902
0.5293660142620917
0.5160063321673565
0.9110976905547323
0.48415518375149424
0.6923029589326233
0.6646486679871264
0.9499897370118144
0.055076491558808394
0.24619686694899728
0.9184952394583233
0.39828574367948094
0.6712119018014453
0.7793757800832337
0.07257716757194538
0.6935835276207513
0.7352966045590723
0.6504074987328894
0.3277230181167999
0.9873145176431599
0.7021301231362942
0.9517120855018553
0.755283485436701
0.5735418160112651
0.26303756209760553
0.036335183484496714
0.5856447206970944
0.7144916384032705
0.824532746597824
0.09265405061845994
0.23718679619353117
0.7523748385930058
0.9502810819926071
0.912920700344145
0.9212891295905008
0.3863133745666352
0.8075303724859336
0.5689295326911943
0.7341799351610849
0.3886940769065481
0.6874981544442835
0.1817297502084933
0.3778722434806744
0.8370301452870013
0.3537743612335736
0.3521853669397369
0.04012405860876833
0.14541856055985625
0.3136184016193571
0.10531865234300686
0.50730587545525
0.7939390656147927
0.10410028603542332
0.3937557053054394
0.28425389748093843
0.6748489610375513
0.33835537285049916
0.30422546660831184
0.35163246472251586
0.4011847758356586
0.5667929787023342
0.11594637289436571
0.2040249906032452
0.7563905748393351
0.9739191321162243
0.27086789726747873
0.9809173994597008
0.7028498777029108
0.5535043475244646
0.13311653939695278
0.8279339350586778
0.012706385673538545
0.6831472057567878
0.13862919464289458
0.1071301203797489
0.6361161011659152
0.953855334053195
0.5658391685534367
0.7128431477689346
0.380081725119953
0.7010852657180755
0.694413287655191
0.5435452988178502
0.3352775729283068
0.9307531764088772
0.561421136902126
0.13034120949628525
0.7587814569922996
0.23704882862057497
0.8729503374358569
0.5291951987371203
0.7973873961197697
0.8684552677934116
0.8840646003636623
0.8466701251140605
0.5191812085397872
0.31419710380154553
0.2211341424863874
0.18790460213637083
0.21031867772196133
0.6554108187928973
0.6879507047893205
0.3907506942955208
0.7894536519492089
0.4536502818033497
0.07067246264101917
0.6414395003916244
0.4940215371325796
0.13391166057812365
0.8365268055192637
0.9548373599968491
0.7005913183088348
0.6601815789952885
0.40733158427248433
0.5463008080797342
0.8557569680125403
0.7985832821041514
0.38127872048718686
0.32233358359769815
0.01454704807838969
0.416515221768481
0.675056369086477
0.07369435024453663
0.41008914267961815
0.07574756135132754
0.06326896212514155
0.4672992295590382
0.8112733553354057
0.6432616226611989
0.0032471126695563512
0.6022083237745419
0.16441722863390573
0.7656882650825336
0.9507223645715543
0.7201809749341206
0.1604419700297226
0.8315210473381951
0.5954742651463727
0.6427295918860107
0.9208279451252824
0.479850624422108
0.5759403829870671
0.6442972899222403
0.9536248392417156
0.8051869390997584
0.2679125002984252
0.7651299937539693
0.8950502758002474
0.15500625817162883
0.18482514993037724
0.01760881481130605
0.3227177659943462
0.8199802482728095
0.3757752413795923
0.5462538457457871
0.10329340515082524
0.9764147101898035
0.9622947630390913
0.5643059067416103
0.32038797779048694
0.9562459219838985
0.6160308729356109
0.8087380658943195
0.8177492314729629
0.2920127498170721
0.3468708479895751
0.3307440661528083
0.7883268965578738
0.012542942644611587
0.44468203371009995
0.6701959900318202
0.6415406544422874
0.34966281715617053
0.7977197703979778
0.8502590126212071
0.5890893164914592
0.3570589328135076
0.09688906720740281
0.17229625534227233
0.003896993739932797
0.9394917659145503
0.6274286933733146
0.49139214602640785
0.6273002502996492
0.44388080789734846
0.4482189989178101
0.5092679054350182
0.12633757664882417
0.27335121483938546
0.7637977761536896
0.6340581664796911
0.33601072112471325
0.9511526619938082
0.2053012397100185
0.12536310387321087
0.7606450186911888
0.6834307014292558
0.5539297366135738
0.5681856075796404
0.5539837196656558
0.7481520516887489
0.16417129126412966
0.20080848732538342
0.2494092017000713
0.9720548930738844
0.973897957589223
0.2593619036904905
0.9696915851473897
0.14831596369308658
0.5245836940282373
0.2957766458564996
0.709923343010461
0.4946962541969835
0.8572745647011158
0.3760140624583733
0.5578060482909477
0.15524784347388204
0.498575415340812
0.1719088546590401
0.3922133650537757
0.3082341302556536
0.005799525235335334
0.2226562317101098
0.6839622359067692
0.6587367137196493
0.7015610411365087
0.060920250442551394
0.511981813754989
0.9664917850071307
0.2954721845869056
0.4737353846866221
0.8035778342876041
0.787819852926774
0.06424089809709371
0.8998188785307286
0.10924756854375583
0.7950824524791645
0.14134633080519815
0.852606468634971
0.9305086625942951
0.877920089024067
0.25360348084098666
0.3022697182027813
0.7334626259064383
0.7275957798673408
0.9343102074697108
0.15016812522709244
0.30132193164207926
0.7590891149924099
0.8413032998372405
0.28563492233834714
0.005887128509869832
0.03515577867498376
0.3131326064145269
0.22769033155452756
0.9109684579071198
0.32238799688051617
0.7076954836592656
0.023221695552380794
0.3600040596595005
0.531381671494823
0.3850562630893715
0.8983651856512211
0.8456349777757508
0.5714361060851226
0.4198084114516011
0.14126881218599152
0.5107545627812154
0.08478279272625466
0.25822000272524864
0.8321121443154895
0.5885580069447864
0.6161597990335363
0.5715355639387194
0.33020326166959213
0.4533755105804352
0.5206188225939621
0.49919063284986686
0.878168769545167
0.7245802223573161
0.3157720575103991
0.3243277831674895
0.2896981008554309
0.04262019043553156
0.24425662079514482
0.37888595208974146
0.4499985260503229
0.7192309494180791
0.5280142823814347
0.6366674385113797
0.2770628257472229
0.4531437195032982
0.1680548534594431
0.020170217256179012
0.8670465706735594
0.6981116089382581
0.171691599242364
0.9206054022806729
0.7784975471149202
0.07183407471996067
0.7738077281775828
0.8104031220023558
0.7978750799075702
0.402367851840107
0.5595328575698808
0.11364237344496708
0.07274218929007942
0.6228703399995941
0.39277910156334217
0.6922236700268902
0.19920914202164946
0.746029090784933
0.708406551517713
0.4042356800549453
0.7066518960470278
0.5762891116927873
0.03535806921389767
0.19585023825499043
0.3954245327441213
0.650997197733039
0.583924011572727
0.099212759868267
0.15223000815160814
0.14084061617864785
0.35236747017121705
0.326177836718255
0.19300868040915237
0.085465199533728
0.486461016983001
0.3713727142621777
0.16464980765857534
0.391915439674795
0.5600564567277473
0.6679541548621439
0.17452599422859644
0.4815475207618469
0.035629077589989344
0.8755570045525299
0.6107963078577465
0.3353234725672065
0.41080838659042234
0.3223153823757463
0.566618872773203
0.957902855493421
0.4602277473182505
0.4714707342305838
0.7878591833671409
0.9577060540262445
0.5415952739279164
0.5379631148760857
0.3265755327962283
0.023130930389506032
0.15070910247085956
0.5415355899625717
0.5015084284723047
0.5643627143197604
0.7822101196451008
0.15026374604881903
0.3419960984183584
0.6857244903752555
0.6811856986552058
0.642055836434622
0.4231835811650288
0.9552737054805684
0.25530830898085704
0.191551295224405
0.8880879753229851
0.1463577357557203
0.7580131730149089
0.47597847141563826
0.4960281121565233
0.24009957245286934
0.3502892961903673
0.28591527688256773
0.7371219090025503
0.4982923222632496
0.8019788912742298
0.4255289696483408
0.4090000137586423
0.3429390485071685
0.9030499543978385
0.6917545647894221
0.5645799565959663
0.1116824322747822
0.12112775784193752
0.1330036660617145
0.40868990106087283
0.49762644881717444
0.16364066509445968
0.1053786821714392
0.546526618620925
0.6275599281110601
0.881256480447588
0.8680001733874558
0.9683779247922895
0.2843499838239639
0.38385558869748543
0.5889376308181058
0.2927342670088462
0.7372809131168276
0.3311075379423375
0.6693670821140484
0.0838606853616099
0.008371939038190667
0.1067881422164692
0.2359616718910011
0.5100943429889871
0.17321508768836957
0.9892941241107952
0.5001540286619668
0.21557940648636026
0.4716323403460096
0.49038320367363697
0.43779218250701623
0.04084534574546206
0.5864588720448719
0.7499872825984238
0.903843651659828
0.14658065848712237
0.43801705519478423
0.2470170506979732
0.8641848779388623
0.17014907421782493
0.23735384309744206
0.11439652442744585
0.9001463992704112
0.2758407741738729
0.34307173638270255
0.03113637040078454
0.5213665793799447
0.34754613179309346
0.6745915205422075
0.005075102227569905
0.10863967391875279
0.11648538523612878
0.04894278607107588
0.35698768695373095
0.5008269996559724
0.7168222046886389
0.8286858371897823
0.8700813108855911
0.3385324226575589
0.01843518853629389
0.6953266983146735
0.37846830928380043
0.28212652193941884
0.0988161125979517
0.19559455590022812
0.03402690305850392
0.13283643973001435
0.38500919512927967
0.9472088273437067
0.11313009687744341
0.7030012911122967
0.32170113867341604
0.03627085265180202
0.5030440898370185
0.005225724258518694
0.9030167762987594
0.19017308517913595
0.94236735844989
0.9600471553521972
0.04327061134107074
0.7679263318379053
0.6807020995201202
0.35786502178368884
0.5558697706090004
0.474063597188465
0.46982004363612506
0.2532631405624208
0.4597592710985222
0.9727866821446555
0.7019048206669175
0.31848889630744764
0.4392457837234097
0.2557797036796947
0.07002355363541485
0.9377363491237222
0.5457313836151164
0.7001213173345944
0.3418005731669344
0.9850124652898287
0.6488340604727354
0.24198548887750237
0.7093363495923126
0.29574902146785386
0.7195671434614058
0.9873281469590158
0.706735365857028
0.8159552299349937
0.7596951093528346
0.8825151694999678
0.8711766287666813
0.2925892533443706
0.079078378215792
0.775854795247396
0.16428089676763496
0.15495906988615843
0.6667653509015305
0.3152554087959094
0.6675993851114027
0.9293466623491294
0.601784892384414
0.6477374616251827
0.21936838258033608
0.12768171173034193
0.806038040914986
0.8132860782509574
0.46924504607921396
0.05597404582582527
0.954382814784742
0.0585387820866215
0.29355977512795594
0.39934702727998855
0.025951676623179376
0.03506047694307507
0.6356908569910202
0.7578964838964779
0.8059359200252043
0.9924657768404543
0.6144873136834468
0.5312331990861877
0.6285172448183313
0.6284063780187501
0.17823649163447702
0.6794490228644681
0.789321507523439
0.21544928443336225
0.6724928032307096
0.9243802618874406
0.34971540457186734
0.9891291246121155
0.43715483318248227
0.8974242325585551
0.5054618124207846
0.5519660310989254
0.9514978543109547
0.5887979717670224
0.2986950268636993
0.22499800684248217
0.10543948978204892
0.2080108585431522
0.2148723939998609
0.8613846871081945
0.8911363666043355
0.2264555676022454
0.12530415023179986
0.6258972576965378
0.18108000752964926
0.9404048813897416
0.11105856909511558
0.6396170029902937
0.2871804210599437
0.3663343952051208
0.9354848082934639
0.19092275414437765
0.6798962893041489
0.6603741406047716
0.3202913472790524
0.4218554854325694
0.5872909037120916
0.5398249028583711
0.724062829224426
0.013205846977295765
0.19096324550335414
0.3770578465847884
0.02229395394047251
0.4121786349481876
0.7891240744247432
0.7347489376680991
0.3444638730574206
0.5732454317935338
0.6066570547701315
0.11628220152407909
0.33637023784996106
0.015805201395403423
0.8978253478226662
0.6162890265257058
0.28488707883254765
0.24152963619114476
0.6093543252497352
0.9736733669639042
0.8675062691210773
0.19977858746982574
0.14994155553052207
0.25310538856114223
0.7704673751194833
0.5412282393194563
0.7468152252652049
0.010849114392592063
0.056976263974997554
0.8578626290111916
0.4607828414944643
0.3369223815065374
0.9609578818232506
0.9717371802218413
0.17828201178821185
0.6079701991451898
0.731984220448167
0.6054301318404232
0.8022656420466887
0.13386533374325332
0.26346355737643057
0.4438563791546985
0.42332417087853635
0.13593300635349004
0.4988724498794823
0.6801252486821603
0.4682677124977003
0.655829132900574
0.02975738139378664
0.6273820830290281
0.6954612892704606
0.061484475667514415
0.8744281461726904
0.8740811243173163
0.43452675249957873
0.7901598766816563
0.1577102827715362
0.7618950001377007
0.6525951208737103
0.8485406188059856
0.2998195092213651
0.6734738962461377
0.27011364784436065
0.37593058798121193
0.366366077230212
0.7315255209964796
0.6462819114878728
0.26898994585596286
0.43169238940350163
0.031194400775222897
0.30751175055566027
0.4650926389719631
0.1641927323167643
0.4544772569342822
0.8018763002116058
0.9862630361480753
0.35495888385141144
0.4484187798423968
0.028333226113519794
0.2567837334874411
0.7800411009302675
0.8880900181720978
0.5115781476929155
0.5249493498354038
0.6118090413937655
0.29085931241586404
0.8717040573086713
0.44307397689417044
0.5763424376615918
0.2002237573239789
0.17241330795330506
0.9897427953992144
0.19147702119379145
0.5154766248033465
0.9223485659281398
0.954431139825837
0.71407593214366
0.9077444175203015
0.25117985411955495
0.1469970784290805
0.8752928210022781
0.23343458508117404
0.1854049933395962
0.34318645498268024
0.08903751782329783
0.0328931701085165
0.00839080087296784
0.7321721569107912
0.5815509759287478
0.7850791365618738
0.4050032880237398
0.2932820645445763
0.8089411940765856
0.5783201636708106
0.4632447184658409
0.09645311521693495
0.604727310121837
0.25272232708145264
0.6336363244724474
0.9945815728850527
0.7308841461557527
0.8715641016758402
0.4316553816978351
0.5558225994943335
0.8935751906910212
0.5870127033432412
0.009355802084804854
0.37002475135418555
0.8287068226584284
0.5797588263833067
0.7193717779214903
0.055868167621406395
0.7626323401836899
0.7726734351329116
0.44782416396275554
0.3939077566853626
0.40977933323838256
0.44534825239556985
0.802219725502973
0.01560568525377043
0.6816695638174521
0.7093893349162501
0.20625368365564783
0.9895701072342482
0.45074538957850823
0.043590823749779795
0.57549622191634
0.4636001397576075
0.03761268247496685
0.7336240817549383
0.526264011326639
0.24476958861512848
0.5717549027507296
0.11263478951594641
0.004548022491854153
0.8296650445272974
0.013468748264404473
0.9571488560301204
0.8126894354236559
0.9330264931304575
0.4187167617320993
0.25694548297030095
0.758565401358573
0.005421734706331449
0.9787880087414815
0.8480636156779133
0.05536710289909896
0.5792182639759412
0.47310273111312556
0.0748659626393019
0.15962260677761608
0.5369997007309755
0.03619270032146127
0.7300923657129574
0.45093742798395525
0.5577058927376282
0.5588339592399818
0.011092218910092155
0.0289960927914929
0.06315939855143576
0.6185040363942261
0.12593355861190847
0.4316880033410228
0.9612733311531485
0.5657812322670237
0.48484404745772896
0.262791841945512
0.36211857491657873
0.2809985190995886
0.12044693635477516
0.5584721504706562
0.22916117252131174
0.15941025301971806
0.0945131470875708
0.2189130435458766
0.6203635055987658
0.08332498125413895
0.16945801502593782
0.9847334641719279
0.772475696094143
0.49610314347434703
0.9495693979568234
0.24739930437474716
0.7867263302311742
0.20561345385918483
0.029961541399203484
0.44866760341661343
0.08525478688059662
0.21368755033742698
0.43050676228962753
0.9461687494591333
0.12500975124900543
0.6933072321534673
0.7375051410351855
0.0005524636467697519
0.07947178321783588
0.21670445939894872
0.9276099162865938
0.9741941562862826
0.328440351387468
0.47524926171724146
0.8065342824243957
0.9222780908867322
0.6322585596483503
0.02594604226302566
0.35932299201323325
0.5041444539853979
0.8092318009532269
0.04955428092134001
0.07948005610110997
0.5461075807137166
0.5836291023497646
0.7117947417128925
0.5210016012981212
0.6465228090994444
0.02653909383820563
0.48179771829322965
0.9003707852279763
0.9297001175868884
0.6729848362268396
0.6808950049955188
0.564829427292989
0.4273324692793974
0.966085243679917
0.6100529040282574
0.5387488734441694
0.594427565217148
0.15268291993432254
0.8356885695342662
0.16168052964854707
0.15130182121798202
0.13474156796133857
0.6013074712835169
0.03967397725757538
0.7840156554440725
0.06694879401718157
0.876344989751625
0.1457088463986187
0.23269963671486504
0.6833427567612185
0.25379060706537093
0.9255940242578113
0.9505412049287187
0.43441422451391387
0.7646182834334285
0.6924458932200699
0.8257720339708705
0.521018185498665
0.6897420469745098
0.4258649595395964
0.4248165524150481
0.8225620713301062
0.6191611441727092
0.3311880053253705
0.8368321615307913
0.5343204858436802
0.3331542910803591
0.15970083474553487
0.4781923813730648
0.052359027453228735
0.5618279894800778
0.34245445420610904
0.1500340239389471
0.27443277080755795
0.31701919968432673
0.44833523015124954
0.2328103033156555
0.021357621645775926
0.2844978701409872
0.34129757214275064
0.148861616714546
0.7257357256251901
0.7146101966492528
0.6821753597063133
0.12733640758041326
0.883548749314187
0.3559488270564329
0.09724615336902437
0.8653646667764203
0.019015830058040694
0.23933143649493838
0.41873014375184925
0.89520696287863
0.07424581184911177
0.5383146280151994
0.8916634547960356
0.3391721943529663
0.20259586785048056
0.30766506235427743
0.13709342423960613
0.2624176514913833
0.9182820159818082
0.6326554073042673
0.963300994403972
0.018315121726344197
0.4346691566063022
0.609747855110516
0.8247636034480871
0.8218873984803223
0.8098017607153358
0.6231731443307797
