# browser_rnd sample v1
ua: Mozilla/4.0 (compatible; MSIE 8.0; Windows NT 5.1; Trident/4.0; .NET CLR 2.0.50727; .NET4.0C; .NET4.0E)
appName: Microsoft Internet Explorer
appVersion: 4.0 (compatible; MSIE 8.0; Windows NT 5.1; Trident/4.0; .NET CLR 2.0.50727; .NET4.0C; .NET4.0E)
platform: Win32
vendor: 
oscpu: 
cpuClass: x86
language: en-us
hardwareConcurrency: 
deviceMemory: 
screen: 1024x768x32
date: Fri Jun 12 14:35:25 UTC+0100 2026
epoch: 1781271325465
count: 4096
---
0.3078015487180799
0.014277208625246951
0.03250596521501958
0.9883561174543767
0.11817952522614366
0.5872350152004672
0.29621670089225277
0.4572443998313541
0.4090567953840607
0.026223347594583945
0.396737023399131
0.3765052643447254
0.24735872572673112
0.7900597555450002
0.8373377801579518
0.9123622407044364
0.774722669043241
0.9352409798519108
0.4110829307628696
0.3636278467416797
0.05078640987490479
0.6671661074601709
0.8978095241025047
0.8009817555625586
0.4170998304597387
0.3522065056480173
0.9180988331066069
0.08727724401072917
0.30112390300111724
0.36247935482009286
0.942315664091097
0.15512690608894564
0.6698201178850038
0.07928312835278778
0.13345772999716315
0.3877456334664214
0.6636227324644914
0.6165045739543655
0.914470283821035
0.7000050950785164
0.2941249442579837
0.3419088634264931
0.8938456845746565
0.4488806482555894
0.4725995373680604
0.07207560724262812
0.057741648581821625
0.6159481365984001
0.051513320912743576
0.8958454557042001
0.9425157132063791
0.79931467297144
0.007483816350809691
0.9414931296996346
0.8384878246502703
0.42834390443454873
0.37166584385357354
0.044444692160411914
0.943906741804807
0.27176298337186094
0.022344593402838952
0.1952081513629645
0.7875103461839311
0.7482149965142872
0.9945507197499294
0.8512881894017652
0.1687336002569838
0.768046968240271
0.532802426239315
0.6822072554546474
0.3265322707951262
0.8361005909445143
0.7156181714365264
0.08335702012032142
0.040954564716961794
0.9274987105428891
0.11423285580598635
0.8422555686768182
0.8960066762778991
0.2118978499818458
0.6129895645665473
0.6698872912828879
0.9880225495937045
0.04640315474487616
0.2151676208690928
0.9201541100646777
0.9506620998576611
0.783318902288094
0.38554728600418703
0.7120681239705839
0.2858262317434245
0.8461341709668348
0.23979988899934118
0.8421673843717159
0.6391909985128698
0.2156199795795008
0.6808318683413981
0.3287380396106687
0.8397274210403058
0.9376406348107067
0.4034997422211053
0.16477766897008683
0.23448745979232982
0.515258600187377
0.5416524097515103
0.873236213690717
0.09310076239420245
0.07993888941590366
0.6152461500100693
0.7559223110012174
0.6308406253823555
0.050135342110954884
0.3503166606300103
0.30656478423638605
0.5047822733790638
0.5802678762127771
0.8908817312404074
0.1188700553511563
0.47448976254944863
0.47907632532281213
0.899386993873217
0.76201835949318
0.28683270940842453
0.43356297683400674
0.05109646698420395
0.5188928058674217
0.7439475164932455
0.3132125845545166
0.4678684626070734
0.5864371020832645
0.3440221600388698
0.048905072443137576
0.7080467067423988
0.32288917194268923
0.8464974687251974
0.08191279877484808
0.03173532240427712
0.3932396644628975
0.6064421030311011
0.660600874116722
0.7945156858893188
0.2121157372207933
0.5472722178580576
0.325925346246698
0.9877020392627434
0.9123920363018512
0.19665112975971116
0.771550922505873
0.13952174417317548
0.17818262979309063
0.29731826065854266
0.89038621470494
0.01914535782400789
0.6724687686001982
0.12276058722774224
0.22656132904013793
0.8442806008903325
0.46246943867407786
0.7770540573863075
0.24034878397014542
0.9830833505217275
0.7999626984937733
0.4388664881128787
0.7632557574823393
0.46242789520217486
0.8491178137804429
0.721527272424245
0.7714918950564373
0.9471178917537235
0.4709994570244566
0.06423376646328471
0.13824361006386965
0.23840814232141377
0.9717569618405045
0.34387765990492863
0.3386623609240982
0.7552468242197251
0.8006130589152338
0.7026393236021939
0.17620090583321796
0.9079365487299527
0.5441183046777053
0.9234117455256919
0.4749082025500642
0.751451870362775
0.20473866663637652
0.5532799083316516
0.33951998308527936
0.8144397514734689
0.6746955532733052
0.37469556936619547
0.023658866049760918
0.5399688131014859
0.5200790252430816
0.7546512871703849
0.6661842490086121
0.3453819060683829
0.6756064677772307
0.8640718010884596
0.15670868589695874
0.9111459950658196
0.41700061929272014
0.7528047896943958
0.17352440271612784
0.9423821321870203
0.025812441388228746
0.7900072725410847
0.0006597344911066227
0.3117973885773858
0.8906157838264248
0.03538758413241572
0.07551209030076855
0.18902986459121418
0.398852368262084
0.6936775483467326
0.34448052055920713
0.48895664694009133
0.865207301285613
0.9228728763182323
0.4112475484668166
0.730304092403121
0.9152468029838895
0.9161943597024631
0.15083653135536862
0.185938243995814
0.1971513102915316
0.35838627166802994
0.9322972438071644
0.0275029708535664
0.029728860587258543
0.06888244374090335
0.8438491221232929
0.019611937422289727
0.6114951512906823
0.8875346758239788
0.34653795624377187
0.20258978487139911
0.7134580173933682
0.6330119973867447
0.5959387515101234
0.9177969793775615
0.35734619478633583
0.2696437389389252
0.26616338448215404
0.4758618119841066
0.8413730120582746
0.2553928223952564
0.08640907757278249
0.7456820827254702
0.6172279679599011
0.4118104017826425
0.4575095916119665
0.950848089970204
0.9448402194429366
0.556236642453504
0.45442788698819186
0.00017759252356852606
0.9555597706886814
0.5671765076663019
0.24035563320014236
0.7503424988979057
0.7397536780679347
0.5156937174597356
0.4190613385808923
0.7011060311954214
0.3414161377419738
0.988829900529882
0.13435546621651972
0.757478308276916
0.09024297612926191
0.7554699788165915
0.7890176614175186
0.8581372100236422
0.5307223344367553
0.4807392376847864
0.10025744016022164
0.46575049837500787
0.3181453891787178
0.2819310231951497
0.8347565538883587
0.14237431007891732
0.8430420599956864
0.5371287177642625
0.9735676810682738
0.6918920772067432
0.018398344060121752
0.5070991476272681
0.2456205916635148
0.6414970395396935
0.6181137731313853
0.011698993352082298
0.9383135989942064
0.15551066126780955
0.7905085388749439
0.6139497298556236
0.6446447903610594
0.8273681550337778
0.8872917954732501
0.5081005470731751
0.13856363219773843
0.17939154524761763
0.546254087866501
0.5824131479747792
0.8837007537492821
0.11500965139691299
0.04504836521691408
0.9330657596384804
0.7753597007771624
0.014373539969505522
0.30377567454431986
0.4424885470179712
0.591631408034099
0.6418548366990622
0.5556930909105442
0.9036058778471941
0.28671845690849556
0.5427037926153213
0.6282132123229741
0.570875620445914
0.6980328387353971
0.14618245909772326
0.9804658399223269
0.9496792190720964
0.4583576367849482
0.36377791691250666
0.12904417108564226
0.0975307477199267
0.9053392418792587
0.07363931471055546
0.8601595003274822
0.7037368314070034
0.5628037690588439
0.5161715244058715
0.6742797075935341
0.7385537266961981
0.33186742032815763
0.2907574173849606
0.2384286842867599
0.518551763462807
0.8745374890001853
0.33986962977850454
0.23167510460342977
0.6218112371325235
0.7984769822623952
0.0343720664246448
0.8609408302812125
0.20473836788211375
0.15883264984406475
0.2325999729152342
0.4971105187787391
0.9217034342318149
0.48150249009564666
0.9758470458877047
0.3355257312970046
0.8293677366795895
0.9819456332780158
0.30417660773850813
0.7202983895194219
0.3694798494919125
0.9046138621242021
0.5290132132851673
0.788479882995119
0.7670856291480861
0.9403108456505396
0.18276006500571518
0.3879738254458536
0.9555108674008359
0.4922612416651631
0.7807266703163368
0.8021819434553292
0.4451390165146904
0.15639903654519133
0.4769401522504635
0.6747241083204283
0.3899209738734565
0.15736055030150187
0.6729528815032923
0.6691753222749798
0.4737176301638036
0.638894236311652
0.6475478731454856
0.8216135603614687
0.1379901231998249
0.6458760927261463
0.31528286258037663
0.2478744849098765
0.103016715842487
0.3548459305717235
0.2931025108432312
0.8527601941300096
0.09672937842294132
0.6109562994178369
0.55678780077573
0.9550509043561519
0.19842711616957043
0.11145255513902324
0.10280028679130243
0.29002012644840785
0.22903714583917195
0.6392789858167898
0.1961182400165779
0.6802550858729258
0.1752592228651777
0.5951325680171571
0.9809506731064059
0.7759362761141885
0.7218422516713545
0.7022623669698149
0.45875418947003876
0.6573309283954606
0.5844066937794563
0.16553938680611413
0.09676688548797513
0.7651074050991753
0.48463997671683256
0.754797941817311
0.6203123890339967
0.5781785316889585
0.2903564798624573
0.25217639975288713
0.8634164075124292
0.6941338255569269
0.054827568966650475
0.45416169098275466
0.9048168554965176
0.48392188053076185
0.4329512620449168
0.4512683648530959
0.10023819622380181
0.2902960297689164
0.2262451749095063
0.22175976556703875
0.03683916277048116
0.2186375037952335
0.61431050417047
0.6705453642614223
0.882032557697447
0.9291224945719558
0.9673286759890829
0.12036476435627952
0.07641453149313298
0.4808004316956601
0.0023166280056912125
0.9195956321429257
0.8293300407440418
0.20100286896853364
0.4452805534675755
0.2694991606503503
0.41564009571555216
0.7576036868931959
0.2920721327635884
0.5934434940035629
0.843545601926203
0.0970028150890162
0.22266510052597677
0.7716218084826953
0.06586152255457767
0.6773075693972544
0.7167344222119786
0.34700859779623977
0.5409242596697779
0.47403679688905603
0.9428341383815476
0.3717739888558452
0.6143542295976081
0.5647750044949791
0.5491340537689531
0.9081027977752993
0.8891844794662564
0.7095549936189047
0.07058961858297052
0.32334119025879865
0.47940555847204274
0.2353490832490397
0.7855831987338901
0.4266208676704829
0.8007656159817811
0.705900658525003
0.5044893092418075
0.18258678234217612
0.3427040115340379
0.3122292547911901
0.9532800690344186
0.2075813035704312
0.6865855683875272
0.6544940886446737
0.1272016381616639
0.5046140415129233
0.8879418914618953
0.6025022217197389
0.23271590219740418
0.9256734787684373
0.22421497100163773
0.21999955968190532
0.6103163413838069
0.6634125271369866
0.22453758854449657
0.3169839046961105
0.336490621277519
0.6689674295869726
0.844374056931036
0.05463138064918055
0.04001671816444724
0.268645248485286
0.6253836803614567
0.1690286653843885
0.8359434149994711
0.4094423965979548
0.6896586844413621
0.8027553514828198
0.18002007012191912
0.9018327514965696
0.4575272637340558
0.6374621128508278
0.8770045373866775
0.7479905976956642
0.04940143650064849
0.005941968306601764
0.4381924198668979
0.14459050961311948
0.434688560709041
0.9287936639407734
0.47667452370368374
0.03155221215295856
0.5245743540054969
0.568627395055518
0.8532438223582812
0.12157571423528052
0.5705242594325508
0.4238651045188774
0.8415370959080812
0.19003805584298022
0.4266393435205315
0.6945387137724882
0.6679104276278082
0.03079981552317035
0.46154157579690025
0.6440915344315987
0.3997120401209036
0.8906960794939086
0.16425266730299026
0.45403954307040955
0.3050296863471373
0.3839630394767011
0.7785696643555429
0.02245070838458907
0.48765423617899417
0.8575779652679868
0.621729582520258
0.39255228747791365
0.8129148159022657
0.9294670867359501
0.0956942042014634
0.014377323232011518
0.8832051702070999
0.4537620243128895
0.7831756082127219
0.8402133940085603
0.09643487747081614
0.4807624141216548
0.435561717523802
0.3337181632875583
0.6263031065478954
0.8739887711594998
0.1061904310303981
0.8329176141762302
0.500206652547591
0.12268607711515905
0.15995978553938356
0.3489047249347305
0.8187582015589163
0.5453653068336461
0.39905089476809546
0.8049078228850891
0.5603045390287582
0.5184466795839099
0.0845792687538231
0.9244991986185311
0.3444988361974441
0.583794785973029
0.20527920021156598
0.4630664333950778
0.9908948601910361
0.28991251698524944
0.9468650948549444
0.2432703214627187
0.701695356770065
0.4037872376526295
0.9495026224836673
0.5030646952956915
0.2222006315875959
0.6938591054520226
0.6058614939504761
0.3939553175961875
0.3881675417461391
0.8293080263857009
0.34851100278814623
0.07752623878925813
0.05620324252698661
0.06683255924706521
0.6029582332768882
0.7598639737713355
0.5314819579348671
0.3033201000690545
0.8414182062560686
0.176360910072608
0.2564871455855737
0.7612848711543534
0.9624439285317223
0.4934814138099838
0.7051455798045483
0.043676344867354055
0.0428338437707006
0.3294253840529273
0.1386338580828923
0.5456374130075565
0.36077272691124673
0.612225541228612
0.12230180171610394
0.2430183539926134
0.4729515426081224
0.2916666029119755
0.47757158131195687
0.6909289232653195
0.04345065879791543
0.5005155608415712
0.64833511626662
0.6603377105814836
0.06845988868073355
0.6209044261716221
0.29828657381586193
0.21670424295466711
0.11844786004720842
0.8533078057390704
0.3237908232082739
0.20185616240703902
0.22818245560609523
0.3084096786106249
0.36630264038207116
0.018799973759593746
0.10504284633433008
0.3462550531958873
0.339015822346272
0.3388808743093267
0.3973530098606534
0.8724338140475388
0.4443349214745034
0.8516833754555875
0.8670053283576971
0.5676456639410217
0.6519269703651591
0.46029106530087293
0.4444323333178209
0.5748465713294865
0.6315241920379104
0.38800076214883133
0.30902344761117856
0.9972787469706921
0.6903129618548713
0.5073121827037972
0.3343726369459627
0.6710377176070972
0.3516581337914278
0.8279916139379873
0.46528209661066383
0.06743158375205249
0.8300763448710557
0.4882339761540835
0.8522361075486018
0.8532392217077325
0.8067854509443761
0.7814246224791173
0.8590981846604688
0.5910756145828753
0.5908215977734101
0.7207286573572706
0.38107370660871
0.29742415012769363
0.9626295281444828
0.39471201000622513
0.26251945716580205
0.09249724703160261
0.7401956504338633
0.8994253780459526
0.9879703719639205
0.9739383490587532
0.3822074670639882
0.9458582695074564
0.23479280035731703
0.825479584332048
0.7483871602632484
0.33639735730967
0.3221630654747826
0.13202139495951343
0.4740610551474879
0.3798996842358942
0.06860848669706998
0.5142015608998609
0.28419072125732114
0.9722178199670705
0.07913782113818557
0.11837292551570838
0.9715057748731624
0.5074907854308566
0.023026557327520736
0.10201054931741982
0.6940421786750383
0.005241006370401591
0.034611964861880284
0.9399205913560797
0.7093041127533137
0.8392940281975386
0.9719915546890252
0.04322478811852737
0.6554315218478774
0.23676461275260013
0.9023079471995781
0.23094597506123554
0.014169436613346353
0.27882895990490464
0.8473419395032008
0.9231217505989282
0.4460993228421512
0.479729769770141
0.5194248596797182
0.5347246246998625
0.27550668919923576
0.14643710517031672
0.5052202599612892
0.441268993973827
0.5204232419018677
0.6286148401208099
0.1137139530928033
0.059836529803249494
0.5127961629273359
0.2570187933620334
0.8947906420081872
0.04335328500817098
0.3344006530757687
0.23817940738517795
0.6560644630636832
0.32130323544126865
0.006026600101276813
0.02419828307322458
0.6581694934726285
0.736664761233004
0.6106337060651312
0.7087145246293924
0.5525059010862019
0.32670789623373686
0.30558381262928774
0.8135732716628948
0.5404758754501826
0.8743919499506869
0.4847231496421541
0.42545560609393407
0.1795330679178173
0.21745443988327356
0.18800116614953588
0.017705200196716453
0.23890783229562046
0.9438841247455193
0.22447699053164788
0.449814145989955
0.016660167303733542
0.5253221755911909
0.3739780965197837
0.5755064456084542
0.5697507499264121
0.6440372799132645
0.46334045839216936
0.6100845545955882
0.38011005713602874
0.4544720877230464
0.07507297005134245
0.9086808439425956
0.08222414182732013
0.7869597368648247
0.13945333216286998
0.08928232920145751
0.011545109149576626
0.8490609898979122
0.6854765113229787
0.49787363277357976
0.49807307774418063
0.8090739125120193
0.5817409605764554
0.8577698165701646
0.025745732886693684
0.756619820846184
0.18527197956959163
0.5711870443206894
0.6058104272141254
0.9268103270206475
0.4344452891495584
0.5483258328877572
0.9711429791529582
0.7473524844526918
0.07158854472402592
0.6277180285094821
0.48851633781130293
0.22205010899259608
0.3615019843070521
0.6213153941466641
0.007111349476648099
0.399511146526197
0.8840538466664527
0.7687740581020526
0.2141009600678701
0.1924723846612701
0.7221700973367662
0.917615767058746
0.45192811131024335
0.6110046179547457
0.6409521701332305
0.059423461619389495
0.3669369171804081
0.5519625744688165
0.6593203327541013
0.9469551269655618
0.20530541312450512
0.6473958075684765
0.7524945056870329
0.39303651557489033
0.04976760969263028
0.316238099093418
0.2917883451465516
0.5093200663721114
0.799401338946093
0.08644460987374414
0.22760652314351287
0.5814734250926228
0.2347976185712472
0.45884752947099993
0.9521990955500204
0.49708822194470264
0.0822162523685882
0.06935246057460781
0.24064101470364074
0.6435755995180414
0.5928715092074037
0.6726995599450453
0.6616688367132577
0.9755422002692695
0.7872806552695601
0.5188647499568971
0.3744208230111179
0.5146163483694548
0.17964732583758475
0.022278029078666383
0.2827905981148244
0.889421148441885
0.49354076597722274
0.23438749468897246
0.10601860649303585
0.649367378160924
0.6076708516736968
0.5216991772728251
0.042309758715360635
0.9931661386119233
0.7293481501527372
0.024274327729230605
0.3516796471929866
0.24143714466436794
0.583257091874286
0.923767511011169
0.36489572359588684
0.852515701373747
0.22445953835119076
0.28544020316918145
0.13729403482834407
0.03153754917497659
0.9370850583718877
0.2551863846442805
0.20941606522220707
0.015107613797436303
0.5639532119560837
0.690457968834405
0.7108243391486647
0.9273350072706776
0.5274122876114402
0.8830796360061937
0.34911940253117085
0.6977433850278556
0.7479680877250612
0.8922941326916985
0.6630951602062811
0.9075422929480768
0.6448151068848187
0.14798056186461944
0.2871331215338361
0.5879715340667033
0.4111718789164353
0.40684005411581964
0.873350724495391
0.9329073915165869
0.7973611361957776
0.8484443348044458
0.7486824080716729
0.6076459722816798
0.7058644297066187
0.08339471842607071
0.3459867638338148
0.8367554549340694
0.0051201419231980405
0.11244026302995175
0.9414365883874325
0.7361157454449023
0.10262261204388578
0.8232555380876791
0.2548630572852692
0.4177403723624768
0.9829194423695716
0.440680102718721
0.025389318927338034
0.24070236216302482
0.6123929002750377
0.4565731788007343
0.7616026532042024
0.20746194904398174
0.8402503577169402
0.9570386046205666
0.4836785651568646
0.9121209821276438
0.18393809837205982
0.9376269172015716
0.4242842597344594
0.6356051205944027
0.1772315580252236
0.15122262001845227
0.3357528623779935
0.15250168732315572
0.280544152556125
0.2686765991798808
0.26293395122898094
0.5652573932547996
0.7055360811919287
0.6488449961734938
0.3842899957705944
0.013667098444778147
0.8898935502230654
0.8125475006454608
0.7982223473709689
0.4210607099553418
0.773187647265462
0.7940595081399318
0.9372743728536892
0.5333226304444159
0.4710115024632734
0.9041043646388659
0.6297737142122359
0.3828540705680595
0.4221331714162009
0.0799130607974482
0.6966393112709319
0.9668155339730833
0.5921910348258375
0.920770875641673
0.3704931103815596
0.36746313973019623
0.8574971503863193
0.7115714340637516
0.7548805709754116
0.7621190650663396
0.26380345556606455
0.22225073694719416
0.003317763183146971
0.7712930253284531
0.4574245974798139
0.8375748237612528
0.8910472903881772
0.3756980229737063
0.21990019564103241
0.6196066976290413
0.9767991368394477
0.1963806137627404
0.7024185175634028
0.2342793877708219
0.607516607176817
0.2769118606427781
0.6525125157693588
0.2838537508477244
0.6059217174109394
0.6325625146945711
0.6530783028418097
0.47864115052928835
0.5989582461630734
0.7386116114842935
0.15255515305092515
0.2542226972957846
0.5945649431195078
0.8184150945309674
0.8551452383184896
0.8944983004150271
0.5948952916758878
0.2615869971163555
0.8612402422752585
0.9562503737527409
0.7460143753885651
0.7536226476237232
0.8007613449684088
0.8075084603210034
0.7672673933312464
0.7305197995265833
0.08590770734889053
0.3898528709355132
0.17792849834833313
0.5854300838520594
0.32484799912838413
0.8938967983215561
0.14440265608283254
0.6490998958780041
0.8841784989485906
0.8975378059223105
0.608167283097628
0.34183630450309105
0.5655102245807567
0.6581716220622251
0.7228044970524694
0.05196008782623501
0.37033672109388776
0.6729120739184851
0.5278888783935426
0.23418462649169253
0.367373270924552
0.324963305152453
0.2181596715555864
0.9410860453426696
0.7478470860757154
0.4196412005216977
0.32832053798332916
0.5018062889984414
0.256757505095059
0.6801431854651752
0.6469737545559799
0.3443576421975411
0.3219138335668506
0.8210166931778591
0.6976102244809768
0.021373614908770322
0.36759794277862873
0.6463783544036454
0.1802403060421378
0.34387782055835114
0.9959874453175632
0.7302874571058415
0.8541648994199462
0.1536187307468499
0.9470146738263331
0.6282788094014473
0.9605499581306216
0.6717453177368915
0.006125347141500259
0.241911693008877
0.4328819952639128
0.550074346706815
0.31944038547870423
0.9122931308599056
0.824045775323357
0.7209275676289908
0.8971128066606422
0.05388539772998674
0.09068010508401053
0.8924927575198881
0.43821127848338836
0.656508935996724
0.11863089103103752
0.06888983048344282
0.9942504457570644
0.7813038441911706
0.1477353521568162
0.7875992640114986
0.40352764324787
0.2555143266894163
0.059835051186263866
0.861637001379987
0.8747143936611146
0.13131213569666494
0.8308294491145352
0.2898363809779174
0.5756902532733585
0.11547672162309796
0.31574591532172225
0.6558242441850572
0.592395562953677
0.09960125191819219
0.9352159349786581
0.7747549828077328
0.16251894359483276
0.12459514453988313
0.7624116602553469
0.5665927337271062
0.6601240483351001
0.5986056853678012
0.9714106257855843
0.13570868169716932
0.40985954264920404
0.35408228811893977
0.6011209341981563
0.8187867162901545
0.04318511926258706
0.17755907450035035
0.11331276341018864
0.526507645763932
0.7740854247137574
0.7748326748788976
0.27896665054735303
0.04920818234324448
0.6680329664961123
0.7445638689212978
0.5140628051635721
0.12268819288677141
0.7054999668208303
0.024933074444178194
0.9040995238940568
0.9575654323849634
0.20010837935672537
0.45083154832584943
0.806043454254971
0.6240543563995777
0.9215461214115321
0.5131714277864257
0.09707793064051573
0.1537716174791678
0.09466680058466004
0.1472494120186783
0.8514299221228389
0.47114759082913993
0.29872934020569336
0.3937005979700921
0.46972024635061676
0.29924982965900903
0.17452269345724247
0.07343025574929879
0.05969571352598241
0.9983010559492449
0.7621601909360047
0.1970131421339999
0.17286572441318981
0.8899005369280375
0.23861692509904386
0.6894013364172105
0.8384803314564064
0.9959345616585766
0.801622801840699
0.15238335345741977
0.2044504220445023
0.278388105673548
0.45531286595098463
0.8100885800287365
0.9942249804232033
0.4047464964710917
0.4930754345845432
0.4869328684253261
0.4193043462428598
0.7834022536497214
0.5443280024630921
0.4527525861965725
0.14898258693804484
0.11445899721497343
0.15448947323939405
0.23647602481143104
0.43207591966506536
0.9835509118501097
0.0012068486592956562
0.057532485146809253
0.4898084280931599
0.08977254489310216
0.014932999608924468
0.3533012768695312
0.854690255687329
0.5435407221319222
0.8682417636491573
0.9912539136770939
0.4171375268748726
0.296186367235722
0.5258052760563883
0.14604490158054295
0.559747323993929
0.17030130245966307
0.8057476656258862
0.4946575199332688
0.908555160982938
0.1483407174142432
0.19312836199938454
0.33681320931350117
0.9112662985158306
0.5467096668180587
0.4675970892380524
0.48320398405138054
0.6643666251722998
0.45353742062273106
0.059802069746487496
0.27070958588015564
0.15418237395352802
0.34057098009060066
0.43492161785254435
0.8616120725658196
0.35137264976686133
0.07309494053524545
0.21672859387312526
0.06292251601150533
0.40400222722231976
0.6365119120190619
0.21188625308018155
0.26228576205925485
0.5112565371307967
0.7741940555970674
0.9717130011851205
0.7185309413129354
0.9280245180877
0.38844280406792603
0.037442630146947375
0.3677868568228644
0.9499894522746082
0.9948706244006852
0.5550458297855976
0.5101831064515895
0.6595314600427524
0.7402449915401814
0.5169675483499982
0.22750916207956345
0.6746599554584873
0.4948114891263828
0.49067412212941436
0.1488052578085115
0.1363579041240065
0.31233942398790604
0.327693012028765
0.22871067851692073
0.6941341719919922
0.11460991061662673
0.011867002745078236
0.5324962701180932
0.3052441120039632
0.801792944890546
0.5018340091464336
0.6320598759571732
0.249952698268472
0.11613666974577086
0.15028225589346655
0.1087646957125234
0.8833784487152014
0.49361831776495807
0.041320308593799315
0.8318524187787766
0.29387065785969823
0.8266832100278234
0.37733985365582983
0.13526421876151656
0.2185362793776925
0.5309244826147013
0.8680384995854888
0.7510545462032194
0.2784470104344282
0.5595329449479253
0.9268090797102
0.37418399049856554
0.8392212742072025
0.041573006948065316
0.3634905356340948
0.0313293198740584
0.5770894639964237
0.03361704163034873
0.1775150987058457
0.005449943307995253
0.13621549930866483
0.4689972860528381
0.001775025098669003
0.9282021243811243
0.0999611639861645
0.7649109570655675
0.7250715233626406
0.7938933994765792
0.8669443075425993
0.7048404828343326
0.8297975568701486
0.0715214580682148
0.9221555358188144
0.15222795282753082
0.02154501919478946
0.7955432326714797
0.4240625746065242
0.8710686240689331
0.798616239860228
0.501371500360061
0.9905452867646138
0.230065778822015
0.7119583760511989
0.138197834618336
0.05966823128950066
0.8492149886660039
0.1998287783838651
0.6395924966721718
0.22571217843754743
0.3111629047340888
0.046538119899552255
0.6614330295572646
0.5065495886129829
0.9044121787133862
0.710907280728382
0.10706536145767098
0.585363423061556
0.9914203891327264
0.9976131052222434
0.451202371489819
0.6878725595530164
0.0018679306682335972
0.8033870820211595
0.5469166931916283
0.9056412738019501
0.2398457835270565
0.9600701353741992
0.5541859481682225
0.4567141213200543
0.6634411580512475
0.5178158047659148
0.8638003671537129
0.5867318895740031
0.5461752544645383
0.1642730251937109
0.40704391449837385
0.5568481032649829
0.461974152620901
0.8593689716871764
0.5394121568547021
0.43917973541728283
0.34883013842632943
0.18035128360146746
0.7657311438035494
0.24618982692685204
0.5010376253755223
0.31803827876894624
0.9343934568354144
0.2573138484421541
0.21586427279761933
0.14276462558794362
0.17002910413630606
0.27430553800457874
0.47774436162291966
0.26729901821580326
0.736780375144376
0.936192174557654
0.5015582543382552
0.5740497185670417
0.22845132945905244
0.1553931679439901
0.17628813048722747
0.24516255433147893
0.9671545401689812
0.19847013089852872
0.45131694235440606
0.9366551825063381
0.25867857425434393
0.9281403611971857
0.4898638726871061
0.37152052458237794
0.2006518789505854
0.24759988600798693
0.9775264362276862
0.2917713121417673
0.06868012196820738
0.8438664213295823
0.3186255201076205
0.4056866204123022
0.9159853577557131
0.9137663152535728
0.5790267513702255
0.6940606263687697
0.913677302319936
0.6743539816464625
0.9413375939345113
0.1980424673389502
0.13163835554104158
0.10896608255452067
0.12685652384494755
0.20119559763373906
0.914105579848244
0.5807769976350348
0.7083770280054403
0.5396937084928989
0.7393845605015046
0.657636062943024
0.48892584478496187
0.6271096626925046
0.4697313842112197
0.7351311537411793
0.1537412039594413
0.6640426434915769
0.19529082564588984
0.81923728509159
0.2162736926870732
0.4178680202965849
0.45508004833525717
0.1355729129731485
0.8737186709161904
0.9041835454353881
0.4783591604366266
0.06920070891174928
0.7635659343281531
0.27906411973356565
0.23133093179814718
0.3070735961493293
0.7698786592009069
0.26002709360016984
0.4769641640529746
0.9546410732356485
0.9664904555116345
0.4336484463651726
0.7598362035749271
0.8287945665454341
0.5040357677142405
0.8790599291291479
0.21324210339134597
0.09124505790527787
0.7487054259204867
0.639095571419329
0.35241926094883174
0.8795898955823568
0.2628458934847634
0.7046458197273446
0.5655878780320349
0.6177400139073125
0.2809970096894825
0.34281587473938435
0.8436093518482021
0.24304274549754318
0.17968986123451924
0.7957745114421182
0.39941617586892436
0.6743495021530316
0.06530287987569222
0.6047181647918313
0.21996832898292112
0.4634416472007268
0.011500810319376275
0.07216464549937174
0.2663430430049931
0.7216419057171638
0.6662576808019536
0.6658294071953135
0.9916660397112976
0.09410294278449194
0.9181917707976052
0.4886268592573015
0.08194410082967784
0.7661783449592512
0.06291665861651047
0.29187779724811274
0.8414604476490306
0.2294458279355457
0.4423394897137181
0.8925934455219355
0.44224565250736475
0.8093661938689939
0.8433138014839563
0.27074552555265735
0.33623882976369246
0.7622258278581953
0.03678094307628105
0.06872075261626464
0.48910497512299844
0.0859243562786523
0.7145107656300287
0.6926974014337257
0.7362762082962997
0.05733347350674989
0.7377786430455089
0.7244705541608964
0.4846360285382149
0.9083666785150648
0.05079265670919947
0.8922915677648879
0.18736737242927892
0.9835640005624716
0.8314110603253564
0.4205767162443552
0.5048368064234684
0.1839096236067448
0.4526671029050905
0.18087862463676063
0.8309886602182673
0.49476455855502293
0.6108443793093339
0.7003033872156699
0.912574616398914
0.9202105053875194
0.5393228196178177
0.7485954215586512
0.6176457402230582
0.2017650692137108
0.5721418649965662
0.9214008477875649
0.5200854737713232
0.2863426199537203
0.44720382275152404
0.36475964563736024
0.8585637607955149
0.6264991134150548
0.6462671151066783
0.5446654664750263
0.6011439814814696
0.04541332322193942
0.757355687896588
0.7555715809087179
0.8008759611734423
0.07972087032798225
0.3149372864202227
0.8830098421782027
0.16305980996874875
0.4252315522318423
0.8241999937933166
0.7880292892002039
0.7614670862612081
0.3537246557612393
0.707982855620583
0.5649494932527346
0.13865707878695033
0.7434307830616973
0.7283932393381918
0.8389633157540337
0.604627859433584
0.671472997632645
0.02986976897078092
0.2164122903604747
0.4083929809206578
0.3534539341769849
0.3264265103552197
0.9780974121329303
0.5986767248584407
0.583539799290068
0.9130406193322169
0.11477684715736785
0.8127717169429043
0.7278062043544553
0.11962207736003383
0.8440412194504825
0.9367051024988948
0.7542745770325256
0.5457308352439325
0.8190462486506791
0.5652101432934926
0.7449823875296098
0.9151832564186548
0.34212149758056404
0.4566024976757016
0.8285941921761246
0.6719161964691687
0.030063200897178288
0.7255113396543531
0.49647456802829803
0.5019537180538487
0.5429578843659109
0.3455175332618487
0.8208082763547924
0.8110480071798056
0.18467301540208214
0.6441022799092168
0.18026677950860098
0.8135425129710514
0.41068952833645994
0.8639113916764658
0.7168845878612911
0.29523207354739555
0.5377404932639102
0.5371920016537821
0.8972226689094312
0.30147110759022033
0.2397589254095427
0.3743597161235543
0.23156056104839812
0.9715078206366624
0.7359271932055715
0.6030063358090765
0.41677249913757075
0.4909986050233228
0.9291590683892521
0.2102592682528454
0.9117073052221996
0.6668836990954732
0.13713507030574423
0.3392556471835425
0.22830564727357766
0.9422814407585317
0.47305023601178275
0.16959575304145186
0.027352259168023862
0.7637852426141851
0.37952298819731206
0.9719916363606784
0.44467506241344223
0.08952382927367719
0.29665266073922386
0.6689287616216223
0.9417668434226384
0.4835719303736629
0.954002132525117
0.15600962768073423
0.374219612683715
0.680775150257185
0.3163213983233157
0.8427503657878435
0.9020252680044638
0.7257792117295824
0.7841167576492758
0.35695246447380524
0.8277109382838903
0.7910305841866654
0.8527094185495203
0.12337348254666325
0.44144078183607416
0.5607417616706356
0.06721638751857478
0.575272380433471
0.47663066186267105
0.631291204569832
0.7759255046785288
0.08650620344106297
0.8352856147029946
0.7232545068374796
0.8808257872161946
0.322206949661871
0.8291846364118337
0.6262398105208845
0.5115928804127183
0.5976684938601035
0.30120089425777413
0.704927293199658
0.3081189639380181
0.00792551035239647
0.6404600410061256
0.48318868835058265
0.7867151034759066
0.5446073788345778
0.8857026957810884
0.2928898506613363
0.08640338352061266
0.1520022056190815
0.8231320082982044
0.22495563427191828
0.24425515580978707
0.6908669497488806
0.2281905928905273
0.6525029517701127
0.032520657553851806
0.07637199546068174
0.17512562762466366
0.4093244827789685
0.3053344147617179
0.43566933454685763
0.6438648184800468
0.3017322447111011
0.7490701218885541
0.9909257200385886
0.4906398846975748
0.007746267909869875
0.9079572452774379
0.5152630664446831
0.21695850466357946
0.5748409446079007
0.36536124492442956
0.6319007060923059
0.8709396238814602
0.6659374221389798
0.0011678862975137427
0.9308948633433697
0.8456909433677192
0.4230575615641354
0.3170014466761946
0.8632229407922859
0.3013218369850945
0.31903118108735695
0.9235456731196074
0.638561293932151
0.43034844438039266
0.6498750245558214
0.41802525582727445
0.9009571670181072
0.8106625098543723
0.3839384684114696
0.04494484051698161
0.7856964358075988
0.6458987511268853
0.9286373982346966
0.7294714192965677
0.07102118885740527
0.7799503046186074
0.0015744923891951034
0.30038532462965245
0.5299517818075881
0.9905454903972959
0.20007042136761083
0.9783138281977551
0.2603205215214094
0.21621326789830714
0.051607317387149854
0.49500052902183583
0.7252247792817421
0.051628821187754026
0.2974121645549486
0.5306528188372745
0.47145976760475344
0.058244913607303994
0.9123846454537056
0.5089486182084185
0.010092038705346917
0.18027841987805726
0.8968000620302151
0.17307292497199006
0.14118682780838443
0.8305357998767715
0.1886951271010815
0.7811933524728721
0.08380367458946081
0.016225246304835017
0.1405704475456932
0.2060733903782282
0.1327263541302659
0.21181703441568367
0.8800203135862921
0.7010608074872162
0.20499487097356278
0.5541782838322501
0.5311270689384308
0.6034777302947551
0.5621585275656693
0.33462168999950437
0.7119336330842727
0.7864783017555414
0.19827101151888732
0.6931723440767665
0.9430345809963057
0.24172844590040204
0.8689996018493631
0.8822706649845031
0.6033025663928992
0.7778015885443474
0.503822596873948
0.4602934162353475
0.8509934651413944
0.4529733480269755
0.7911402245009766
0.2996890785729033
0.4919503188815469
0.026136773156945736
0.05522615149465798
0.35018768520122573
0.12135249848497242
0.4058495979934513
0.1542980474863649
0.684459441428325
0.9914332202022575
0.8050630308416353
0.020587487876870536
0.47176046372332014
0.9648151276391157
0.06787170196996067
0.6361406648332819
0.1745179484117595
0.6015900478923246
0.42466250795980476
0.6921834298009094
0.4434713602338267
0.8979958512127779
0.7533298610554991
0.915235221876127
0.8989000334546988
0.44551959951962133
0.27676358973708614
0.059758410974686815
0.22863184191838232
0.8114830446084096
0.510604730938645
0.8649809905131017
0.8079415370649488
0.755642780279997
0.19030380919029727
0.8526320171473658
0.3521115183786176
0.49206431242054454
0.8528049597976032
0.7026810204572521
0.9493416749105219
0.5815053556094231
0.7257185619268447
0.08577385455255198
0.18985933898911184
0.1967707536236436
0.5856337930021516
0.25390926144757364
0.0064940424931401175
0.4419776692478266
0.28726206904738843
0.3950019505887124
0.27264607772733934
0.1263962285759101
0.7363908264264511
0.7423293371821674
0.16549201199480656
0.8945076514059372
0.18216662246328102
0.6964609988152912
0.7954340713359114
0.8961480912574672
0.8380153571227802
0.7651211983015633
0.6272145886709122
0.24408325728460156
0.005546498980225023
0.9555364790835759
0.7737808267395739
0.35108540498909313
0.07207742434102665
0.36417195066819685
0.3308992058079185
0.8645605972679562
0.9799527525483074
0.10036125917871641
0.5386825269061994
0.3240011236763562
0.02462290396231953
0.3531871496000899
0.7056074399374034
0.8550141039308807
0.12848510339179187
0.36507060075853315
0.5112636301164288
0.18340424564947577
0.05877881266156926
0.3108786365125963
0.5159902184567694
0.003764881698121725
0.4103672787051483
0.5979619487228086
0.4487190500419099
0.26925841096787883
0.5580251438891055
0.9003854060666474
0.11875842311730517
0.2827435209655735
0.19789189324353917
0.31971588500940373
0.6029149514093044
0.5641330721943595
0.5440394255137946
0.42508355420032534
0.6962654354528674
0.3448436678074296
0.7236412878241791
0.5668341826413487
0.48305445866020485
0.19742346736394067
0.42302036219601746
0.7809416722076208
0.2836076654456155
0.7469225677497555
0.37689043269323796
0.8054515533627971
0.16381464393497086
0.630295752395054
0.864396621947731
0.21557786762636277
0.6556494567651618
0.8711047816019379
0.9780982429941867
0.4506770954685087
0.33036088689965825
0.6190134508876214
0.06582718582734792
0.5541747882750493
0.3903785328121536
0.7670454296623028
0.4103935213256781
0.7766217855702985
0.5016449541176002
0.3043014928739776
0.9083994878647206
0.8024086327601779
0.6749982167151631
0.38780911386058436
0.23696179639376214
0.2522682779501492
0.1233930134193934
0.024404160654699747
0.7559314549648701
0.2865487808388382
0.6711628391063524
0.9420208778788266
0.18323921686717531
0.5883392472100059
0.4721898005876878
0.6994930009437361
0.9022839011284549
0.7408839040235846
0.5057622874280195
0.3349452616811423
0.6128199370785674
0.030320474538014175
0.562065358701499
0.8850812561481897
0.9205893894629078
0.0026310966820932146
0.20366230803587548
0.9211500451872003
0.3759830232952429
0.6827949840817378
0.49499028060909017
0.8421007585231486
0.41830380398069205
0.22448413016249236
0.12880646642238613
0.04141045812309241
0.6597453432793148
0.9002445079792115
0.9466860276110434
0.2212977394440812
0.9519870315059564
0.764957105701257
0.7500862762431901
0.06651054391671013
0.7183464492343947
0.029474403999141307
0.7291564150100501
0.2096036875269935
0.10571877589391137
0.16667977628262154
0.7983855924597325
0.9205976968151501
0.6130720025403945
0.038818464528591556
0.6213465060582062
0.2361376296077699
0.9870559384118229
0.8828008243822728
0.13120561909364203
0.30674665403463696
0.3403216795930488
0.8192796402766316
0.9093352322010464
0.5854959422338631
0.6444377839263267
0.6616551981262123
0.8712766604336046
0.1073891819126101
0.9768280512703766
0.1927631509598946
0.3274678954674284
0.5159860118004
0.15994504734919018
0.7498519678861948
0.6355630071684536
0.6822658757082032
0.7209325802336599
0.9125580994707794
0.34183494913559886
0.7304600335230934
0.4213193154702245
0.32393877231501966
0.9210671049136815
0.036555965568766946
0.9588249119354826
0.19122379729863564
0.9675032013486782
0.29740516679718803
0.8271489168605683
0.8107991854579215
0.9638393183739982
0.08184178300195027
0.7346519499944024
0.5410372716072419
0.5609055956660278
0.3699461769473498
0.42912759164511227
0.006939263933141593
0.6375994348838486
0.4625638437009277
0.2534026422143519
0.9621579344962099
0.27879608947805873
0.30041709756740015
0.26529211049734863
0.15681952013624872
0.20837636585483665
0.6706229738195792
0.29547500143595373
0.7636658215196875
0.1451756464352011
0.9981578534649991
0.8881451928865143
0.40038847242787495
0.011572014783325424
0.42078555102920883
0.671831522191133
0.552629644485606
0.9175956812793711
0.6281922629261813
0.34156988275443894
0.2499742231503988
0.36785584857825604
0.5095483805858667
0.0986490963904102
0.1763608532672974
0.19424517811962122
0.9984436983162653
0.09044175772899754
0.0066900924986625365
0.3042961669394873
0.6301191175523777
0.12036996526857735
0.6530099926289201
0.4532277721115342
0.23314449963178252
0.6568450816228075
0.2765107255626435
0.8971345432167633
0.8661688261846567
0.9600597102353019
0.3756615450712286
0.9654350267579206
0.5800955727568502
0.9667991682906502
0.9961748458534871
0.3026095097107079
0.8370125839011235
0.4259786149653952
0.1250836909854468
0.7724221483616049
0.44943227076392655
0.6614013683427697
0.6290708826410178
0.7922357932078887
0.7168747692735724
0.2532727031238045
0.676288897725009
0.1706923735731492
0.031552919231852716
0.8762927046436619
0.4412618354039384
0.3589454978116073
0.6008948557766303
0.5096906462243238
0.03406204082911912
0.3937963050919144
0.09186614725105768
0.24335258671995652
0.017805479786255407
0.7104971720567172
0.9405303693606111
0.9442327826871477
0.5826118237215712
0.43365247989208094
0.7900133441106373
0.11852870823809996
0.4295262448335306
0.7165593250081901
0.02101290236541803
0.40763847612187587
0.6845021506900074
0.19249529974570667
0.6212224890188596
0.28970850179609175
0.7103950186393941
0.6258744587168921
0.7035137561586203
0.7236182438908978
0.5140194616129267
0.406856716447863
0.8274494987631634
0.6685383110693326
0.5556731190436639
0.619909924687261
0.9046751534441324
0.6397365598795101
0.1601323591393629
0.034987872296442735
0.8759634784969452
0.7200966359283862
0.40097665298489604
0.5194018393684099
0.5361635665475919
0.7368519748692421
0.2841997640312552
0.049126838637231385
0.8530320987902948
0.6343275174364573
0.2924175570280617
0.7101983402463119
0.8769011361524726
0.42602049941893494
0.8675839032963972
0.8240189026212836
0.8703632643398496
0.4931405338283851
0.20797750914256585
0.604808369119824
0.6006317007159997
0.4117686579567625
0.8343242662391491
0.5630954667541019
0.8319593682554418
0.9370834930054077
0.7402710675812361
0.20606232001755498
0.9314774147641949
0.2506424309339303
0.5840288889361538
0.4537179778560458
0.15904049475909615
0.08549413991059351
0.30085414125382093
0.5892906899095617
0.6501424278663408
0.8839382888522744
0.7201391804953376
0.4928929164858561
0.32069256991611783
0.7140371170560972
0.25623419587440016
0.36942711809965467
0.9234197328733553
0.2735226430499147
0.5087244765167937
0.17486436402956101
0.26789701322363124
0.9435324481383634
0.655738304001536
0.4694419412764238
0.1796575695386895
0.5196458984307342
0.85296270820247
0.48199015242961535
0.11859786359928237
0.9439817643859838
0.4613954097229556
0.7565125718776713
0.5028414213257215
0.08965740694480584
0.8184632943021669
0.8703080578771865
0.6914628245620418
0.40769849514755646
0.43998894963120594
0.362336986933844
0.2679481144548414
0.03652753308256951
0.994588603364571
0.19119809187121106
0.7359943995882097
0.7954483801999939
0.12743621201794314
0.7539964674070885
0.9902280532689082
0.33608310411285175
0.22693016426134577
0.7405472801866221
0.9566473426424307
0.6095064545041147
0.5256504828010388
0.871773916169716
0.6110719705851147
0.7218624973057208
0.5060959687277173
0.8768231209911094
0.17860869544965957
0.19753676975570572
0.44204251284906853
0.9003340697273435
0.6931183723982632
0.6464965958920781
0.04796501035996065
0.8994620269711366
0.25289679669536735
0.8412011412946324
0.6318172471839467
0.48967166733488593
0.24725799227354972
0.2485218622756875
0.8505653628350323
0.12897885702490364
0.5484351957185112
0.1334031362914086
0.15322229484691685
0.4922340006440867
0.16419142361799277
0.45353181612889936
0.26273207217791666
0.38020401747161703
0.12875804587436507
0.8980736029496754
0.5959043071513712
0.5326240379159203
0.47319626379505425
0.588573147261318
0.3497010578085122
0.2700541526530842
0.9610031075721173
0.1564038858634862
0.09252945626035569
0.9762902963421047
0.90075997924978
0.13869265030983063
0.09079531582007433
0.0512428191953157
0.7548484779536282
0.8934331129495203
0.27382441650552203
0.11360987630118485
0.4517346654215284
0.5245413638761517
0.6943596452980763
0.9133373761476979
0.2790495460219916
0.628895695367836
0.5771939323519652
0.6257707379611672
0.9856701751072219
0.029942030379781936
0.5651001725050526
0.942568243123552
0.25323224175751985
0.04623531781786533
0.5690713046451921
0.6488595409219098
0.010981599062387548
0.258326225724925
0.7089848527620923
0.1817969411988657
0.1625988507870889
0.18369176551422694
0.19115809138620582
0.002561406706020286
0.16960747937066328
0.746947323478034
0.6108614073917709
0.48204899046191707
0.593202742541234
0.9413666454369326
0.09070914977998662
0.3998775932406287
0.13481507091987044
0.6177756314786612
0.8699485738046744
0.08701806034412596
0.9354481679809343
0.9081744263916602
0.44501936423212745
0.7042675864251098
0.8948087595691407
0.3939818916573136
0.1283573756887576
0.1419475323065295
0.5534713593444784
0.76258499331041
0.940268324874644
0.5506217581146051
0.6447979635210677
0.3609153953013119
0.07779821315258667
0.5682957555282163
0.7680593152390545
0.7510639056349264
0.8148791038553342
0.8964707715141624
0.7601807643191099
0.10048301257577441
0.5796304239023599
0.9955912632045366
0.25076238059288003
0.9981166706972038
0.12754745730164146
0.31983813290779356
0.5734995381048654
0.07783528050730381
0.18341023078775498
0.691884144419745
0.6768568893085156
0.6518433448740368
0.6600977231279747
0.1301420148379141
0.9278247553243456
0.40926595627091755
0.5790935964113327
0.6841998801800861
0.7348142510793667
0.11890952383548442
0.11532159731111968
0.6085526416260458
0.7292232753972221
0.19023115391076761
0.7680499783676458
0.5104019242536568
0.8399325676707963
0.8928401724999483
0.5199560625279853
0.9442115225377299
0.9709673976704347
0.01239435585119153
0.9880435467849731
0.293869065456865
0.14978706699559374
0.7295424193456709
0.9929567821654778
0.6827187378008532
0.9521408424332303
0.5486035551643809
0.6773377497024124
0.08239418358465233
0.7291557420337358
0.17396361295445178
0.28922305850810364
0.7532944919998225
0.6632979568426331
0.33470680877533804
0.013079791680538632
0.6427103201403038
0.9620762407823175
0.6917908734708047
0.7789307761465134
0.3910213523963326
0.5618324275698354
0.1271123867898929
0.8091210937175869
0.15205041156640087
0.5586903831097179
0.9100984554788067
0.7726295225448441
0.5205731669070387
0.20971167208192948
0.4649997720494172
0.8084300651760808
0.47814713139867
0.7545325257885203
0.720848994792379
0.3522600497650408
0.417837135168232
0.49623325369940396
0.3160878850878134
0.6552533787264414
0.9890787233829994
0.5499180584489971
0.25115515310163566
0.11824840712175805
0.7158351652535688
0.4184594439150536
0.9348666060551918
0.08218206783662812
0.08436740236253526
0.0870881883977419
0.9542076547399448
0.5128330466017618
0.0713508292874725
0.6419863478952381
0.3121979203550389
0.09727861173731511
0.888736424767256
0.5127673603731953
0.3247761140303385
0.6297810482822068
0.058668091498448205
0.3147037054732713
0.8451930091537394
0.206421383271009
0.7999320441597792
0.9237895176114204
0.9931889045209461
0.6706497042517774
0.10682808842732022
0.8562016233683917
0.10627142151945146
0.9560225239717726
0.8320167554183144
0.24344945716161664
0.20169822642421947
0.4577498802152566
0.5468103322750146
0.6954806228862869
0.8403086009204227
0.33127570001505685
0.9455398828230305
0.12623553425350314
0.9171366719983964
0.6639671585922231
0.08504433770812791
0.17962109119656244
0.5687781375330352
0.7950898294613392
0.8059919193520424
0.23859995002960643
0.08377164262635889
0.6695972679721186
0.26965816604148096
0.1260684794649305
0.4297947620446372
0.002865171103133335
0.6619488028384499
0.5134229482251016
0.7702636453841392
0.20635179901109302
0.7658700100504814
0.7411904514195107
0.13296462003951237
0.4782678467126181
0.2843123463048227
0.22582698001959706
0.21463490853590716
0.19869067065467943
0.5069290637380428
0.8777623144531474
0.15794877932311008
0.785159213076484
0.15805315341288806
0.9879973973368004
0.02115448903401468
0.4626374771568646
0.03701201265043008
0.8540368437088768
0.5756464682946929
0.9808362710992409
0.3678622028172049
0.010665543826650358
0.013046166174608076
0.1722339897898017
0.6124812959345227
0.30705488712980433
0.12090417281217036
0.3857393383717836
0.8691173839318032
0.2289108969381094
0.49492524605861015
0.25379004429757085
0.8779114273020917
0.8028529103492992
0.39565680281192206
0.9547832730692962
0.08557117907444556
0.1399381191413328
0.9288707535478086
0.11808518857107047
0.1832897309845481
0.1762237911716688
0.3314073504253113
0.785468442047676
0.02516590488265036
0.45048559347631084
0.2780390134312713
0.3906780794535767
0.8587974631940822
0.8226870485962544
0.2899510161614042
0.5479277917830781
0.3553824732728429
0.8815214914765053
0.5217250192607297
0.5504802080450191
0.013577954571426631
0.41532485711330236
0.43125042233798283
0.8720661591444054
0.1295292822771611
0.7278837065007074
0.09577784861518135
0.6367498865351571
0.6748976510039011
0.7691399529934557
0.22736773014288236
0.9769481173134078
0.10537711134760574
0.020519868159704135
0.26227630346122477
0.4346630498566721
0.3341065802605569
0.8255918466291581
0.25136034283767666
0.07759060932621753
0.8475466053850282
0.38898375224452475
0.6623710008417654
0.7996167791113276
0.21580431926846344
0.9799674215727789
0.6200460748156774
0.3543166608256933
0.055054389720710195
0.971844208710599
0.5561993123517335
0.030422193192470415
0.8366178143883095
0.22424233060446452
0.7195442790364661
0.5198263015638194
0.8054241283618364
0.9726630227074386
0.5037792696000336
0.45154255222708983
0.6699972673491048
0.8280893477056193
0.09249913664918047
0.26914108037579026
0.6567687428172584
0.709197820032299
0.490788644126562
0.6145331931836756
0.9834363013644116
0.5306898739294739
0.6158911952701299
0.14757835159380217
0.7992501522436251
0.2534863239640167
0.7531357026784115
0.7788392344013492
0.16452276537621585
0.4660050428920002
0.3483437061789623
0.6219115648852775
0.6973226516454387
0.010468227592380752
0.8042275371150054
0.582107561353091
0.10222622331080155
0.29416241153307826
0.6758297016126334
0.3898729041216082
0.9141661957368563
0.832800895466977
0.4188425331762173
0.060169108629633594
0.4398287135354469
0.26161474520111455
0.6346862841903045
0.21315439177814616
0.05971598459556715
0.5195252145602169
0.5775129928672136
0.4268479094786498
0.7659045907070194
0.1627269311397896
0.5408422372864841
0.8090638230979752
0.05369435422095231
0.7962376854339102
0.6253243443089183
0.2737529614134204
0.05975614323470341
0.425447406495552
0.30416530545095926
0.5859917396524523
0.14505149851202165
0.12442523379157522
0.1490370394895132
0.100209315895674
0.9577108544272941
0.7937203547166678
0.05683534682508984
0.25784563889298945
0.3792209922497201
0.9376187774264952
0.326437488084195
0.33348455609078137
0.6566868701621304
0.3292947472633454
0.9746496060701715
0.6226077820639639
0.45459660807148344
0.15202196541777502
0.7518242581637642
0.2494669403148398
0.5214326938830041
0.7055867415447756
0.42016635818621767
0.04017271884013418
0.15963654975954072
0.04927117301318007
0.9915357466729449
0.4539514310511823
0.7118474892248894
0.01625149337615711
0.7865931829127348
0.39462096183896444
0.8320013675881347
0.8789831727763084
0.37342563618068725
0.8346899206834591
0.39678817126031834
0.5711206601782568
0.671326168518616
0.5760847617331704
0.5311318009857358
0.7787466585691291
0.7641923072557399
0.14436184774579602
0.3707695809835663
0.4021619624116694
0.2580461668369864
0.7673625986531154
0.865672817982713
0.8592137859024074
0.3384685788490975
0.6246214887601439
0.13996397990682552
0.4521168596762007
0.03627846168205939
0.07043838903314303
0.6671501376787297
0.5519481473689247
0.5935778752560947
0.3313781157360338
0.7939061258569238
0.6684728095503738
0.23732207308667652
0.2580616771394762
0.9513053971669085
0.567685275911492
0.11386320321562515
0.0714653528316262
0.22931008861566432
0.4754261544256143
0.6154549589147515
0.685545186688091
0.8584962752260677
0.06266206111305472
0.8384951159503495
0.11085599303178356
0.5424042564821534
0.34649207088250006
0.45332128040793695
0.647935886306195
0.5145678124491664
0.8606712122390825
0.8366649098696328
0.06457833639586402
0.6561905247621259
0.4504176380395016
0.9204071236058928
0.7177158287617196
0.0036011469870040335
0.8284970898896033
0.844069361124234
0.6284905454242539
0.49903418059256954
0.593054470597472
0.16351075751780158
0.8481890108467119
0.8939459838064121
0.7523891331233353
0.06459316950339322
0.0630691945803355
0.3009904788319525
0.9278470214390836
0.7581139290179268
0.27771054736665013
0.00894299056494502
0.3132291554825019
0.9910954876438537
0.589368088559105
0.8242744047978997
0.15759290637421436
0.3995600704518907
0.5199143949456981
0.3837423448690542
0.00804865854968595
0.24920658755746483
0.10730385043939217
0.5942796372090744
0.20013135216519073
0.9629460726633728
0.9750958036159203
0.5996248011063971
0.1155526264551141
0.7180411281285822
0.8964244250914128
0.4475531735855002
0.5406162657092115
0.31063358510958266
0.9479048622856359
0.9372313637835219
0.053305789778246015
0.43173414636842405
0.2093166674257692
0.9631317469480761
0.7430298727749567
0.47628626108191713
0.10650725272499739
0.04010796163661162
0.7242377961850246
0.01570606098895716
0.9178093955489177
0.5936462092241697
0.8435934576983195
0.10433901773357518
0.668368678746812
0.029971287677628133
0.7001235183885335
0.6615628595122459
0.6221281193894126
0.5626004460590037
0.5987312306653614
0.27380582951337995
0.8478189026814633
0.26510209886069835
0.3396945977730007
0.8945379176653201
0.883157597617237
0.8442305998336604
0.8102437012505249
0.08533206137764393
0.350551948956211
0.1832721815092755
0.18903871131392352
0.6373814546384307
0.48796868301497903
0.7923513630298048
0.20034682698207634
0.6403976554883619
0.9502185596146299
0.9206112724636317
0.2619425893537396
0.3246040692314605
0.9087654116827808
0.23459509266491762
0.5592330287554568
0.2915775167709838
0.43226713748620726
0.6478201830674053
0.047835171282981315
0.07098049085151892
0.3654089266209756
0.09845044460820668
0.13781052440574015
0.29276521359966795
0.44018954868921367
0.8151363377216616
0.34498715392904516
0.14821984510016506
0.15167420224821326
0.8855064535896288
0.5082770908863285
0.22826638741203825
0.009327897242287053
0.7474580374551287
0.2666229956022583
0.27370866104554664
0.13539593315628195
0.5603085006671621
0.36518453872701856
0.8496679465431541
0.8233986248413933
0.28103361181029185
0.017601962152210493
0.4652329161926095
0.5926598926608415
0.6702322616028238
0.9896501992083752
0.19938947160833031
0.47889012680869913
0.38312184027452156
0.28932412524713124
0.46558530526847014
0.7861958823054089
0.7627820816378626
0.3493715849909669
0.14982291890038302
0.2924901590389254
0.946029728324827
0.37051773904179746
0.9909639953084948
0.9481286635594861
0.41671980678768833
0.057100580515753174
0.7369670305044916
0.4366992753784883
0.19693405284301868
0.32156427425049083
0.30706921334765913
0.5772429667911398
0.45343052087225505
0.6602333042877257
0.9174626083767665
0.43878657398828896
0.4148928103986475
0.8100172042396541
0.8868037392129285
0.2109189799307956
0.14493130408413873
0.984171958380903
0.6279348263964223
0.32824393624610404
0.8964528229690214
0.45497097489366755
0.15348372050174697
0.0818944752364883
0.48492929467196366
0.5021149078596149
0.27554906918848593
0.9678950851682104
0.36125987673753573
0.777936271494846
0.5634659455723097
0.32000982384042964
0.8393353669818016
0.9539312644759872
0.038686311539454565
0.35381565063148845
0.2390774436486527
0.10787791378823985
0.5320979357513555
0.6090922017734588
0.542639577049039
0.6867760944039799
0.6066443148612857
0.919220564650346
0.5296204395918611
0.03807156325285643
0.9568969739586993
0.45913521107020233
0.25655470760978827
0.4401027367114367
0.23727114253916431
0.127474947912675
0.17661013222288757
0.2824355551234333
0.34186437507488737
0.5039300818157687
0.1573340823507891
0.5477281995935991
0.26143684966062536
0.8893847773015713
0.1474564399529445
0.02899409506373396
0.7768413722962278
0.4843049357818351
0.2681700594979718
0.7796081694983141
0.413249919741992
0.5899236781462533
0.6599740666651201
0.1381279802985962
0.27581264540680494
0.8271280353690821
0.5030791622210825
0.2959776187928424
0.6149245758958991
0.7595518366309762
0.24753836723670047
0.7832692676449275
0.22806388383818138
0.98023158418551
0.23868044594434717
0.43651346887139797
0.09520515535096358
0.6752836033480869
0.6040876305703964
0.38169597001778227
0.9660996227879445
0.9134121110110126
0.48027308611760566
0.31717544709022943
0.9702539318123995
0.42665981695162813
0.40037764168565354
0.9130830958182947
0.7042275627285761
0.4456637762350318
0.9386195741963468
0.45738141189014936
0.6659085186952857
0.2317811618526064
0.5128949823303106
0.9734663549234743
0.3517156590065758
0.3088008746615404
0.5838406804737194
0.9101733999773205
0.8102152041916724
0.0385587938032983
0.35683529301694094
0.1622746407936692
0.954428203039187
0.10762566887720953
0.4928285603370783
0.6180306810980763
0.47514434002736205
0.6963385510370013
0.2645527287014375
0.6500876310441566
0.7688471557316256
0.5867980021656503
0.05658410671278746
0.9669859662451672
0.896394175847745
0.23305493638182861
0.10088682728288312
0.024774761282987334
0.22238501795209492
0.8645626947784283
0.8638849140959677
0.7617011703152063
0.05018929461613736
0.023071087432116055
0.5567730492192993
0.7636717767258023
0.2638953832034852
0.5434912060733514
0.8276899979071036
0.094158826625936
0.7159799552823256
0.8808610505812022
0.8125433527246382
0.9294510977632974
0.8582875877142058
0.8583935998583432
0.3706876904515525
0.8286255058843119
0.9039484645771518
0.36569066913140596
0.5123228654012231
0.9373423567289536
0.6291515025042073
0.2715573066272728
0.7363927268387098
0.6755434823003488
0.7762291039829727
0.8324531516905134
0.2409290204982943
0.49135924145987653
0.9032989832314811
0.17546865669611822
0.742198983115066
0.07700681689850153
0.44074750649311667
0.013815709301693846
0.9446794384429915
0.03718890231551941
0.6611278994405131
0.6131736667499638
0.5407940252542325
0.37647821620552135
0.24658602038604316
0.16883350260480212
0.9875146349870785
0.32940027058868093
0.1467152627432694
0.17643419164494922
0.20634163696023616
0.9954028028389515
0.45978117441945887
0.08318711238734178
0.78384208621019
0.9606274294895559
0.14154566240154481
0.49183577123876937
0.21183880902741708
0.5893751897028137
0.44845950972389936
0.45619976364717507
0.19950754918368135
0.9503843968130982
0.1557810696305435
0.9550033325226148
0.11405315332226379
0.40651596078703594
0.7562180604390958
0.4597906320092559
0.16230022441521802
0.7411673822393778
0.04097848358813555
0.6230811252569273
0.012447250207550386
0.3207138869472395
0.6926556701415407
0.5045204067391145
0.17339778926334243
0.19950102366351596
0.778161588403076
0.4256329955045059
0.5984959558040461
0.2623901696512409
0.3199615341399872
0.49788540566775785
0.6611576313971268
0.4695846394278436
0.4451526073592779
0.10411937153804629
0.8618031071296461
0.01944079147443467
0.964467001950398
0.1300164572489106
0.36866051638111613
0.7771948853688713
0.6170707284803923
0.5401071447467468
0.7694237893469356
0.6310134563202203
0.6320670561041078
0.9719388115356436
0.21641295513073327
0.5315009243322313
0.7039032019501099
0.38236868963390213
0.4847983312128421
0.84677522422467
0.9564177511951645
0.4215493884295746
0.3316145686482867
0.32244856039811237
0.9790555394917912
0.1330263135635374
0.9427044798087436
0.37432702942366785
0.558815600912232
0.7824674871539483
0.1853964959926247
0.6613693597886747
0.30278687516464736
0.10289838407329371
0.84663383496301
0.8874215851477775
0.9486655508635957
0.010915350985453986
0.029437437190510618
0.5624711920735114
0.7944368841724652
0.8962033312793608
0.404998841707441
0.01764056207455622
0.34344340200607426
0.9157846851190594
0.0733631945035374
0.3128663365792239
0.9573504569778406
0.33477781416886065
0.37257663352112735
0.8021876966404751
0.03705925915644337
0.8470455701294897
0.09433635963801151
0.0287934348822782
0.01040635767984921
0.9819653265365738
0.21359591666978017
0.31045371241687025
0.19552797742959482
0.15765379812311675
0.42024195443226986
0.8456895944786891
0.43005611237689295
0.6763314531303168
0.4528731623170214
0.4220095207622831
0.2088530804991976
0.974113062868016
0.47787575083995487
0.8397687196187336
0.9567794794072315
0.7353620107836688
0.531404404749099
0.9786839304076096
0.978030298613728
0.06084819118343854
0.34754109637016483
0.028762586741788332
0.5698625646497117
0.73930034843029
0.732818819257264
0.7833820006355812
0.7660769283174453
0.8135455823808454
0.015460810615519904
0.04948066226839665
0.18440507161294717
0.05528013391078934
0.9971003817445618
0.16830046515138336
0.49199336670014476
0.6666172851816201
0.26541016901886743
0.3598450572500786
0.07446267871494189
0.5119096667730935
0.6879838469312116
0.10519626817367572
0.5965630258505548
0.4499447857713493
0.40097743147624787
0.06305684387669713
0.2762309999538008
0.8844642573188215
0.6304312689942273
0.08036468827159565
0.8588968574026322
0.4800588432835309
0.23985794310271574
0.7015499160003508
0.4751772666578416
0.10084261796436228
0.9845953797465516
0.20698304304823323
0.7926287785312973
0.4209116661647262
0.07158833553915239
0.6183887490607618
0.1310260486800084
0.3284437736415435
0.772675992312005
0.2974765656801599
0.5006681808580885
0.1993975459218874
0.5201267108403441
0.7337662601975838
0.8445051489996131
0.35212058259291145
0.12507577147834797
0.8685622713248546
0.11741586950263488
0.5107782975832332
0.5026854890593642
0.8342579786482774
0.21975810558030373
0.9033661470438041
0.5622614977065681
0.3016275049884481
0.21734965471861795
0.6991697984620464
0.7262227680409186
0.7224888352503933
0.7263293934690914
0.8508894547006851
0.8787372144074643
0.6310990596461435
0.8188856639533484
0.04824571005915468
0.41299871635121454
0.8248687625204619
0.31462860079785376
0.41273637037043753
0.44553540409009084
0.6834593438661884
0.8624220400791769
0.7673148199797928
0.19660317195726262
0.10505349981000783
0.7887799287171766
0.8001123074742168
0.9976325047620365
0.5395657969288508
0.2914707546344439
0.2079281073270552
0.3798606062300164
0.3807866273728198
0.1907631436376292
0.9530628067839781
0.22269499041719864
0.5429296693381145
0.11578425770154565
0.09617191256828494
0.9960188307752267
0.39177922011870797
0.6997523057313035
0.2781682664736011
0.717562204056448
0.32661062376257793
0.08538287579904452
0.8158033116113186
0.3646276401940241
0.21628340938348994
0.8005584877503904
0.5484091066920824
0.1288723794183893
0.581383300380304
0.8543893776668845
0.02738408626280031
0.08351367514485291
0.8840160013465667
0.7250827745880093
0.3753575866736863
0.544237872227552
0.5378320222673312
0.7635769806748034
0.15856944668484335
0.6482576280282521
0.2830884441511207
0.42068570175870934
0.913852516614331
0.45037601851076353
0.38503011635543166
0.6205368563798399
0.5507078048899925
0.14058025820533182
0.7085993780399746
0.5493795536090213
0.7093131158567125
0.8246017413718782
0.09845978345495687
0.10637164265631749
0.2969078629241839
0.6770432757415066
0.6505460717380136
0.27174955650089666
0.847848345295123
0.17608834985264565
0.399829086000613
0.6878210097483324
0.05672911733727215
0.5594714674540753
0.6687109235148545
0.8195104064048638
0.8193178277067208
0.6033024985329896
0.8214421025000074
0.16372562748064334
0.3826523527899132
0.3185021726839835
0.45217931898279495
0.11060422947567516
0.7535007397995661
0.18401981482841684
0.09777852304487322
0.22473576351721774
0.34348593209844147
0.0916685757026155
0.4111451097454023
0.910746388970242
0.9395287785083097
0.2643273451770511
0.3569390515144896
0.655170766771072
0.479864578501109
0.02742283649227456
0.3986598969183562
0.29532522590475835
0.7887396710095214
0.46301900297375514
0.8346126541379166
0.055935639777629054
0.3769965654807425
0.6565054783824258
0.40998243951725926
0.4155620015244927
0.6511071857012278
0.4577903892359654
0.0832221951332045
0.21740106961923117
0.3898157528821579
0.42206717721493864
0.35718441271222456
0.8228375275892068
0.14540419930032172
0.869639142781668
0.8989043612544565
0.5211529908278696
0.30569461190209385
0.8099492550364056
0.266668750262275
0.8550913613922013
0.9132548182806051
0.8118771573765291
0.43898050164658214
0.9995181057331242
0.9798745920083287
0.7705291086724493
0.4972568445581388
0.8392000775929803
0.9572319570682268
0.9201607965535768
0.25257425876158695
0.931771484111148
0.22876996864045168
0.37353687990738604
0.8265008274106049
0.11324083278294883
0.9731566133611469
0.9299454770900586
0.19703254595572084
0.1059325819200127
0.5163015061225011
0.8872494597884177
0.5028772385406357
0.1225463809615594
0.3367549337902919
0.11777081517480781
0.46280594496171584
0.12505584195544506
0.2184161528710366
0.7234683014157812
0.6115182490290445
0.09345781917225637
0.6548295896858074
0.17278254606326082
0.179444844162148
0.38692221248697794
0.5009490176471812
0.9396870853092556
0.35113674295664765
0.03868145616892238
0.041101440682071555
0.31489755653977863
0.32536754359505565
0.6160378025879005
0.09598387001323305
0.23985564838251955
0.06980148782263201
0.09815578161366162
0.5268779202431999
0.7260182223579632
0.9140565693867522
0.076845864932712
0.5118684621711558
0.6651462839456952
0.15721873049966006
0.4693350367100431
0.26670437043715533
0.610702311747528
0.679339501774062
0.8470584253582982
0.46204083711245086
0.4161288051411204
0.14117624442248888
0.4307955537624437
0.44915437633529137
0.4526946732354419
0.7324104513775009
0.780013857995957
0.5478229537843351
0.49776044570507
0.5858063622090084
0.21307097441013312
0.0729157259715062
0.2837270396504246
0.9132485959210443
0.034966490577200915
0.480337850081079
0.12859712084563118
0.6393240380369293
0.7206228902810603
0.9983278711491905
0.03099213303089876
0.8090898859829769
0.30421463185272124
0.37670654398026965
0.10563193213964778
0.328896261633477
0.35885288542882276
0.934527362293245
0.25969830172263786
0.6626082462917872
0.11597327336550639
0.9156810612709183
0.5661675025688722
0.9502990805428703
0.4700622970550716
0.2723574120321225
0.8771110345736999
0.6424624370309557
0.8418975781207243
0.3878696449068535
0.8381282006868858
0.15001848919900545
0.13226610973979624
0.9231979526737526
0.6144874829300467
0.19886501715060212
0.28816356858084585
0.9257105903116735
0.320218582991895
0.5474513483358667
0.32476699793322955
0.5738721969739806
0.3533103316141487
0.47682939906119026
0.9990121600562323
0.448350772844572
0.5833342364315432
0.9948627609011484
0.714395883503043
0.017786287153508717
0.6122272278210712
0.009751432981972174
0.6516628587874048
0.10658532292918116
0.1346313389389756
0.8227559376204476
0.5663253173885044
0.47245797078145313
0.7611020457844075
0.1659817450126561
0.17150327451450958
0.2630144517248087
0.5356611758056519
0.6683109523004818
0.5333617578573379
0.04359075064576495
0.7785841626189418
0.07104498780420626
0.4464608450612948
0.29257396107331224
0.8159757919544015
0.7345486398108177
0.32762319225269554
0.7458496893724994
0.6196021386764061
0.9781623135789381
0.7694628593991755
0.7385953996227927
0.37361117810570027
0.5778757648863743
0.5285082455064989
0.7404950886714698
0.5091878474360539
0.309733425816202
0.3878911729934126
0.609552350432577
0.8038540479660837
0.7716678301741836
0.030862980162690234
0.7000303767071766
0.7290375637504148
0.8424341729018211
0.788937757776339
0.8516489646975729
0.347698615607545
0.04354573734835182
0.8872517882316797
0.4600203824943515
0.7132159772368558
0.7585862971026067
0.5997674097691407
0.2824070518078231
0.9013995605519951
0.7340025095292202
0.5482384790366938
0.36823625258591286
0.5194096210088616
0.536455290988247
0.23139382747764076
0.5204078739089545
0.7785274295421491
0.674036441567569
0.754583907493955
0.9912833342389938
0.9921358352745632
0.9021327399686023
0.6451752984019221
0.6963451228174118
0.6659326736887883
0.8294467038906439
0.5852662879655905
0.08886811268877465
0.18431351385255645
0.31565944952070163
0.870836299917489
0.9805450672686897
0.4650247674161459
0.3094479788123888
0.415230631259459
0.015860739057328377
0.8536019952764094
0.7140454787284431
0.15492122579077355
0.21211024031903436
0.9597723433997565
0.587260017168928
0.7867732822767289
0.9623089794821815
0.09991417144925746
0.48384341223690374
0.8685864067509463
0.16484298642966277
0.5028309128530978
0.030328683005811208
0.4484681560688803
0.6915602821792811
0.46051029100388185
0.8859311375305858
0.5536369604810922
0.2351049586572015
0.16120419103903794
0.08783450456322017
0.06554047471632046
0.6866479010584872
0.029078385043351695
0.40516030690060134
0.7357142333940695
0.5867689562599079
0.012845392471454275
0.7331451018452693
0.3555947853295082
0.8650974634071897
0.4152079973085901
0.747526777087153
0.38354064895288414
0.03841928627563018
0.5356047503763244
0.008867736262305248
0.6536030206065855
0.2723101773051986
0.6106630533156859
0.45751929909457295
0.14312778823083372
0.22795689409475256
0.2799293901843656
0.7721581849942741
0.16005913265396032
0.4136789582530854
0.07886033071718656
0.3783026505824389
0.7258540741617061
0.8397655397163353
0.26672200161433024
0.9879421967399331
0.3762065346157076
0.1355936893035798
0.6339598310914793
0.4273915168576396
0.07931844769412388
0.9295952609854066
0.8017643757890973
0.16770582463223177
0.48024446731100945
0.2154919873104551
0.9259731019072733
0.4104712867938798
0.21987607574948165
0.6323193520708452
0.648112136459668
0.801510829654706
0.648419663261242
0.07111149959470075
0.5982959467030309
0.8460221702863337
0.8557624978240197
0.7877211990646434
0.7478669888242378
0.8808914838668207
0.5749094662841232
0.24910019677467438
0.43407168771236043
0.023402695534518236
0.17971235916789957
0.26946702587334903
0.9347325579724204
0.8602888885420097
0.6944028200147225
0.6031407791922877
0.05779123643599371
0.7670489890358044
0.45997902934840584
0.052421045019378554
0.32876023357405415
0.6546792520103473
0.8612850935409421
0.32174556954966254
0.008536244424779071
0.6294459822643166
0.308661421768204
0.30345908514944913
0.35469117852434423
0.5210520895726971
0.489333310250172
0.21587792350663332
0.25127154879611996
0.48552687713712067
0.7562440484501663
0.030936977526276332
0.5753008026807702
0.9213950026198221
0.40582778905292205
0.9265567282939189
0.4425931810230004
0.7511570701218055
0.5112568305506638
0.07797007504929854
0.7811518929311262
0.7148408614875574
0.9239865740903282
0.9625998907071793
0.5173382466502836
0.6983588112080059
0.03396078459451102
0.49467993648612585
0.028162741706315886
0.2766339113457902
0.8876288818834639
0.7286633957126513
0.4124628215428456
0.5899327789705169
0.30296571373798125
0.5745646649444731
0.5643964018473347
0.39157101680782924
0.6919737520415483
0.953731878007771
0.994594123891457
0.606132993232873
0.4036864077579812
0.09014888483750088
0.8374773913136108
0.019574158501267424
0.5344802757733038
0.18021720208580216
0.5076633795271654
0.786051078920976
0.3175434326450258
0.5130699246034205
0.024042173082520546
0.2810505947273035
0.39963550263687825
0.2238211682365202
0.10702538272506234
0.45636630634093555
0.540814786255396
0.25375615590467465
0.7726294617810616
0.2596968722301417
0.5315963885967128
0.7643186276904254
0.2964711812240561
0.8701176189110932
0.41204465363702275
0.20585390383064594
0.10141676063059357
0.47040290176305294
0.3985920236585123
0.4774172696248562
0.3345400552815998
0.028153876142007594
0.27691565396847733
0.13055920292946343
0.642209437290659
0.08991239795671218
0.4029922823585713
0.36785029990954093
0.9265370891048354
0.9059185415208228
0.869490540779422
0.666010459690279
0.6720882914226718
0.29789591035226764
0.8409493477201593
0.21385829293641073
0.7686625305541335
0.5582251064237329
0.5387299522828655
0.9968985309948726
0.6241222764620609
0.32609272647830584
0.8655181215680587
0.28321646248824333
0.7606592337352001
0.8246794983394154
0.19919221446577073
0.4694502754346694
0.018552235287400076
0.06317783285597334
0.4571619457369266
0.7309635696610268
0.9533844213539255
0.6084057160983751
0.13482146966810565
0.6869418821210597
0.005852219142856219
0.313010248339033
0.6555498370543784
0.33898875477280454
0.5477119608673049
0.9507309143140357
0.034730546804104145
0.8708982536772336
0.9630744096899656
0.053918971552469996
0.5565514482929186
0.5076325373509238
0.5111715812944128
0.3744862281592959
0.8898846485154446
0.5231346623577442
0.8348840086541072
0.29668271155010284
0.8283360436532927
0.6594581928993527
0.6287310049286352
0.21857954950851915
0.6295921261237912
0.6737969746104605
0.16069030493148745
0.38885980364229844
0.7504817345009983
0.465349858571406
0.05412752884855604
0.9364965865468623
0.6267087417726608
0.2505566369500962
0.9792802277426505
0.8631244161843115
0.03000123039091801
0.553093438613804
0.6781550267434152
0.5813862874917546
0.4504614613833518
0.35411664767745676
0.052360532368393275
0.17726536459466874
0.8981902654201328
0.6085967995431465
0.8803129320275649
0.9503870909135932
0.4957981666390285
0.47518488985281393
0.09841496058171062
0.94350374642754
0.24220515983484697
0.029905277491950544
0.48022319138629343
0.11085012427865776
0.3681695121609211
0.9380710165299428
0.9782826228944923
0.49478577709844884
0.7752755465463228
0.5441688871024981
0.9552215150341559
0.2811155487057019
0.1526491111997676
0.1060629917130338
0.02386371003930332
0.885706820295137
0.49945858464601367
0.4477174071425431
0.24052926673075586
0.28849850311005814
0.94629839894104
0.13373980959385323
0.9513590453005833
0.6757231677615831
0.9648410062244702
0.3793997210452524
0.6784120925924126
0.07714064828632905
0.2826823679229487
0.30137642475084963
0.05044946963159702
0.09230752150879262
0.07909510624266075
0.7873434124587887
0.9327317099757535
0.9883838050816955
0.3274424017311906
0.21659724077893427
0.5908214705886314
0.42170471451390934
0.4712950105844103
0.49929115419539094
0.9352969070428897
0.786321676035043
0.9738325169534328
0.4184343353179552
0.637445214656839
0.7249436639394593
0.6638994102696949
0.05666999124819766
0.1804201929106704
0.6511861707109683
0.2171252060298831
0.16894681737736777
0.7160113083175423
0.2267620072525997
0.5568071528368501
0.7225496725607696
0.9340862197741867
0.613224372532643
0.4367931947082341
0.46755737199054004
0.01993246605785115
0.975099515859023
0.9773916665318847
0.3236465382741994
0.1741382790712791
0.14972251460569275
0.46537334026693905
0.57326242907439
0.10031642184828088
0.6188166584002901
0.3004208281050839
0.3365289793010224
0.32788913836454303
0.9178331401728105
0.5729188016758855
0.5698719929013409
0.2303162213110274
0.401294486560342
0.39176817907257866
0.8781808232139153
0.12356239062242485
0.8458617891142295
0.7459459798046162
0.75943565474097
0.8852642124781364
0.7175721298482851
0.37982200811080863
0.5110788979916858
0.12197069060932158
0.055669382408484014
0.8897822582643233
0.9190107990013022
0.029996054901448077
0.8326781057308124
0.008498342277295012
0.02294100467595822
0.7448369941869226
0.3388465528363292
0.8332208902568658
0.7059293354373218
0.15477082286968452
0.6088118172630328
0.5757643088462969
0.5913005169534478
0.8661651566102542
0.159316246579145
0.26438922965509725
0.7467192993074885
0.25119359327507673
0.33903124715068605
0.711577839672252
0.9930639169483238
0.28306608385176296
0.4050207434118617
0.9767366703142062
0.19483736519847672
0.16954671681947847
0.03510343273406069
0.4991502879029931
0.7692075187671663
0.6324456626517376
0.3613494611199236
0.054048383804938926
0.7923687989381535
0.04893606251952609
0.7671736004414327
0.6934379773844166
0.5047695363441158
0.5699608533182094
0.6289636806644581
0.8733912456454367
0.7208507778330098
0.7616583932225979
0.9029095628287953
0.04076896773124039
0.6342938551621391
0.2776499809848276
0.9586745241975533
0.0548980812007519
0.7763756297270946
0.5631962477748091
0.3437773796882743
0.9535114465610077
0.4328817426291047
0.6166436875809453
0.2260304006829073
0.7372966101509043
0.6541300440532476
0.3892464465746036
0.1061045622417468
0.0436896779633989
0.1030076145407251
0.49136264355234715
0.018270128289175236
0.8080891946195088
0.3775265632298086
0.4911886073290467
0.8445873024645041
0.2694541980987769
0.11725533455292636
0.24160834375111267
0.5562981457516591
0.9672897810397085
0.15708365716805012
0.35139979147167383
0.16589758559767292
0.6983120640634505
0.22713110076576692
0.12895323926995072
0.9243377946269607
0.7536242041793772
0.21421051415486814
0.0698216494325471
0.8300468280817204
0.1410236718269367
0.7981092659563084
0.23383640670491723
0.8299191777685004
0.9121000906654251
0.3550529291070719
0.6631862187469841
0.18716198465143102
0.1600723926882513
0.38106729084887813
0.3297710326988842
0.3668577584867446
0.7318526310120086
0.32955644853884186
0.9683066426107774
0.4473305991866201
0.2066131305492866
0.680266143432517
0.5510700009313501
0.5038797922148234
0.23317261022938113
0.26090306010643754
0.09083915285817145
0.6311708734441317
0.8898061351339813
0.32803237724166245
0.9204957588241196
0.27155118355176555
0.3326225748627031
0.6804776270499185
0.5909224173323531
0.29878316493544843
0.6324424006940508
0.12629801907063715
0.05324075485373492
0.8701656034590004
0.36514792514361116
0.953520455978799
0.8471006440534956
0.40473899925133583
0.21676672828495164
0.6651547262807009
0.6036447168724435
0.17124853026287057
0.592088597762318
0.13062200833159143
0.2899365682311445
0.8767639820208134
0.9744048072298803
0.4785783255437842
0.27105497664690686
0.3353330827664169
0.5739981167671706
0.5102162892424848
0.4467206809983735
0.7657708112898756
0.6243006285487698
0.14747995103779288
0.4312361147417267
0.5186642308920845
0.5371758531880832
0.44722893532098207
0.9886828370903684
0.06489860041861017
0.01257029167214918
0.0102401807849542
0.7097351495834434
0.8914873452908681
0.11281899894458125
0.19303633763735445
0.22211265622422321
0.5452148352167185
0.25817863270083024
0.3908822811146756
0.0636086156125999
0.44057759310844863
0.07770042718570896
0.8018920933659338
0.7147947473691848
0.20573615678963208
0.058344858465865734
0.5050408648101285
0.1879175941720428
0.278666189772614
0.9752785981705381
0.38897697709277545
0.9991651892905857
0.1854242453864562
0.1575834023081955
0.4538822331075127
0.3133971873253742
0.43341995066258076
0.7461459547827238
0.27522868426151936
0.5435954790959239
0.23481306750245207
0.2342862864152646
0.9661325990737922
0.7117064572755349
0.33863033506373446
0.7467218662050066
0.8041075936433386
0.43321009531897514
0.094923713098513
0.7087532774145443
0.7983704737077326
0.4746652060934321
0.5002680872669875
0.785096493066589
0.8654548869864785
0.45164406235904325
0.3811230516627337
0.2265759971266602
0.9537395128728665
0.38388389037278264
0.06006002856943132
0.05293174062270861
0.4115990827414706
0.5051466814376836
0.8195825345593664
0.8212823161562524
0.12923792386799143
0.937192743772574
0.2292438852433557
0.08232561739997696
0.5008675045567485
0.5804377143071678
0.9339932941591668
0.010147255553206002
0.05174090483247529
0.8482765473496332
0.8151577695602448
0.1065462739002268
0.6536586632096553
0.6777222556535406
0.5301939081746169
0.32707660128779825
0.6129121450114525
0.58592116907148
0.313320217563275
0.45354178920198884
0.55623197208473
0.41027052454918167
0.5763669387158332
0.04646959460814071
0.9631607733965132
0.7692782341808586
0.28765735224615196
0.8511322221962061
0.3973709797552296
0.2119688965794016
0.3264606182159399
0.10196679499004363
0.9747999812073522
0.48555398447219044
0.0115331391617442
0.7727899617676975
0.3730764615486783
0.3442483138657261
0.7844918327199064
0.4539894973741344
0.7345635231907566
0.8465288930423065
0.5922391876343536
0.20291472502091456
0.1444454009154975
0.1437964579403329
0.8573867933120817
0.409976893532613
0.9756364237852367
0.3503138802341554
0.051600284391206175
0.45050945020304833
0.2838924073724755
0.20245979661726476
0.7940154530441681
0.6512272735787994
0.6093560223471628
0.8647498128198463
0.08535179613733007
0.8901632881367107
0.994869560861936
0.42074186373784805
0.758076086215897
0.9702493643295991
0.7667397542672281
0.29885610606468865
0.4739454892425611
0.7592480393980854
0.640241121264947
0.12630397606820093
0.6324861656012466
0.9725303128755898
0.009995790997230247
0.27873508464155844
0.36743959386574803
0.3902340734147065
0.8644692009428472
0.698874608390518
0.40293592839543224
0.24662634873891692
0.624172879936638
0.3943380077189262
0.9171297761689001
0.5070323412143747
0.34476678316607584
0.39297376890175534
0.7182606733432524
0.7564824504344801
0.14910554817712585
0.8334992763561385
0.9765769539797635
