# browser_rnd sample v1
ua: Mozilla/5.0 (Windows NT 6.1; WOW64) AppleWebKit/537.36 (KHTML, like Gecko) Chrome/53.0.2785.101 Safari/537.36 OPR/40.0.2308.62
appName: Netscape
appVersion: 5.0 (Windows NT 6.1; WOW64) AppleWebKit/537.36 (KHTML, like Gecko) Chrome/53.0.2785.101 Safari/537.36 OPR/40.0.2308.62
platform: Win32
vendor: Google Inc.
oscpu: 
cpuClass: 
language: en-US
hardwareConcurrency: 4
deviceMemory: 
screen: 1024x768x24
date: Fri Jun 12 2026 13:49:40 GMT+0000 (Coordinated Universal Time)
epoch: 1781272180417
count: 4096
---
0.0001548282408800894
0.11825283274477272
0.41179135173835824
0.7444681485814131
0.9404517290200871
0.2699577889470821
0.136659464958504
0.3224293629969781
0.47867801364642615
0.34569092888010977
0.8295458476131794
0.23360696361156674
0.9503942157166796
0.4523895711656909
0.15129419618394446
0.9410972840631713
0.22467296412373816
0.33301151416796393
0.6459936524778638
0.06966551861157622
0.3168484977046888
0.7262319822851846
0.5339547824631676
0.4215603301114914
0.01638580656860822
0.2979792914790753
0.60211638592676
0.1625573804718765
0.552853823077595
0.509946706041791
0.6929704259280529
0.32768753053679434
0.6514230959361966
0.3567910203903053
0.5764232702364978
0.14918207345224355
0.08193904321117818
0.8524632333225051
0.3057641407959326
0.025851121729052684
0.9730701141428
0.8218654675777641
0.6984414053409589
0.5954140155681822
0.8258083963066276
0.8891374136611643
0.5114669262242841
0.9266215177358694
0.03777198316265862
0.6704706601920007
0.24505089099861999
0.8277677602431024
0.8720418325277537
0.5402318842351674
0.7966277763571761
0.9694705825601082
0.983046777958712
0.9538922250610931
0.5277814069350497
0.884843970260788
0.7498305292114016
0.8316981818123053
0.5702887157990517
0.608900830214363
0.7629462794985791
0.892027110357841
0.44871603552771155
0.30208113794094515
0.905334599537178
0.903416933465214
0.05156526616747814
0.7765574618103377
0.18627685116225945
0.9806392819120311
0.8417185499798792
0.9393717158342176
0.4614834317274261
0.5482672479389632
0.7640493149169438
0.06040866328506356
0.4888810692976424
0.7285850871130635
0.059725248618662796
0.4725011109278423
0.8647963377833559
0.4833004655414239
0.0374146184173898
0.3223817498172379
0.6438046838615139
0.919212533151061
0.6375321619355283
0.3104940186994971
0.5983734047560758
0.046927721344886875
0.8401523364174992
0.14393878973964047
0.6086659027695818
0.5238947779216792
0.6883050520664997
0.7738607745200465
0.24728111438535239
0.2494848666810081
0.268516448289273
0.7888619544869697
0.037765799612283546
0.9731231119590142
0.7687083891848698
0.43152187810286313
0.1893035741519089
0.23639971156191075
0.3365873950496139
0.8596062950598868
0.11666549174323237
0.35134495230337115
0.0934450420668318
0.5866877852588901
0.36854850085381297
0.5328470784596051
0.08736718468453364
0.15287415264083482
0.7648530659159669
0.17502539886080237
0.5734411771499921
0.07081969312721137
0.2227161819485095
0.1194468844722476
0.5214250255653352
0.5124422171549348
0.38649542773447876
0.32231132218199554
0.2418505044972057
0.014140358740856174
0.2965915756886579
0.5544957085313964
0.6192447867529893
0.5152178483637193
0.2517137086102452
0.4375791926542807
0.3997718318136636
0.44003778765783097
0.40910430583204294
0.33893818723098423
0.07942285952528993
0.33467265070775776
0.22068942460131735
0.7935676594670766
0.27320780929684707
0.9242131051579783
0.5123517649441331
0.49579310501617124
0.9988552275638276
0.8267542894673401
0.25295393547788114
0.23127361343914754
0.17155072757528278
0.20279476152522702
0.13253130517673095
0.005800478365834305
0.03702805604150572
0.3689113383982232
0.9090425265552005
0.20357830547966071
0.022225293284436676
0.34524292473997
0.8494842706250707
0.5741352544533123
0.2332733260295936
0.2425477373390803
0.9069837423741713
0.4783361193736768
0.9028339803259056
0.13430513158032142
0.9179626206205511
0.3334082445006794
0.7193437455446003
0.9318454790684823
0.3486639514644665
0.03724892311267669
0.9049629159318275
0.47163720627562933
0.7019782241044499
0.8968832055161529
0.013000925184096346
0.17231831090511607
0.8563025993266937
0.4411556418007134
0.44649109544802834
0.4539999283910199
0.6248182823047272
0.913226548207859
0.905345751052629
0.15988244618654357
0.8782130052131758
0.500736324740487
0.5079951452030786
0.139749509532046
0.9553213505963412
0.04534705973834163
0.0014160777309006889
0.18031868826067088
0.9085284218905079
0.21763485484898393
0.8673924117180449
0.15137105963693465
0.16049633834995447
0.6399218621888099
0.47771978381516833
0.7123984252648832
0.7445401566929504
0.17873350727869575
0.5672491033053315
0.46808481584904293
0.28740532845258726
0.22656293567674024
0.8184883447147746
0.3125783114275773
0.7160575869205601
0.7538463281357699
0.8384291750551591
0.10262382086208044
0.4877774395891652
0.3906042565734196
0.5573195613442188
0.5779971445183192
0.15367473838575618
0.6859840315664718
0.5527472621640732
0.5751729363126261
0.7621803575168493
0.5844451658505827
0.660154143751855
0.8289282598068854
0.5144193361579745
0.7925788062847499
0.2875119463518423
0.16026159281260588
0.4204314083119298
0.9288627091530126
0.8967545775943611
0.09284521586612482
0.2105610381998182
0.19197703236947983
0.9845063679191401
0.9775712268920647
0.8424729254999663
0.9146510098745197
0.05571790976275204
0.6436079147026323
0.048847612950986496
0.7699963611000928
0.031036174356713575
0.5071625384209899
0.6824252321640552
0.2172752735083887
0.056855859822888766
0.5923062608510168
0.010065014957495455
0.9504838606800554
0.010795332615820108
0.048910140399911706
0.03743028882322452
0.4682971841285877
0.0018957317291548037
0.07858627505406801
0.7864850936044094
0.6552551471566828
0.8887940683382802
0.3499691606896804
0.9729893729467989
0.21609871104403777
0.6402849139325943
0.456385934784334
0.2839979660871834
0.6344015988008398
0.982060764493492
0.6323144057734844
0.5255763663629924
0.1443192057115703
0.8809484802536172
0.8597062378589984
0.6081313034671949
0.8335104159069018
0.763768486501609
0.8260720858216164
0.6583203772686563
0.3255854227663426
0.16599851757809025
0.9562980094777529
0.9067711386731743
0.9836028790641185
0.2408788005124205
0.6269644058063153
0.9506041638511216
0.7780696801824598
0.22219280807826514
0.2424327895742564
0.0694894699246531
0.6772028084952846
0.9780329638238401
0.7285000744856107
0.41993234440939964
0.4775954908695734
0.8865939567483596
0.06552358322580387
0.6429418939017673
0.8872187930588693
0.3021149603418516
0.6323232603640514
0.8187682891536952
0.7421467869901464
0.46541184347479025
0.6929018367948996
0.3954326028715449
0.3216909297649111
0.2672273857364349
0.4479340893599626
0.9487915918475216
0.4261046479789745
0.6316757250774154
0.13366274032961623
0.01599890083287847
0.9899736501552057
0.3184784213577989
0.3423284265535935
0.9284542675149199
0.6831811828908982
0.18003020900690037
0.3641559215903436
0.18034636905803025
0.6445666161449011
0.9992412884192299
0.21896638355716358
0.9650616333769766
0.8558391159535654
0.12357619774657236
0.9121829980211915
0.593943200931162
0.4363907872822623
0.8896534406486432
0.06676341566514288
0.6776067604325082
0.9309025502669355
0.9166820294397191
0.3922730223688935
0.9906259376534281
0.6592681319855882
0.09565188531294977
0.07433215086578016
0.15104589393307322
0.7491685675861424
0.08079642026076406
0.2224614758074308
0.793950751817377
0.5079753474525346
0.20297688759584243
0.8895381903461059
0.8374996876522869
0.27852412151583583
0.6508434021461127
0.8372979774248626
0.08697186525124634
0.6685160240753372
0.7652330174236961
0.2731360086188952
0.7936605568291628
0.4878198023921212
0.6985106483970345
0.90217908808172
0.032177217561537796
0.2458534303739679
0.1460923624409276
0.5844231373217401
0.9643055785362242
0.7081973926669645
0.9240615489678412
0.9537548666871343
0.6492757050305
0.8713513492960192
0.8447935109345066
0.9929240663127412
0.20188307474176215
0.18636739435848315
0.5200456779781459
0.5803112689195731
0.4886470524463309
0.04342900153999607
0.8873754252721295
0.3073317455391906
0.6565327848637372
0.5220118511078562
0.3670993453768856
0.8710265194794924
0.37651525293138266
0.3979508725323908
0.01724564926638461
0.7144805021443403
0.7744298512451446
0.7171123839585309
0.3293663923899124
0.12019914690615008
0.49656108443372116
0.875828800465124
0.5626294669587755
0.933996408104212
0.48524869831989315
0.5469378210491844
0.6488974716594991
0.6756786829139412
0.8866459001593192
0.31038213859018793
0.08759164302901268
0.47813728636351116
0.41505599036529595
0.247001508136246
0.18921150412014787
0.41532235916041493
0.8464611311471737
0.331547845404881
0.3992644495609281
0.17998470648712117
0.7599532568018179
0.2291595193300986
0.618829118875432
0.07844678219844581
0.07653876905417545
0.13036551956552334
0.8283629989047805
0.09176353935606119
0.4793641220383573
0.9434452593446738
0.6050094235169774
0.21185727817855438
0.08523965934355715
0.8079198512147276
0.007436000762569561
0.3252324901572401
0.12669492747172595
0.695752846719462
0.7392263992911443
0.6519487964872244
0.880797738791667
0.17501472330411572
0.8077889190973562
0.21080755281901054
0.3299417564175009
0.9577905338016959
0.1195438523761907
0.7556464881971057
0.08764762595505138
0.5876602256226826
0.08147210760115153
0.9413598093176552
0.17700786187136175
0.3847407510449423
0.008251956597808308
0.08934838848864657
0.3373563051329087
0.9001538350963598
0.6078741572909276
0.257527983661721
0.12376916781011249
0.6130326098017509
0.06594189232061054
0.7644911789952047
0.46744128979476773
0.24645323198515867
0.04555406748672319
0.3237384943609616
0.4600777702658698
0.1317735924394572
0.017648985619510116
0.9035991388491411
0.5665182642327073
0.7818075283050956
0.045627547894652176
0.1929966041467286
0.7476773724265697
0.7917615489457632
0.21343450050259327
0.351013059103473
0.11396181559907137
0.7650277587686742
0.25436646521847317
0.03458028123173329
0.2784041770124006
0.8592259255009027
0.8850547152001251
0.5436490132954896
0.5427835412106703
0.6627731565965693
0.18041477189238497
0.3990541221898034
0.6815173085757449
0.49500497053080195
0.3269055523089661
0.6644906694471453
0.9817226202473635
0.06255653423608942
0.6854322717020906
0.5737010291525166
0.6948432840476637
0.14376448504480766
0.3437255207759162
0.5205215611437102
0.8152095507315893
0.11566374132984514
0.4031022631370036
0.29545593191202335
0.17424568014060537
0.36953359889120163
0.07822309639093628
0.12735670080751915
0.5343181501561574
0.5083245145537991
0.512069760403671
0.7579596356259106
0.3974767733383866
0.4341477049565563
0.20310341675179133
0.20044428813350157
0.04551260969730864
0.5253505335663831
0.1321425777135754
0.20047928922325586
0.6666435651143938
0.40915299378942627
0.7373662112310895
0.9268409720920796
0.34512533647392063
0.12433143698812099
0.8278589221533617
0.8963354451929089
0.6454853030186534
0.20497317022959738
0.8126850445137817
0.08975415422751709
0.16904275237427102
0.8758000672755102
0.525558106415589
0.07079147159850208
0.492055300144951
0.22045495107296764
0.8272523758689323
0.6023745553178148
0.14533029650572726
0.9773191888337915
0.322222183097594
0.8309486529056118
0.7911243830185744
0.1276580856375935
0.22839401697721717
0.609814225641321
0.10270386559411704
0.1574984090526006
0.9607119451736554
0.4011019722657736
0.7438714365380474
0.17302127675035428
0.8589282566668943
0.24165969279532296
0.8996284572591566
0.5765127038748976
0.41918066282545396
0.6377474136425807
0.13849746345551317
0.6079191413964604
0.6003150170802634
0.7407302566463134
0.6018870512431593
0.5214666373522685
0.351232595400917
0.26300970424750814
0.07486560306417167
0.22985533769821265
0.4522102116236564
0.23245108416583515
0.3843629801359989
0.11939921559756006
0.4897031751748504
0.1241234862559153
0.8118991940349647
0.9452245928946881
0.7440884645029076
0.5826454956514888
0.6952273984296253
0.13668453967343908
0.700477752405434
0.5795873466931969
0.7257456597745402
0.5077674534841377
0.5440362964985022
0.15729269614493635
0.6408828357456124
0.6327542158551733
0.855377543289304
0.09517394029978377
0.5479705700887176
0.5973277227909854
0.7480712933294495
0.7154414576265371
0.512090744340761
0.2803309531226952
0.4385566581143514
0.4406626049783229
0.12961133014130488
0.6384963750450774
0.4322904109055299
0.4921124192078914
0.3854992001685924
0.6237178725696826
0.16001451855671456
0.5843260315498546
0.5488190813951266
0.19460186132361557
0.4156341861961672
0.7158668654954539
0.6137204419037459
0.8931241364199787
0.19423911727308285
0.2825887209918432
0.056924129384176014
0.9615580951334495
0.40077167542129866
0.8863335032667812
0.5370060156759027
0.6648598924357683
0.937354483581573
0.3391161026043772
0.3290454927502875
0.5838848988626444
0.35729551666358006
0.5229366741301937
0.19944668415745936
0.29069669213421934
0.07478594860087862
0.3577932502015819
0.37585126848851735
0.20103693653753973
0.7025995701843912
0.6256686592471212
0.09213913212821923
0.4867253348462679
0.8919491212515307
0.7076570620031108
0.9197398485118129
0.7088945496193364
0.017845322761298688
0.1998063489251216
0.11146568864932993
0.7240827884504062
0.06403846185728179
0.585383505112647
0.7904467327047209
0.18459703333417288
0.6943540947740545
0.09824891668872415
0.3025358798585642
0.9182490456657233
0.09339732318192939
0.21926756882640253
0.7104188625897778
0.8013441802687331
0.7606019606920131
0.8451667569594825
0.9331615948077341
0.4154300036600349
0.688434160861704
0.7896623003584329
0.5907345386407412
0.8577479347354076
0.8775634975581679
0.5307442502791264
0.6456583735502202
0.657389584611551
0.27500090171039093
0.9936977770003839
0.6006530658768301
0.9775400582964882
0.5269144631859113
0.9938953489701816
0.43125725622265976
0.6605385309218519
0.030189253229381485
0.194921383685712
0.9380094714897318
0.5962695048428572
0.9187610483935946
0.4629763194687615
0.1796378358594457
0.1026789482460797
0.5154771366627189
0.8441464801019187
0.36574639763355976
0.6442022486897334
0.48052955587150614
0.4799129537208655
0.9519144236824357
0.6239838704203482
0.3796497048320415
0.9540996636142414
0.08195203362798575
0.8875536026531512
0.7239281403951836
0.9775501973288874
0.3459193527133626
0.6580866330864823
0.884831391670936
0.051604739373514175
0.41687443790944756
0.5224639946395988
0.9975672804059708
0.7602934503487597
0.7769380757203697
0.8277870188856429
0.6435238847450853
0.2689599344911333
0.7485127295609146
0.4653303631939836
0.4131671462846451
0.08930467377688145
0.05207805598438209
0.8665672444063255
0.6641575505225601
0.9886845874018111
0.07086053655166369
0.6920791117210463
0.7963885878966228
0.37561836382112546
0.10520213525095623
0.5513266123871938
0.6462473668636624
0.6343149523613403
0.295785988635076
0.8036720576120862
0.6856065768779012
0.5288293519716802
0.6808077496604736
0.10006165769040454
0.4202873704624479
0.015167285501157313
0.6405712303019007
0.5916336422026205
0.15580591772618546
0.7009699472784134
0.9708678359945946
0.8474394616465235
0.5480709425896932
0.5085934187588994
0.319104392566689
0.9520969841908031
0.3247042505119986
0.6290561246228397
0.26064989731702415
0.16624539608547262
0.18761423420675638
0.8952238391347218
0.4505228088141684
0.10529274506218167
0.26287724198846285
0.12792682357912488
0.946522729293436
0.3258012036594309
0.9675699087074185
0.4834356406500422
0.1776589548977756
0.45056775353994105
0.39785803974992784
0.6192875613059823
0.07076718317374864
0.6959719350869773
0.899472160171132
0.1300711527892724
0.6356445962853459
0.2754295739684478
0.886827616755069
0.6034204945573618
0.674454693093302
0.8679705625724552
0.14788794893316148
0.38501478501513176
0.6847676400038676
0.3874874202188139
0.2878318338270933
0.28734441232400343
0.16785805484545024
0.047305007029909696
0.5304629081541228
0.07074075185884454
0.6186275275218138
0.8923090369151117
0.3846425022865354
0.941994733215177
0.7796497207206894
0.6146074130455748
0.8474197414574713
0.7120248513546981
0.9947849684207604
0.7890716195271177
0.1699810148349814
0.5175069387569495
0.5476802253765716
0.03352427534450064
0.504458773852009
0.2658595599948266
0.6343461874972316
0.4762042299856306
0.1085514741077831
0.06010011980568608
0.21372230182058272
0.5131220394940552
0.594364198904733
0.4067939907706821
0.41774476806904826
0.34028754429835883
0.15547063786035475
0.8681281679272954
0.8697556357185512
0.5115784978171329
0.33458832928550053
0.08192792984132113
0.42582028389630033
0.636309710284034
0.29114400235389026
0.22180538744821465
0.5797914417802659
0.007204572234133622
0.9141946458150401
0.8598625420031603
0.7818765160142467
0.7868846315948166
0.6861240609374863
0.02826811035583443
0.6020629101094317
0.8987062394921468
0.15695966443839549
0.37810085795272363
0.8226356072367913
0.5320830153273455
0.67387880660877
0.31409069078591134
0.6693315601708305
0.5067743245782921
0.7518286814606474
0.5103159231749648
0.048353636773108555
0.8397961451615417
0.7773736623255407
0.7824581480218684
0.5712930483671155
0.47190050832268704
0.9104882517905908
0.5281132421781187
0.22437720985930043
0.28473056380266826
0.796149292698763
0.2528922236028259
0.8682553264217734
0.69551419428225
0.7126064248151074
0.8432540505632393
0.706116252952516
0.7128892397918245
0.5507121697666697
0.31765087262250824
0.7205777977238257
0.9474668182261847
0.4184975863638376
0.553594716198514
0.6736511630795288
0.7918145250545898
0.40494838784036125
0.8748395747692219
0.9974932032607315
0.8963713925075576
0.4227237127969934
0.5381293334620894
0.36784693538844637
0.8433114289488652
0.95923918635148
0.5426531372554251
0.4229691959518318
0.23068243743129102
0.0760327028559391
0.048803826630367864
0.656893803535233
0.5136296794310011
0.9993324081036516
0.1501639276469413
0.3428008912701941
0.6633959359849029
0.2343121629953
0.836823013611993
0.4752037648988685
0.8827932859044294
0.9451398187165005
0.6522430342145613
0.7337325789635283
0.44919188109680985
0.03859183834629665
0.42890574863080055
0.6333896215980943
0.8306979678515529
0.44775107572120953
0.7513053283885376
0.5106524586329864
0.4265401729652667
0.7484369628468588
0.5088526374630664
0.9446989075464058
0.721665961732975
0.4778803370291378
0.03176923259538733
0.007246550747487701
0.05020488355616193
0.1266313700174626
0.6447276077501902
0.20788352923464504
0.8380012681624067
0.9566792654146132
0.5214671520394176
0.9045093739291059
0.7206410555648912
0.599584775236264
0.38407140994087774
0.26535016643147835
0.5221398908439863
0.152571094284486
0.9145114498106708
0.9697458723507004
0.03156602000996256
0.23436843160458376
0.07279290285240902
0.21584741670976149
0.8150311566331421
0.7088211025183986
0.12623801677834479
0.13299340582744645
0.49554234849726675
0.5694165002071938
0.9057938177641238
0.12409340192011253
0.6541906068787589
0.9343307204032347
0.20718967568877567
0.6147337713536534
0.34201646338363867
0.25222522115540214
0.07331673440101438
0.878790949116034
0.7454353915270262
0.46414135727338834
0.8375431140933971
0.04679066620487271
0.5738806274778057
0.8824190616942396
0.37507628396109194
0.936327728483282
0.9198388305279275
0.07074797752559236
0.6186363294392576
0.3019134103128438
0.16663170703802166
0.628340629890521
0.1790342654839363
0.5450109238682448
0.4409855685132835
0.22595376328105488
0.20451729761719517
0.1668800322061108
0.3370455028952022
0.10633898169318567
0.27840204660970413
0.17747509229324865
0.5253103804741126
0.15244188219815924
0.6322630655747132
0.8164504947537781
0.10790706524412519
0.030684858734944642
0.43876081998252214
0.866715751024548
0.05866344345418062
0.06872237983694207
0.6499650911457062
0.8899086946233645
0.2717623687107018
0.20263507160431837
0.9895347419341309
0.7118076199820818
0.1600615164995718
0.6655657023809489
0.03318006239595861
0.22490253506876523
0.5974907147350126
0.1874868058796395
0.8934207955864533
0.650756231624809
0.17916451643588704
0.7216448437912422
0.20000079610936639
0.4854455017966639
0.5203829734075527
0.29544731163129057
0.3548812618606918
0.09445869582414756
0.16123836707328132
0.5865630563129542
0.9116334293455581
0.18400059614653097
0.8228325316354894
0.5583204512084621
0.1986635372300074
0.31263830817869964
0.2852465933433035
0.10341940873601496
0.8229707475554271
0.5536370036962284
0.9550904882092195
0.7535601436420487
0.056025771786961664
0.3541924912996546
0.22800775602423373
0.37529927287704234
0.7953474068970396
0.20781908046546538
0.9566901165172814
0.6683355549373644
0.5637368095742752
0.7335634138131972
0.18004071652353693
0.20819690807324376
0.2445167046936847
0.22189555244409687
0.6020796727595725
0.5513542704235894
0.2837847364467849
0.0951283407440986
0.683723971526496
0.6878547878883483
0.2917177493191827
0.1713808237545833
0.45089633103817106
0.5118751272796025
0.7173052257795567
0.4538256232466429
0.4531281235444251
0.5789362588255327
0.43981032847548507
0.762313631205813
0.08382317268551409
0.05262304965573361
0.8989394196746563
0.9011843766919003
0.8325391917950518
0.29885534752218046
0.6609946692560689
0.499748688575419
0.9184117210219138
0.2984037236342081
0.17451128571222574
0.3245455686752621
0.05634449292020993
0.6546009616928437
0.00420493454835924
0.6376356741258811
0.9061530495610959
0.03928672329949934
0.6351321330810844
0.3223375969220954
0.8424648996848618
0.3886365753241898
0.12200083324601319
0.245649279644649
0.8634081781761624
0.00923402358649561
0.7604889450001298
0.9292277327387395
0.589451600665915
0.6902618444199475
0.8851816354472322
0.34796227484000064
0.38531433653946445
0.37474222955785574
0.1344368008560961
0.3774939321575015
0.7771463948382729
0.7828045621418462
0.2608110042707015
0.6740597873865459
0.9803187318407101
0.7810590846962959
0.33787748519681404
0.06767195572789442
0.35404510789526533
0.8595471439168849
0.22653463209469438
0.7475786949261325
0.08245574408104717
0.8879701703590872
0.9337094864453126
0.6306851389965191
0.6223164870550115
0.7689984718122829
0.2698252672699428
0.8929862565993518
0.4442434578354293
0.8130302138889154
0.686222942111596
0.9315382282416931
0.6087239243257949
0.3665319129412761
0.3066639187762765
0.755523033519893
0.5704679836242388
0.9955157788870388
0.5361853729290762
0.8036687077716074
0.5292388505243626
0.6506722147799604
0.2709374004239895
0.9142415731786393
0.25486559176704415
0.8735301413443439
0.7026577172593658
0.562662465373986
0.23923414788368147
0.7447924558444587
0.23075601961152215
0.8018526209502288
0.13349192377518282
0.3326946474811072
0.3761941355210576
0.8556534844183421
0.6019735163399302
0.8271191181427495
0.0708766914421537
0.7177271449383282
0.558617819040107
0.42038995129696444
0.559024890661656
0.7830967251117349
0.262375956484328
0.9821423871179538
0.6021232746749465
0.6293865491940578
0.4407523098283981
0.7863311652409022
0.49728563918378366
0.017662493859897266
0.577772731796947
0.9538814291708255
0.8694295155766252
0.1381173977186676
0.5921559848402311
0.5513133041029292
0.210454493076772
0.07776683120692907
0.5748257931191896
0.12233574833537286
0.7785139978153337
0.12225371305541
0.3684582670886647
0.23958646988309362
0.4235539347720585
0.3438320142615179
0.3571053233866457
0.6582566816289834
0.22306324839508984
0.9405130889837023
0.09296308247087959
0.24839720979075275
0.5482971185695398
0.9466906301824292
0.8340409298228233
0.34958058103967904
0.7104121291041654
0.05344326658495491
0.8693341712851406
0.9529982613062284
0.5743052359891221
0.42536582828377734
0.48700162731747776
0.9583776123327499
0.5450134247496223
0.08300239102102314
0.025517645094580654
0.24553187872360205
0.10829050852914279
0.5228834346207709
0.10173705828092361
0.8250019252426
0.8093698120827484
0.5389544469302816
0.6558376782385462
0.46766988487763905
0.547207385446697
0.18095823223319685
0.7184238346069285
0.9282448472083307
0.5479268298796895
0.3409865231969389
0.9366514851524723
0.9977188961203411
0.8936871533102093
0.7422299873395928
0.3451389679816823
0.7331158072098776
0.7280426240115061
0.3783201176511046
0.2171490736976167
0.7404143075002487
0.7755829979331947
0.6911732378731548
0.6963270594609665
0.5796019809296549
0.2085931708586637
0.8996855380825557
0.010979350216555384
0.6670797392955821
0.2029966731669779
0.2619743072661629
0.18110750414960952
0.12484117694372587
0.944689037623939
0.41872793829445043
0.45678853665792163
0.34745196340933826
0.18072721564337013
0.3668875204986599
0.39589253486388243
0.93876038788133
0.8410592469386078
0.7564650289073214
0.7845174811797508
0.9619779525712377
0.3463282321128063
0.6892853890529322
0.7581963771128133
0.5978047539244253
0.9519903218886268
0.3653146142838761
0.8504927824144815
0.07496191822036291
0.0015420643561441238
0.8827612419352071
0.7691379597073751
0.8620473113567833
0.8193196387142667
0.2190345178420594
0.9115890849685548
0.7052997342475584
0.010934070886479574
0.8533696469614813
0.41953617884727423
0.4563262306575331
0.18130846352577046
0.8056153154195407
0.7322079367261667
0.9370291231474654
0.7014858125029393
0.1483834526776151
0.01439150394964872
0.506390849946537
0.807964525917749
0.34121726177100475
0.44082962438427753
0.9391112520909519
0.08135740758927645
0.3173159124827416
0.42568675509427445
0.7583096609043749
0.22977508371872468
0.8512556106030491
0.06813642946466514
0.7078796010702275
0.08913402958818684
0.5098035179488591
0.23827542659153056
0.6274532236126309
0.18954323861421063
0.19779930361800968
0.10363797490552962
0.06272913230723298
0.22800811788734654
0.9413137772470115
0.6475366272444125
0.12702952987092098
0.5586795883541418
0.8260771915827423
0.23579872344563246
0.9798549935632415
0.7167172373169348
0.45513924616416523
0.4792511767837635
0.9329415663490082
0.7835504582666399
0.012211458445770651
0.46400079510220826
0.04457481825489151
0.9996750990526635
0.10537700878842715
0.8286374505890497
0.6813502263491973
0.9621322584330361
0.6221229631344469
0.7913574118749105
0.6972809408014062
0.2628962215914177
0.9722167330455507
0.5520887717156966
0.6783940744183172
0.12428331230850298
0.0812018651249149
0.3729671723079846
0.18313620477974757
0.8649677090813646
0.5086286286761816
0.687506190973654
0.5891086241852199
0.5218700577878794
0.4011263297091261
0.38810735937386065
0.22042528334316747
0.847808840324358
0.20119150871831892
0.4797827443320599
0.827922018428503
0.2772217217165742
0.7148340056255116
0.10432055104621685
0.5605764558523021
0.4841126178101982
0.7113301788546096
0.859276103846262
0.8735015208558665
0.6633024953162423
0.5581530643597994
0.5071948037545932
0.516597681066447
0.9105550180891131
0.4032754880049525
0.13760007415700737
0.29292362665965155
0.9255188417810931
0.46689794588009725
0.024826343620953262
0.39479468132934525
0.213669787596118
0.6939441125270496
0.8560865364763861
0.804332122344307
0.7463237878913673
0.3794964644173364
0.4775566867296448
0.475610207872313
0.32072551969140917
0.3734175583749857
0.34767176745951267
0.06075809427734513
0.3226541908443852
0.9338790075737475
0.8391076222119209
0.2057636747171827
0.686921397183111
0.3096554013660118
0.2819556991749317
0.05602251857092089
0.9498867770346271
0.8441907085434346
0.641681641554023
0.31424612178632305
0.44059114335558824
0.6348128802937021
0.24035180391475386
0.4925267784074556
0.9039982960925952
0.2716574829919334
0.5916681544332054
0.11625282775438683
0.4936479287347919
0.39364218400185225
0.9849976501230426
0.08473687996011336
0.6432412252815345
0.9801344716104416
0.8115760664911305
0.42560953353513753
0.19430787201998
0.30425663084720944
0.714113220640918
0.35233808058777627
0.7558331646681642
0.01024554454283888
0.9956152721589744
0.5479547307939991
0.07998460151700959
0.9352802498318238
0.9341282554815558
0.8929059605058745
0.3056813891426
0.5234795657054452
0.9125181985488069
0.8790277847242494
0.7357470604400864
0.281333097307525
0.6905803554862242
0.8164277632970964
0.8274363817366517
0.08494866844807714
0.5087275218547587
0.13559297324858077
0.18019276437878773
0.841978108628473
0.5998044841936405
0.3622380902517588
0.6791121780006628
0.2640555686300732
0.6477770742543212
0.49858983086422803
0.39871280541378473
0.2343669929012564
0.9524946676851498
0.4887913817961478
0.22112931643829614
0.881368673305305
0.4538003492098044
0.882668951375827
0.06742902063032163
0.07382060616497244
0.17739867784675334
0.10737752604769968
0.2601350144698873
0.11667913683860887
0.40873376252516835
0.06878969510565214
0.8209927280198348
0.3186323137096789
0.9024426173924356
0.1749519912274764
0.7220844694996098
0.3501738033547581
0.8024751136944017
0.998779052283784
0.1966899639478885
0.11305888395782637
0.4397937303656514
0.4304683052513987
0.8343248431273322
0.3894567481565856
0.5376589301059029
0.33626409623102327
0.14165566469311663
0.5607829960467685
0.6417885750767458
0.4334146828053338
0.4473975397479393
0.49085336611156505
0.10334848586362866
0.5271042333673024
0.19947588721714626
0.4558546122928271
0.23843288232843207
0.1588272597133542
0.20316161446737246
0.9489321516616087
0.13732843211761914
0.14958966176533162
0.9614639503978641
0.5440567994697116
0.4017329315072571
0.8903394953338395
0.17018016396491786
0.1536332822645179
0.9456837126190416
0.6435787812396094
0.28609625762058744
0.5195428010424776
0.15491021720832654
0.7247088227083107
0.3799791114554838
0.9421043657979966
0.9291465606285658
0.7212512196968401
0.46138184337849886
0.4088860040214781
0.5470972932884526
0.821081246492718
0.20332404513765967
0.8710222872041624
0.0194009798769188
0.9853644580072947
0.6310402344041168
0.7076578077813935
0.8768758505236378
0.2990292449902765
0.6596745559647466
0.9807581471815034
0.6049779331715377
0.07702559479520721
0.1656941406668282
0.0890529163171141
0.5349708369683825
0.4120615695753982
0.28961079261051426
0.9969667026476183
0.7778433475792637
0.7867406601312597
0.17576896018069355
0.6597900157621956
0.23792353255130183
0.17604319915673816
0.04233326073002175
0.748624935498317
0.39985689772263044
0.17280202151798707
0.9043649587076208
0.15642052045180255
0.4725566194865949
0.2197227515777076
0.7219912949785421
0.43286980090725335
0.042083821777246344
0.9190137760218056
0.7901489832443507
0.740457430469811
0.4844201250400324
0.42824210618053304
0.7874425902340196
0.33723558175120627
0.050309835975828054
0.6703858544656978
0.9229442861095292
0.6817170928111418
0.6936662739599269
0.500269711691596
0.673491372138971
0.9433953546025733
0.21281994042017915
0.22586393008257577
0.2663957045776111
0.1932369632322697
0.21195425550756197
0.18034658566278194
0.13617905215825843
0.3916029728712993
0.7514188894877356
0.6388569127691361
0.04321160021631987
0.5667904866959872
0.8816623532144165
0.5061334737810432
0.062202759368654714
0.24502488514356857
0.9888632536395294
0.5420909138795666
0.741682193601509
0.3961069942414117
0.459142187199997
0.7654942535714935
0.9394533221701091
0.059440746614313644
0.13881752861343033
0.5520420663858332
0.8622419169848854
0.6765815465506861
0.33564549444065395
0.49902738212414643
0.5957301307762726
0.0365481128608145
0.9475963685445898
0.7718059877253958
0.36011331791708456
0.8230577807368225
0.8017744465607948
0.43796556737945513
0.3188899081525751
0.5205612901824515
0.2006636852168009
0.7311863982125002
0.7381172450489999
0.7854407712338582
0.783784362182302
0.07384266635448089
0.24679363962755474
0.8342413685962553
0.9917232899267148
0.5802763208064374
0.555753217989132
0.7494673900553277
0.6397895273781611
0.5419363527110534
0.43443805379259937
0.20989183119379828
0.06823644868648526
0.5020311297631597
0.8989973693231041
0.17311855110380026
0.15492288853615688
0.4267796245545603
0.7352574516599724
0.9890692603763847
0.44044384910285483
0.154727433475915
0.22148329297334346
0.19697605195309897
0.3989155524413319
0.6507943355335493
0.9126009512843123
0.20450756411676374
0.9390835592354454
0.4345814066604827
0.7420728966379375
0.7666132981105243
0.6873881609218919
0.7639736852628216
0.28058127192829896
0.9672140583751396
0.989546754009164
0.6262120505451576
0.5051305160613009
0.9698331241574945
0.0012311374004541076
0.9628374665305293
0.1404209376777148
0.3289183566710583
0.9117610142684665
0.010940724133795543
0.9841139214209904
0.16635915818327307
0.5503368810397857
0.5278006592691027
0.37815720000266406
0.8378107538203348
0.033146345536150035
0.34044112335877186
0.0817594331057152
0.5010286867352391
0.7455836176624699
0.4301182437418267
0.0660813603016801
0.25775797480541485
0.9206953923919521
0.7333842558219656
0.3765675342786514
0.6364885585023763
0.39648665317906384
0.8875116849213611
0.3733042319500053
0.6222022290646239
0.8964439142703857
0.10164072226248555
0.22509110329326099
0.25354619405329903
0.3480156881649801
0.7513813583709137
0.23367264280423505
0.4910320041955447
0.8946474028370344
0.455324884319825
0.5244612629498577
0.2340239111902942
0.642310816588723
0.3388179620747651
0.09737819075095411
0.9424027387948326
0.9252915436992262
0.39244261692491866
0.39342270217583586
0.08763446046307766
0.5249842771249897
0.27211394387445
0.6192445273499674
0.3519074304310428
0.7283842551619444
0.33406019402153464
0.6074720627432095
0.9773782826585582
0.5510953461556243
0.26915087139503346
0.15032035913583996
0.05424285785791838
0.9079456323794961
0.7837800905849954
0.714655110977487
0.4976237332432871
0.712192306463306
0.9871327620526269
0.09259500080666361
0.2744625388133106
0.6525997521227294
0.8045124161272366
0.27206794122502
0.24615212958272137
0.6027386637824548
0.7378715746878959
0.5712760176865288
0.38864906705902014
0.5275933982824059
0.619118271424743
0.23665700384807575
0.38840230813714904
0.33762752048402667
0.5123614889467298
0.3994381121227213
0.9209869993911113
0.70323475748298
0.6950758765943892
0.14108994939387798
0.22563514702906784
0.7114916880866102
0.6553385767185622
0.7988687574203075
0.8979955614629771
0.22080375230088944
0.32713258144452406
0.16755319191227458
0.5386930482881813
0.1019293491120421
0.310603527603313
0.5450249038444634
0.3316290434073883
0.5075086039327257
0.010806339899651629
0.37496484882332304
0.5078333763802281
0.4903482952107181
0.6731678752964196
0.4263049068915108
0.603642079209618
0.13564220463185506
0.9209781635844017
0.894349945815933
0.5676820979115953
0.23680585270987864
0.8945445963745835
0.2786433259196246
0.10887822103181066
0.058737252133821416
0.9224882139388584
0.15640839796364703
0.9023001833216993
0.5969117734289517
0.6748446330995097
0.065178395435189
0.3973352429367709
0.9868299285957705
0.3172525503584467
0.8937380179941907
0.6490614475530034
0.6202151639427644
0.030564896937957498
0.5933054455286031
0.7684387844416414
0.7073376836908163
0.4366237519607381
0.9602868114930414
0.04369443099687986
0.797777083516028
0.7436197880049402
0.7948319478806063
0.8367158995590034
0.0012607524262742142
0.1365958515907446
0.027496559374966312
0.10115156420548232
0.8103193331763026
0.5829908697136281
0.2946743389574693
0.8802850464038123
0.9908612770268344
0.8590667538310863
0.9479223650578117
0.46027393433834396
0.48494791800720205
0.366761165097617
0.3139513209200562
0.04060907945816439
0.5126306743169371
0.4335572743391256
0.48619646319013077
0.9782834107014384
0.7238516485316127
0.6536408751470832
0.12640872072717269
0.9865662405841515
0.6962397319382121
0.18422538109570463
0.2820016396741174
0.2828756344011154
0.7967145077113678
0.9446393947518281
0.007216855169939196
0.2804337487406008
0.5212687563991492
0.742335976571582
0.1496443330498376
0.8233079434358574
0.11690189697921993
0.3463693921541058
0.44599967395047013
0.25008548389346674
0.6975325432734416
0.24764642410504134
0.11874000961156916
0.9115532593936915
0.7219815032039159
0.3268436817415079
0.9194910886217085
0.5481253143258458
0.12041932435406433
0.9727652505235038
0.19253322254834404
0.9593192030728568
0.12647287224222636
0.15815055642760512
0.5128592857884515
0.7309701890847771
0.46187976055070146
0.4152209967409626
0.5518708782059942
0.046401399135376886
0.8892173316237371
0.6395794444644245
0.39232965114011376
0.8687907065189837
0.6006119982261049
0.9842902686683261
0.9436710386183731
0.6643173939742812
0.20432692509819006
0.9466259063685849
0.4423003532906924
0.36872635610111826
0.8762259246820538
0.04942970767710553
0.8485006318858317
0.058914212877415384
0.9486393033197245
0.34975987978584544
0.6447438988069467
0.631850527813131
0.5267385792479069
0.35017519443195066
0.660293681069823
0.2837525597073589
0.06316035299037459
0.1548527923556875
0.5545347280049282
0.8482492464648153
0.8427854101806305
0.2771303857499303
0.9679682598341603
0.8940268420494266
0.7914511092338439
0.6468677847440607
0.658089751158959
0.28157201346027505
0.6748924679891799
0.08585296906418494
0.3014289270496868
0.6822274286760717
0.32948978894328285
0.6318605055326667
0.6905504000660447
0.061907768079369596
0.9764162941890742
0.8349572360261965
0.008974212819027327
0.2879645685548067
0.1297409109691281
0.03930362660439157
0.7488533423917811
0.5070417744660993
0.6232061553399102
0.7945669709971905
0.14305019075404757
0.2482489488554187
0.44139441326659035
0.014563480782030291
0.8038656435551061
0.19663937221060324
0.4468885735242578
0.561322904420259
0.06053843127132352
0.4668911900449726
0.1588201812573491
0.833389658369351
0.17730134818140364
0.8010052925353448
0.3972617047770537
0.2719084986735465
0.21509590457723315
0.06200431164372522
0.4308480060384656
0.2453986564557975
0.7682883760321222
0.2353658332843016
0.22516772252180695
0.24541262062652147
0.32728697773687765
0.9705936740926329
0.5041325249486148
0.22345916428067847
0.5497621085300619
0.7547014418675322
0.20997726842172892
0.9389250380250291
0.9914929071982688
0.2938944990785828
0.9800732949022495
0.5657355907552115
0.3957599333211834
0.14720268179721208
0.22097808063200075
0.7011583889814905
0.6620972370948235
0.7335428915684163
0.4106043975609499
0.9310366217120984
0.5823310849291918
0.10163528269665423
0.8269479176058925
0.3632729827991503
0.6315635650925147
0.24617422183919602
0.39972123753009847
0.8738172383885692
0.5706244295297505
0.8057329752191729
0.7517257302740392
0.9120829170153801
0.9871209807366434
0.5101459844534131
0.6133102076043737
0.9667315386953295
0.14263752558751608
0.8529714118485057
0.7872182929299709
0.12364717438177131
0.2689286523970571
0.517781449638411
0.3414903838528174
0.7335030622365071
0.9321755831297314
0.7489944034159626
0.7332739343519188
0.1292772212789095
0.4502948519863057
0.9600281294785367
0.6930058231220029
0.26290124360948086
0.10553972902365971
0.08883872507312596
0.13804437663128044
0.6452747195598467
0.6220231212888578
0.6091838645260022
0.8249967023486187
0.34219165197981294
0.3313351653716665
0.3956278943060072
0.03163922233708494
0.34375325908161636
0.6428887083062378
0.6521444304321917
0.681406298213308
0.10773790667160199
0.10065505669539765
0.8959270738669041
0.47678606547513436
0.3147149384740795
0.6562095352644446
0.11250105413201594
0.05706972957623324
0.9797158286890888
0.009227999980490287
0.9070340544260125
0.9751213890648325
0.3138336896524181
0.5290527580188527
0.5226887093614805
0.7192063531134041
0.5216024205215317
0.6523797671794531
0.5831003875392748
0.6005158039169283
0.03480434941124311
0.17581442167502792
0.14181554392730278
0.6682712684125776
0.5997380187957955
0.7937764971001446
0.7460586495972856
0.4947346360398148
0.6523187264122585
0.2129313876138197
0.8091115080079514
0.4742702416272617
0.10072285937620817
0.850232388438076
0.20448869072421694
0.7246099266664479
0.3208009217426684
0.7300944504790345
0.7691312552902254
0.46147983434222195
0.10374946099057691
0.03827611629233196
0.1645378774843287
0.3921385090356837
0.5979757755684583
0.5918140885894756
0.7144392396407493
0.1048065389485886
0.006866470457158824
0.3599241400221158
0.20830099436372596
0.7557850056366995
0.6807165546577396
0.8846700070780451
0.9892637898337449
0.16157697796331139
0.7707842741375446
0.8065988932273762
0.943736280304472
0.39642457164769573
0.24131771998073437
0.6187828446677972
0.14030858844330463
0.41642772099427194
0.35969193468215077
0.06361790079117546
0.9477278319628033
0.59439221338353
0.6802368184260479
0.5734769739589038
0.2262153198910275
0.5382710240963129
0.849461859412936
0.3543182855089104
0.1640337536317129
0.01957562966478621
0.9051377826616109
0.6509607791954393
0.6399400326423184
0.11341773013646805
0.6896385913106498
0.332889230728727
0.7409709741377146
0.12833818508912942
0.2575164636545033
0.46459593831433477
0.21154129725836524
0.8970258386795911
0.9557600324295081
0.05591952972400316
0.9569028496010312
0.5788281431576054
0.5815285491532867
0.8193663736338788
0.7237525773653837
0.28459434358818947
0.7984055581514298
0.35423002130448045
0.6315547454350983
0.769951879012825
0.3099008564335799
0.8299924257616926
0.36130806558390405
0.7733193923335977
0.4592444827294553
0.0820793699198532
0.21567190663059255
0.9008789989215549
0.7195472738984792
0.2754751970000415
0.09543067307099817
0.6592553048404315
0.160927260271567
0.07452031157830752
0.35725390331994533
0.6703974477957204
0.9260339301666329
0.7855698474373678
0.06603434458360335
0.7191719355373618
0.8047497716401382
0.4926184880751048
0.7379187239162468
0.3445823609585785
0.22509188443917694
0.21039595533489175
0.6019839192643144
0.362289425212873
0.37830858430529246
0.6528502841693979
0.5944505226051278
0.4387819000511768
0.40913654259262633
0.06568939684316999
0.08310798775012507
0.7181510506882578
0.9993476394359526
0.6884694829019733
0.5457273591338974
0.49935357375519107
0.4847268522994075
0.6346470323029871
0.9881203982736384
0.2554575359209075
0.6250705273184469
0.7815690461248668
0.6194256009896499
0.8836544811101952
0.9523722878149614
0.3141230136530997
0.27190345129794125
0.22897323791392088
0.8725528917997647
0.16917031452521814
0.66652636220209
0.12318487771040298
0.5603776133495868
0.42380332692804745
0.5306880716544364
0.725773111669008
0.6862990254132835
0.07681144587906785
0.17602947716620831
0.02327846603282402
0.6843445689422052
0.621276860265704
0.6210338563822082
0.7287419484056639
0.8343189679947962
0.14570999621403447
0.21540151802921303
0.6603098602837056
0.09063943008333664
0.3200311861866272
0.11725570548636122
0.33424692597243433
0.10651408273521912
0.6362386786403254
0.6386383918948664
0.2373787470560742
0.06711382082418282
0.4818504265131558
0.8982035539067021
0.9993607331937737
0.7934785246737217
0.36912236654099706
0.6076939056814825
0.3746484655125386
0.9356416218351549
0.21458178324891497
0.29637408330219395
0.561179816374821
0.12531175208194822
0.1794585791307084
0.6660100082344746
0.2899128251747174
0.9630635805918453
0.060204582084127045
0.3065724006141317
0.3860014395923259
0.3475679440193582
0.7283025639018434
0.5380602184939982
0.29903322326891923
0.06395522479086013
0.33382231687843333
0.5367037468310327
0.2705099665573598
0.5493386774419855
0.23133051719062148
0.3293344784059258
0.7024801543622361
0.40013330183275886
0.8652245923929287
0.3695764646401656
0.745638934872751
0.5918296884945227
0.16468626914713136
0.965503862575892
0.8612649528766392
0.5592743857611093
0.46354427397671083
0.08166816020919332
0.2617002001989248
0.5678158547478456
0.9950916420438995
0.5054596611367164
0.9957981726462166
0.019952472915281128
0.8182833532627865
0.4373173071667671
0.08230644630726669
0.2806235107303945
0.9840758798113636
0.2713902518120779
0.055520262376044016
0.11078772752963872
0.2618704823934286
0.36218980622672703
0.14332795468799797
0.6064461365057974
0.2883953809327986
0.3990852641840008
0.4121406585138929
0.22089611706072665
0.731109032082359
0.42130625891406503
0.5723084362024655
0.5243123034244341
0.30434127031793
0.5705888938948589
0.12219789190641683
0.00985676362476351
0.3716554058892889
0.9996146709482905
0.10667270557740349
0.05663607104453838
0.7030926047238573
0.25325163243894244
0.6606287245793672
0.5432949503730446
0.6287059508993325
0.49097509441018716
0.7175559494429258
0.8147115779752869
0.8937954567727744
0.781120365791478
0.24842877391606333
0.45260453779742105
0.2181411978755985
0.9302060803111236
0.30373314436195664
0.2165540201658669
0.5375776722664081
0.8170965311244924
0.1841546402494274
0.03470320526685766
0.098898620223554
0.49313872295754946
0.10339633418403427
0.08744568697702926
0.9914611575060404
0.026354774153358074
0.03274631179754772
0.5018370747728347
0.778923728991413
0.21182402192970295
0.003710048485298101
0.9864454046500692
0.2527236648535831
0.4800795661742492
0.3196262111278376
0.8259005602592575
0.17525607118199837
0.36446058784257795
0.9340259740318373
0.38141838619181034
0.6951652464122795
0.22358059096970595
0.6714674647045731
0.6223298845652951
0.9438477751600687
0.6640861342035727
0.07781855318902386
0.5999987361293795
0.4812859433118226
0.7327296940649761
0.6975908934875432
0.41979034100725765
0.6333712589695959
0.5730668727477879
0.281622709142479
0.40185914212572227
0.2778115489353232
0.2184723303182785
0.7032247517508554
0.7278896847039915
0.9044994239002564
0.3382365331513326
0.5745492626143132
0.07147298425129511
0.27054654473510764
0.17033958019821904
0.8790189047847192
0.8944760961882803
0.4172688768409456
0.9926019112788291
0.14392811785276938
0.10636965093722694
0.10009075519250743
0.9457315247960616
0.7846006378685226
0.36915939045926405
0.7350647562938306
0.9390458405655548
0.6137515877674666
0.6080074107318669
0.18828869725133468
0.9764944870504702
0.3422210775467547
0.8382417353481642
0.7117317038471944
0.506298616525932
0.3536345332058053
0.6648701221143825
0.6951955409406008
0.7873027611154657
0.2571774614521638
0.24211987865724405
0.6714072142538929
0.7367675636555957
0.05536353423943585
0.3934332083398584
0.8561314933306774
0.17789051358185293
0.06284937049940287
0.587236246661931
0.7021871999910971
0.8441357342662059
0.5598490736674429
0.745185835626532
0.05506606554673432
0.1731772743920026
0.029518608028056725
0.003800732067719137
0.7277094406677427
0.41252026713737067
0.8669364389711511
0.38442362039891154
0.2771274691380885
0.9351472715593363
0.42964818502818014
0.23831454023682497
0.3261188887311566
0.46370880312620355
0.9244434944086326
0.6908826499076206
0.39933549021687953
0.8380162877331432
0.7996165314895782
0.04312253555009593
0.4651874207513338
0.12635072582095597
0.3747928740723385
0.5562889763918342
0.8084655224973811
0.9739250423957455
0.6184035512974775
0.027564251866984524
0.2900163960458926
0.15767573206990537
0.9191332238878338
0.768567681333648
0.8947690673614384
0.948144671528629
0.11579061262226453
0.2480682336599831
0.6042838708484872
0.07136455602827252
0.4921218186824037
0.6968264243993614
0.47442821926758527
0.9081477958435233
0.6191645774710384
0.7738580933665655
0.7893838754416562
0.570674354529813
0.7571923642798195
0.8390866365194445
0.5971853169678394
0.19760745080452558
0.42761779270224887
0.8934479205532446
0.4326262439614943
0.5682277628532899
0.4923159642011392
0.4672171442177646
0.053454271163822176
0.315760402515068
0.6176960647876442
0.11982907936721365
0.2722708213391638
0.35201910878452214
0.06924617475559192
0.04986945037283674
0.5898957884465965
0.09636194529737896
0.9840309057054055
0.35699242905377093
0.24643813076331744
0.6592731131284815
0.807355569419826
0.5475192905671844
0.16909977128910114
0.5743127985156902
0.9977797688051118
0.3927437090024566
0.5251528165412747
0.29203293836060484
0.142913147411458
0.042985938846451965
0.9611541128864358
0.7755205791677071
0.09828678101712884
0.9759647140132426
0.7638467451460318
0.02138374555702538
0.7054947108394924
0.8884293617661865
0.9152194170978847
0.7452866798913933
0.24883629091518444
0.19995168701881338
0.6339377395724402
0.8431503579871102
0.17708180515838334
0.6768275398831636
0.9489441551734428
0.5813052265951806
0.6795278693612079
0.9360963004451859
0.9070062896467179
0.9256710959895913
0.9764789275084327
0.3182395436288046
0.5860705675610258
0.07160356885719588
0.2690143980043722
0.2978253263420738
0.06891787542034855
0.10547146921828476
0.952291028654175
0.2375165632073637
0.8382844297989549
0.6081504832657452
0.22194355654349707
0.04757028353486237
0.3537779444990914
0.9477126146402943
0.14630467714894557
0.16634516231459462
0.3323076590961307
0.42476263751637666
0.5278637337529066
0.06577887270333815
0.3682035597346953
0.1718481342712188
0.8950891407420387
0.41967827745476227
0.5719820289995736
0.05349673354928419
0.59986268130649
0.5112305846831895
0.351785845628686
0.9865597580318475
0.5914381785089726
0.8252516684559925
0.8829080275735013
0.9132800870540418
0.10634123590316436
0.8199267836908597
0.3222268276353786
0.5278809058247684
0.332582102588022
0.6001249310898928
0.5272909154775698
0.23530991913568577
0.1253411869005563
0.7191759534679592
0.48623858731268355
0.1069055369270393
0.29871216250049826
0.7212178237612064
0.6997770414796545
0.09740905393169519
0.9215642846028325
0.3897110611169403
0.9329208699411795
0.40825618718783696
0.05315477804572222
0.2191542764886243
0.0574667020395474
0.5325755149908151
0.9623041703810276
0.9010817369077324
0.28584764773043014
0.8814570284066867
0.7356596028845344
0.16684641794029442
0.3745521225689308
0.8668359545832911
0.2618413269229609
0.5581057473272859
0.29234909805094333
0.352710557355598
0.14117862650602242
0.08281491088090243
0.8316265693292186
0.5384837005626726
0.16060143329032206
0.7068568584035249
0.08404355280727649
0.6739778138548853
0.5312336608588242
0.7694797570616636
0.11624367777780131
0.18942236570121818
0.017202219234814242
0.4493726949500423
0.9689883656393017
0.8356095943468531
0.059291351919242175
0.056824958193114394
0.8939889819096991
0.2906921871235322
0.5796509173094027
0.6549592709788279
0.2096749666049853
0.40699066209847534
0.9021349208359724
0.8359174262707376
0.884176608946851
0.5083703323576934
0.6486304936399983
0.7960206963522185
0.47819477993840187
0.7815620713421658
0.11904124237453617
0.9598533663636524
0.4208591108412634
0.17374779775765048
0.11991576801938542
0.9710543102052367
0.850134372811894
0.4987731819472605
0.17272549519415947
0.37453564346875745
0.9026672005059697
0.9462580312400954
0.7924584437067632
0.4247909085491566
0.9200090594812458
0.9050872836892012
0.24350324182065153
0.7675277122159387
0.443780850038201
0.9150737740166341
0.9846876285958377
0.3828415674924046
0.2362200570963584
0.6782267309628445
0.9266028946725013
0.9065767723398668
0.8738838593480327
0.4071312629713719
0.04394962185035545
0.14322644191937783
0.6478873269074998
0.21106442470593234
0.9347832332280452
0.20870381477364264
0.7499197072690149
0.3116333141022323
0.2736657445805186
0.07011548547983293
0.3818976021321214
0.9299366051626152
0.47126677493681224
0.9689123139280702
0.562863582978179
0.8241646041960518
0.27099694182784884
0.48293972715121525
0.8049701954387076
0.39549301962494465
0.2893142365293866
0.9561309900744628
0.007975085366716872
0.5996982403139426
0.1982308014771832
0.33696547651280384
0.5922644762745644
0.2631345967128538
0.23399812546075593
0.35406191146709065
0.34725120926611974
0.22144082326297765
0.3395519848456712
0.24067367410070628
0.19096430458042413
0.8917999495317803
0.7922711589126175
0.625034899015577
0.3154601467917941
0.35030396843505196
0.6879830101040221
0.7205898305322387
0.22160973320370303
0.9467492619898044
0.775423759774255
0.23195130528959873
0.2923667200410658
0.5951892782705526
0.2521339578808808
0.20651822916710638
0.928283802275117
0.4369391480055316
0.28238931206974294
0.5973266051338872
0.7209726005451154
0.10589694448052578
0.8115500577597472
0.1008957185596342
0.7192086817356429
0.6218560961876058
0.408486187717495
0.8013721738878816
0.6873795204817701
0.45419636968805865
0.11158687256976241
0.8824201492604533
0.5326565194354762
0.7854131286745407
0.4558334587906585
0.5246504667840413
0.43905286558252654
0.11747560236258314
0.6475871859303499
0.5296585559957652
0.9934166502892228
0.8327375206855399
0.5440039255579561
0.38162604447089143
0.2453158910599369
0.5645919814098466
0.1897226707257711
0.7933888560583695
0.21961199024622235
0.005401678992394965
0.14050407798978304
0.646198682573323
0.6727423694166588
0.6389838034803814
0.16830160946288863
0.11124511190392772
0.2628676772909766
0.3905508833379212
0.9694047081712591
0.8390676568450433
0.1293551044019825
0.9643017759145427
0.19774787058257348
0.45496846912533884
0.5329647334250109
0.6321080259016121
0.19003437821181746
0.045663402103852224
0.7813571946188418
0.3026793849672389
0.2079072488774274
0.6206239722549161
0.1529213484084031
0.5529052050965741
0.14234468600157113
0.833895713002295
0.2072609091737081
0.5819108159905035
0.5619726126788562
0.6960026520331781
0.8580588268015175
0.7940500231519443
0.5731529469517729
0.19210688304682688
0.9496815244925094
0.5521940078547867
0.7355476163065671
0.06158907635191957
0.31692445414680015
0.7364944845092838
0.5458943694107117
0.16714851083987825
0.9149687322830318
0.19900899370862435
0.8851882099961663
0.6004414661004909
0.14761573950439622
0.6218721936860145
0.8164139245374942
0.24954161476636738
0.447662231187145
0.9832837976087347
0.46536768149991437
0.4246639073106355
0.24332390397381687
0.530840489403325
0.8535988700761632
0.799613054749934
0.12841584382651128
0.7373060701584486
0.06700724997575369
0.8638927301886576
0.6562234022995848
0.37326284363759776
0.09393756045010959
0.7855360483536102
0.08121772157439544
0.08396867516305306
0.7394795715261528
0.1483095306101545
0.5297769152492247
0.7169274471692308
0.28161750069069824
0.43261439772176824
0.21699142855063114
0.5134790170040582
0.007027658074789667
0.9657180952228293
0.924603459691723
0.8481515504296857
0.7288606880183146
0.8347724306219491
0.8161175569336787
0.8472083691078227
0.9932609867515576
0.5395160358929829
0.21581961761051027
0.010660910544161961
0.5457947540264934
0.28108420902456244
0.464232546631109
0.7560882066237817
0.9358730736273901
0.2429181395569704
0.3128842094255211
0.9596498397322277
0.545238245325093
0.6628674947039357
0.9376240470188149
0.06730747965272954
0.17906207277596664
0.6214643087324703
0.28249572561863756
0.7062130452264321
0.1432441373680493
0.05029495584584498
0.46257250804091954
0.3416650488866444
0.4802116850909244
0.7187834175198831
0.8845326736611012
0.6264595406394544
0.7810798853158818
0.7343946038854678
0.9651448778685041
0.5939956136569118
0.9454455133873623
0.032652815426999826
0.5712285884299293
0.7047023723912034
0.46395281659015053
0.17861549327751192
0.13981131240385447
0.9950730777063408
0.06280765658310794
0.17108126054493322
0.2217893429772766
0.05321490571832599
0.3088259134120712
0.18199046686523634
0.19711443992048294
0.6960408299120096
0.10548384418455092
0.45946084832648837
0.040656604043935785
0.8112674631524601
0.7099061218155842
0.6216977493165661
0.74397535866337
0.5673337624808836
0.8182872512477832
0.4450524953343731
0.9729723515881046
0.3350401518577242
0.2640753194969421
0.48853325019388794
0.2662368980467822
0.13169835416807474
0.3229318295290835
0.33339693651358826
0.5822271648508488
0.933609196033458
0.9109413105236492
0.8347446757689441
0.7716352705105003
0.8704074694513648
0.6073952317011908
0.101245182572681
0.8345856180798594
0.5536842148737515
0.7410564435582812
0.5225361816851892
0.8599923763283708
0.6245213167899835
0.3117416449746102
0.8299773459211344
0.9626280581510918
0.6402969946189021
0.8068104515532075
0.8554190015023184
0.745022840188361
0.2067849867361371
0.42931604643045906
0.6684963028610431
0.36668492945355924
0.3754459145737987
0.1800731544525691
0.9973798665684603
0.07880112641770642
0.0489544826651056
0.7570677774033581
0.30450428590575607
0.7448124621567811
0.547929808687786
0.32985514169791097
0.19232143834104587
0.5786729035317151
0.4488267975887663
0.03744247147969815
0.2590315810894528
0.04691680398205289
0.9534926160099713
0.920615076402592
0.8595831230579756
0.42069476517349336
0.9439208064040161
0.6067932616684071
0.9097164576363106
0.13425075177583623
0.9009422747728899
0.0036478318403276866
0.35347875913814675
0.8860242936847369
0.24032166165428448
0.6879368719012229
0.9272493445530887
0.9011277583251016
0.22791102490146686
0.29876447883541557
0.4168637908366697
0.3797823907386191
0.47003597235307315
0.1260408086109901
0.26064564428259085
0.6209855672271958
0.4556186335540522
0.7392738048493694
0.7803110495959427
0.6013207979258215
0.48713891746143956
0.5058022317274289
0.17538188099101593
0.32057426515954446
0.1096435773429365
0.8051435921634915
0.16204600512681
0.6980998934474829
0.9335467911448221
0.20491062254635461
0.2556118902074007
0.6616423582157946
0.04876353277635559
0.6957450923880344
0.8839471673418866
0.5676093561387259
0.8398182658731939
0.8562976376802189
0.2229429241822236
0.2975501027947929
0.9422655249498395
0.6271127351341128
0.4776137729110046
0.044226283230272
0.812192055165297
0.0934851261533578
0.42563314715625045
0.9923611149703409
0.6740009582183453
0.13278883022266208
0.8756451436499069
0.937639126938663
0.4094095562197875
0.27355690895804297
0.9812197552460415
0.9212599760902433
0.4480640252971635
0.2673735909772945
0.8331818643727349
0.21507232526686848
0.12175348437424027
0.8701615650098797
0.9175542686422
0.9881855315965073
0.9088900498335926
0.340462794246178
0.1592429543174081
0.7794180474928978
0.9799701229101039
0.08657169847443802
0.15856214307275351
0.5370802220604669
0.4703378772114979
0.5918672401075078
0.26439449548020666
0.9148934217099383
0.6889205951572703
0.8475842275336725
0.35168734665061874
0.9622867737564202
0.0068924018769978
0.08749556032683303
0.2526286451193147
0.027613478403370362
0.8122844605531936
0.1691823446450913
0.6078433077819843
0.06379349635501264
0.8593355981753854
0.5628181398641705
0.3275727789604328
0.2620376934374551
0.8400622122298917
0.7444024274541705
0.19191589477655135
0.7463512791622149
0.7821715217416987
0.6746497617571934
0.15991089190211905
0.7004952080815585
0.2577783711687567
0.2586772688408918
0.6526485869623448
0.7382366182698019
0.06426167460596721
0.7411206318390469
0.8265668542832172
0.0633212324528023
0.552630595883822
0.7940318936125088
0.8138712439249978
0.7799113700478335
0.19166028082359765
0.03770984414810763
0.7450830962597876
0.3885581852847433
0.12570005312654642
0.9089144555247384
0.9368324315705978
0.3889780379249186
0.5707303445965111
0.929876717418832
0.1959177330241153
0.5733579449961685
0.28618643521816467
0.550014336308585
0.6832025696359161
0.18685221114082018
0.6310990887183805
0.9549903564256697
0.13373479729189097
0.10906938771378005
0.16685164999544666
0.20234634528305318
0.42361436720231826
0.013713078625822828
0.9899626477621393
0.12666462413799606
0.9652644285164014
0.3344997769403215
0.7755206564587225
0.27312542033375875
0.22975238957369792
0.5819367621913292
0.8004613424770017
0.32686577456504584
0.051101983055162226
0.6372020426771277
0.3574011024499
0.1971049839960095
0.2413041078297007
0.5924996678297494
0.41702864289751007
0.9141379560249348
0.5037870423922637
0.6926187189396018
0.8724487340631453
0.6326474612267861
0.10847460152304778
0.27690986689856034
0.8565506720508509
0.4135323037898002
0.7943428440994369
0.039151394619976854
0.3355262387337208
0.9638725175750362
0.3410995254107896
0.864664374328445
0.7706099459956766
0.6194988246069935
0.7632992130432048
0.06001980257410544
0.3255322003979908
0.2898461801007992
0.21306923017598223
0.10557000592673371
0.3895446676448302
0.7637129497434503
0.8989881904327313
0.6473165178862059
0.14649520750851575
0.190339867882378
0.8526783338459216
0.9343365719487853
0.563115654849184
0.5517736570579845
0.8159527535206466
0.014291435978293743
0.9310465153760399
0.2169609448699268
0.5329014350885615
0.054227655399281316
0.4838529003004661
0.8776746465386449
0.22423147403304156
0.5855615392103322
0.111350268300354
0.17476375259200805
0.2247730665163148
0.7868201382587687
0.8853459731258262
0.34392133375646816
0.7609018103437937
0.2907989759577849
0.03225749711042103
0.3753807096134667
0.394267224614236
0.3961186876447609
0.09066116768843435
0.9396292886608963
0.9939155681246028
0.6494368769722831
0.30734706206096973
0.5380386830666861
0.26823401125020907
0.4450530658760441
0.16368758699287755
0.49107119942388655
0.11660518755547589
0.7209074083788023
0.44395228731030967
0.8583930850275459
0.464635496107658
0.2741972991898671
0.23391987916350088
0.5364499785573387
0.21488477655499416
0.08153026380180495
0.003252015469973335
0.44580429507366426
0.8554366452273947
0.04870458061962579
0.4092688168552836
0.8763497373644855
0.7360707188701034
0.43220984253035977
0.4757101977791318
0.8799306438998937
0.18317592047981912
0.09820435693279106
0.7257521059968912
0.01954847714217811
0.7184461813955179
0.32402662838937246
0.11818901778695245
0.5550191676891956
0.27776566446930917
0.026392723032296228
0.48227970191847636
0.09147458372275752
0.060102992001910494
0.8879556441093919
0.5923186781963228
0.568867284549617
0.7515670370453973
0.3733584058181407
0.20233591408032292
0.14020772989151253
0.08566205620018863
0.6085060595278378
0.3362580453225166
0.03322121975033099
0.30200592509373014
0.2387528300496402
0.5000454715854643
0.07145561962081026
0.7755704714566991
0.48124416560298333
0.6468733598666505
0.5294157693398527
0.7262002332907593
0.25969599813680544
0.43088294270997785
0.006483235111509167
0.4325040737056156
0.9722077159445506
0.8257838824409496
0.8985437183300047
0.41221007226339834
0.7249634977234443
0.6942217808428428
0.5965984616374145
0.312553095467236
0.4661259954095085
0.7624311915810154
0.2110847432767078
0.11932727077169036
0.05623782803768296
0.6169197163403106
0.3827746996698611
0.7477467028705624
0.8001298356857474
0.5386585593345374
0.23054106160199872
0.38854788682090446
0.9454026462015919
0.4597207149013731
0.8484327074605125
0.8039595372918891
0.3412864646677236
0.9821374949528427
0.8695757127161661
0.9727698771665729
0.10428440545550233
0.8673122784095812
0.29962033494653184
0.7290255172462099
0.9976582606960158
0.22638440792491066
0.34004209763397686
0.10385024255795083
0.9210897774157545
0.6327795871414268
0.2934244392160159
0.8855079748604859
0.15336768861869965
0.16684735293703334
0.2143995974089692
0.040165902280778765
0.9085383406827221
0.34524996261000185
0.8545827138560509
0.9037137487371991
0.8754097137403045
0.3382757164022039
0.48711169341228366
0.9851321179547301
0.062104635843615696
0.9950262440225268
0.8082731804579795
0.5054936758626252
0.40405098291186614
0.17099145175512587
0.8699354103450332
0.4518599240223349
0.8155537509216746
0.41398251701599875
0.7541347626164077
0.9534996628356154
0.08312146396826714
0.05645539561947799
0.9248389215612896
0.17353054614217656
0.6528376684733577
0.6962622443088999
0.4410959951697746
0.6325952855891186
0.3892834232102471
0.4735486822203474
0.04779721270309856
0.09119587915880234
0.8063465689687441
0.02125600787304638
0.8356269129426763
0.7109286811336859
0.8631371254529077
0.46104999543609804
0.28876616810666267
0.5856313428650071
0.38144863760491843
0.300212803476104
0.6025505909121005
0.6982608343752501
0.4106005818251588
0.47767230783461057
0.7857575073085064
0.6952095177634361
0.16692259703204648
0.33985961952666677
0.7375406867856944
0.3663674650653903
0.9460494738301484
0.28595979791373227
0.519344902273291
0.9044791910674337
0.38118540975167803
0.573652137950561
0.9122337703760008
0.28684713310558685
0.7362797341053071
0.9599889992776574
0.995039614860247
0.07638454337175493
0.15598567169365007
0.6982628506265087
0.44573282922853696
0.6893888628733218
0.8653489685637339
0.27200342385133247
0.5036519631846053
0.7600801578267897
0.5067717133591805
0.1316620861009421
0.6014750054776457
0.583304181723781
0.7434281419264908
0.7030102539680827
0.08475671641447469
0.8237824973419716
0.1601350842904743
0.020906769194933394
0.9067784587316043
0.7493040729454696
0.2769250354301307
0.40829296285231376
0.5530054944974898
0.6533418295704199
0.3314600223797026
0.8775000901048411
0.5639948842244615
0.05756423097792762
0.3039196943386173
0.044131489029879845
0.2880418918297538
0.7624089135616339
0.12323711505761747
0.5461247315708486
0.7290300519411401
0.4287151400858704
0.5332130023267612
0.8587375005510651
0.8121671138500974
0.6452743033887982
0.7895071518428591
0.6132360037981828
0.052620354856255824
0.42460560750011855
0.5346310345376555
0.45136818722826777
0.5385092061581571
0.7335563189960539
0.13288911462969066
0.059721124079296306
0.9008840202052959
0.5671305918274161
0.13253228647113224
0.5625224092527832
0.4456266155788313
0.023810162500407017
0.014817589035658107
0.9632711009199089
0.4366306679076839
0.6277104135112559
0.19369161014852732
0.3876049717867207
0.5196346748779241
0.2908761698885618
0.021766035024841646
0.7928943565578741
0.8856671275458154
0.38133653411058566
0.05932046973022631
0.9359488757025347
0.6097367081910037
0.013495969039981626
0.8254101800499152
0.7546450265184388
0.39482575824933464
0.5803469479778416
0.9184716531384525
0.2175723175944282
0.6541465333258216
0.022643146480111342
0.3764060738987203
0.14445629353928102
0.7784398769910896
0.7710373846015117
0.8638109123939253
0.9732177663369874
0.9688191600870275
0.39704327783122784
0.6484214093867469
0.24865638977864357
0.739907487815586
0.31646748675758984
0.2514893624148835
0.5868764320371938
0.26406013318048016
0.3486382254956295
0.5256873869884637
0.6747890115551587
0.3614033381130404
0.8713409055175907
0.8831949651939248
0.9343491507291035
0.7112292876877615
0.7851388525971612
0.7532864459870443
0.573294388208549
0.20305105076117136
0.20309967978114285
0.14785279901418846
0.9134667956822904
0.5417323472664406
0.597037803218988
0.058478235301081094
0.10692949108095995
0.29676994730024564
0.12331020368418422
0.3725184722493793
0.7895277085590007
0.4939105358776563
0.5963234417890142
0.325221130734219
0.7543264455139596
0.782650254385016
0.32708600534938026
0.047097861188829304
0.8287492818986888
0.6109541137790582
0.9212635314346944
0.6615581020076962
0.3516520663636107
0.7540211912967798
0.1341765861061721
0.34256828280547924
0.6662454137344944
0.5946647229336768
0.3195533034321756
0.08313123653283805
0.04712829237820504
0.31139739305982195
0.8790448173201306
0.04160061824420769
0.3603851574848478
0.6302833645777373
0.2834429739865014
0.7626755330018695
0.9742875672370235
0.8043783418881083
0.5122887905942324
0.6581087143297348
0.7762714164188504
0.2597811649918824
0.22342583430630825
0.08993910395295579
0.9425281223176825
0.9808765812454003
0.6865774016184754
0.6477927504378727
0.8798884649883005
0.43726054372429823
0.49282159507470213
0.6131464755962066
0.6826461785166418
0.8104237031159667
0.09081447746664306
0.43328418510177436
0.8328742412628078
0.5687165759386879
0.653313897779273
0.5041916847429488
0.9128243852510332
0.1878381556125941
0.18907395866736443
0.4841895683278019
0.6479433362334006
0.24253393339434193
0.9468985342517606
0.07672248672977244
0.2938488645082198
0.6094893920116393
0.4620500914114376
0.712371714843564
0.1917361133960156
0.4863145351520848
0.20057247935351752
0.9218754974665266
0.9619863871160252
0.7225018958494325
0.8634761402520437
0.5524373464421086
0.21672075427549786
0.7323011239073607
0.80647126411113
0.7163890448139896
0.5808789538122274
0.5960691780572491
0.28151157643384783
0.9509185848585666
0.28184242586734554
0.6957866118600338
0.9779366769800695
0.5635273097643585
0.24618615898428997
0.9440917048839448
0.313867969497974
0.012457443105559518
0.29153125240217137
0.6492808014343647
0.9187100462790219
0.21617185220357404
0.16145594431171384
0.9522666926262899
0.6132887665748092
0.08681719287236866
0.9820401076285281
0.8322148421010214
0.20939163530122307
0.3278685289197083
0.9147345498353434
0.7977353574484451
0.11343504968499252
0.000024118872618661413
0.5309454593671705
0.7641376552206027
0.6480287825049589
0.6615009344374447
0.5211626004472809
0.6267181336828387
0.5020242444378522
0.14527532164042123
0.029857951488772017
0.9380698293525009
0.06569048248545473
0.8932080050894131
0.10665366318339076
0.08501063192979341
0.18675633721333895
0.5697470209170523
0.356703776717737
0.27895992737581143
0.026071662578017518
0.9438212877582857
0.3001624734764132
0.3684715263264893
0.9506535058698027
0.600103330743073
0.5526054979581025
0.26535872326660637
0.9613236487961032
0.03359703565730676
0.11792385076200973
0.6714135891117685
0.45482240133078045
0.0036145095433022245
0.468834763731691
0.27173712304947517
0.0997917723467916
0.9625775369714609
0.06304475853840308
0.41086832237061
0.5800296841787147
0.25690038178876695
0.2844074203990903
0.40077020271556396
0.9637174422144026
0.8315207542089991
0.8355877366359976
0.9826399046648915
0.968864094417047
0.909205445732705
0.9979035999255292
0.9938584681093527
0.5564179935800897
0.904426856301634
0.48885713838729306
0.5040605200945321
0.1346373410551589
0.30172367016305834
0.4882864595349774
0.1578884400676337
0.7582470395779122
0.17610799566336688
0.4471520225270502
0.0794069860244897
0.2607255134731463
0.4692567866353423
0.49423954331116837
0.15836332725333735
0.3856798373676622
0.45365080217633924
0.5302510771340592
0.35985324076715286
0.9198430892629179
0.022273966025549763
0.4459483212882709
0.10263661455519069
0.03794626753130714
0.0526618807806738
0.6504495585637773
0.08625727800879068
0.1544949076994584
0.14671216667837594
0.16540017219887027
0.7239673985823645
0.5070313189354068
0.722930746066246
0.873290332823778
0.67436438597346
0.6107927359159246
0.7742186401650681
0.45444550462861577
0.12115364536120965
0.1753709934485328
0.821772788235374
0.759456293103687
0.3854768935410615
0.9159769078674345
0.11727352020473436
0.05740706978046228
0.6701163830636669
0.04918105247758087
0.821016379482777
0.027233570816732833
0.7865410528491787
0.08362297370028005
0.3635020479305684
0.27193891901344514
0.4535440730324052
0.7527080264654031
0.7853855497432467
0.933791448145705
0.31608220718092706
0.26857660721227394
0.8899568390392083
0.7358257930599743
0.007381124352548563
0.2775083803262981
0.40179466187897095
0.6138572088525875
0.25537979170670533
0.0836772401182646
0.8517850731945809
0.26673465910651584
0.7071830673722908
0.18367597360548227
0.008320282236324195
0.9012176883796321
0.5221102989569251
0.05707689432610863
0.3918756393652256
0.8726720076636718
0.06318394970549979
0.9032556010102932
0.030275831494895655
0.27332221338864815
0.35998903278302796
0.426303885329506
0.3093896224629704
0.3432409193779866
0.12262403472436967
0.46979505442429836
0.8948949638154435
0.3595129030581308
0.9634847055962494
0.5913025130696417
0.5198179187454786
0.5769665421969843
0.610904287921233
0.225229998004147
0.603147506702506
0.2604006321406007
0.3942132894571999
0.7076266541691068
0.06288346876821094
0.7589361053227579
0.8144919127397292
0.9702173568402701
0.6757714190002737
0.8729080096102972
0.9187697208978816
0.5070727421461967
0.7895185730150172
0.9496595454013288
0.5532716067938808
0.9877754005510793
0.6597323667875561
0.5809587716668723
0.7533204965339133
0.8767435372997128
0.7020136995863635
0.8276403003379036
0.23045267290205218
0.6885179542152091
0.4721437645705071
0.595306553536002
0.15920103184797707
0.41395392587514745
0.4169233008235116
0.19520357968650126
0.21901466670981162
0.25361386846496425
0.5757454564322169
0.3282982085782735
0.3572526008578054
0.5255560283373846
0.6979185973128124
0.3458802310599216
0.1776743467337094
0.9272651516151271
0.9567563266601682
0.7851571119404184
0.2624654088717526
0.5681486616444344
0.4802495484147624
0.10271833414653653
0.7256670781790528
0.08487642934877115
0.9117201950080616
0.4257816780448891
0.5699170911445341
0.942082756409764
0.39039133900628764
0.3394818503970467
0.7681748107264539
0.4191939824136006
0.48656748518902604
0.5871235700120325
0.5119280121282128
0.13653955353154568
0.24801213613899287
0.04723412128911186
0.9833301109537469
0.7728785671227212
0.4674156694212932
0.3717990430794411
0.3408103682115666
0.43491273763065164
0.8104407965962888
0.19199511794491686
0.4175808174189004
0.23767935962790387
0.025977406876508402
0.5591447543160728
0.4925584709866555
0.9975247323869874
0.5207269159138059
0.7015441303281071
0.6490977378308189
0.35547881269082593
0.6825160969732864
0.8006352770609615
0.9348386304668745
0.994319336825179
0.2166813403509258
0.715353071846522
0.12352602160302673
0.3244482390816479
0.21248102337340358
0.6785797720090354
0.6391834356031751
0.33326260757827275
0.28338174961498774
0.4775032726481603
0.3679696091398832
0.03296781810139238
0.1682849503637569
0.0857530598697771
0.6349814135385812
0.9252468809563517
0.9183282093184373
0.1798528039284557
0.21023440553783845
0.3572640085662524
0.7067061315807961
0.10106345980276066
0.36433720160419614
0.19616102465248053
0.11485138210269663
0.5335927798369207
0.6354920529413881
0.39106770722280926
0.5505410176482286
0.04040302421050712
0.23132589712568508
0.3557599076918143
0.13575935117774995
0.09322350402279378
0.684350114017144
0.8135143830820573
0.6762741286459897
0.9553853034481739
0.09106933242270898
0.5980608899679585
0.6214321996079941
0.7088892233474744
0.2770712762243086
0.16869742916680486
0.33963173345305164
0.41034432780784047
0.1142920892737147
0.5202155965912734
0.9828740895987975
0.980412542536244
0.5354446815453475
0.29082265752699765
0.7724610581775038
0.6563460439171644
0.6308728137732718
0.4630085847787597
0.8010261089098885
0.06319921710683207
0.15849269895393703
0.3156615173772641
0.5061614837240487
0.04389836335201025
0.7342673336214085
0.4563553037617212
0.5671019575474616
0.6976358961296554
0.11552143671808679
0.8884434226618425
0.6894850849596503
0.28476470948558275
0.11677152199606855
0.5586411121693733
0.5551652807799756
0.8301239422938151
0.5048536394298753
0.5447755042495788
0.5769032886856467
0.5122388062117162
0.8116054705263458
0.1487571627289157
0.9307273702848922
0.7279725243607613
0.24289590755411417
0.11608408341507648
0.8836663916211733
0.6445226521214114
0.8382819887262569
0.8842919703517327
0.4629310773138591
0.08657377781068587
0.17757661075302145
0.4049550950388674
0.5473560738289445
0.08800446074577617
0.9929208102136036
0.3463415572018165
0.9080539582619775
0.49018433008086704
0.1024138352049
0.6859025794292781
0.4326113507323468
0.3708690137209407
0.032307223811544716
0.9550148598872554
0.18873426195054388
0.7115677017906552
0.21850756235565738
0.8551277193173843
0.24219782874536766
0.3623175596311936
0.925524553723206
0.6913995892128455
0.5756779106059591
0.2683746383803516
0.3083998408405868
0.7668784605029111
0.5688560146089219
0.3611249427882035
0.845803386825271
0.6183170201913599
0.7576898361177933
0.8266939907342077
0.07726311729644642
0.06684503731325009
0.30913297297774256
0.5289271727559015
0.4154757032307641
0.12604025058079915
0.6097876249144989
0.08900352205376749
0.9966320434474782
0.26609666598201054
0.5041532789578433
0.844235818889344
0.5997603726060488
0.132301004734664
0.7287843455465437
0.11450224712611856
0.9634487797725366
0.007960905327757839
0.5879970120700397
0.3350699258277112
0.1846810831745389
0.12321778964763674
0.7943818766287567
0.02064562866351305
0.3956228304739793
0.10171777407279436
0.24225608014047983
0.1277818150506682
0.13449832931322492
0.2796603415350254
0.1649512066222405
0.6552658705281209
0.6340383466566331
0.8964985516140731
0.47571763290107594
0.10809628945663818
0.5612775141632436
0.5637425373727472
0.618165334959514
0.8755712494773904
0.1746973117709716
0.5008908566293071
0.36512970242627873
0.1983254448996179
0.22861112992121835
0.617816019710802
0.7503550498504377
0.7151893873433823
0.46615559115531746
0.6643223964002165
0.8941348588441316
0.8523065012949171
0.31740411780996824
0.4832954407214456
0.0560120197894336
0.08029085439331474
0.7080940702236449
0.9219557316460352
0.40246406953006275
0.39435933638964893
0.5989487715443031
0.970840725998616
0.11852315142587622
0.2357451831223134
0.48112483076075785
0.053286931636249424
0.23432263435151923
0.5960796599252305
0.3574631202113654
0.667755217840815
0.32730757988755266
0.379170865727944
0.12221657183517243
0.6740590082926561
0.15050740718881972
0.9839022748097455
0.5027469783973997
0.699252347115531
0.48058441707157473
0.8731115931308042
0.5826827321470793
0.6285204800400461
0.6331204728449158
0.4103500161870741
0.9620942857749
0.7900337876188708
0.48365374532813
0.04112275648517216
0.7022932436902758
0.2667140804350776
0.6152056551360212
0.8484771861014815
0.6148522629220332
0.6287484289783265
0.9230361990647986
0.02595179380198065
0.6094152321226414
0.17489496666525461
0.07249981095950209
0.3191301631035921
0.8787025925570167
0.2857837406414092
0.7371995132073286
0.8473462166976691
0.4361252149861228
0.7606537302112657
0.21731592060642568
0.15313146134107547
0.6529340073067769
0.8572762450761051
0.267117238376237
0.2345608091690845
0.4654344923896605
0.23611104826723928
0.36525415005541295
0.5294560895099896
0.2452315187727263
0.8495947565115352
0.5305576258361264
0.38469485260175196
0.4227698397392201
0.12872840391936946
0.7644091818223919
0.6596122945476832
0.3069508580249287
0.07651945783458847
0.5302652537640462
0.36015798478641625
0.7652823690794162
0.3876197338848164
0.36896088718741127
0.16140133822004143
0.8646588410262088
0.9699419354005945
0.009233838288416951
0.6648436034132261
0.4763562559737313
0.6791718165231522
0.9747357022278991
0.9781310747255583
0.7110969060293761
0.39532904412415104
0.45560703024850135
0.4934114755812915
0.2908683725039627
0.519419104839804
0.3341544990070564
0.13866429793619894
0.8031452901161602
0.43883963493669875
0.6906540362091413
0.40819085699917856
0.8685622247122358
0.35901664180496806
0.11950441049028715
0.6206844343241169
0.6921394835153423
0.14006328971049986
0.6958241780952785
0.11861939150099965
0.14522928328406537
0.3286788676161312
0.7961425676139167
0.7540641166642601
0.5760988973152961
0.681940025731306
0.25660368603760264
0.6399764942668678
0.1864333971762615
0.6907905604719233
0.5926165477659378
0.7815614660152841
0.1533006402418231
0.6968799034573467
0.40292404906652446
0.9530523716294206
0.10628062935852278
0.3759448242364667
0.4003543953006976
0.7413609880978058
0.6064453401617049
0.889783146052836
0.08130561984865325
0.5000114821286084
0.3014987843348442
0.4716730976999932
0.504849641725122
0.7136491910820875
0.4610238344808075
0.5469985372443127
0.6506365039249771
0.46601538390660857
0.9940880302150061
0.17811076426352646
0.3313575716581909
0.09966456067775242
0.4379211244746968
0.1667293054187884
0.09881506567034348
0.529946634751447
0.8172906190688425
0.46212580256475055
0.2876716137101645
0.0357600131967335
0.4969482120160926
0.8806412937324104
0.9539819598307622
0.9253369915652201
0.18938156528319894
0.9660346110959279
0.852321973464284
0.6246385270510251
0.777153255269885
0.5802770899678593
0.8742230868641219
0.5113276267812377
0.9618255702069141
0.12920191291457872
0.4601106891241513
0.18131592608906866
0.448093447285
0.041567305105254304
0.33647933370143646
0.2601894091022503
0.11823113901004167
0.14241187899904562
0.39688885058314516
0.42908731708656855
0.8991923488449436
0.09758155205227981
0.7355469651815791
0.6998563908322888
0.39887776556174526
0.0014803946834744952
0.27209011765263713
0.6272273145353089
0.9841747364159361
0.33816767033687634
0.8996391674600424
0.7188600490969019
0.8957312185447157
0.2919540553215785
0.9808097863833902
0.9046935702702086
0.03206489679515023
0.2172448156703639
0.19125425623210202
0.8153843746676888
0.919537224268056
0.20100403475848205
0.04261735493015628
0.4577378483700374
0.5799517433044583
0.03250942225773712
0.19033184666735226
0.4591485636137713
0.015799673822720184
0.504234327853776
0.46897174227761473
0.2754189750975822
0.7838969245668526
0.25565120615148706
0.6550803361016129
0.9261153088866432
0.68076472923597
0.8409183418691877
0.7276557165976041
0.7843684144360543
0.731904735582678
0.3552296648939106
0.8016777558254156
0.7002311057564008
0.5810901307621557
0.048574754514330465
0.04806678418038035
0.9736261397010084
0.977124921524197
0.4545202821454253
0.3650932465501713
0.2069279789701064
0.28469293694667397
0.561790776164794
0.2630531804265823
0.124779116673712
0.3141353479111386
0.3144699185614148
0.4537674445764721
0.6011105248351887
0.7227153975112732
0.1476536375942532
0.2566027472373773
0.08706343256026283
0.6311473008678388
0.2288793710749326
0.7848739978902768
