# browser_rnd sample v1
ua: Mozilla/5.0 (Windows NT 6.1; WOW64) AppleWebKit/537.36 (KHTML, like Gecko) Chrome/55.0.2883.87 Safari/537.36 OPR/42.0.2393.517
appName: Netscape
appVersion: 5.0 (Windows NT 6.1; WOW64) AppleWebKit/537.36 (KHTML, like Gecko) Chrome/55.0.2883.87 Safari/537.36 OPR/42.0.2393.517
platform: Win32
vendor: Google Inc.
oscpu: 
cpuClass: 
language: en-US
hardwareConcurrency: 4
deviceMemory: 
screen: 1024x768x24
date: Fri Jun 12 2026 17:13:29 GMT+0000 (Coordinated Universal Time)
epoch: 1781284409520
count: 4096
---
0.0038955339149600032
0.15933108103054394
0.16579449464985907
0.9098864696772468
0.6382473598932257
0.8028052810909898
0.6068258795056285
0.2500591847030533
0.05609859243734627
0.7834213879387089
0.2773640705433331
0.7626595809913153
0.2568816820559321
0.04346185201052144
0.5635245123191883
0.534459704753925
0.12647220706069406
0.6620238950249873
0.6646144585826279
0.06070555148838297
0.599131915221299
0.6960153071458774
0.6686286246748165
0.7135679399214698
0.856278516637994
0.8585259883335232
0.5191357775347001
0.33988409203780856
0.31239408347157616
0.25979093457452684
0.7563221222106753
0.15591831868579265
0.7447148669517394
0.8242919750166537
0.9506457038781235
0.7687985462117561
0.17153658612085332
0.26175640392786836
0.4860242740627292
0.43655477002816756
0.8426638804320663
0.9617453127503233
0.6372479807989484
0.9287181455470626
0.47779225469821385
0.5537587416010075
0.7562080852274402
0.560489969517904
0.19411031923060684
0.24061999106099874
0.5307942036152342
0.5929923972883631
0.9724961706918989
0.21464053827312557
0.2923190619781464
0.17419659740481674
0.9520975265447791
0.03509869883515737
0.7108349040997717
0.2834058404997215
0.9451775614004319
0.5752165268995082
0.8731162247346023
0.008606973054135603
0.5232811708957494
0.22022346666582848
0.05365885725172004
0.5900821984661058
0.14490611756200633
0.06527513169530064
0.4406332481862909
0.48812951104115276
0.9710912787718358
0.8631453048144819
0.35457008749580443
0.3421691472045427
0.11944921113629281
0.627470123748584
0.16042990662287804
0.22866973012879344
0.9182458141035303
0.16145058520118627
0.18925690444629972
0.9859352023727297
0.09199639797792236
0.871546538672809
0.1317104589152165
0.3295490976664017
0.48943392292716603
0.5397337254045866
0.6990843086859948
0.0029310857127831103
0.8159845443880369
0.11561853244178377
0.5979805254575632
0.09875614912249464
0.5233140031029204
0.8868500736291203
0.7835133594027266
0.9798889140550233
0.5462084848071109
0.059076505272166235
0.41095663049253717
0.018784825497421
0.7645877464179518
0.6769033743886672
0.8007806076080208
0.4044790557561242
0.20928724007974586
0.6900309727232374
0.19989844028961845
0.34791282887904984
0.23929680587127078
0.13854887940509553
0.43494301598633167
0.4053919347248438
0.9366455022978772
0.2609332490475842
0.09649059102271784
0.5727642457669908
0.15617879499333798
0.047824206481209997
0.34993303093079553
0.21259299974625367
0.31148630076716355
0.5987349159648385
0.3100361807885639
0.20181065656700414
0.702700953984003
0.5595712785869644
0.6703851597748967
0.034094442441595874
0.19063500558661972
0.259186885179818
0.42818339542130524
0.47045574153907044
0.35542925338151954
0.5055839615249977
0.9805101356039276
0.6647646194965466
0.42435380241704546
0.4656752596112581
0.3028692890208773
0.6343781455784072
0.3455828398480554
0.33074696239576107
0.271185443793021
0.024391424015013374
0.7967096649583185
0.359421927331284
0.043235008161655486
0.22339359594906272
0.7941763822550856
0.8820364871361255
0.0023762060705276866
0.20318590480421084
0.9793920234098796
0.11967642169820558
0.19136322215355994
0.17076364652376097
0.7931797583414304
0.3821705986022619
0.9512332239154755
0.9958419308875068
0.09670757720259071
0.2399531185168735
0.3140574482002585
0.48746181559376334
0.17087483355544153
0.5766295617419313
0.8960518227949272
0.4605010585077258
0.849499541897694
0.585158375161505
0.30406444550928624
0.6548080376602985
0.013913580634238976
0.11767414408884935
0.6475782978373723
0.250709803027537
0.5423388547273305
0.6151019695599389
0.4046493060187841
0.7595933668628632
0.6194444774008376
0.01892025584249213
0.9082862768760658
0.15994641786738595
0.7577452064827459
0.30552551752408164
0.7081012907994535
0.4627539902892863
0.9080914121348536
0.6753681116615264
0.3012736475034483
0.5146262184912842
0.24924194155485146
0.3193632875382184
0.2689870818486475
0.9696598007255219
0.4103086520624639
0.8049318173753071
0.09782526954589876
0.6905432165679373
0.43495214090353174
0.8750703185935462
0.3398002504089137
0.826951070529657
0.8011697150658486
0.9315322654566525
0.33179559397498815
0.3618604735710278
0.5728337215060535
0.9151955166702759
0.2706531809153927
0.3772970435177416
0.5923313520494407
0.33818985643483046
0.5433261073822866
0.2052735071780578
0.5739402635526298
0.4269988616111282
0.9582092919631389
0.7904089387070512
0.7959713883725963
0.9854800705924582
0.4018895436943175
0.4612580755544846
0.7100090216161099
0.24176179443927093
0.37810231677806194
0.48725746927682634
0.7405564027606579
0.17104018363741935
0.27277490600205856
0.36171390467379116
0.9858450701736956
0.507916464554351
0.2928275138090708
0.2497833352929606
0.9269459298262159
0.7440105763386169
0.05898443096486705
0.8713213593858065
0.5264233990889406
0.033015356668394835
0.6416670519649674
0.23196931021541278
0.5527304452948034
0.7781432158597672
0.8899843420799043
0.10260570009929304
0.3880453194083251
0.37116891889978376
0.9415023359651271
0.8533785113520886
0.1849050821963809
0.2817719041744464
0.7502509851143613
0.16200331667260115
0.04721916313014507
0.16232463363992067
0.3593889744345147
0.22004698998637573
0.8237550363886386
0.9755425028714468
0.5977853483093272
0.7398363461422488
0.3463936694163563
0.5451420153687245
0.9879855175535956
0.30781163415364854
0.1123043666258643
0.9292850631002918
0.9361691033591437
0.6778477684259581
0.7230774234269712
0.8954431696169738
0.10396728639918007
0.6598008182157771
0.5876058384635527
0.2952436678082224
0.9386090833862697
0.01987059427712845
0.4176617445723516
0.5726020523303146
0.566208568270635
0.68833284934336
0.37381175334540684
0.6461499984432775
0.7373790426622209
0.6170196497518599
0.3275612040514877
0.7714729385819907
0.887142368810903
0.12491083046507478
0.9173290235038964
0.6419104156493545
0.8291675061568538
0.9767496428916884
0.26717649567878365
0.6200066887711468
0.8475752484953887
0.41084375285605
0.5468281635442347
0.48551007801221835
0.23263046498853246
0.8589593961221458
0.9484343473662693
0.75504901228023
0.8472837185784525
0.23193003110247234
0.2688742906267678
0.20804907645051274
0.31135483111400064
0.35780520624072976
0.17672695254287563
0.4941041392661367
0.3641340678151026
0.6824989855300956
0.06264075750050813
0.5084206615395963
0.6829055222388312
0.9628899927097085
0.787474572604024
0.3101667755035791
0.7699029716619228
0.22299918441735733
0.8418086222921732
0.6573733300073927
0.8883874498008841
0.2924369776784179
0.0350083538456567
0.11398418061115168
0.6796317273851773
0.8542608269007721
0.47151491774394194
0.8933204157599115
0.1210605883034197
0.013846333280827627
0.18527171379725105
0.262553441131987
0.3211016959103563
0.26949646229392443
0.9466179581275767
0.16991132525960384
0.09736629050008183
0.9881735667192095
0.9059930988244496
0.5204470603253017
0.8524820498341965
0.6368262093611818
0.42683187433721104
0.24337013084203463
0.8456459001729486
0.5853152283153114
0.4179033563067214
0.13802973120999384
0.3410256656863129
0.746343905855406
0.10184786382844369
0.7036427747190486
0.8899235955750286
0.19277477967467926
0.5969680793472836
0.520183699375762
0.7627232181490748
0.11949385456933981
0.017358142821588762
0.9345332832742714
0.16861188344596556
0.6661340970766114
0.18491119784874233
0.6746600988661331
0.9120659639621209
0.23487388773818907
0.03698306887133884
0.5608984541405526
0.28426125534080904
0.13061000552862434
0.9294222165936792
0.004839175740724233
0.029526716765231775
0.9950261087335075
0.9182876407730007
0.9637459570607403
0.4721974752052851
0.009913978107412014
0.6767757923060767
0.021646041976870478
0.9171490762089956
0.7902746085180277
0.07346936360581391
0.6229205639325448
0.8016884648406088
0.4397147009331852
0.45143066712841917
0.044812922993557436
0.4709714493443178
0.5531866140485142
0.8642729786380254
0.08004280915081763
0.5266527632068512
0.9151646555268642
0.5253213810519233
0.20677870040099022
0.835894095933849
0.842921285775954
0.8845189680579639
0.5298476811566413
0.43073216502374523
0.1791628412893631
0.07249586372203609
0.6509334738979489
0.9521083380870765
0.8263342762861581
0.4310494133003795
0.7113362311478213
0.6221924557123419
0.7800035335972395
0.4132832602765586
0.924766096987754
0.07541460370813868
0.7486154307849588
0.8781791687286544
0.07637164709582711
0.11855553685417042
0.2946429521494227
0.855566643731015
0.5130305383508278
0.9550459016282857
0.27962831602237337
0.8227511105450624
0.44024203624648917
0.8236698691131752
0.4518326543277411
0.4234073163023071
0.43006865739279654
0.4435394302386191
0.7439346642706703
0.8028495933239022
0.5805838717450924
0.9377282818372239
0.4696451608504384
0.04812496939308808
0.9281316217052051
0.8557611672185457
0.19888213306803637
0.740479810832551
0.2831151765068072
0.8131420911848788
0.5237182389788348
0.04782704707188956
0.008487051521688604
0.5957035258632324
0.8587474558309474
0.7831450093093291
0.23487260055528814
0.9561833702407507
0.07613843984021829
0.9593968129109958
0.014294248668207832
0.7069128011751673
0.9162358293914996
0.9040958955757634
0.09762997912339166
0.7166928642699131
0.41762753186485124
0.49781117482795256
0.141013970448566
0.4143523753668208
0.5432431365992842
0.6689847210096826
0.08272302678851773
0.080423301325528
0.538604311836145
0.044125248111518856
0.542857055451408
0.3693806048381414
0.5052383584229752
0.04975200366643984
0.9534062716112759
0.3853260975083048
0.8936046971983975
0.8966453790333386
0.7062231848335323
0.9231636343328986
0.49077657352414317
0.00388092548276342
0.37627257734653563
0.8259037225318797
0.5160781231383798
0.7790051576488455
0.6423305182589618
0.5518271874574874
0.46994010523898666
0.5804033615845765
0.1362537015256573
0.7512544626400761
0.7088627119327449
0.47182781453270306
0.14366145271851694
0.5643770546458438
0.6957574911737672
0.4011103334523647
0.2084154487092118
0.598209458286433
0.8907256725111603
0.8335076224424258
0.6878533052406302
0.35456329803358066
0.5742727606638778
0.44497814606483566
0.1327908825180717
0.06791655883940084
0.1970492188703694
0.9343936066318892
0.9953565390757693
0.508578840678761
0.46525716046934007
0.8594198241074651
0.20022981601645928
0.7135839041961014
0.36710013336749214
0.3596543475742986
0.7599767812406053
0.7614001793697476
0.0011295062272809187
0.8954058155913165
0.2747227418216682
0.31248874012281647
0.5099574812604759
0.7580211683033635
0.7107362805019979
0.45780569349313294
0.8669829530453743
0.18744823204204608
0.6429778707637361
0.6721234680273984
0.44320363314328026
0.4124411798555778
0.15595039198841065
0.008481148272004413
0.08132776063342129
0.07876123795239653
0.08436966964366577
0.8292652575890185
0.7771802924689075
0.5263995446802037
0.16312892452361494
0.439372648050679
0.4741973811826996
0.06761718061546484
0.49464129992234374
0.8705609523809523
0.7214153926426872
0.3725520166156664
0.4495058919077475
0.4602958398395438
0.6201843733158394
0.047944588748347616
0.8337468979556302
0.9771484357253752
0.35318299327236935
0.46499968235368905
0.2864918350178838
0.9506597679431856
0.11029440928958212
0.7159610615894536
0.5936597587366297
0.022943337511910133
0.5063135540144341
0.4633286014399882
0.4031881852550967
0.5622869217313622
0.17830240515663376
0.47647879834064044
0.44517575059723
0.7198167123623498
0.401608152210708
0.4509822411060065
0.17860026712973753
0.7261986738328683
0.7849651823778838
0.32113018780975944
0.42343615231135834
0.41888134832432633
0.6991801024286328
0.17221028969772
0.8918923299564099
0.24500065829569317
0.5707528247969669
0.9140105932857858
0.8731648362719668
0.4651897523406301
0.8509627268898483
0.13809737700354763
0.1711414336730599
0.28813645517904596
0.21944604621932307
0.8448620487379295
0.1706989301798547
0.12408677604246998
0.9353439852112424
0.4901586122683046
0.5336445561084624
0.6334517418175707
0.1506346492952515
0.4767417865544217
0.8522594477065761
0.7047595012376275
0.947907108489086
0.09920584029876234
0.08318214406508617
0.42498647314622673
0.5788891585421694
0.1389872933199261
0.794889575318082
0.18775566726783666
0.5574007424733394
0.3182002196659033
0.6919823802119875
0.5113186118808042
0.19268055270292717
0.5031040678815681
0.2062063340281608
0.5151565891065875
0.31407797472855603
0.1882426409480067
0.18206599950319058
0.7791742955029322
0.7896280683392223
0.2082723768139958
0.2523212187238695
0.9206642075989007
0.1838857535831515
0.07431382649458129
0.8784637441384784
0.2352204996308196
0.24036438823995532
0.12772832721559868
0.23787860420150153
0.44951905514688306
0.19006550032697955
0.8054404319249602
0.906544831287438
0.4003170892065562
0.03874795746969539
0.8482017157160431
0.3131795522541432
0.39982329793810956
0.6475343917785401
0.8031137819320449
0.39035030189705
0.38660799592887063
0.7204685525195373
0.33241690153439873
0.02869409020113811
0.8235490173200104
0.432584955389834
0.4305896853191735
0.7392900295552935
0.0705231127833108
0.3491243095341434
0.6438829441231122
0.5106687586904524
0.43180351562243535
0.48789651025580505
0.8464987469141001
0.36709284805540543
0.8765111455624217
0.10985841076436409
0.38134004271370747
0.3341573372250217
0.25569159105380623
0.3740778596891008
0.8693137436834102
0.668902138816738
0.4561086793733602
0.2737447037405609
0.7153522765260705
0.18067023009700844
0.3762858013354935
0.9109580836371218
0.9450029760791223
0.44081730623849014
0.2152971215863524
0.31686655112927586
0.9223243967059576
0.4929633282867869
0.4366762770927135
0.859109634672828
0.04725308728151312
0.9705037142549597
0.8595787212398063
0.5670595409997952
0.8888365150367243
0.6713756805056237
0.9870971811957043
0.8929964961564016
0.1594083604793819
0.6735048197637465
0.34821324564552336
0.5638453842667186
0.9319111915529599
0.4652242828696753
0.8420939811821353
0.8619995411325667
0.9049535585342225
0.4100121528926455
0.03762573569304006
0.9088198872521125
0.7209406139432102
0.2250091316359315
0.01952213306573025
0.9538873251140503
0.595992603948234
0.7902935898451728
0.32728128445032567
0.7540593360943666
0.05119292598752434
0.8890803059150629
0.624425684995551
0.9135877296431978
0.9308228840001076
0.3582138752100841
0.6312183521073487
0.9027792639354371
0.575310806250048
0.6900261647132304
0.3358550372422666
0.6645236059382402
0.23989628032773225
0.8122365778461125
0.9164686065206153
0.20014284141272043
0.190321801784348
0.3689569406712008
0.33206166146862337
0.15040495487955674
0.9064534895943643
0.10515712238529207
0.4958733280724188
0.03435138715363184
0.6086568633916167
0.2484009968644607
0.8378410714033875
0.6230540388256973
0.4053696065520247
0.2747835567533379
0.89362740668597
0.9829350598744508
0.05344986289502707
0.35739740330764613
0.5589663108913188
0.9118062593350265
0.7956185267351363
0.5787556129001952
0.7040235070866612
0.23423041644148657
0.8352558834123129
0.9890829774652774
0.9242832971815584
0.46088211681666214
0.9174005219543009
0.5446703479860331
0.9381619439490771
0.9929118907856076
0.12089454315690307
0.9981523624060826
0.83463085076776
0.9448762091972656
0.06463922044290937
0.3987431946508795
0.12303447033923764
0.8811593154431592
0.2200733790882241
0.7560643470566313
0.3253917293818991
0.3369514641121307
0.22486319709471903
0.41797833503259496
0.03754381692502062
0.12691789912259588
0.49712900390960635
0.4737759731183395
0.8080270522456827
0.7150283351780815
0.46747605842783346
0.7682723965303544
0.44754974141620507
0.032262554430733115
0.8317160311115126
0.9177163980896019
0.08788466246298365
0.6105071800076696
0.42799698070928605
0.4750943366662246
0.7658845435560202
0.8871999350650537
0.18769084735721964
0.9998513646638609
0.2640841661929392
0.6954310112490869
0.5561214565355739
0.8797522816483565
0.21807466264861586
0.2286260869153911
0.6216603970550709
0.31145773502130747
0.5828209615579365
0.4073186974679419
0.9468122845298212
0.17203001965101472
0.06744368708561854
0.16165057790194703
0.26935508001997643
0.7438395749884914
0.7873948425857955
0.9379332109844065
0.17878841916190913
0.4342467991285275
0.8392996063004978
0.8251208550698776
0.15841951322546932
0.49620223255656204
0.8388879887611032
0.4186758064838392
0.39256791093693577
0.7806888146073196
0.7213961729682354
0.6215207488883985
0.10144666315758122
0.3777754180037918
0.2807326308970117
0.6567471916620338
0.5742309749394869
0.5250516257112687
0.4455322614499293
0.8605866655329693
0.019264775062194595
0.14551687010611358
0.5330147027455674
0.6007937004926238
0.8022266333459438
0.5266650116119673
0.606302603852092
0.27920188816645664
0.18949430963342295
0.820278878155567
0.9686069660009651
0.21171723857755387
0.34796170727865294
0.4518374122239397
0.29618164413611203
0.8623393741179983
0.28649291966245793
0.41720938821863585
0.8402020463404554
0.41215157365078037
0.4359050689008832
0.6191684593356315
0.735526984833416
0.42114428221885114
0.6556769419183452
0.8115120671215434
0.9486276362257908
0.9187648402124542
0.13156186267562586
0.10412333659490369
0.2505485464768791
0.021160736657683588
0.6167286424368266
0.18354864890185296
0.7638020745728056
0.506326086442807
0.8204677028349976
0.9736258177808121
0.18451690732180448
0.24219011825504788
0.6785183415973417
0.9892658713436657
0.7281153878470195
0.505458087613109
0.689475547818577
0.41281726748612413
0.28560239468806303
0.006327682643296972
0.7824326819508163
0.17501189318954546
0.842966017452472
0.5889615760563416
0.8982361591038552
0.061973302866701774
0.744360614409705
0.7717869142349523
0.9055571401283808
0.7260780766122616
0.341198135629319
0.9290990159511869
0.39175443123687836
0.01982733043105167
0.16076189149504572
0.5151858800919877
0.7517777245447643
0.20659584121204522
0.2865760070336085
0.4231481694272736
0.7165493461668313
0.7743970871485271
0.1349439535261192
0.3900394438675243
0.3954577627445741
0.6935184839813968
0.4592838518097697
0.015756518580815282
0.14088493112766787
0.975479107784837
0.8758395850684917
0.07582605441147505
0.5931629505428275
0.6294403047588448
0.06368112153765049
0.08888211656980882
0.9379652629769422
0.20793695461825146
0.0160389828666323
0.8748785100657319
0.9692383090057959
0.7395516197924226
0.21724880185148576
0.44535965794985954
0.30050219056458816
0.12017705025610859
0.3198916324548353
0.6236279495226733
0.10573788765567604
0.24659645850258882
0.4713877631603087
0.1285159762601651
0.5810028378008805
0.4005369452201095
0.0788884503650662
0.37381293545030525
0.28892683868380553
0.5255551496083486
0.8003701660139544
0.8255910976291947
0.032920003055034286
0.5211842874021746
0.775891867438899
0.9365435022795872
0.668849049443109
0.9647082246803986
0.27277433759710856
0.2499850476695149
0.2217436158593611
0.48747844117727746
0.6280543415458337
0.9282710517694015
0.7169351213172839
0.40938870837059804
0.618944523286953
0.9788205876933369
0.4532269185193327
0.7243276536683956
0.9025761624297886
0.5976655969074154
0.5986483013422845
0.9285387919580084
0.8817247512968105
0.8158918748884634
0.19196961459563622
0.043120106024173044
0.8275203576013102
0.7897553453271016
0.9670420894609222
0.018980059544082106
0.29829165721381257
0.17799212082054883
0.3911722300847782
0.708465609818963
0.5326856562292877
0.4025022304767949
0.30436413493978653
0.651847692454637
0.6905020661373873
0.34834292240668874
0.7610962835032029
0.5267253033096793
0.0031156695999730033
0.8611312618269578
0.8032482627547599
0.35634077784516816
0.39642937345201923
0.27572942391440813
0.7385440689761633
0.6937110690218733
0.16753902258089548
0.017358603994264143
0.10868891761260024
0.9153620378344749
0.3738137138662567
0.26629363925996485
0.7741920805312317
0.04292673327548968
0.20197188194925264
0.5161874464973608
0.14736939995537024
0.6659520879388119
0.8850972502743708
0.5243596075242407
0.9589053012107409
0.8971927621972182
0.801580683953343
0.6522619390777693
0.5125162725550774
0.7390030756537613
0.37658773294418135
0.2698746467522568
0.8506958496875758
0.833962290854428
0.13065321684804032
0.17969761738606227
0.5877898513265587
0.291530592703783
0.24385875934363543
0.9148544160680192
0.6551889201514141
0.8376979807351568
0.8416257396745559
0.8453291483458525
0.9079504204500846
0.8533636565815708
0.677579883624474
0.2764667734689019
0.46491600609715955
0.5216737805938374
0.39311882309061463
0.07914463341377798
0.6218110833992754
0.22909203900395458
0.6240741033837267
0.6116276123095465
0.13388470831351973
0.37881897086004046
0.5215272294476705
0.15389847581332372
0.5191554574338066
0.39770966957651943
0.1362577101501916
0.47074029979100285
0.16549604898285386
0.09556816843375526
0.616770708057012
0.2920372743565067
0.7442968854770609
0.4831789709753047
0.9828501629709934
0.6725142925353154
0.14829393670345437
0.1149223613239776
0.34431631976788823
0.08119712523631262
0.816060073831991
0.2526060877597669
0.21754034739884665
0.8602217590011718
0.8582965990839602
0.14029748665074449
0.8429698333107483
0.7706476837519267
0.5299589505337954
0.511348335204276
0.13568379411087794
0.13870463336012095
0.49982422632944123
0.5233588018570012
0.6638808637938318
0.9011584210293668
0.9412025422422556
0.13298796406498137
0.8501542047174204
0.6582889630577677
0.25071599358205754
0.3722781825814514
0.38982063220569607
0.24783086496116313
0.25916929416636925
0.5781586068893063
0.48712088624963057
0.8597056952223439
0.5118885241110276
0.3939596715300788
0.3018439880124675
0.7283448959566166
0.3493000227818619
0.2815931329660266
0.5981260992674331
0.41937626341633516
0.6108126360746369
0.19966852338919572
0.5226113609968603
0.4206713327740077
0.888836020721514
0.9141102494182409
0.00684383040306491
0.5397575591672685
0.8730672126368477
0.9454118505713518
0.36761049452618955
0.9445581999027002
0.3892495838024499
0.47557834479478966
0.887150843023927
0.2004736924079753
0.09072612054673046
0.12732864618243678
0.040603516651322114
0.46333485025128285
0.3042041203949519
0.43465739757237976
0.8999871266772328
0.3889069620445742
0.6860826379699396
0.4893548411746307
0.3899790632604885
0.4178321983111206
0.2025164403717603
0.03058191881317529
0.5243511707677906
0.26115384805086306
0.07346864535680697
0.7375767170454108
0.10805625662372687
0.02031139856085251
0.4963035098845565
0.475237128760281
0.1132095644763369
0.08313826513722766
0.38401441644515466
0.8725481237316324
0.9647685948781173
0.5656888009294105
0.24403133690476264
0.027504584055000336
0.9168863139570076
0.8298041736425994
0.5073301101381951
0.1522906477674364
0.8415130907324373
0.6315893010681295
0.27306645989092604
0.8682500392478223
0.5056748237266437
0.9447239285452089
0.07820124796884276
0.39036759450098124
0.6231205678463148
0.7961899564203314
0.8737840287341623
0.7928566399288177
0.8732193674666116
0.029188997929734173
0.7346639126079628
0.9190625222057722
0.12593495183488046
0.41592121745672084
0.5979071480330576
0.9791063170460734
0.9780738856484368
0.7473112662768995
0.7414685483612631
0.511960798511476
0.7684320192055549
0.4264090327579009
0.10055024398936241
0.2489623345262264
0.7800565813931399
0.03156060150300233
0.763914290064752
0.32290815326839506
0.14386434004790716
0.741972574953933
0.9092449747312938
0.3981297854170973
0.5189915631302595
0.42971054353478255
0.615448982914103
0.2929780610001975
0.6101376926427113
0.6886977393233895
0.11911166366392933
0.5164435106584144
0.9044591796378583
0.25136195052932564
0.6320265794398099
0.44952105952676713
0.44228710476659194
0.880222547476563
0.6514111219014667
0.7202355639769964
0.6958013312665792
0.005132788635149321
0.7976149963137917
0.0939876088941407
0.9891557924235943
0.28515894828670474
0.4839653028417439
0.8821735771425452
0.6566065858558505
0.044021340294225775
0.6534455731852529
0.2479280974461897
0.5394831946214758
0.6908394524194428
0.781508964841438
0.8760952531714359
0.8098046531487235
0.04845644499662738
0.5853065131050046
0.38543407641948857
0.4738193381182061
0.19713161677529079
0.06716562290989914
0.3143997684992801
0.3743657040851065
0.9457857476867431
0.3732841969552081
0.8111783705364721
0.5375376969040733
0.9172152049155036
0.17586951832397646
0.32275045634691146
0.10471917254822927
0.20560557511071575
0.005202967066990638
0.07955264347111801
0.6204048932391628
0.011336390970053456
0.45713960420044564
0.5898595875828447
0.041426758929124397
0.26617433839956783
0.5795020722701658
0.038054912179457556
0.4557425968294859
0.8664348634565624
0.275745836241748
0.66073849884784
0.24910019074597756
0.09138888312594684
0.10569092938541358
0.833572886143471
0.9957011987306021
0.6411270502774413
0.628965974838922
0.5886118836073126
0.7636611396289605
0.8467449911499181
0.9591912468703547
0.5289705580640343
0.391193291717733
0.7143079481996224
0.13875075590192965
0.6936657148798719
0.899864543149822
0.5944593363424913
0.5890627379168643
0.08429469902882603
0.02195627356849239
0.31523867005431994
0.4822869551060376
0.4617371237982961
0.3270586413217953
0.4268425498210593
0.36046311293795164
0.7641196621916193
0.7143216939907941
0.7433277087261618
0.4833074865217233
0.5993176555430004
0.7775893709535435
0.7124065803570352
0.8695143674304555
0.5245374274576076
0.3523170008075205
0.8602212633477087
0.9172877511269057
0.9175608023511186
0.39071719188565135
0.12738306417597745
0.11907361619340495
0.94215274584822
0.5612883849907853
0.5254547396957048
0.3791802553461441
0.7281768165196749
0.40993510985720105
0.638828946273869
0.601157588304124
0.486120733269223
0.8520002430848332
0.26114122847935906
0.48078553976557004
0.12234271699721622
0.1994296949215113
0.11419343589530717
0.6303471708126915
0.8096474360868617
0.2775112502985435
0.5290932636025645
0.985293781041265
0.3228919776345913
0.8820581856519292
0.6240862544980672
0.9369829989158509
0.8239017134215636
0.7176569418616634
0.6961856830842175
0.15388550234994813
0.23746916975669707
0.01713683387811793
0.2421827972918733
0.9420192010391553
0.24538118053450209
0.23420346471947884
0.3774448216965287
0.725316812062824
0.9101185267773557
0.26914727383408543
0.7589679495882995
0.1178078482240692
0.17308767870799424
0.28479590627267837
0.7912759646578538
0.524955628330241
0.04007478846274526
0.5082385495438322
0.987124023129099
0.2475648251449345
0.3034975488503613
0.7041408568495842
0.2683666485941747
0.7672832357357531
0.40571106420290204
0.8815800843943218
0.4898977289304427
0.4570008663899847
0.22095009648516117
0.14094509080636541
0.11672255600174308
0.3697126952291854
0.25215935870557393
0.1662992527199254
0.5632723156482746
0.836607894089656
0.07751641174681612
0.9423422106489077
0.8680747739293757
0.9334440222489733
0.21097113100420883
0.7986546169817677
0.9181405528513074
0.7819895342528143
0.6626711820412701
0.512849405000412
0.9073849850863862
0.05772395923864626
0.2638915654487559
0.7688953213900709
0.7196456603982582
0.9023789122231773
0.5197634346453068
0.26160280541620984
0.34565328203588797
0.5773401856082552
0.0415192719626456
0.5584330645676616
0.6356625705107821
0.4590681048624834
0.797811147514937
0.8541005241592758
0.43512766257255575
0.7926652187454897
0.3193012443745642
0.2189445727866841
0.6010990971754513
0.44690532252619164
0.549228685705379
0.039882890153143835
0.5592786154024487
0.7564236219603078
0.8911462740051785
0.9582079407682293
0.482753341101525
0.9755848015505895
0.7277078284423533
0.763559342272409
0.8235420274538301
0.3937408730132319
0.2066383522664914
0.8392218347304707
0.7007966101711962
0.723583328086471
0.4666514455232069
0.4282673969647939
0.29212430872266815
0.1919882379388851
0.8792175829443274
0.24893637894962062
0.055825687387470735
0.05790808682959847
0.8111399186854829
0.19811564060683917
0.31373440559299715
0.9901796419199504
0.17985158933981227
0.03457138045223718
0.6207082456780624
0.21412123681903217
0.1702825353837345
0.4180343716072372
0.4957458294668773
0.6275085178257533
0.8230866547801006
0.5967561462212871
0.8479441518352804
0.24085318897555852
0.8803810510910781
0.5159888716939351
0.8420320494058058
0.26203931092276544
0.978940793278609
0.857335074904477
0.675387198000015
0.30325299682283036
0.8758689462026359
0.005167788853211341
0.5884630114487162
0.18301027544539772
0.5326747821081836
0.977628873441625
0.8792607440806666
0.042066587867992
0.38735850496122204
0.3825236448955913
0.5281924585321836
0.5625370229435804
0.8048528154242034
0.8723671610252335
0.17948003321824268
0.5069324024034791
0.7100150136847068
0.48174730378818853
0.5374685825980337
0.9798027367370703
0.7979584744638266
0.10374656833974716
0.5415711071833063
0.49916625407533455
0.6212799139039522
0.2751678069087369
0.12879378159228572
0.2990038763128997
0.6652900591553461
0.504113394948525
0.023463348012557228
0.8191940386408858
0.34701583350030285
0.49897305235563416
0.48832508014392806
0.7861029152018395
0.17600922306708422
0.9151621865358137
0.8915283556007059
0.771784599820635
0.7396599241785369
0.8072104090612366
0.46971513337103254
0.7018150153343798
0.15502958776598263
0.7931331148771048
0.6051400837348191
0.9145023910410106
0.376435450838005
0.0787887434575607
0.913510892357793
0.8452272388248578
0.573048486338406
0.9978281686567874
0.26123561628811265
0.8945039380896429
0.7535282531101064
0.028484976314420818
0.4473744350688482
0.40822565385601184
0.1103107520871689
0.06419878403129298
0.3482281542461574
0.012367407710316858
0.9247642459276788
0.34790114502404834
0.19956216401226867
0.1820699361832281
0.20029130054044075
0.7125488135534779
0.6083251347906744
0.27885358099726276
0.24758036310033749
0.7480114972132146
0.5594649834792234
0.3465288229391559
0.7647297349711604
0.46190600853536856
0.15692669708394846
0.419349277191974
0.30850563041797807
0.7976545068896488
0.7632743552357222
0.7347231240265155
0.33288378906651483
0.42309249762903844
0.7935481859467233
0.29341640229782473
0.878201559312445
0.8997495987711233
0.032974001392778174
0.5185591726015797
0.022411052231209094
0.9621687500808016
0.5440316592757093
0.7866146834300738
0.7322855614611226
0.34559960647008814
0.8352732898539237
0.8133846843928927
0.17681353452559212
0.4884356386681581
0.06467965156982403
0.5055137804260521
0.678862185460495
0.7809261880406202
0.5156749074149518
0.6649210531850842
0.9385069211846755
0.8642001237569137
0.5649459843754292
0.4177566449691483
0.057878698988100385
0.4054364862234463
0.35490167339201006
0.29016609048642183
0.26676680935397035
0.9851861013607532
0.3264010517587628
0.5463988996161846
0.5103072709227814
0.46295839835644315
0.8814362367198814
0.14938255824407953
0.08994583694097225
0.8086669908622739
0.8827220468235191
0.4528916606969646
0.03253681780042905
0.3270383773587915
0.7156973393405552
0.18486250224304102
0.25771328614428946
0.9332505036215599
0.5160010966816033
0.8673834562106626
0.4097273271633275
0.7077328598022803
0.1248160362153794
0.8203108736803852
0.7703069541695735
0.5286939142122498
0.06914492789910809
0.013682530567725282
0.6721470656265833
0.6656026837282694
0.36468433081086005
0.5443224797399351
0.05249588311157405
0.30590252061010736
0.8264656717129051
0.7716780010576281
0.07310722843118422
0.7902120950004801
0.9602815185539739
0.6181369485196742
0.749710161259288
0.42421724726808785
0.6573072852462745
0.8078216539065268
0.6706611545912959
0.976094242076742
0.4336219584223897
0.38683818809202
0.7955949698424039
0.06551348772946808
0.2546833746006891
0.21578013452823686
0.11880128444293625
0.27984539957141763
0.4922443145393147
0.17070246244329024
0.8251347167274665
0.926274177327296
0.35537483964344707
0.4083961002507317
0.8064776373588263
0.6237325981587283
0.06008446739331763
0.12906040973010424
0.6800004386394842
0.8302462370771644
0.023131415907255315
0.1195925564884035
0.549353904112919
0.9295449873688884
0.4014868550732795
0.6728759666552828
0.12087394787176486
0.573478835361559
0.8572451588632217
0.7279333674891479
0.5187608759752484
0.03597329100911684
0.18325465019600062
0.837074376284159
0.560325482770146
0.27611750062473983
0.4132278932644986
0.656072796368012
0.4952002450022033
0.6368558642145217
0.4030822825985019
0.4295226519094242
0.19632264002420263
0.7504723092950469
0.3258810931605014
0.27153786163620675
0.6314540267353959
0.07721615112779046
0.3084644172998945
0.870824136878813
0.313286750528627
0.4714281684543735
0.17929268585109503
0.1763256261878241
0.3275836010827251
0.5598294033244557
0.16952430447333677
0.8365905535682117
0.575636995364257
0.7177567688231368
0.23042441372924527
0.9672152384046815
0.5189493060856336
0.744652606574755
0.5862775563099001
0.6559250281925366
0.1674627495530816
0.6029497788557301
0.46335281623035063
0.07584604169688491
0.08612995900646148
0.31300472309972927
0.06974604298965215
0.08205397237823053
0.11232854662197345
0.6170790992593302
0.7765702305930713
0.22518109676552478
0.5519803277946482
0.4983342702017568
0.8674396356995722
0.7961900599523886
0.8769099648602339
0.690136389483796
0.8310251210767003
0.3613497293351673
0.8649669167163421
0.12213928958486098
0.8302108854341737
0.38911411834242693
0.7423918141934214
0.46360180959480823
0.035493528653080864
0.6489158837560132
0.14370459819909298
0.45246864202564074
0.5703552611202694
0.9710459429127181
0.7550861343790143
0.8508734630780133
0.09253132486080085
0.2311985491241919
0.4520566678553659
0.01009456110576279
0.3023076340915569
0.24033593005444698
0.7837450115678783
0.26101204570511705
0.15830705553998659
0.4873830763560678
0.36803852528356384
0.6985493251841162
0.257887749462564
0.2733851434846668
0.2956974869579274
0.314364951949218
0.2966831139732129
0.01396668447862659
0.8508015723096338
0.7379355274481407
0.9858456670094093
0.5266461114958683
0.08033401190461653
0.9705680213352006
0.2860346315846196
0.6059880572932272
0.10672840885374368
0.33063028495285685
0.46781906070984647
0.9206338237886722
0.7978987039022012
0.9017777450006099
0.36724290278150584
0.8701860170985085
0.9141179401166466
0.15514703246738581
0.9636160857809226
0.10817120010761516
0.9984257378537467
0.3278425411948074
0.6554321881649188
0.21677659745245847
0.488177187922745
0.6234186494248384
0.6896439403318733
0.38534394440153497
0.8448623808770857
0.9950590736054978
0.4754714566902791
0.4501954277294815
0.6559467563011212
0.39761593479448587
0.028695082478705558
0.34178700594131795
0.3736106065147555
0.7396175613889293
0.016435369374779407
0.3686977743413371
0.5885868945382497
0.8342067448095165
0.7126023443726184
0.8292900288982996
0.6628936008701583
0.997483800119934
0.1768725088582086
0.12378549292477725
0.4385622215251235
0.02283590515997469
0.9940403224090384
0.4608423212338397
0.28351942410707087
0.7590950775490746
0.07760857494406981
0.9737098948238423
0.7608329179462165
0.34823714934599503
0.3849088276435182
0.108729593644874
0.0038008141579728427
0.3833803574005943
0.5474563972070929
0.7003245840818855
0.57360274640165
0.1706304803108334
0.6295838540075567
0.6132307178990102
0.46884909841633804
0.0008972501726136617
0.0007268840969629764
0.6541688854220213
0.2635926734546732
0.36199351973793226
0.16805245263769653
0.9225687832692282
0.6559324221495306
0.5270856693903239
0.7563428656601698
0.7774529550910609
0.3543236526875604
0.41700578911118025
0.4341230250302135
0.6916665233209023
0.952637634896293
0.6047286596480694
0.6246866114403471
0.6475046437774123
0.6021260560824377
0.5317066149543253
0.38779599620115546
0.9841544756591618
0.45977176760480987
0.07203083952662515
0.9821247615509889
0.14336702316796357
0.18791079619360995
0.602540681344967
0.8468043290591574
0.1702417158778291
0.39727569171465604
0.5396966868271815
0.3851209587752402
0.1686227533478215
0.6179800345093556
0.8500962068879472
0.2588248288291046
0.8600983057619982
0.872199149007433
0.07651209180210916
0.9241119812639962
0.5366073315528386
0.8131867410855189
0.0170166055056169
0.40260192818726126
0.3895138494569277
0.4470405116807179
0.6024779768869126
0.8470125564053579
0.4388482965527336
0.18901341041816644
0.1797744602193374
0.42474644579412346
0.7388839078767733
0.506964004020449
0.14257271366379043
0.5918756496860895
0.8877755927787545
0.887929843431543
0.1427596335164043
0.11879597965450595
0.5685300201798178
0.6238892945239891
0.5465211322693946
0.6882347205883717
0.23842083230170474
0.7715902662038365
0.7126338726318358
0.9029092762758713
0.8651900806369697
0.5230939799338552
0.5666786889150683
0.6614174403585633
0.21257032405848553
0.20829804428114218
0.9592492558381205
0.08703265990850162
0.33752620134399614
0.9839421474825052
0.5677944915682809
0.5932776932037382
0.4293687810454212
0.48298375659005366
0.9418873922519317
0.39669548758064543
0.07645423882115732
0.6486938575434711
0.718920131269118
0.17078841658892174
0.6531024058948631
0.8148555417743986
0.28149579237992195
0.14265386018167492
0.5880751919831859
0.9230949420316081
0.6616453904470732
0.8527774965280392
0.4444276415031796
0.8556437800325147
0.6472895439560129
0.622344709651891
0.9737628687228943
0.6532802940954001
0.30061872439285664
0.5402822332200996
0.8817156066847607
0.9184974541022901
0.31093045888917215
0.010377156600337223
0.1861657506920913
0.3925735832749786
0.2223340263130269
0.09383413233354498
0.7164733803552683
0.8801955266008856
0.9605977740595928
0.43631299867355877
0.8961929619947622
0.0013268506166370653
0.6602455883876857
0.666363716066027
0.6724440686155619
0.5315069669106147
0.21697612249730347
0.03653652520148132
0.8320573560034832
0.779862522170528
0.7369328927745982
0.7738764533329805
0.5303347725885621
0.45624848994294753
0.4112810491845611
0.11796299525512843
0.6680976540422774
0.23279087927710806
0.7544724112743553
0.1538367062338577
0.32749625217313416
0.13770699130337816
0.5877510632075542
0.8210953327422483
0.546596447671013
0.2163726710976832
0.7804997075547409
0.6967148012100826
0.71888539799619
0.051835297634048594
0.9621303519309459
0.030762926286417525
0.051289911998144255
0.3279388914997927
0.11229967920021755
0.28273731805422697
0.9024103596510176
0.9300178206645113
0.8729920699215146
0.9736735777762353
0.884695742866227
0.008825767196039891
0.9453088267643228
0.40073401226538774
0.6666857857963191
0.3584408928170073
0.04462377603290202
0.9912120470322057
0.5520139180079133
0.3909330390058756
0.5789716553299264
0.3622973212898266
0.7526829277286038
0.2385564003275662
0.5626366089134645
0.9344172805011046
0.026600183493704854
0.5160217985354953
0.9490338038922002
0.6655245757607933
0.973851710305188
0.9594019989454876
0.19150587595527746
0.4122569924424746
0.9712460322940961
0.4888716839348688
0.13794173018239198
0.37958795084328156
0.6342511629021754
0.08039378336673542
0.23557277879207206
0.9480994960294138
0.2892785442797685
0.5184298940709959
0.8296176699235012
0.15181269131912822
0.3298133582651852
0.6160850084515075
0.6291827836421728
0.8013059174287525
0.18569541518395383
0.19587121201709978
0.5244917253435049
0.8336069009592366
0.853398627902056
0.8260425255599586
0.6001656852427488
0.1303824061125063
0.2151167757398058
0.25171457878548464
0.6005888515922826
0.07493416514825357
0.9223398596529737
0.9598431465711339
0.6671650834711016
0.7120240352333282
0.913995220309173
0.5472087460606383
0.9629481327273723
0.30753924101896235
0.3758834391772947
0.40317206538557526
0.6432708953511175
0.38182769587221643
0.8999272999617796
0.9404644458011471
0.9695358389838504
0.16872738121403885
0.9909987348696716
0.13176091757229114
0.4463322554315434
0.46963438988602957
0.5533583668629751
0.278738821592333
0.7969840835645179
0.3586141948661288
0.2578561029197146
0.4324391504889933
0.9051205199136649
0.009998010020619397
0.2121723768778787
0.6409260554263305
0.47791075358432855
0.25728269513103896
0.605713807078635
0.42166603212343334
0.5674599089386523
0.16623282246449778
0.2954271649361817
0.5341524657722161
0.664238770090603
0.8196892372827174
0.4497408067821298
0.06547551509762961
0.11992758636124479
0.16090073080783873
0.4296952089396149
0.668813645256775
0.0822904900455419
0.010695302677988572
0.2062259417934773
0.10791814085860563
0.8342689036021835
0.23086780329255618
0.7875104696816166
0.6059118411513211
0.8532521757156966
0.6407723000198959
0.1686852460360626
0.29818436757442446
0.6939171030015532
0.4399354269780267
0.6602001166184361
0.34256462713342084
0.31628210695857484
0.4974714339378996
0.14827407041858276
0.3447454509389145
0.6071493046176661
0.08777145589412627
0.3461933607375156
0.33895959918246876
0.5316795772149621
0.4539921011470269
0.31370292683299716
0.45822781621070474
0.9564432879448352
0.6153222500686242
0.23560994279797942
0.4002426532245029
0.0017798369989794338
0.6455578771611981
0.7862759336261476
0.5360427043738014
0.5191946330373165
0.10830603450934628
0.8129129658255956
0.6362079302344639
0.9087933659144258
0.8438505332308006
0.31215332505742044
0.5362650544816787
0.6667314130004445
0.7627577040826743
0.6098719304815996
0.3378097419165176
0.6679131900862008
0.09640583885394838
0.5002839645723602
0.10139063867041065
0.3444811415041029
0.4490875090699171
0.5221739401461447
0.30977925632093917
0.29039174267488055
0.22241494472183554
0.1845639063833593
0.3767391942618148
0.12054631593519205
0.5525057559924722
0.28865791936449536
0.8284882325588638
0.6128862628435467
0.7863292698273003
0.846853539973883
0.5647197342974621
0.6259952004712093
0.7372685212568588
0.4806618543451886
0.8202731657109554
0.6553573983803747
0.03968587103006915
0.5663446127843812
0.33982221053782236
0.5281639979816637
0.46308276404726856
0.8662277663131779
0.22140226804787888
0.8522737620967233
0.3813256329261867
0.30645898329602694
0.5839432452572688
0.4761397592477443
0.022033916265953524
0.239522361705528
0.06714900167087423
0.6205452775042941
0.03126984618519435
0.3238087172788202
0.5099685450853713
0.743066229162026
0.011202658850734126
0.936243452039486
0.48551911784681945
0.24574867571453995
0.03662231184632758
0.2772668010288093
0.7843336516776376
0.16571657589487132
0.1720601647029445
0.2585729050496077
0.623082809218767
0.18121861329616062
0.35017452538522864
0.6635394699290749
0.09598127566301073
0.014130884222123719
0.7259530055929067
0.3487506649664698
0.6866725742639253
0.05098606778224446
0.2167055916466929
0.4870347158124335
0.427978119054675
0.13973207079564487
0.13522378821808378
0.3124834831254766
0.8294565954812252
0.11602034863093702
0.38006379115975
0.2744010648895219
0.05244319567412936
0.2536376179324631
0.9961439056510921
0.13259724085943625
0.3009235994314021
0.011030088303998431
0.9854385554162399
0.6897163806778683
0.4989177976032
0.1659147331435158
0.7590331562770198
0.653993600130941
0.2524702957409215
0.9850013975709904
0.3897895107043956
0.7933499695234976
0.3082155055515374
0.23429830730008372
0.08779762010899805
0.05879303168622396
0.03285217800135709
0.9551395128748301
0.846510761718112
0.006741537250252172
0.6906923637273825
0.6977560482183023
0.6968704068337024
0.32708785924703276
0.5448097819241953
0.4043008037727871
0.15355841219764388
0.7592316921332418
0.9976618448506493
0.5263458115692481
0.5985123916172033
0.5651290992118736
0.7226279701558587
0.029213086483404593
0.46737084405261053
0.6314924607766486
0.3477753481776882
0.26911108856540555
0.3317490119527795
0.09784530628926524
0.07038422807106359
0.13504632858637322
0.8252794492607352
0.33631398208187746
0.4613602139341706
0.8911491980419293
0.9961938470492289
0.8695428606445108
0.2093443448319081
0.7634777317289001
0.965886665193328
0.834117697060843
0.3090948376985512
0.12065805384335482
0.32215374655494067
0.05775798806516552
0.9808989471239788
0.6352526288710276
0.007573172185437516
0.6152622378039734
0.9350878759547212
0.4717738236596425
0.29439523817918567
0.7124400097742742
0.18562922469022003
0.23497089697220663
0.9759601275584493
0.4755281483210425
0.5448821808787099
0.6564905007144906
0.4580386263397762
0.059683054385519574
0.6433235358284222
0.9074976941679753
0.9208869097192778
0.41121132753721246
0.5291936157778705
0.9309540755588286
0.4311239546050596
0.40831505685214786
0.33197993672821147
0.2782813765695433
0.5392178835674051
0.1492521905632902
0.3263274476053146
0.10845346288036439
0.5575509359923521
0.8041932238881442
0.7178645244001924
0.894581074356446
0.5002768239665363
0.5360741681704644
0.7777793685173624
0.6534819187154879
0.5507666695425757
0.9020297526925403
0.5118047049778272
0.48435486740055866
0.39109678718385865
0.741485346249775
0.5071073011811249
0.42874165283740395
0.7967778563096521
0.5941810881720451
0.019278728819839497
0.7689820177849394
0.4726816810398129
0.9336961767810932
0.14157862292389578
0.451124432112054
0.2238550006295179
0.46457036632098814
0.2684688582666397
0.9593717926872702
0.6679209725434996
0.6446210225573721
0.009706136505440277
0.3979281137656643
0.27015881149471066
0.7334139493458849
0.6343486667301237
0.6170257881825074
0.9790670942610391
0.2722660898702962
0.415811553457865
0.05654918789999819
0.5603089272467259
0.31300196832732197
0.3486154271912718
0.4967159752086012
0.7358952080585093
0.009424179270966171
0.6408798279567378
0.8878758908146513
0.910284359931959
0.08169532712869398
0.027614015125246416
0.9041650369480165
0.601071903918392
0.09174616860218787
0.24506178385225286
0.3353048951753883
0.29379762305053814
0.04686229044651191
0.48454549871595276
0.5030904891374381
0.09433815718855465
0.30876264056039604
0.6115353514110784
0.2579544773585156
0.02664001431418761
0.35125676460291433
0.18244699694420397
0.7640036583617829
0.5577158974099192
0.641212838249851
0.990078437186275
0.70305295318533
0.5656587654026484
0.7686366943470881
0.8206812597270561
0.43884063874078083
0.6788712810865645
0.6462566813997626
0.7835883276598354
0.5794024693144761
0.022811269027501746
0.051996996277333674
0.5463140586541881
0.0648077175139723
0.7373780331817688
0.384168960841359
0.7208470286244555
0.6048693991157099
0.4899444204667107
0.8834818623378815
0.8807397501364789
0.48273128418742406
0.8956842107363931
0.7829208245908017
0.99694256535373
0.02915503975378142
0.6052402785316982
0.9276298997869801
0.6958454842802164
0.6086529991661809
0.48050766432090297
0.2194456595435319
0.18604631261163007
0.5657672170063395
0.35995852872243184
0.9879402290830399
0.14440637503019205
0.5949588049426975
0.41511237246234356
0.41125221392821065
0.16337623096718645
0.05791900441404674
0.9307806623569923
0.32041024314829825
0.8120482776945044
0.580498267659578
0.5470541451814839
0.0669119507474476
0.7521648678853461
0.4319380232974859
0.8700667839049925
0.912514979844179
0.32671925643710487
0.9879692418924608
0.979145252061169
0.4759561399726153
0.4164981757427064
0.8542555671083514
0.5329621023239453
0.12456637394951553
0.30405664680754296
0.4238684450947474
0.9411926755411022
0.4349467939290603
0.13340121066135535
0.09099287825223223
0.627764539211159
0.5601979457518405
0.8665921638893703
0.0935780683962173
0.6838050466525092
0.2862004859819498
0.19537741884206783
0.9920880095242244
0.606763146976792
0.5409644921959911
0.07666685749937008
0.6043547631203996
0.10363527108583281
0.47962284286160894
0.12031379556000887
0.1798732801961036
0.12622535954513814
0.5453451491751296
0.33616989178220447
0.24959785374425403
0.013109076128190011
0.11706776781548212
0.25521809817134145
0.18594514246668847
0.7227004201686025
0.5368137974559606
0.9240727264956061
0.5698702545952037
0.5026658898425345
0.6518680261010781
0.2583673173471215
0.01294870435780604
0.25607544222208545
0.7555142048117824
0.6687322080043334
0.6183132801421436
0.48713463345231767
0.5072385534514543
0.5123893609457117
0.7849440814511077
0.44089260855450063
0.07614796700867577
0.6074509436237421
0.9802389495975192
0.34137725525914364
0.5460246143531498
0.2894011816312363
0.9755093140693307
0.7143049154699561
0.9712891845324538
0.9930087621965344
0.7154850157454817
0.6579796002693328
0.5509242541944779
0.9867285518277407
0.30028404119866736
0.474830054689763
0.8165882093245467
0.6193065454957418
0.20348854099067082
0.7622866998890625
0.7042610837633754
0.8161865052983945
0.2601115963987426
0.7962241909401797
0.82356437687951
0.3178471638357805
0.3012311202600475
0.3426499779441867
0.3271259532887574
0.49006062621953106
0.2965496599463251
0.7119835607091831
0.12802986554236062
0.0018205824988506425
0.681217810106318
0.26992410595517957
0.40158297743516314
0.4542890742326373
0.47245951483440973
0.5154632940778381
0.6205524709958516
0.9406666679330729
0.7076204545706724
0.8546154233281964
0.5294486738306183
0.40770679746396277
0.9032421956418137
0.02883953291605179
0.29504345787988684
0.5185206268834581
0.8785938500792689
0.5219516961030435
0.8651780793792001
0.003845400871140381
0.6425454011710885
0.9250393276270503
0.5017913313120748
0.12832801829475216
0.40765812876513063
0.7242365560140611
0.19437046426127624
0.6077520724080714
0.47971865032146166
0.04681882596735254
0.9985439079473164
0.7407480746093409
0.50558409072475
0.31480996754722934
0.7051416586426476
0.5558340454245143
0.7906931584603356
0.6884867523199849
0.5547034275856786
0.06548010580240882
0.9447940220216489
0.5690966481574444
0.8828011456584903
0.1241020786906133
0.7074704786886825
0.6248157060942108
0.16544917235608358
0.22756001960614247
0.21265559051151084
0.30415005060715417
0.9109113571096008
0.9086095748307712
0.6201417890227139
0.6523150273486487
0.9304983638576516
0.4460929550470385
0.11533313600838091
0.13971573259101366
0.10499479098860709
0.3987485843862504
0.7327267735731919
0.13016166756349334
0.2995520945616601
0.32993610510851146
0.36690071993386386
0.5181356052635238
0.06060053267471277
0.29551854925508625
0.8643738474975708
0.47710786271549743
0.5207109625232944
0.5465468746970972
0.5938296686195752
0.8058159235425049
0.7305440764141078
0.8653578221767035
0.35315358777778316
0.18350442721346916
0.7062538711948578
0.5515677980004439
0.16695146685018014
0.6841718936059438
0.1284696317545384
0.6860123553235136
0.7657244988537899
0.13733148131057704
0.9779524171608427
0.9415945561657757
0.6851648285066165
0.5446340702180208
0.03460500613846129
0.8717861930716773
0.49675101963353785
0.32039121264863213
0.1518085769758315
0.21510712816308053
0.27363208621066115
0.4243870497434117
0.6851716792487574
0.07008931726876089
0.7729831213037857
0.8111343244065472
0.28709915149052345
0.11849473157836021
0.34153133863655705
0.18121408774207315
0.5564052639331145
0.7482099962581052
0.6796727826024063
0.01183725594281948
0.08664300992296048
0.3888752222052816
0.885854447026658
0.894208480496117
0.07990634132108387
0.5009405083394212
0.0974712746979971
0.5390391154682423
0.45587432373582204
0.9602495522960317
0.6329483586782814
0.8608228063333088
0.8846601391737634
0.49665588488250645
0.389803557278668
0.2978971493914122
0.43767840626800636
0.016230626956892147
0.03455454537895819
0.7827674453374649
0.7764984399273742
0.2480510749083531
0.2356826962083769
0.4280273394473646
0.31125093801855375
0.10107528373881425
0.015216489272090294
0.7967451843510385
0.8878010354322061
0.6947274949467821
0.5720550600381431
0.2549386466696215
0.27496563183274847
0.9955863987868867
0.753639702900414
0.08657612861131869
0.2610554596233834
0.9935900760548793
0.7642949791801141
0.7754026662020204
0.39024724570778746
0.2821619087619016
0.4340098504997969
0.7355955467070099
0.8439652360267746
0.7452231217582777
0.7359876216273296
0.7812308921973488
0.4533012558474445
0.16418689435056133
0.34071870100955204
0.7716289896385715
0.13920417040967537
0.32837044693160267
0.35561517168853984
0.566168628691027
0.09229962767194455
0.7342264288135201
0.07067518524375016
0.33135604561538456
0.8194588627412531
0.4768532522911879
0.17326229578212238
0.8817040566492751
0.8490439775648435
0.49365598454153603
0.0680928969979373
0.465138092242243
0.8065676010139573
0.5210173074770823
0.025038934702408477
0.6175992274482653
0.575645685333966
0.7688522149398449
0.6703568076823561
0.39960521282780515
0.03372517853535939
0.06653758251523767
0.8614993304366754
0.8819287014148927
0.48092576236521567
0.08865433856846439
0.35993400134338427
0.9720253303768889
0.9889598334422645
0.23772630290953756
0.1829168290747869
0.2444632203407695
0.3068995329992994
0.6061168717917578
0.8781660145797336
0.7051942713787076
0.619814731197577
0.7376644243032002
0.4732964807045028
0.6215336514632035
0.0496772357849149
0.8495376686792764
0.34972851971096364
0.4370149176192206
0.6915652351121595
0.7551309459982303
0.09236526218956342
0.16151342821988224
0.35638204667713813
0.7976864365788796
0.7420689168131243
0.3856927345775907
0.010698126539044006
0.0012017047616996734
0.5569745828093
0.9034182449816535
0.34305965701384133
0.5649261009411881
0.6263749984651461
0.2338272446860168
0.9276293892241012
0.8734186352014404
0.7387587095069974
0.9431456843745631
0.41847631506494687
0.42990862718426537
0.1806132459598857
0.04023731839720557
0.48187137906921795
0.9381888515273038
0.31130235586205157
0.18198392930676088
0.3170595705241137
0.7386050706261957
0.2204792170482559
0.12014936344954141
0.7669491610171648
0.7384390053650216
0.7495859559187239
0.07448148188042314
0.194117681340372
0.8583672829865079
0.3876455688245295
0.9035110943402047
0.9520175081336033
0.34871716233786154
0.19853089159037696
0.8707488807727224
0.5729357448627557
0.20533031550730874
0.21715154410217874
0.7300426194587357
0.9175357916898048
0.6788130518218147
0.80825484282584
0.36585751283653134
0.733578837744296
0.2319277059331486
0.728635935542036
0.44263708888828157
0.23897355896174077
0.8975596841891889
0.34863152637906536
0.6634683355127475
0.8089836254642386
0.8277223940587115
0.5329175699992195
0.48570028316600555
0.11708293353008759
0.18058117446423871
0.7115027710517856
0.23265667808759738
0.3468420002452808
0.892303199231651
0.2011700460196253
0.25069343896106333
0.6141809751337239
0.6765581551722895
0.5099990838572994
0.5991092018804576
0.31453773575301724
0.010935346105829247
0.06273470577439921
0.3281086488241769
0.3306567722827394
0.1895920256789796
0.05502249922942681
0.7294482895483609
0.9588281514530024
0.45541139186712853
0.03139310565117248
0.4589790247330714
0.2695073319975949
0.5211252981534249
0.5002296843051597
0.37667710497831575
0.9316863932217985
0.3264078892570563
0.7777063097783938
0.9281134001324984
0.03033267402660611
0.171481138315277
0.33404245286835477
0.7561341034972551
0.5119680029942888
0.985568018823463
0.8841498689809115
0.14136394882394865
0.7667670813018388
0.6203573908937974
0.17459874054162028
0.669718490415202
0.3293762863047174
0.43424377262972125
0.5610834856036793
0.1035806218097961
0.649019640722672
0.5683785716824261
0.6522358301423496
0.09989071005405692
0.517827491517368
0.9721335805621734
0.4546002137913392
0.3758345943944521
0.65121421650517
0.12459318216448056
0.9286389090486196
0.9834675994016919
0.7867758586528839
0.15551577349140255
0.39842680541544984
0.5514530629741896
0.7107822391134089
0.7156080975594461
0.7868884513503334
0.2770016550615142
0.44478869721075687
0.33505401874355334
0.5610286776689701
0.5192366631280692
0.5201357082494917
0.23883876201375687
0.08137430239937604
0.545991561933449
0.9679910593627286
0.5992902475524842
0.17764001929745543
0.3417501728157928
0.18176079223528396
0.21623401313755797
0.6742032662273318
0.3001997641671963
0.3040296040069137
0.10548289197871186
0.8653673184047068
0.010022372874579188
0.9726493523455804
0.04346763466258485
0.3725291893764413
0.1021550865312455
0.8047372380829556
0.28301245776294026
0.4184143623355414
0.5748841235528876
0.7406792107332361
0.1588259934525309
0.03667278439832233
0.30618139696125857
0.11817552270215859
0.9775204734520428
0.5140366948597546
0.4346139596813001
0.08652868031927174
0.1198602290899986
0.6157723018944028
0.3787173542877409
0.20277232885688434
0.10290649462235257
0.2814551951605617
0.41901948934833544
0.11869110730744725
0.4930502112693034
0.7094028762494953
0.4890771229811406
0.8511079436291364
0.2636408623784794
0.3920586100361072
0.71192509805147
0.39741734626409775
0.9220632024218902
0.48295104756344287
0.6550059182369845
0.7575405341482757
0.08045661440434282
0.6757988162927364
0.7456631485602019
0.15072463689573734
0.3474299985505782
0.5233959337952263
0.781255766981436
0.7795997263207168
0.8177340975560377
0.5621118031466061
0.6483817338772271
0.16612542864774915
0.9227982151900502
0.5562266504946505
0.07367380628522313
0.46962177979584685
0.20911409772984357
0.6281924383841107
0.5103218737941717
0.5481768070992123
0.07909620033743092
0.4148631222656367
0.18906591308038956
0.9734636479337317
0.24465186639415792
0.20735204957791065
0.6604849611043639
0.6527294903085403
0.9177210403622649
0.740158162065272
0.2970680657121554
0.48351384001657594
0.8888744639654698
0.4437663537091503
0.4100184195858263
0.4402096845912218
0.00625052097422385
0.05186313670279907
0.3408883422755715
0.5134059457759477
0.058679359434552936
0.8031301168279157
0.37347166007010335
0.43270634329550384
0.7029718636381797
0.03573044928364588
0.8028528434998079
0.3655689595529277
0.343932416295214
0.5426203980160196
0.06770004297369137
0.2730523052488787
0.8895005186701634
0.4659755345901009
0.770676353402586
0.5450395657500877
0.29849784606538354
0.7086280499464868
0.7629688045982974
0.8980282134075681
0.15676357771703886
0.5605298590874976
0.9381455893875557
0.7140202143066332
0.2341770614139831
0.1677596289841894
0.2772559628828972
0.7652061182901775
0.8873488179895141
0.9155796818124566
0.5539691858058156
0.3178478098977504
0.09589317673436848
0.940491335369829
0.6068792610889957
0.07163624749501141
0.7706084919075749
0.21458953562448357
0.6895286127946194
0.5292680017389764
0.7509444831434755
0.9234602203174325
0.7013809216895137
0.6365652954745364
0.3492641829825971
0.6465723444604998
0.46008088100627886
0.6552672809561357
0.6931169628974108
0.9608994616611786
0.35192381352865465
0.21875170922454323
0.31962519522881694
0.19217228014757803
0.9535650186960658
0.26090890187760296
0.10538968017979511
0.6394263220864727
0.7440321818755207
0.3202152669197236
0.9542937704741896
0.9955228053794904
0.09700285346938897
0.8103527216871254
0.2173919074315569
0.4249202946127455
0.5308658537287645
0.38468811067509123
0.6334539062760052
0.7636327673534773
0.939735136420405
0.6750994326552671
0.41919132419332517
0.492251724544305
0.8879332771936215
0.9135122859207914
0.22201355435416326
0.9279042338142809
0.4420078089188446
0.0030326221144338916
0.7865795777147757
0.31975416144874935
0.11754065591811691
0.33701985324731987
0.5423489912967117
0.5609703988442887
0.808931625225132
0.1478141204614245
0.1496192572421311
0.1998382476266598
0.23277709734453977
0.19009683736421445
0.35078960339674103
0.07456337299101601
0.39090916261782827
0.5431794281064524
0.5120355613968841
0.9572845682419187
0.28937102177794527
0.8541297271231736
0.1384942723612803
0.6422372301592727
0.4164950612183689
0.8053338481404815
0.05253956953414063
0.6690058221168598
0.7301084961290951
0.03487610155572907
0.3004655816754762
0.6956980646440061
0.3104532907144113
0.0786770023087644
0.7476343029563335
0.3965164146475344
0.38613674129258735
0.38909595109162876
0.4873328798206433
0.14706264988013107
0.38365906202757105
0.4398593053618882
0.6800864473986308
0.6003147088711349
0.38170867820097976
0.1481463765556421
0.8015741141832133
0.6390975764512807
0.9807908366157951
0.28702224042005375
0.4587145004849893
0.7278720537234382
0.362914332493365
0.6869628975771398
0.06452605317050053
0.3509216317562316
0.13535688691743153
0.6302109485198291
0.5054913509449894
0.5178231177145041
0.12025131074639184
0.349230677237216
0.7552793389048162
0.10244671477834855
0.5592530449566429
0.6903844769168892
0.45047954494409326
0.2578710871958758
0.9782845165710372
0.4835882525493016
0.14131157138895345
0.09505466720518352
0.8285387934434574
0.8343396246268655
0.9582016701585325
0.44700512868447206
0.4741148816472982
0.1185539464623222
0.3950483474130584
0.621574383024065
0.7909829865639979
0.7938040967479811
0.33630326074598016
0.13578901223235684
0.33589654719299
0.8959655974157088
0.07838421832595555
0.5843427872585463
0.09523016972617748
0.6323257555691248
0.6615250854885111
0.4886211360750341
0.8934971017536637
0.4476008698509579
0.2523983057035315
0.21455432120890983
0.33184234859545714
0.7150353883240073
0.4111628555654634
0.27721017435955253
0.8141448576616392
0.07379167628586702
0.16581452683159914
0.7226622246327108
0.43044681826522724
0.5953920041248248
0.3428034588398632
0.18687517381814645
0.2923189623785447
0.04027391264309532
0.5707272531924048
0.7668137750452051
0.8126838062736033
0.9291520260345205
0.5959863657671398
0.5006482561959271
0.017522083509188935
0.34368375827623954
0.3405144230762922
0.901119706195455
0.3881455880237539
0.5171661399389265
0.7903809991868194
0.013672799010218117
0.5066898795335331
0.6769880874133847
0.2544306390477544
0.9520924250882754
0.8410581481424741
0.43813449622488143
0.8861970561101566
0.6139515110645386
0.49852690172144754
0.07110140671276088
0.9575460519147674
0.5016131853501413
0.437708631532018
0.5034969611651023
0.861744305960229
0.7782784502326108
0.4647958196416322
0.7986807663259572
0.6877664047187915
0.7286621348902278
0.2476262105943008
0.2725774936428378
0.04275870618787425
0.6949048289420565
0.15381544996525087
0.5457204560877682
0.1853293412927366
0.46988842611710924
0.7421740981874547
0.7135259581882256
0.1803585504156171
0.24973483925267437
0.8285212231072985
0.5623257265329553
0.23127597406012157
0.07767371907600462
0.9998418168469569
0.4852476611938774
0.7244586632108814
0.7268074146462358
0.9173270516082506
0.8621613281137213
0.5444237776870082
0.9593564028307344
0.34597366342896607
0.800123530905646
0.18099926719001447
0.622311383842673
0.4018453389320542
0.9611911674321598
0.8019635385939086
0.25175600896477635
0.6089634909312687
0.9765961526515723
0.1784029159424907
0.9123389364901549
0.03953654253830696
0.7351874874893314
0.8568473267861729
0.21027663144965514
0.722842352474383
0.9558426691606472
0.9378509769159895
0.4131718206162609
0.07706813317186034
0.680689452344543
0.26425167635131075
0.5037294724164028
0.28810774947661577
0.30876414890278814
0.5541123718534491
0.22534905902562175
0.8486264007028896
0.22884495454677323
0.5952549246789256
0.5390476769920134
0.6316765940413951
0.44776503812263146
0.08135792640931183
0.557527909033688
0.2637482062988552
0.9305724165059786
0.09059505767180398
0.6084310195754274
0.4086211757155407
0.8253229439553429
0.09110524422531618
0.582311444051363
0.7664713150146041
0.2978621261498686
0.18439438425104848
0.1684813008571222
0.7621156908073603
0.19253473300450552
0.34135674990284426
0.5794288281944593
0.6927437135005627
0.9191081143503397
0.36013173587874925
0.7897682618906543
0.15882976793584902
0.17635103325674395
0.10357617819959941
0.4603063487754009
0.860978540488182
0.9666641247687151
0.17927109646668704
0.07877229193741808
0.8844889414469688
0.9169711034751646
0.13739989785728057
0.7543398504609546
0.44479570649871114
0.05269618206275495
0.19750165080332627
0.6273755198462216
0.9892912150595827
0.5048072178643523
0.9106902575041669
0.6104136965518216
0.6184330417687434
0.9225725027670268
0.1388141115664716
0.510154042682232
0.7216311242727995
0.22092700173554625
0.7421136181027332
0.1279451409584358
0.4825782654314079
0.5948368039924532
0.1907155315257294
0.8959613198770904
0.8512926855041993
0.7537142262704071
0.7382525389784844
0.9737849288050693
0.11783005472905428
0.4484787508443029
0.5500309176327816
0.7867407427345328
0.145762312462959
0.8490807419874962
0.47579154181238037
0.4725236705233369
0.44288628846387224
0.16220429009543458
0.6298342221363844
0.7622707743738921
0.9270257609648818
0.5889671876924347
0.14026993019443235
0.8325533504960003
0.7413734158013436
0.8912707544741552
0.25301637252012754
0.5421675826029646
0.813130331615439
0.294023519427389
0.9045111475900698
0.5538756808341105
0.2872153046911925
0.4209450707253981
0.6261267047099464
0.8849907301339417
0.87910456961629
0.5041045519928553
0.9728080790813529
0.37969877022173626
0.23093747377159857
0.7426167313463363
0.9035062923540271
0.39993360678624
0.2837495578913505
0.3956132534269343
0.7086941777068765
0.31434810469157015
0.9230064945707883
0.24309966619820833
0.24343787372031844
0.7308060794020159
0.7629802521619009
0.49608439560931483
0.517502097124314
0.11956356099114962
0.7625379036148836
0.5462550708972544
0.39364294890059326
0.9834700858527377
0.8022970882132998
0.5487401187279324
0.9926550071182418
0.5998898534558446
0.6806714060122463
0.5671455152859255
0.058488618006955484
0.30147638189044845
0.5457512479702518
0.6009406715688779
0.8983343932078625
0.2640282295866523
0.6472709513007642
0.8183205817105859
0.9038883139079608
0.791807915123879
0.2792165144840997
0.8848308985521114
0.08949059383462532
0.34959234144578555
0.20349300592897301
0.35946589872531765
0.4298244446350905
0.964060651949213
0.438802939627019
0.3898500017739963
0.39143506363899183
0.32057508463646256
0.9868209741335892
0.2872415040251646
0.7109507244044839
0.1773082890647948
0.5003872612511355
0.32371616424078775
0.5774753411193303
0.026970728130538246
0.712451370193826
0.9222557831143863
0.2098141909967557
0.5775172456924456
0.2061372139839872
0.37027415758123916
0.793775097432236
0.9914286827441041
0.23814582372180015
0.03717300127656742
0.7271028856939588
0.8651053550157295
0.9939294656779749
0.9094831039762936
0.34859829230771533
0.9344035872745768
0.8690587613694531
0.7909358560804407
0.18712809453278711
0.29932832138963117
0.7848336932576185
0.20689358323843576
0.10346063186086574
0.24310629020741992
0.0825091674341154
0.06935743458150156
0.0728554904188663
0.37417404397351306
0.19817803531312017
0.27329795834447257
0.6970690309732099
0.3199377161840755
0.4330886979220139
0.02126097272968175
0.16271341506840398
0.025924195312539977
0.4097010572594044
0.6126937582747924
0.6201791237014858
0.05317117964974649
0.7048604274907855
0.03743733407667049
0.05313851956046367
0.9320230693705613
0.12899765461145507
0.1794334616024713
0.07090878167869308
0.45134044371342585
0.6405021843283423
0.07513152297758063
0.6794260489875599
0.6539837208420383
0.05071318945780434
0.4786197008724209
0.36203389547733766
0.020987672784568145
0.8821207009656613
0.9361808208795901
0.31468209502138444
0.7526474732532284
0.8440466609609427
0.8403798629226273
0.40173679912278093
0.30125239380958546
0.9204901564408396
0.930943556491356
0.5466994615223495
0.06265443411740668
0.2027400956546479
0.5671318344180492
0.08540067115028838
0.48617410315489673
0.162597565632012
0.1960681109524658
0.571205806756582
0.6385813674694811
0.9620498278172449
0.9813786457980107
0.04548513798907727
0.3453540326622593
0.781537353783166
0.19675388779147251
0.07124372976262694
0.379756751099805
0.302361133910239
0.6179333687892266
0.15139505935774777
0.9030744302571367
0.49681011221417415
0.602328422160813
0.9087486629334502
0.48500206130765844
0.8229080744454129
0.04226987832167661
0.4174606710215476
0.7978115548153917
0.5063915096716596
0.6308051473603509
0.03493641054681951
0.8003140282268022
0.02168455688737181
0.866200358771416
0.9480309343298787
0.7620964274174582
0.5305684553779824
0.7537354192451171
0.17325521428972657
0.2385475580132259
0.8303146068226566
0.15078241456757735
0.8423820152328054
0.4250940333634847
0.07734709698600173
0.9271996915328868
0.2867911248266033
0.8640047923280512
0.7471758236732744
0.9423346440739051
0.42253438103407626
0.5849070659718414
0.005872624818381578
0.5053106463716772
0.5353001328087155
0.19952163718547533
0.2711935727568522
0.40997376578241895
0.9449857391198102
0.94555492170291
0.730244416081987
0.9364683831696976
0.9234503708831174
0.9639516949191091
0.4026237280328604
0.6101930529843707
0.012193017979286846
0.9618383137617357
0.1412546296378412
0.9471677275312513
0.7866885156173193
0.23123015115307455
0.4050504634098415
0.5967909470245583
0.5709139911534049
0.31129620255379087
0.11879451477633607
0.6141665816181281
0.556884638332716
0.45984905738322146
0.9748016677353182
0.7936647270984061
0.5570675998251677
0.5693484310596357
0.9177298454329423
0.7116151310143077
0.6607600287564774
0.8959461262971242
0.7521298514066974
0.4058080802201294
0.42331627114758863
0.16484914768139958
0.8944854474369397
0.5275428219218885
0.7551049171640554
0.9939393697462691
0.42200908654529123
0.3334368517625206
0.22180566970410753
0.3905078744596957
0.5533037635768268
0.19489063009835683
0.39495894225813033
0.69607001593321
0.1056243013447935
0.8903539906763172
0.7604956675408134
0.5084621161767986
0.7910414902135752
0.75642877404778
0.00497471554276574
0.5507250689680145
0.2806630437932933
0.15434976064488315
0.6463063633317672
0.06945984304364305
0.6127093647778548
0.5171556515406492
0.40813344896660864
0.9880690371701466
0.779292547209733
0.16579981022951618
0.5963354320043273
0.832371907205187
0.5944888126660359
0.1933495270384118
0.913356578263604
0.4178079026067365
0.47301660720174943
0.3815244019357813
0.8627725819168466
0.21816709901942133
0.5150644358297463
0.019240283434809324
0.43673456428977797
0.15791997384348155
0.7248823639975448
0.49860567897462005
0.3736371291102689
0.4040537709102272
0.46817799320483133
0.4969062272654765
0.5456482754688476
0.32358809061562077
0.057715084061129796
0.4925302559871281
0.2940583363524816
0.2333928251510009
0.44871872474041297
0.4557588367595098
0.16074755149231112
0.8649560401483736
0.14564470334676227
0.3241476890541215
0.18703674691914984
0.4093833521314749
0.03555645774548899
0.7191628192011996
0.0927900571674567
0.3200742252523283
0.717038775975595
0.23434464416476075
0.7706430881045225
0.8674803009293093
0.7578357033421159
0.9807650364411764
0.9916605037062056
0.2676018151743682
0.3322802735452337
0.336295633727439
0.5309215305330943
0.9772191394255045
0.5156483580080791
0.32263817209463075
0.7744266870389769
0.34631700659032605
0.7336510612698239
0.05366937521984738
0.8451334797729846
0.6843347720098238
0.18313006052296088
0.49863219283204874
0.15945209861964216
0.08299239928095381
0.36695773503888685
0.23870123529069653
0.976610587211483
0.6882479097873075
0.44571145099791476
0.2933941458135212
0.2545651827511226
0.11866978713702991
0.7792765894232234
0.8826550506827175
0.7558440111898395
0.12560715217875984
0.7611530218570663
0.2930998005604881
0.17866317712914026
0.8793771264766923
0.17812410579030535
0.2798461801969918
0.5545861087083264
0.615151439481898
0.4173244720708216
0.9612346618159497
0.40812374433647935
0.04767898757472855
0.4271209064254329
0.7909036195905321
0.5508195384522829
0.686202521249629
0.995992854304399
0.21786881670295766
0.9819864963488247
0.6869361508921765
0.17593807649188986
0.5234496736567231
0.35587621388610957
0.43529387206170633
0.07829534957091022
0.4275056398069099
0.10274228616000447
0.6150451844218869
0.15581829861987084
0.8053906300821736
0.17446000766409764
0.1077202313855592
0.05284978546164498
0.940145372707486
0.26909307831000095
0.9289199489173443
0.6944206880407202
0.2051321757469431
0.3491105607100584
0.9596542028202899
0.04767615350440613
0.910601715175247
0.8831847497059133
0.7708917761569467
0.5185283555859073
0.9189341305042198
0.9827353276254851
0.19103692747955847
0.4108064368676654
0.6425240402753394
0.6761474988826914
0.9529360483080647
0.2747193576726139
0.5580097719862249
0.19838582555667772
0.687463136743808
0.6034867608724837
0.5425369871828907
0.15692147034532078
0.30853029133392385
0.5829474486134323
0.5809355700958752
0.6958697368050046
0.6348131322871382
0.5680843139617908
0.7133590359711801
0.1063993027888066
0.5178046360390731
0.49991284728448004
0.8606389922012543
0.5978596254181094
0.5502448162691851
0.47294157940879344
0.4431261401756441
0.7706552995861302
0.8067308098431298
0.9917826737023265
0.29743672679794964
0.5898927796775093
0.6049179525414479
0.37047274903117944
0.5471776408924656
0.9710927250568218
0.10031288190877574
0.14311742757533685
0.6936935967712146
0.4303973305643236
0.09585015952305342
0.05773018154008702
0.6898721760081228
0.1643678376013087
0.7901814051957867
0.5216516063523484
0.0717992291414673
0.3888869312425196
0.668343443724609
0.5656894043602785
0.1599156565324129
0.2992187367493486
0.7932804718189903
0.14141558065496906
0.3158084163827335
0.5792167737026555
0.3834172752234086
0.7861449723340939
0.059100005564577396
0.8649050311762623
0.659265679226716
0.7946807114068117
0.6906186990843748
0.12845220960860404
0.581530105820026
0.7805600868318028
0.24202144532499048
0.19466230128810325
0.44562618651521024
0.07167292365909672
0.9011162934182528
0.9848019902256024
0.6909642651998789
0.2971160608333887
0.9190771970217446
0.2342022832310804
0.9946128037083184
0.6017822255300915
0.7814178828168574
0.39813789426273294
0.39864838774289146
0.45515316554872776
0.2764241365283786
0.3623240970937456
0.6720161040394323
0.43767027653900126
0.6269571935701697
0.5762381069958777
0.5772531759975847
0.9111166916127555
0.1458440807121768
0.005317775127143154
0.3898741580812106
0.493394147505803
0.3722978472554781
0.5524895864815458
0.9285296514529273
0.3131439603981656
0.9429021553476471
0.5439673023018743
0.7807124758923227
0.43738322614774483
0.12423009191181333
0.4846815708445069
0.0046611280669823785
0.9212558968348037
0.3376136610623257
0.14059171636785472
0.16658316802967033
0.31028923505418304
0.16282213613287055
0.13719455380884948
0.49744898419558914
0.8291775629708917
0.7461541286953726
0.9794210153242053
0.1591837441956201
0.36663513487976074
0.11720825566879056
0.22181672489675242
0.5594884870970178
0.8568686840110953
0.31595659442761725
0.4791450434803344
0.4540021085414918
0.4678760169903877
0.08006237026082519
0.7616699534622486
0.8588539737864589
0.48973868474777915
0.9487102838874395
0.7517978308166251
0.39436249673976964
0.5971790911132069
0.7843043027814263
0.1645805952383128
0.3704820694796849
0.18688610104507974
0.733737180871685
0.9410038448128166
0.9132297247208276
0.5385863258903001
0.1279277214925405
0.41163351597185294
0.49852505228281974
0.5910436520650688
0.03570160881660689
0.2711291429727243
0.17301442462175176
0.2590605500545571
0.1607012046781673
0.9008908285242083
0.04465371997965151
0.3892160362218846
0.6068243072017332
0.8797360840858386
0.13589565541928517
0.8862618058470375
0.19091003259868744
0.04111453845806867
0.7416403342730982
0.8664829553590716
0.19941281451787796
0.6667501796207567
0.9500863499705032
0.2923852213407081
0.07082196958905973
0.30690377969951355
0.9284085243460607
0.9498902017332842
0.6140518647270086
0.9682522377948732
0.7232766923577802
0.6084404152848855
0.8821826030423301
0.13860236242708357
0.7357574097946546
0.28774104121996635
0.47542880938538845
0.941025637755363
0.9469727866567672
0.8263170821370687
0.06729603445420573
0.8817993669132467
0.5250718919558048
0.26746673565850276
0.861811682514702
0.22202454248688852
0.4987166070485911
0.41620467549266316
0.8487870907816939
0.3284568819587521
0.9902260914524852
0.9654994861693689
0.9562822596202616
0.6401100926312107
0.8722882332632473
0.7898307364189585
0.8947685929544873
0.9404478459341494
0.5674641017219986
0.7476292682137382
0.8432262941856639
0.42200442695114027
0.9769187536356021
0.09676557352652759
0.7684916402511583
0.2373390638564239
0.9083643049371091
0.1365031549138782
0.3491956121043964
0.3010169314765525
0.3354923871694151
0.4998907367613812
0.4815579290672287
0.4116910187416931
0.31788830492820463
0.7267917170832638
0.9508263538466244
0.23701321887661564
0.8065800068115303
0.029566469117013883
0.01910189481813407
0.9790424072764465
0.5374783667420615
0.31810846937004045
0.2544229699573173
0.39205402785601184
0.5390234737809088
0.4069271421349545
0.7602919219400741
0.05179472706072308
0.5357554842952299
0.945090588113783
0.16574624279007266
0.9785585110796542
0.14289982001581158
0.17449819799309152
0.5180178291041826
0.8377686157222561
0.5333816079982228
0.3596771133221841
0.4159455791151896
0.7646430919778382
0.488206299101712
0.9279634690018161
0.9241208441582835
0.5857072085791304
0.1372474877675811
0.33336612501424745
0.25759844009741206
0.23138227301046888
0.8730184566096186
0.29270095887218606
0.6373147049759922
0.8809711302564176
0.030551221898615477
0.4173930577315026
0.8685387974489285
0.16044637976286236
0.0991900907831178
0.1352609178306905
0.8317279069788874
0.6729521815371233
0.5974900450752407
0.6505586160206791
0.3411495398199471
0.6800429804610684
0.20875342207073788
0.12095515243946964
0.5213643463412465
0.5154006330250676
0.40349896595476653
0.5722131345708803
0.9619447352036334
0.950318520650391
0.14022608232014444
0.5950390576579352
0.16853281416934585
0.04860573911279675
0.8842861641230422
0.4719721802381043
0.33651020987025126
0.2967224055202937
0.9366741150816298
0.24445552051654684
0.13256248132713178
0.14914670632152172
0.5207018279081357
0.9052821983552863
0.5898634415502242
0.875375038671272
0.3376778313410098
0.23378021007555394
0.4715425269167668
0.049571062792180154
0.7556925661349134
0.6199234812464027
0.1606709017409731
0.5605930121834997
0.2403513407884621
0.755586977138075
0.5876068962995806
0.029127200880674442
0.11704448481143315
0.5121717811874584
0.4508326994902041
0.32697362005286124
0.9478086357923066
0.4143181085944758
0.995651435982744
0.9018660379289971
0.6059215330351497
0.8771690256246734
0.058450488231148956
0.5258256898193854
0.7571923382897745
0.9226202128970413
0.3065089123132947
0.29130622219068103
0.696309263157014
0.20861641093412175
0.8191432722087424
0.40233205804362004
0.9450394356550913
0.600589528029497
0.5219308118723229
0.8310623280769707
0.8607502677748726
0.835104575921934
0.44209903114364013
0.20870665998760884
0.9144875141362132
0.27006513488467254
0.9456298252178326
0.39793172999776694
0.008422201465167811
0.30122462794772287
0.49065403086119286
0.29067612841895585
0.30568474478252905
0.27421513344544013
0.4130684652224723
0.643417657012114
0.9557553295652876
0.3600909227308684
0.2890451974053634
0.39872496806360425
0.6419264402003648
0.4925413430530685
0.9133217269751452
0.6783614448563606
0.5222727368684279
0.04237447233788827
0.32409450869435985
0.879062192158099
0.5740247613692837
0.9998996579336681
0.77567286987912
0.9887107924817222
0.6377013498591833
0.04831151830641556
0.7819642599121697
0.25122124226190823
0.6707548283131226
0.4669016664458623
0.10306354168022969
0.5965440229528183
0.35662858076474335
0.05509116928375146
0.7736358551301887
0.23394543523108058
0.7997744897772932
0.7128922035723078
0.14751580527980446
0.007975468371433037
0.4944508541120529
0.3060502185377538
0.7803599934937402
0.2989289370067172
0.4142818297713775
0.05405235008451181
0.8024171853256497
0.371879355051578
0.6798630531217331
0.7446203864225593
0.17602772248771537
0.5795355339776564
0.8455211437135484
0.161274179033581
0.4672039923305151
0.39083094259928486
0.9023953480030116
0.35739305244973507
0.6237728815419716
0.9791429077627991
0.006418032319425393
0.12068556616630866
0.6728174026850653
0.6101498615964542
0.3737194300949014
0.17820910730110784
0.5788131046249583
0.5179028370035177
0.07377360944981715
0.6701991594962053
0.7532289957997795
0.9769167443432909
0.5107290474306161
0.05722647411755344
0.6582518999779128
0.3616037074364855
0.9709382518043024
0.45623744611569905
0.6965708533692454
0.7382754685879562
0.4171057776331406
0.8984428767884418
0.5004347593264518
0.2990911409556085
0.020373492480045607
0.9835462284529712
0.3284224668811604
0.0998199881802182
0.19416194082970395
0.6846432160699443
0.025364657401333535
0.004676025042812837
0.510700520137878
0.4501340459672185
0.8570665310177341
0.6137482233241873
0.7412647006869357
0.838833545208546
0.8156547970424117
0.10716673634958473
0.30659365882941025
0.3929647438115711
0.11657190008150686
0.37139292221334896
0.8462075697887392
0.9608643615289632
0.5321502142580408
0.8490611639916656
0.706234976986369
0.6364729228158037
0.10737753978765885
0.6623945183199129
0.46087117054970816
0.24747772395233314
0.1970233401575392
0.17126050314533825
0.3213203027117528
0.5941690710725527
