# browser_rnd sample v1
ua: Mozilla/5.0 (Windows NT 5.1) AppleWebKit/537.36 (KHTML, like Gecko) Chrome/29.0.1547.57 Safari/537.36 OPR/16.0.1196.62
appName: Netscape
appVersion: 5.0 (Windows NT 5.1) AppleWebKit/537.36 (KHTML, like Gecko) Chrome/29.0.1547.57 Safari/537.36 OPR/16.0.1196.62
platform: Win32
vendor: Opera Software ASA
oscpu: 
cpuClass: 
language: en-US
hardwareConcurrency: 
deviceMemory: 
screen: 1024x768x32
date: Fri Jun 12 2026 14:36:24 GMT+0100 (GMT Daylight Time)
epoch: 1781271384786
count: 4096
---
0.7499879447277635
0.512458891607821
0.5202852347865701
0.0724877449683845
0.5127782702911645
0.3261127232108265
0.7313790870830417
0.40907328901812434
0.2455300511792302
0.38986657466739416
0.2799914306961
0.2308057111222297
0.4282615159172565
0.9360909215174615
0.027775739086791873
0.1627913611009717
0.15210729488171637
0.7342373884748667
0.36121626617386937
0.6456264294683933
0.4288173378445208
0.019686888670548797
0.5235440011601895
0.4639753366354853
0.04730878584086895
0.5771284836810082
0.1889590674545616
0.27906158030964434
0.5151100519578904
0.1375920227728784
0.11334064998663962
0.09635717328637838
0.3162811587098986
0.02861588285304606
0.8373455237597227
0.5774802670348436
0.40395602909848094
0.7269737112801522
0.43244723649695516
0.5418766781222075
0.516197805525735
0.35587053350172937
0.8570653612259775
0.9788722121156752
0.4814988598227501
0.4034587626811117
0.28987742913886905
0.05188084486871958
0.5242935160640627
0.41413890616968274
0.4088077798951417
0.20798503584228456
0.6466225958429277
0.06730890600010753
0.026760249631479383
0.16966724209487438
0.34372413880191743
0.9560401395428926
0.9846384751144797
0.9044858522247523
0.7387258054222912
0.4755256187636405
0.17694841418415308
0.7466430827043951
0.4004862103611231
0.8537521397229284
0.13801792380400002
0.014819555915892124
0.07942392351105809
0.3063931942451745
0.4156993937212974
0.4154380331747234
0.49676285311579704
0.976373577490449
0.0024652094580233097
0.18703443207778037
0.7779088458046317
0.25419947830960155
0.6843773410655558
0.263066970044747
0.8184715341776609
0.5286161969415843
0.7441045590676367
0.4228562447242439
0.5149927162565291
0.2955859014764428
0.7116114732343704
0.672197280684486
0.37711338442750275
0.7445425996556878
0.18770255730487406
0.1833818049635738
0.9815356661565602
0.22724865563213825
0.5425928763579577
0.33043061359785497
0.6227085280697793
0.04502296983264387
0.7040262657683343
0.46923248772509396
0.9191744162235409
0.17206862312741578
0.06496610608883202
0.44349926500581205
0.2257409489247948
0.7649358243215829
0.2647424980532378
0.06917608715593815
0.9823855245485902
0.4610140526201576
0.08340721065178514
0.3432770548388362
0.7067268933169544
0.8345098476856947
0.905326645122841
0.8230658839456737
0.35485605802387
0.8887699656188488
0.5139476861804724
0.6745827896520495
0.9579280773177743
0.5357470565941185
0.7846105797216296
0.2430877024307847
0.1857179538346827
0.8661390226334333
0.6922290991060436
0.5400032189209014
0.4326810499187559
0.8115116553381085
0.5019688133616
0.42779266531579196
0.4378672083839774
0.3015296063385904
0.8040687928441912
0.6781897018663585
0.2835650760680437
0.04391343169845641
0.39474954758770764
0.029187316074967384
0.31509259319864213
0.19190230942331254
0.7401958252303302
0.25302505143918097
0.6467310271691531
0.17101672454737127
0.6804503882303834
0.721504817251116
0.4573528137989342
0.8596870419569314
0.17398753156885505
0.7619276593904942
0.6705327704548836
0.9295860361307859
0.4558027936145663
0.8503263299353421
0.975708041107282
0.6933525076601654
0.8308500624261796
0.19301165407523513
0.16841253079473972
0.01442995318211615
0.674948729807511
0.02245117607526481
0.9198844395577908
0.3157401958014816
0.15083603537641466
0.6345179623458534
0.03789419308304787
0.3812864206265658
0.03514228528365493
0.2617729876656085
0.6344829699955881
0.72028046566993
0.44158296613022685
0.41607070597819984
0.2842985996976495
0.4241023419890553
0.041205469984561205
0.5941257660742849
0.7970419039484113
0.9431313101667911
0.8775242876727134
0.6271415108349174
0.1262362168636173
0.6996006486006081
0.12091077724471688
0.8285061214119196
0.5127563336864114
0.42161227436736226
0.09898022282868624
0.011433698702603579
0.37875212635844946
0.952109846752137
0.6396093375515193
0.5278576279524714
0.5439347284846008
0.5325174962636083
0.1161951597314328
0.7647826364263892
0.7248132976237684
0.07950772903859615
0.03791276807896793
0.2023792585823685
0.9119490396697074
0.5169617298524827
0.05169158382341266
0.3114065029658377
0.9319111458025873
0.5974576610606164
0.5501640709117055
0.03324738470837474
0.22268080315552652
0.9795757993124425
0.8972315355204046
0.29595882119610906
0.6493859090842307
0.55892627639696
0.5805504103191197
0.7881774832494557
0.8032696796581149
0.3149970257654786
0.6651065154001117
0.9860762653406709
0.9630958396010101
0.5621017736848444
0.5239850459620357
0.8404869495425373
0.08360605267807841
0.5617334037087858
0.4475724743679166
0.9496637464035302
0.6984751771669835
0.8810496493242681
0.45517895137891173
0.8929746493231505
0.9396703217644244
0.3324192618019879
0.7017203986179084
0.3075710136909038
0.43133119749836624
0.4434098289348185
0.2126231319271028
0.4884294457733631
0.8214351432397962
0.33478305279277265
0.7470180904492736
0.27567093656398356
0.2838696548715234
0.020235392032191157
0.38138867914676666
0.7728693203534931
0.1571108039934188
0.7070873512420803
0.3349759706761688
0.3398308977484703
0.3203464476391673
0.49684103741310537
0.27424238971434534
0.9108262413647026
0.39192760176956654
0.4552085567265749
0.5233513398561627
0.3092300030402839
0.35515900724567473
0.6946661118417978
0.07907310943119228
0.8738921363838017
0.5838143106084317
0.7774888400454074
0.32457656622864306
0.8530662693083286
0.3365283263847232
0.4720713892020285
0.3294303808361292
0.9915700873825699
0.5249278924893588
0.03818204626441002
0.41511341487057507
0.954471273580566
0.5886115913745016
0.9780200261157006
0.14103922247886658
0.5353823159821332
0.49245625315234065
0.6844431860372424
0.7235687715001404
0.03003199934028089
0.7421198091469705
0.6185088846832514
0.06506340042687953
0.8923952803015709
0.23559516435489058
0.2435012860223651
0.5367709910497069
0.9181181618478149
0.3944137098733336
0.347887430107221
0.2770466459915042
0.03349168598651886
0.18942426098510623
0.32867077039554715
0.8321538548916578
0.7216394285205752
0.38176684617064893
0.7299187420867383
0.44840492052026093
0.5650785742327571
0.820837025763467
0.7608680303674191
0.6361863589845598
0.8088779272511601
0.18278269795700908
0.14119187486357987
0.3807326022069901
0.3748062811791897
0.9791373875923455
0.08699904219247401
0.638658331008628
0.6966466309968382
0.5446266911458224
0.7781291410792619
0.7454365205485374
0.843952645547688
0.15957402205094695
0.990161144407466
0.31371819810010493
0.668632049812004
0.8819255018606782
0.4792154636234045
0.45901529118418694
0.8354195798747241
0.4263105213176459
0.7181466245092452
0.9058764108922333
0.34034779528155923
0.9836087657604367
0.46988587779924273
0.9410161955747753
0.4721110463142395
0.47384549770504236
0.05934876319952309
0.8507442639674991
0.5328437397256494
0.15089311893098056
0.25263797445222735
0.06952133541926742
0.34636698407121
0.09498030785471201
0.799169106874615
0.3272745185531676
0.0018434228841215372
0.1319137855898589
0.52658716076985
0.8417971974704415
0.3661103406921029
0.596293643116951
0.20181656279601157
0.844972132705152
0.8285922170616686
0.5511264083907008
0.31507032713852823
0.5706182420253754
0.4149290584027767
0.6873215017840266
0.5390795564744622
0.9110297274310142
0.8117018861230463
0.6326968572102487
0.1815065685659647
0.019410960841923952
0.808389947982505
0.4369407747872174
0.7479201327078044
0.47590188030153513
0.8471393324434757
0.9162590419873595
0.3250407720915973
0.7444471053313464
0.012323858449235559
0.1728279795497656
0.8927265992388129
0.9815153533127159
0.21589982602745295
0.37651757383719087
0.022007256979122758
0.6810421119444072
0.8329356701578945
0.9005037148017436
0.4354388208594173
0.170028836466372
0.3585589281283319
0.2517723466735333
0.09504523314535618
0.02751843212172389
0.5368235695641488
0.04290911788120866
0.15677323401905596
0.2996791866607964
0.8245097897015512
0.6742533093784004
0.11949793645180762
0.7514249794185162
0.7548298102337867
0.8299395232461393
0.13219702895730734
0.7762697662692517
0.7533210376277566
0.024155500810593367
0.3791025369428098
0.5777032680343837
0.8767794657032937
0.14170840568840504
0.33307202346622944
0.5383741280529648
0.35902529675513506
0.16153215407393873
0.5203306262847036
0.46255566691979766
0.46429726481437683
0.37353148800320923
0.7206168824341148
0.9212207747623324
0.6983784527983516
0.7578065579291433
0.6737186161335558
0.2026739304419607
0.4806797015480697
0.9669972255360335
0.6606773056555539
0.005987789714708924
0.8558264856692404
0.4359735157340765
0.05582724139094353
0.5015933434478939
0.525342833250761
0.22072949609719217
0.4273219439201057
0.06445832876488566
0.8255171237979084
0.7777978603262454
0.8290520592126995
0.47888877149671316
0.47366564697586
0.506210756720975
0.055776278022676706
0.19678116426803172
0.8218031823635101
0.293774947989732
0.9897702217567712
0.10171940666623414
0.009597779950127006
0.26915573771111667
0.787234716815874
0.7081978137139231
0.1436580813024193
0.06933717615902424
0.7368234454188496
0.08673167089000344
0.20377803780138493
0.019692144822329283
0.3213684866204858
0.6464090675581247
0.2650604045484215
0.030873880023136735
0.6466491385363042
0.08763334434479475
0.4898147254716605
0.7412763964384794
0.6205554523039609
0.8695626500993967
0.13056749338284135
0.37140405154787004
0.08019181527197361
0.48648108053021133
0.18884400324895978
0.37168921413831413
0.5334674145560712
0.4249669450800866
0.5157058585900813
0.5403433158062398
0.09938015718944371
0.293968667043373
0.6221911055035889
0.20635761599987745
0.8022824039217085
0.8201047966722399
0.9313830698374659
0.771365694468841
0.7069202077109367
0.648278912063688
0.31939473981037736
0.3654784159734845
0.7400688903871924
0.8617034135386348
0.8484526651445776
0.16621189378201962
0.3495054596569389
0.9081906201317906
0.7581512236502022
0.8663275388535112
0.6159485948737711
0.04812262416817248
0.37305645761080086
0.3793031491804868
0.9511906765401363
0.8406240076292306
0.4333311121445149
0.4664951937738806
0.00396546651609242
0.7878101670648903
0.7174894677009434
0.08692541136406362
0.10194781608879566
0.8705613005440682
0.039801451843231916
0.9971336524467915
0.07548366975970566
0.574059872655198
0.5955950079951435
0.8762193406000733
0.8999001749325544
0.1310066527221352
0.8840268340427428
0.24938691407442093
0.6464878947008401
0.29060904728248715
0.36377186700701714
0.6431833498645574
0.4691867157816887
0.7172187364194542
0.8398742699064314
0.3572045296896249
0.2746769820805639
0.7486602205317467
0.3718521427363157
0.547542029991746
0.8732341786380857
0.5159026682376862
0.6626795667689294
0.7787718051113188
0.2798048199620098
0.13278155960142612
0.9849706322420388
0.018186952685937285
0.005311771295964718
0.8963891798630357
0.34045838890597224
0.978329083416611
0.9271659485530108
0.44181962544098496
0.1440842873416841
0.9415702989790589
0.9068899189587682
0.3626545974984765
0.6940896247979254
0.11319112125784159
0.67243244452402
0.04403139580972493
0.4549056135583669
0.7801944711245596
0.8039455704856664
0.6507562568876892
0.16740097827278078
0.9729547253809869
0.45404544938355684
0.21590492711402476
0.9264755449257791
0.4489735316019505
0.07579288934357464
0.4856251575984061
0.1311656858306378
0.8596860026009381
0.5253798672929406
0.22674897266551852
0.4233409271109849
0.4325146928895265
0.22400588169693947
0.41829457390122116
0.7228185350541025
0.7357765138149261
0.8906522432807833
0.8457681336440146
0.007429179269820452
0.5351012204773724
0.29697337513789535
0.532574369572103
0.6747000445611775
0.49660602398216724
0.051320708356797695
0.9169216600712389
0.7896433742716908
0.5247706861700863
0.8451178635004908
0.6371987299062312
0.025640328647568822
0.6955488808453083
0.20454662200063467
0.060965961311012506
0.052165385568514466
0.688394017983228
0.30417106626555324
0.8316325976047665
0.30452093901112676
0.21481984131969512
0.8791581843979657
0.8856053545605391
0.1768319366965443
0.04860799037851393
0.10329038114286959
0.09342071274295449
0.43078371696174145
0.25221805833280087
0.5495957219973207
0.7599161288235337
0.9705036266241223
0.21659081079997122
0.990214174380526
0.8872870311606675
0.5996042424812913
0.6427611049730331
0.0066806531976908445
0.8858247397001833
0.8130144763272256
0.6742465898860246
0.21011248580180109
0.6165894365403801
0.7151587835978717
0.588279360672459
0.2195055983029306
0.04516795510426164
0.6828000145033002
0.34648418496362865
0.4965500116813928
0.7748158671893179
0.4604900071863085
0.3363946359604597
0.06232710601761937
0.8345588978845626
0.3529744546394795
0.6663360826205462
0.41785225248895586
0.620867574820295
0.6346779288724065
0.37536118319258094
0.7149531594477594
0.9203925814945251
0.47681980510242283
0.6488264221698046
0.665523819392547
0.09533416596241295
0.09199390839785337
0.8464952614158392
0.5409780326299369
0.8324747562874109
0.9149666747543961
0.6209260746836662
0.1674145902507007
0.3131645650137216
0.6803699254523963
0.6458767389412969
0.8395869864616543
0.38816031138412654
0.35674993111751974
0.06284947250969708
0.2263832262251526
0.6482534615788609
0.0003858068957924843
0.8725223522633314
0.537419198313728
0.5011537768878043
0.5737246337812394
0.510437359334901
0.10871752793900669
0.4137663578148931
0.879962518112734
0.6490285045001656
0.542066011345014
0.13157977280206978
0.8219165219925344
0.08795764320529997
0.32425270043313503
0.7813963871449232
0.35230572265572846
0.407387993298471
0.8874702425673604
0.2709108986891806
0.09672617958858609
0.052034669322893023
0.11929512512870133
0.8835195079445839
0.32374912058003247
0.10501681035384536
0.9104766885284334
0.44387568812817335
0.01384242856875062
0.8079160009510815
0.4433513816911727
0.5052353690844029
0.5511299993377179
0.22489731898531318
0.4595990120433271
0.8477832595817745
0.8555306086782366
0.9547775727696717
0.9152222205884755
0.16182353207841516
0.06685885251499712
0.5027441217098385
0.3007834879681468
0.43860550154931843
0.13759359740652144
0.5799433661159128
0.16918874089606106
0.1332343672402203
0.24915326456539333
0.9062849138863385
0.016605727607384324
0.1251410716213286
0.8026204269845039
0.583093149587512
0.5831837258301675
0.9617135501466691
0.07682038191705942
0.24006453389301896
0.6176742720417678
0.21707455487921834
0.5809500771574676
0.9422551521565765
0.7848862046375871
0.2358370611909777
0.9535895450972021
0.2971534898970276
0.9951313806232065
0.7607290195301175
0.17533740564249456
0.8285055316518992
0.6217836742289364
0.2694920983631164
0.4646635956596583
0.22059068270027637
0.24952487414702773
0.4588793315924704
0.12256450206041336
0.8744071223773062
0.30920591042377055
0.8256549639627337
0.0069577081594616175
0.3980156301986426
0.3842368358746171
0.8788270826917142
0.7986853318288922
0.34462638874538243
0.5123950026463717
0.4554866892285645
0.36661196569912136
0.8989252073224634
0.3774605724029243
0.5692180404439569
0.6411662409082055
0.5822847986128181
0.5969916086178273
0.9485652130097151
0.6647999319247901
0.8650242369621992
0.7504619676619768
0.9785835065413266
0.2935121438931674
0.7117049423977733
0.4840176571160555
0.19550779717974365
0.5199974202550948
0.756155758164823
0.39574136841110885
0.28158755833283067
0.5089834621176124
0.32989988988265395
0.4362746858969331
0.2068147216923535
0.8819464824628085
0.14139041071757674
0.6427102584857494
0.7395009372849017
0.18021258828230202
0.0006350483745336533
0.7849877967964858
0.6462452805135399
0.49083779938519
0.811449091648683
0.8907934862654656
0.6551728926133364
0.423179239500314
0.578731169225648
0.733792120590806
0.5336503912694752
0.9415041790343821
0.9002424178179353
0.6560166797135025
0.24903052183799446
0.10026849061250687
0.5936273499391973
0.5426046305801719
0.014388266019523144
0.31541347643360496
0.2522000824101269
0.33241064311005175
0.7191639228258282
0.7941166330128908
0.5832139286212623
0.3691077600233257
0.4766601484734565
0.7068381542339921
0.17202013195492327
0.47223040647804737
0.0717857195995748
0.5099561538081616
0.6737792536150664
0.9700232893228531
0.7125711063854396
0.3108705405611545
0.6602898070123047
0.2250937067437917
0.5570916670840234
0.2822505251970142
0.33430656557902694
0.4651951652485877
0.858089251909405
0.3419964835047722
0.919774916023016
0.31365680205635726
0.16104225884191692
0.37620145455002785
0.2908168504945934
0.6102120908908546
0.9104794424492866
0.35146917891688645
0.08395594754256308
0.047457304084673524
0.5382809180300683
0.6760961222462356
0.7076586154289544
0.9355914248153567
0.6256906990893185
0.8873580407816917
0.5891243168152869
0.43934215558692813
0.04388202726840973
0.39256390393711627
0.5058736314531416
0.6201946793589741
0.6697722121607512
0.018592848209664226
0.3062639348208904
0.9590540006756783
0.3448361433111131
0.6000518619548529
0.1591691211797297
0.02127805515192449
0.30663525965064764
0.024210076546296477
0.8819249989464879
0.8116356513928622
0.509272180730477
0.05416894657537341
0.19991753995418549
0.8166918859351426
0.44631392252631485
0.39042172487825155
0.44330261019058526
0.9009242481552064
0.13388508930802345
0.8849059198983014
0.11902540409937501
0.5151499535422772
0.5567803047597408
0.741039149928838
0.9689180997665972
0.30742627708241343
0.27523573907092214
0.1451238573063165
0.9248435581102967
0.10711165959946811
0.904251636005938
0.451079323887825
0.10494724754244089
0.03976704040542245
0.43512097047641873
0.21414378727786243
0.6473315535113215
0.9646038266364485
0.1409354298375547
0.9284619984682649
0.9780960627831519
0.4904598640277982
0.8396019767969847
0.6236547627486289
0.40438141440972686
0.5469161428045481
0.3111381302587688
0.28441025991924107
0.8586782235652208
0.23546966211870313
0.6550291611347347
0.009829510003328323
0.11788553767837584
0.15027593448758125
0.12341404124163091
0.6812842255458236
0.2526737053412944
0.4962127576582134
0.5447893885429949
0.2075761714950204
0.22604439361020923
0.6482419206295162
0.7670576891396195
0.278469720389694
0.0112473308108747
0.2920509963296354
0.3960996607784182
0.33186076348647475
0.8610324352048337
0.18756781239062548
0.7064245105721056
0.3540401104837656
0.5906853643245995
0.1032879336271435
0.10511206788942218
0.5675276112742722
0.2672329433262348
0.39273428940214217
0.7746417061425745
0.22503857244737446
0.7525369054637849
0.7202071379870176
0.7318307708483189
0.23217308963648975
0.5090160097461194
0.8737714444287121
0.2639473059680313
0.8098415972199291
0.7146246826741844
0.767998325638473
0.5840533769223839
0.48799967439845204
0.4208384547382593
0.4296725180465728
0.19853435386903584
0.06048280815593898
0.10400896961800754
0.9923224023077637
0.5426965211518109
0.38025932968594134
0.6340839003678411
0.7129806270822883
0.6516250986605883
0.10466193640604615
0.28600770188495517
0.007899432675912976
0.022595691960304976
0.964481650153175
0.4573103168513626
0.9515832317993045
0.6238431285601109
0.7814970386680216
0.8996071808505803
0.7372774065006524
0.9858577332925051
0.7767346675973386
0.4257951236795634
0.29151512356474996
0.7528371636290103
0.5242921826429665
0.4701544295530766
0.3196716245729476
0.9620215178001672
0.3009783225134015
0.400496169924736
0.635633995058015
0.43748543155379593
0.7374252763111144
0.5755854258313775
0.24428491736762226
0.29392888210713863
0.8261295675765723
0.43712687701918185
0.5410921946167946
0.29747655475512147
0.9445418231189251
0.32033698190934956
0.38660567440092564
0.19013740681111813
0.3924604067578912
0.2463608009275049
0.09319140040315688
0.28832954610697925
0.8738479223102331
0.01477089338004589
0.9360548825934529
0.14570246497169137
0.4711494189687073
0.6862251672428101
0.270347403595224
0.02706526475958526
0.2907014403026551
0.7245942424051464
0.7408236002083868
0.04242806718684733
0.19747219537384808
0.9925094642676413
0.8449280494824052
0.0034415419213473797
0.9012961587868631
0.5635892006102949
0.6920873043127358
0.2250400511547923
0.9386268863454461
0.3952937370631844
0.4556814399547875
0.09813692490570247
0.4764787149615586
0.4704258353449404
0.04638324514962733
0.849505667341873
0.9444462852552533
0.01041333843022585
0.7938937258441001
0.20329460687935352
0.7368725535925478
0.47257677046582103
0.9210425789933652
0.3986334034707397
0.7223130185157061
0.22616848908364773
0.37090280116535723
0.045070230262354016
0.7732046933379024
0.7551456957589835
0.27307084412314
0.09516390366479754
0.6125907690729946
0.770677735330537
0.8377378743607551
0.6155627339612693
0.696942939190194
0.9752534024883062
0.3555645269807428
0.7570976950228214
0.5431364737451077
0.7490848277229816
0.1840999503619969
0.31246315874159336
0.3470879578962922
0.47657947102561593
0.3763092348817736
0.33056989475153387
0.7372534982860088
0.47869575093500316
0.24160028737969697
0.19390093977563083
0.5941390481311828
0.6305022907909006
0.9005108673591167
0.588126560440287
0.6920826847199351
0.44102569529786706
0.8129064973909408
0.1560793868266046
0.5491112989839166
0.7410278136376292
0.17584611126221716
0.23330951505340636
0.7080963698681444
0.3859775203745812
0.6815228615887463
0.29911472368985415
0.09669442870654166
0.9445999339222908
0.17051156936213374
0.14409147668629885
0.9355967740993947
0.1656010625883937
0.2905737510882318
0.8811559416353703
0.29320574016310275
0.3869051050860435
0.41053350479342043
0.4045234920922667
0.3454338745214045
0.9710105035919696
0.023390511516481638
0.3832975553814322
0.5328847302589566
0.41464300500229
0.17000566027127206
0.4224724310915917
0.03577888594008982
0.402079485822469
0.8381990403868258
0.5048814523033798
0.760336561826989
0.8589795907028019
0.38695265376009047
0.2653457731939852
0.11679812311194837
0.21589110186323524
0.4839311100076884
0.8025346039794385
0.2192769544199109
0.643720748834312
0.6756653911434114
0.6511793944519013
0.7295611503068358
0.18025431386195123
0.4616698371246457
0.2673971648328006
0.6394046831410378
0.8516605347394943
0.9360624975524843
0.030527478316798806
0.49045338621363044
0.7844837564043701
0.06958109186962247
0.6796622006222606
0.12467374349944293
0.9712780311238021
0.9109194548800588
0.3986259372904897
0.8589551029726863
0.8678913430776447
0.7355130389332771
0.40025572665035725
0.6682862134184688
0.5627954725641757
0.4768001271877438
0.8279351205565035
0.45901833660900593
0.0023614962119609118
0.4395019148942083
0.7140938544180244
0.7423752965405583
0.8280543787404895
0.32131728809326887
0.6868026258889586
0.45121330791153014
0.2749321046285331
0.5389780041296035
0.192816297756508
0.32292733434587717
0.9256024011410773
0.4464113356079906
0.7210806328803301
0.3759443045128137
0.7766571638640016
0.0707063868176192
0.3801616851706058
0.4113348452374339
0.13473025034181774
0.22313753073103726
0.9999317093752325
0.9181290189735591
0.5235409019514918
0.1326631586998701
0.10116572119295597
0.08153188996948302
0.9476301353424788
0.23397372826002538
0.19151573977433145
0.5137543405871838
0.36755975848063827
0.29604505957104266
0.8261313259135932
0.43772078515030444
0.41520585934631526
0.529697572812438
0.8008181161712855
0.3523143108468503
0.040166857885196805
0.7535357663873583
0.7224640613421798
0.7647990437690169
0.45147344493307173
0.17604167805984616
0.7772880881093442
0.9587902678176761
0.015001431107521057
0.37531261099502444
0.4965330099221319
0.8525465677957982
0.13770668976940215
0.7168010126333684
0.4282882425468415
0.55955795571208
0.5324651752598584
0.7264422082807869
0.9882534372154623
0.549109096871689
0.3457260075956583
0.7969318695832044
0.6433056620880961
0.8902573469094932
0.291779856197536
0.692048913333565
0.14929110975936055
0.950872820103541
0.6423639450222254
0.8552001020871103
0.042260802118107677
0.25614442536607385
0.5413471534848213
0.8475833819247782
0.020389075856655836
0.8388379300013185
0.8999340247828513
0.26002345560118556
0.671429376816377
0.3796537125017494
0.14439383032731712
0.9886428406462073
0.2877085453364998
0.13412116467952728
0.3145230079535395
0.9046497803647071
0.6886647066567093
0.5847584595903754
0.7797108320519328
0.3360318657942116
0.9474762766622007
0.004668015753850341
0.7478456909302622
0.030986880883574486
0.593611762393266
0.8262277049943805
0.4027110489550978
0.3509645408485085
0.6715074223466218
0.450626454083249
0.605632889084518
0.44734440720640123
0.01278402516618371
0.7335143547970802
0.9843925314489752
0.799514860380441
0.22139858175069094
0.6085361782461405
0.3599376881029457
0.3984756339341402
0.7776589144486934
0.5731573160737753
0.7589731318876147
0.6203191981185228
0.1103833126835525
0.20885885250754654
0.7352005408611149
0.5703071868047118
0.9100608264561743
0.7665502470918
0.6623715255409479
0.9933690128382295
0.449247618438676
0.6012261626310647
0.9365276098251343
0.2315979190170765
0.5524988474790007
0.28835686412639916
0.35047244071029127
0.5081663113087416
0.15321337315253913
0.04522455879487097
0.12809067917987704
0.39036182733252645
0.03016451862640679
0.9951067010406405
0.919519629329443
0.8951562703587115
0.3592043495737016
0.5372252177912742
0.6635860993992537
0.002075094496831298
0.8262509608175606
0.14396938285790384
0.5151894779410213
0.5395814736839384
0.2036324746441096
0.42744308640249074
0.7326374591793865
0.022038344759494066
0.6865310757420957
0.7912995591759682
0.1311319419182837
0.7357527946587652
0.9348033766727895
0.5529288146644831
0.3155866914894432
0.39971485710702837
0.7923386027105153
0.6385180079378188
0.965674392413348
0.028791561955586076
0.78251265687868
0.7634664464276284
0.1649851487018168
0.8107878260780126
0.32259182119742036
0.03350782091729343
0.7598074255511165
0.4566144966520369
0.20798485772684216
0.42676842818036675
0.11708380212076008
0.4191456725820899
0.028309204149991274
0.5683468962088227
0.7205095738172531
0.30256660375744104
0.1914702916983515
0.7902150908485055
0.1268852618522942
0.2921536739449948
0.7286636440549046
0.5598475642036647
0.12299454212188721
0.7096161157824099
0.6102412864565849
0.5151981709059328
0.3907638853415847
0.9451731164008379
0.05695484974421561
0.8582921912893653
0.34081395831890404
0.3109707881230861
0.43872767011635005
0.5345181147567928
0.6824909565038979
0.9761693766340613
0.150674092117697
0.03038812126033008
0.762068209471181
0.4187210074160248
0.02844289061613381
0.07768760691396892
0.8031183474231511
0.18925102660432458
0.0579270008020103
0.5378428972326219
0.01137508056126535
0.664657830959186
0.8852384458296001
0.21614665747620165
0.019914997508749366
0.9254277048166841
0.8069523361045867
0.992172273574397
0.08986729173921049
0.2944521796889603
0.7510442386846989
0.9965695547871292
0.7481429828330874
0.30223267897963524
0.34382793586701155
0.4327338980510831
0.9418460037559271
0.6576795147266239
0.8615211481228471
0.8280888730660081
0.842460404150188
0.4155524531379342
0.07958310446701944
0.112557491986081
0.3481463762000203
0.5899584337603301
0.20606119954027236
0.6350787912961096
0.30003821151331067
0.8131371391937137
0.3688638883177191
0.00986715778708458
0.4563296779524535
0.2830095016397536
0.8049895137082785
0.6115416667889804
0.14801140665076673
0.13458263967186213
0.22208469244651496
0.5519495767075568
0.6903695778455585
0.5511624941136688
0.740342105505988
0.6990726625081152
0.39391851145774126
0.01594808674417436
0.5745962620712817
0.6166075028013438
0.6532818933483213
0.5393042080104351
0.8747868726495653
0.3959642890840769
0.9152818529400975
0.14539512526243925
0.33120470796711743
0.8714047737885267
0.7875724851619452
0.42851935396902263
0.9948568153195083
0.9876169410999864
0.49507136549800634
0.04703109245747328
0.2640882460400462
0.39167140680365264
0.2560501070693135
0.17494884436018765
0.2292110926937312
0.33156596100889146
0.4471449095290154
0.7299027314875275
0.18778934888541698
0.06133542419411242
0.1574812678154558
0.5489864766132087
0.580567914294079
0.5762369052972645
0.09614755189977586
0.5418650833889842
0.21333043044432998
0.2023974370677024
0.6123134084045887
0.7120750364847481
0.49785634502768517
0.0647065881639719
0.5852172791492194
0.5521882439497858
0.6013511784840375
0.5443537556566298
0.2904068580828607
0.6408685678616166
0.04339827410876751
0.2475783615373075
0.44119125325232744
0.9651652961038053
0.051409089006483555
0.9296403371263295
0.8407749484758824
0.7732261165510863
0.48904211493209004
0.9215595009736717
0.2558714784681797
0.2555978521704674
0.2603119444102049
0.9288969321642071
0.8881705803796649
0.9633862494956702
0.04158098506741226
0.4362945696339011
0.47498179925605655
0.40346013102680445
0.19425966124981642
0.7036890226881951
0.5858201486989856
0.09248543530702591
0.9297407798003405
0.8040094694588333
0.5289036692120135
0.037745427805930376
0.33035665447823703
0.8090030190069228
0.8160378909669816
0.9993518814444542
0.721347174141556
0.339833123376593
0.7309771929867566
0.44232778577134013
0.5237874446902424
0.25208819610998034
0.578200881369412
0.8575434645172209
0.754065366461873
0.26688292250037193
0.5438608897384256
0.1353339934721589
0.8312755608931184
0.9838740983977914
0.41645149048417807
0.26668841601349413
0.6615166240371764
0.4489494014997035
0.42014812701381743
0.5232051273342222
0.7899948265403509
0.5947091970592737
0.8343503349460661
0.9464284374844283
0.11390363401733339
0.35953880148008466
0.4293668163008988
0.3958599125035107
0.3513593685347587
0.6401761244051158
0.02537636156193912
0.026090475032106042
0.6564978847745806
0.6488194754347205
0.41267624497413635
0.16435332805849612
0.18738859076984227
0.6542030195705593
0.7764444681815803
0.1991649002302438
0.9374727890826762
0.4066069747786969
0.7153168204240501
0.969391917809844
0.8499827263876796
0.7059624672401696
0.03464266983792186
0.011693199397996068
0.4493479405064136
0.8610614656936377
0.4294284884817898
0.02358216792345047
0.7632110118865967
0.5618718599434942
0.21621027123183012
0.8359886740799993
0.39623480988666415
0.6444243944715708
0.8297483713831753
0.4767169647384435
0.7414700202643871
0.7536287461407483
0.8697900937404484
0.14091984019614756
0.553442373406142
0.34103049198165536
0.9203901092987508
0.8846042726654559
0.9950942683499306
0.8789438551757485
0.15400705207139254
0.996008931659162
0.47435406199656427
0.05804313928820193
0.49940959294326603
0.6253232033923268
0.3527806890197098
0.9136117422021925
0.0900582205504179
0.6640083296224475
0.5450518766883761
0.2732070053461939
0.9883686127141118
0.30478930310346186
0.20765863545238972
0.762361051980406
0.8596606974024326
0.07402042183093727
0.9777503043878824
0.11811553104780614
0.0207219235599041
0.25753079750575125
0.7689001290127635
0.8374878142494708
0.6418336539063603
0.4830277350265533
0.3312636825721711
0.5231648283079267
0.06814289465546608
0.16407523583620787
0.14220312889665365
0.05673743528313935
0.07938188943080604
0.3877949675079435
0.7318236099090427
0.9304359199013561
0.1808658023364842
0.9038492229301482
0.9433851796202362
0.5776127106510103
0.5247048707678914
0.9495432248804718
0.5590983738657087
0.9645643006078899
0.0010219970718026161
0.3925214384216815
0.5877397868316621
0.7192845095414668
0.026206771843135357
0.965212763985619
0.538959515048191
0.9911441472359002
0.055123214377090335
0.3425318975932896
0.5243924611713737
0.3771955696865916
0.2127459468320012
0.11884700530208647
0.7030391776934266
0.5056550581939518
0.3608837234787643
0.37806908693164587
0.7116049269679934
0.7890520319342613
0.7328010860364884
0.12024417007341981
0.7089612605050206
0.4806172677781433
0.5746355066075921
0.2341632624156773
0.8757671464700252
0.9920786118600518
0.08760010218247771
0.679955329047516
0.9153344859369099
0.1307537539396435
0.7997854617424309
0.7930914957541972
0.4124372380319983
0.022277142154052854
0.012847608886659145
0.2182812907267362
0.7423484204337001
0.7836265261285007
0.45593986148014665
0.8069895158987492
0.046308597549796104
0.4795704954303801
0.8722090043593198
0.467207909328863
0.32487048697657883
0.5521733851637691
0.6922794964630157
0.2648413006681949
0.1642724648118019
0.7064564272295684
0.9748855580110103
0.9453009092248976
0.9624474188312888
0.5613286274019629
0.024964261567220092
0.6849942589178681
0.979408259736374
0.8196690848562866
0.03426690143533051
0.04872350976802409
0.5273504403885454
0.7356793244834989
0.5358957792632282
0.09266196959652007
0.679926183540374
0.289376926375553
0.927796887466684
0.169497363967821
0.17934943968430161
0.85487154382281
0.19726150739006698
0.8275481874588877
0.7589952968992293
0.17919377656653523
0.8128220792859793
0.9918922211509198
0.7240964341908693
0.8745504077523947
0.6833754947874695
0.45189983071759343
0.26338033960200846
0.7483324555214494
0.6528106888290495
0.14159144717268646
0.31889436836354434
0.8836124534718692
0.9826169812586159
0.4977842790540308
0.32775869593024254
0.7463387306779623
0.9357177775818855
0.6337875996250659
0.709645981201902
0.31030802871100605
0.3429783752653748
0.6117535918019712
0.3650493500754237
0.29329145792871714
0.05540792364627123
0.37592728971503675
0.38192247436381876
0.6067213548813015
0.06116003473289311
0.5102055128663778
0.7834704355336726
0.8362142937257886
0.9458942965138704
0.7979115021880716
0.003908460959792137
0.48613338987343013
0.8940602620132267
0.605364226968959
0.9703694987110794
0.03672904521226883
0.3540091512259096
0.9160129057709128
0.5869567049667239
0.22694408101961017
0.8320173504762352
0.04445289075374603
0.7488269102759659
0.3050273803528398
0.1596983391791582
0.34931615041568875
0.630205889698118
0.18605806701816618
0.3870199383236468
0.26275421283207834
0.298485639737919
0.6178636276163161
0.6731097477022558
0.45303595694713295
0.10257303668186069
0.962021418614313
0.9375221831724048
0.10721297864802182
0.8595791053958237
0.7760836044326425
0.7040658069308847
0.37011913396418095
0.7491860296577215
0.5299734070431441
0.12189760920591652
0.8350766447838396
0.05872351420111954
0.007641649106517434
0.9403615274932235
0.39939836761914194
0.738599339267239
0.8011298642959446
0.056761725805699825
0.541978960391134
0.08439791505225003
0.34998099599033594
0.319805686827749
0.6014145149383694
0.9433675829786807
0.2841719987336546
0.7132142239715904
0.17878163931891322
0.06262986757792532
0.4823805692140013
0.5289090273436159
0.2510299147106707
0.9224926123861223
0.6856905410531908
0.12530852225609124
0.8471059231087565
0.8426027116365731
0.5119806854054332
0.6934643015265465
0.30484078428708017
0.10129624838009477
0.429823637008667
0.9914562318008393
0.08908255374990404
0.42273890133947134
0.4502577744424343
0.2627431321889162
0.0373230658005923
0.2399632150772959
0.0275735582690686
0.13488944922573864
0.7649511564522982
0.07589465007185936
0.03757736040279269
0.9278516052290797
0.4236842638347298
0.9953422348480672
0.6995394127443433
0.34179294551722705
0.4143683942966163
0.8190818345174193
0.9329109929967672
0.5837426332291216
0.7483958508819342
0.09069690736941993
0.6314707978162915
0.16251080040819943
0.8833632783498615
0.3384256318677217
0.6819959965068847
0.4870611645746976
0.37022579135373235
0.9433922490570694
0.9408931946381927
0.16441727499477565
0.4499280999880284
0.26568105607293546
0.26844878029078245
0.7538958864752203
0.8264033910818398
0.00241368031129241
0.9360629799775779
0.8393474291078746
0.07759833429008722
0.8442114507779479
0.20129616209305823
0.9220116133801639
0.8888843215536326
0.7632821088191122
0.12756860093213618
0.4135046552401036
0.7967062522657216
0.7586810821667314
0.5485129829030484
0.03492168243974447
0.7534326419699937
0.6995124192908406
0.6228633429855108
0.1694519582670182
0.5366642023436725
0.7821522844024003
0.07385577517561615
0.30733967083506286
0.7950639394111931
0.9645962126087397
0.9032977372407913
0.8454696780536324
0.7374525803606957
0.10754266427829862
0.6590792590286583
0.4898357819765806
0.17947625392116606
0.6868611481040716
0.17842270084656775
0.8514914088882506
0.019297216087579727
0.625207495642826
0.19748530187644064
0.5973138147965074
0.25420934055000544
0.14605993265286088
0.6939606531523168
0.24041694728657603
0.13303060410544276
0.22607165109366179
0.1851255481597036
0.4055208684876561
0.9181747704278678
0.40340247214771807
0.7145684673450887
0.30613610590808094
0.7133749600034207
0.7399105548392981
0.2401649404782802
0.4058122562710196
0.788817900698632
0.81370217516087
0.473079506540671
0.7254543981980532
0.05728398566134274
0.2797059998847544
0.8404189005959779
0.1790336922276765
0.9775297096930444
0.6621288233436644
0.730438717873767
0.14596264506690204
0.014447292080149055
0.9716378063894808
0.08402466797269881
0.9174190326593816
0.6514262156561017
0.11872963677160442
0.012966465437784791
0.7545544237364084
0.09315127530135214
0.5935797158163041
0.1464831712655723
0.5259802653454244
0.11111044138669968
0.054020379669964314
0.7189355960581452
0.6735229445621371
0.6368171852082014
0.07688572886399925
0.5436067394912243
0.41209388826973736
0.3306169218849391
0.5139874622691423
0.9372197275515646
0.2664001185912639
0.3696497823111713
0.3562766604591161
0.9262141305953264
0.3995446306653321
0.2440630856435746
0.6201161441858858
0.4815236693248153
0.7216274987440556
0.7021908469032496
0.3384757312014699
0.8406209896784276
0.47158105857670307
0.8264380553737283
0.48138373089022934
0.26975115737877786
0.653510675765574
0.9975858188699931
0.9597981495317072
0.5485144087579101
0.742492618272081
0.524562029633671
0.27697586454451084
0.4097646849695593
0.36295846686698496
0.03815004345960915
0.46380826993845403
0.26310751051642
0.290511806961149
0.5142321744933724
0.7357290724758059
0.9960622913204134
0.4032908130902797
0.923924500355497
0.6587899629957974
0.2804303269367665
0.11285637738183141
0.18972408445551991
0.09083191864192486
0.7760435862001032
0.8623477998189628
0.638744201278314
0.237253988860175
0.3555214130319655
0.2966254607308656
0.6272074510343373
0.5915822929237038
0.2574166508857161
0.11574390484020114
0.9748444680590183
0.8744150714483112
0.6165161286480725
0.6456729804631323
0.894102907506749
0.04399772430770099
0.3317067010793835
0.8351783112157136
0.20843939040787518
0.19997684727422893
0.20824473956599832
0.8860377741511911
0.7727126989047974
0.858148007420823
0.6127789423335344
0.050481297774240375
0.3110672130715102
0.23983556521125138
0.4550733733922243
0.6229788209311664
0.889502934878692
0.6934220399707556
0.2706545740365982
0.023796074325218797
0.48303774325177073
0.9954410956706852
0.9707588688470423
0.8828487317077816
0.6655452421400696
0.9273214351851493
0.7702521760948002
0.21223689545877278
0.818084039259702
0.8226843622978777
0.9176140145864338
0.13353249174542725
0.7554559404961765
0.29854711587540805
0.5916679566726089
0.9084411198273301
0.6354220579378307
0.8391193952411413
0.020571844885125756
0.9035511249676347
0.11312374984845519
0.47610360383987427
0.15548246004618704
0.3022504635155201
0.03920641401782632
0.4068661688361317
0.2504230842459947
0.5720104940701276
0.28199150669388473
0.5287013160996139
0.19774847896769643
0.42577095376327634
0.8512665575835854
0.4179201563820243
0.06652978644706309
0.8126728711649776
0.5208018510602415
0.07853032578714192
0.27570964279584587
0.28244027867913246
0.5775665678083897
0.13127438724040985
0.7432453092187643
0.4888640327844769
0.8005338609218597
0.1826597221661359
0.6750492306891829
0.02116386196576059
0.662234412971884
0.624650688143447
0.06025252561084926
0.2737049807328731
0.4726420983206481
0.2798592313192785
0.3021212813910097
0.12211637478321791
0.6053582325112075
0.03394617117010057
0.7153926596511155
0.747591006802395
0.4194202087819576
0.710849218070507
0.7655694372951984
0.6923625094350427
0.8578687699045986
0.08357656979933381
0.939221917418763
0.9511863247025758
0.22996264696121216
0.8618453594390303
0.49442434357479215
0.37110603554174304
0.18693112418986857
0.06832122593186796
0.06773114297538996
0.6028517379891127
0.012851902283728123
0.1013040984980762
0.9757564072497189
0.5301398318260908
0.6944580224808306
0.26989134470932186
0.8737639097962528
0.40641977940686047
0.7698995885439217
0.21173111232928932
0.9197786995209754
0.48647420131601393
0.4229310832452029
0.7675394497346133
0.2774329304229468
0.8422875599935651
0.35842706612311304
0.1389321896713227
0.02438108646310866
0.9021905676927418
0.8564878588076681
0.7449984836857766
0.5466485135257244
0.29341289680451155
0.266901689581573
0.18221007054671645
0.7432727916166186
0.20010234974324703
0.7273735073395073
0.5311875238548964
0.83995599928312
0.3965238193050027
0.6643848926760256
0.25256454944610596
0.7488816101104021
0.7115839801263064
0.0318044601008296
0.05820025037974119
0.3733566300943494
0.6797374256420881
0.02173881744965911
0.955908479867503
0.758101511048153
0.3461051385384053
0.03488456434570253
0.20901623251847923
0.1297598413657397
0.6883844193071127
0.18634531646966934
0.9797470178455114
0.39654745860025287
0.47008906747214496
0.7264525375794619
0.9709092606790364
0.898983763763681
0.2886018624994904
0.62945323321037
0.7855848690960556
0.6259704183321446
0.5614410331472754
0.022312278393656015
0.5182342263869941
0.22484771185554564
0.47459268500097096
0.9557047039270401
0.39904672582633793
0.05112113757058978
0.6135140843689442
0.25461902655661106
0.8879786704201251
0.2901149084791541
0.4390295264311135
0.8022552353795618
0.5364872505888343
0.12477775057777762
0.5345938622485846
0.7102320427075028
0.36587011348456144
0.028749500634148717
0.7091410614084452
0.6615540063939989
0.03618653351441026
0.23026265972293913
0.8346684619318694
0.9092750661075115
0.41111943568103015
0.6575517477467656
0.2041768399067223
0.14945354592055082
0.30012470996007323
0.14158814400434494
0.45375385181978345
0.6864345024805516
0.5872687322553247
0.8091720310039818
0.3273670340422541
0.16553132864646614
0.7268776171840727
0.9021448355633765
0.6582315373234451
0.37608996452763677
0.4776884354650974
0.22648971271701157
0.7397782290354371
0.8738274010829628
0.2345099539961666
0.44188084197230637
0.4388937233015895
0.8471932725515217
0.02119232597760856
0.10433358303271234
0.11549957282841206
0.9589172541163862
0.9216510122641921
0.9901332971639931
0.5503160252701491
0.9309570139739662
0.5861465430352837
0.10496762581169605
0.28652435215190053
0.32449617562815547
0.2523712108377367
0.8899560938589275
0.8154153600335121
0.7295570434071124
0.9472288833931088
0.5834898988250643
0.151790885720402
0.9962415648624301
0.656096609076485
0.6002373995725065
0.661548001691699
0.3784393980167806
0.48720099101774395
0.7252637196797878
0.7850234624929726
0.8241367363370955
0.6057657771743834
0.27000829740427434
0.870500901946798
0.8078413375187665
0.6365924919955432
0.8381449193693697
0.4549944153986871
0.04718188778497279
0.5531746090855449
0.08692956273443997
0.26524400361813605
0.5237045548856258
0.5994967655278742
0.10167280049063265
0.4128482178784907
0.21828416059724987
0.27210442442446947
0.44930481375195086
0.16688599879853427
0.785268165403977
0.4782086156774312
0.984115494415164
0.29124474665150046
0.1685134032741189
0.8541896140668541
0.6471858315635473
0.4486427428200841
0.6305294930934906
0.04495107661932707
0.6847389279864728
0.9661642424762249
0.5216961663682014
0.8507713887374848
0.5223433491773903
0.32004628819413483
0.5986097906716168
0.36104395403526723
0.7498670453205705
0.28360083093866706
0.970113702584058
0.4858256755396724
0.6566576263867319
0.4714667913503945
0.9172177102882415
0.06498347292654216
0.41800196724943817
0.729342034785077
0.42085001338273287
0.2878495962359011
0.6701945462264121
0.9420998892746866
0.23067197622731328
0.47614592127501965
0.39734397712163627
0.17707816697657108
0.09486384177580476
0.8001947207376361
0.2175553608685732
0.43890210217796266
0.6908295226749033
0.8844097179826349
0.09723645867779851
0.633343571331352
0.599101900588721
0.9525502335745841
0.5080827546771616
0.6937555538024753
0.392254242207855
0.110587167320773
0.04880683613009751
0.08217937289737165
0.13154136389493942
0.13600916438736022
0.8451574430800974
0.4349335643928498
0.23225938226096332
0.12327121151611209
0.05534265632741153
0.42231046641245484
0.42469095485284925
0.46586904488503933
0.3606323152780533
0.3937487918883562
0.9242239990271628
0.8143927408382297
0.779045291012153
0.7591878164093941
0.09332094830460846
0.7316266722045839
0.7356774788349867
0.5231204393785447
0.926229695091024
0.44605733430944383
0.44773258338682353
0.3570942194201052
0.7712134257890284
0.5950521207414567
0.1723368763923645
0.13282213173806667
0.44294417882338166
0.27670301659964025
0.8561466371174902
0.15768746379762888
0.41943698446266353
0.40700787329114974
0.9596917452290654
0.3623677131254226
0.4111474845558405
0.4112537708133459
0.6098272770177573
0.6008577616885304
0.9410297784488648
0.9268919473979622
0.6914108141791075
0.615751646226272
0.5141081905458122
0.829058799892664
0.17210119334049523
0.10952309682033956
0.9576775645837188
0.3352696024812758
0.28913796157576144
0.7190355486236513
0.830264394171536
0.39571977057494223
0.44164233887568116
0.7894065571017563
0.7675276899244636
0.8219726225361228
0.589685972314328
0.9708204579073936
0.327362873358652
0.792372431140393
0.20013975561596453
0.4381451231893152
0.04773413622751832
0.934690555324778
0.7819409747608006
0.28132877103053033
0.4584203199483454
0.8364078961312771
0.20113888150081038
0.8527497025206685
0.5862353891134262
0.9652158988174051
0.9980325375217944
0.7144031038042158
0.1260971485171467
0.14480895083397627
0.7946807316038758
0.4366386376786977
0.9585021664388478
0.3435228578746319
0.6210090017411858
0.8204283346422017
0.387591814622283
0.9652344305068254
0.1517971425782889
0.7541257818229496
0.8368386561051011
0.2300748429261148
0.502926985733211
0.9709763140417635
0.7187699344940484
0.7227198577020317
0.6345434228423983
0.17323920270428061
0.5488599047530442
0.1452485357876867
0.30141617683693767
0.1192815990652889
0.5348261096514761
0.8213332314044237
0.44156269636005163
0.39866077876649797
0.28566827229224145
0.6528404883574694
0.9429427613504231
0.5852540808264166
0.1456115401815623
0.2821635138243437
0.24367285915650427
0.7803226383402944
0.6030367745552212
0.790649538859725
0.3972695528063923
0.17356304172426462
0.5229836236685514
0.5389224516693503
0.4495968089904636
0.8874386725947261
0.07355720386840403
0.10871919826604426
0.22226545540615916
0.681503327563405
0.25347472098656
0.06480215070769191
0.9568027402274311
0.8721548023167998
0.04260478843934834
0.16172934090718627
0.19618954742327332
0.8136600949801505
0.23812445299699903
0.9245959126856178
0.6718929440248758
0.23261644947342575
0.36902818735688925
0.8212018739432096
0.025310947559773922
0.9612827845849097
0.532461408060044
0.14138654549606144
0.033206524793058634
0.7601399612613022
0.8695055132266134
0.12390725617296994
0.6647633113898337
0.6351029076613486
0.4735458844806999
0.11006271676160395
0.8702680529095232
0.09295200742781162
0.2102564547676593
0.9639047840610147
0.4720184560865164
0.9011299933772534
0.11513176094740629
0.0013911870773881674
0.3594756997190416
0.3524488606490195
0.07800854393281043
0.027565424796193838
0.5079518114216626
0.6475785002112389
0.2985946082044393
0.4677875437773764
0.10875668353401124
0.029222873970866203
0.49008799460716546
0.5347181071992964
0.9729773355647922
0.18382908613421023
0.7046432555653155
0.4517829327378422
0.7357573728077114
0.4665881125256419
0.8550186257343739
0.9958753369282931
0.16042506997473538
0.43756904639303684
0.7201594063080847
0.922868066933006
0.1597885675728321
0.12483524112030864
0.6145399732049555
0.9563919303473085
0.497192173730582
0.8645612266846001
0.8510898938402534
0.5429144375957549
0.8717603085096925
0.3989726370200515
0.7729790390003473
0.880563140148297
0.48390125716105103
0.6393122307490557
0.30876237712800503
0.5107175225857645
0.9839838435873389
0.13943357137031853
0.2605530626606196
0.5667534274980426
0.5087789169047028
0.13323592068627477
0.06501540052704513
0.19944651098921895
0.6185526757035404
0.6107760367449373
0.8063242910429835
0.2635656443890184
0.47186245024204254
0.032885667867958546
0.9272898398339748
0.10589430411346257
0.4596581810619682
0.1631304039619863
0.8490080509800464
0.21815794706344604
0.3025551103055477
0.4240559821482748
0.44306822726503015
0.23997393995523453
0.6983680895064026
0.8011043276637793
0.8363778926432133
0.3663835572078824
0.47420360520482063
0.7216414324939251
0.42136577563360333
0.5566030519548804
0.13575109490193427
0.22369844233617187
0.8287838830146939
0.14199523674324155
0.19910633261315525
0.854439745657146
0.48948653950355947
0.09981444920413196
0.01713555632159114
0.8682202766649425
0.49552936013787985
0.23908479628153145
0.844106862321496
0.5733992392197251
0.2628125816117972
0.7445862600579858
0.5740438108332455
0.9215426235459745
0.14017107314430177
0.11464301124215126
0.35476167616434395
0.9486244260333478
0.7822822164744139
0.0010762184392660856
0.2478435067459941
0.6573275094851851
0.46420705527998507
0.03372780070640147
0.6331014910247177
0.8413760978728533
0.8676127863582224
0.3632629413623363
0.39373119035735726
0.994620801648125
0.9350011821370572
0.6921691219322383
0.6530310718808323
0.6112419941928238
0.32005608174949884
0.34457940189167857
0.7515564716886729
0.8390569717157632
0.07704413798637688
0.3185367933474481
0.010284519521519542
0.8069772159215063
0.9917701638769358
0.9342948305420578
0.5866116613615304
0.3070440557785332
0.05858976370655
0.5601213600020856
0.8852956288028508
0.5114366624038666
0.9706570128910244
0.02933876239694655
0.682177918497473
0.0496797536034137
0.7618748017121106
0.2417613861616701
0.4793340906035155
0.023200888419523835
0.9003386134281754
0.5608467743732035
0.22471417393535376
0.34968763473443687
0.9915318491403013
0.2517213295213878
0.5047774207778275
0.4359348809812218
0.49408482015132904
0.04850410297513008
0.612635011319071
0.7335450311657041
0.5699013543780893
0.7995878572110087
0.22114980593323708
0.5200180062092841
0.8330176409799606
0.9011926529929042
0.9128262873273343
0.8835792047902942
0.03297155979089439
0.6694162241183221
0.441885246662423
0.3268830969464034
0.907518534688279
0.6927359357941896
0.4497676049359143
0.13683413388207555
0.5024667487014085
0.16202357318252325
0.4826897494494915
0.9239795336034149
0.09913676185533404
0.4973939838819206
0.971413491293788
0.8030966194346547
0.7414095795247704
0.8687596493400633
0.5957194082438946
0.7466059543658048
0.16869526752270758
0.117952152621001
0.7280754186213017
0.26451905840076506
0.4583548689261079
0.3678870440926403
0.6238111008424312
0.40961026423610747
0.3926357899326831
0.8625377842690796
0.08690960798412561
0.027080582221969962
0.030388592276722193
0.07612669328227639
0.9910151124931872
0.13783281412906945
0.9860265289898962
0.18873763014562428
0.35010080644860864
0.9280248587019742
0.08994009741581976
0.9495065163355321
0.8801753914449364
0.7019267838913947
0.36384811950847507
0.594319473952055
0.023753625573590398
0.5974063756875694
0.4604694319423288
0.4263173257932067
0.7985893683508039
0.8243143353611231
0.8160125529393554
0.0733131468296051
0.2791089650709182
0.24962200201116502
0.5904475853312761
0.7979947340209037
0.6474579921923578
0.6609470138791949
0.3083581894170493
0.91878208424896
0.5292776324786246
0.4827252586837858
0.5839830539189279
0.29312349087558687
0.9796254883985966
0.8231094039510936
0.0726469554938376
0.1522191611584276
0.21847904473543167
0.17267652694135904
0.8831338381860405
0.15895797568373382
0.5693008550442755
0.322849425021559
0.8455853227060288
0.36383748706430197
0.49498962005600333
0.7819222037214786
0.22838446614332497
0.2352536611724645
0.9242662526667118
0.024884300539270043
0.25268803955987096
0.2435148472432047
0.7050247602164745
0.1360732859466225
0.9809659752063453
0.6884110430255532
0.8419092381373048
0.40863523073494434
0.051046688575297594
0.7100067571736872
0.4669288066215813
0.6790807347279042
0.43108288990333676
0.08584163268096745
0.01646018191240728
0.8989895726554096
0.3012958341278136
0.6806221986189485
0.47640899918042123
0.12339526461437345
0.42370638786815107
0.3984040610957891
0.19219811144284904
0.20044527994468808
0.6140488130040467
0.07919002347625792
0.9184661742765456
0.30714091495610774
0.6846945914439857
0.13310267869383097
0.6046074763871729
0.30492570204660296
0.30713980714790523
0.2347893244586885
0.6511929100379348
0.582522970624268
0.15478339651599526
0.34249978652223945
0.3672124019358307
0.11419445718638599
0.704819920938462
0.1965017372276634
0.844511094968766
0.7412115258630365
0.25560087617486715
0.8379898224957287
0.2119982000440359
0.8878878110554069
0.6749819018878043
0.9630574656184763
0.49949267343617976
0.5506079443730414
0.8827054530847818
0.5966135249473155
0.4102474101819098
0.6774180026259273
0.44166473695077
0.2862173879984766
0.8659806437790394
0.14110321924090385
0.7588978786952794
0.7571847813669592
0.9800091390497983
0.2957035284489393
0.9324758909642696
0.770141598302871
0.8892820426262915
0.27332355082035065
0.17553239571861923
0.7596312372479588
0.7079993071965873
0.02326898742467165
0.05526822619140148
0.41854916349984705
0.6946068780962378
0.19055061507970095
0.44887590245343745
0.9643952085170895
0.6003047574777156
0.49013723665848374
0.018337430898100138
0.1435653236694634
0.5526172202080488
0.5184838760178536
0.7400625094305724
0.3923277899157256
0.16911114868707955
0.26857256796211004
0.9575385770294815
0.21870805067010224
0.021918158512562513
0.31267218524590135
0.15979390894062817
0.7911740823183209
0.6839978906791657
0.3724678142461926
0.05508711840957403
0.10030616377480328
0.7942602701950818
0.4080445640720427
0.5121764137875289
0.05756902229040861
0.6572987532708794
0.5049954240676016
0.7313446451444179
0.6224619389977306
0.6956435737665743
0.486272937618196
0.5963405536022037
0.8626226403284818
0.7468893399927765
0.3316606499720365
0.5673458834644407
0.3330547986552119
0.8205775439273566
0.8167163650505245
0.7587689382489771
0.436186057748273
0.23524449486285448
0.7730820819269866
0.29876461438834667
0.1516304889228195
0.7800289741717279
0.6979093882255256
0.2143313460983336
0.41503935726359487
0.2609350550919771
0.19596766354516149
0.5195420633535832
0.08861303119920194
0.5779592061880976
0.6993161421269178
0.600650915177539
0.1777029421646148
0.07128387619741261
0.7387523241341114
0.800799306249246
0.2711890812497586
0.6731497487053275
0.8202004870399833
0.9409792048390955
0.012156065786257386
0.7182202967815101
0.1845048691611737
0.9018099142704159
0.9305642463732511
0.8770674138795584
0.25891126808710396
0.7988780180457979
0.5176664206665009
0.264334516832605
0.05380488745868206
0.16101220319978893
0.024873532122001052
0.3883897808846086
0.2422312016133219
0.01875751791521907
0.8359172393102199
0.15616530063562095
0.3678568673785776
0.2607471812516451
0.2551623657345772
0.9666329913306981
0.533424591878429
0.848168084397912
0.8226107144728303
0.9045361613389105
0.11173996166326106
0.800467079738155
0.7531593996100128
0.7547258140984923
0.22716179327107966
0.5731998798437417
0.30253066192381084
0.8715402071829885
0.498130320571363
0.5703658976126462
0.8198364693671465
0.150832713348791
0.3567677775863558
0.9725392723921686
0.4665440658573061
0.8513825873378664
0.7993244433309883
0.629311126889661
0.6973675668705255
0.4134787798393518
0.025254267500713468
0.499093014979735
0.9699650655966252
0.3849862653296441
0.5371542365755886
0.4858154598623514
0.3268638136796653
0.6650225308258086
0.2923087936360389
0.31837606779299676
0.4215106030460447
0.2324252782855183
0.6745295957662165
0.5550010623410344
0.37221872387453914
0.4185286753345281
0.01618489297106862
0.32146360049955547
0.4577846275642514
0.8340293783694506
0.40153503976762295
0.9775244432967156
0.44532412639819086
0.5208434707019478
0.23082900024019182
0.9378006136976182
0.7130291101057082
0.6424966847989708
0.9498036717996001
0.3319052658043802
0.36393770738504827
0.37319323630072176
0.9767703062389046
0.8688830463215709
0.822253983002156
0.35791901336051524
0.7230458906851709
0.9710258031263947
0.05895815463736653
0.6005279747769237
0.6291487060952932
0.8537496088538319
0.922930003143847
0.591155405389145
0.7660507336258888
0.7904602375347167
0.09683676180429757
0.7304254982154816
0.8489457361865789
0.6792717496864498
0.8593409289605916
0.6137912680860609
0.9411744149401784
0.43990963022224605
0.8070442294701934
0.8783293443266302
0.8789367564022541
0.539706488372758
0.9082540969830006
0.7629691518377513
0.48676839750260115
0.16482806694693863
0.3636467212345451
0.1683684466406703
0.3649858282878995
0.49673024425283074
0.47435043891891837
0.26737874816171825
0.3641529509332031
0.840547673869878
0.5966990266460925
0.44410319975577295
0.7601953693665564
0.029634535079821944
0.13028050865978003
0.7001742913853377
0.020289796637371182
0.12476465455256402
0.7392153970431536
0.3895797573495656
0.11995700793340802
0.5943955543916672
0.8378480754327029
0.23939232202246785
0.7251911014318466
0.9035620314534754
0.07637048861943185
0.5803253925405443
0.6106366491876543
0.4953618464060128
0.8213398279622197
0.5002385340631008
0.7840308402664959
0.49846939533017576
0.47094431263394654
0.881046639289707
0.8341094658244401
0.3559854158665985
0.1066073861438781
0.33535993634723127
0.2127099756617099
0.6191985739860684
0.7433294611983001
0.8099035453051329
0.6847132684197277
0.9006117144599557
0.9035428846254945
0.07965300278738141
0.503340604249388
0.5270360826980323
0.10091502638533711
0.8697184403426945
0.5648239760193974
0.8497464244719595
0.48049279558472335
0.38329032342880964
0.38152102124877274
0.8017436531372368
0.9010303728282452
0.11590905161574483
0.9425202070269734
0.4649323639459908
0.008828397607430816
0.011010266840457916
0.8253923638258129
0.6261590225622058
0.7789944962132722
0.38227614806964993
0.6441188452299684
0.3887695779558271
0.3854869920760393
0.506605624454096
0.792632726021111
0.7568504950031638
0.13414346519857645
0.166520832804963
0.7026988749857992
0.5242614084854722
0.10762967634946108
0.41198350419290364
0.8846203165594488
0.7595298152882606
0.32655792217701674
0.9316181130707264
0.7223032731562853
0.1897748017217964
0.4456914262846112
0.8991117067635059
0.7212555315345526
0.9177454877644777
0.9631984757725149
0.49482401413843036
0.4396334213670343
0.012319609289988875
0.2969753840006888
0.01415584678761661
0.06462430325336754
0.8470742907375097
0.7559971706941724
0.5592714573722333
0.6747073670849204
0.8526122230105102
0.3026600917801261
0.9012189425993711
0.6014429198112339
0.035823567071929574
0.6611372558400035
0.6231399306561798
0.24728092597797513
0.6081331160385162
0.0480327308177948
0.8614635325502604
0.4731336086988449
0.5752435126341879
0.3153113704174757
0.6202973579056561
0.12606796016916633
0.118583396775648
0.49648746382445097
0.8747638957574964
0.5234337348956615
0.029442746425047517
0.16068679094314575
0.16277823690325022
0.3983005993068218
0.9585630295332521
0.37843458936549723
0.22145145828835666
0.5367204404901713
0.00578285800293088
0.19656401476822793
0.043760312953963876
0.6760477107018232
0.3150626183487475
0.3266767794266343
0.27154538012109697
0.23273515701293945
0.20921635767444968
0.04285782412625849
0.8562949704937637
0.15951857762411237
0.36624889983795583
0.19433530024252832
0.1571225975640118
0.9639888252131641
0.8512883826624602
0.6832950653042644
0.9815757377073169
0.7848546195309609
0.41029908135533333
0.054331461898982525
0.8908532036002725
0.6290551058482379
0.21616980386897922
0.15762709197588265
0.8924437868408859
0.4464207317214459
0.2936078323982656
0.23632116336375475
0.2509851229842752
0.8409430289175361
0.9539885106496513
0.9940751257818192
0.9838210062589496
0.2768649058416486
0.23752883030101657
0.24929219437763095
0.0024034760426729918
0.6357861943542957
0.20859485655091703
0.6537766973488033
0.13878318038769066
0.4578830886166543
0.24693607538938522
0.8461242953781039
0.5197128320578486
0.058160963701084256
0.6970299612730742
0.12008410971611738
0.18953837454319
0.37431265879422426
0.585203594295308
0.5688304780051112
0.24054365349002182
0.7013479236047715
0.00843141134828329
0.13047292246483266
0.38864083611406386
0.15110176266171038
0.46451026457361877
0.5387242313008755
0.5753550806548446
0.5641637230291963
0.3359002601355314
0.5173918632790446
0.11637644236907363
0.5246668509207666
0.5421209312044084
0.07280360721051693
0.6530244736932218
0.438528616912663
0.9810666991397738
0.14276499208062887
0.5312808584421873
0.4196000322699547
0.7873534506652504
0.7716591560747474
0.755324809346348
0.3396953803021461
0.4401604055892676
0.30964581575244665
0.34814513893797994
0.5751749949995428
0.5833934715483338
0.1659641487058252
0.5811845490243286
0.18008824717253447
0.07442551432177424
0.2468104213476181
0.3692484707571566
0.17103751678951085
0.3698049208614975
0.09377415501512587
0.19691592222079635
0.20239502121694386
0.8865599571727216
0.7631674269214272
0.10542213753797114
0.0491461125202477
0.7725127607118338
0.9303603833541274
0.5648370869457722
0.006088058929890394
0.920303777558729
0.0485771126113832
0.8467902450356632
0.6173495156690478
0.25215981621295214
0.4407197206746787
0.7411222206428647
0.5397685051430017
0.3336877361871302
0.593168837018311
0.10354277607984841
0.8458233580458909
0.7638680937234312
0.850250925635919
0.737212200416252
0.5780191835947335
0.7863290591631085
0.4133974998258054
0.6559588224627078
0.41622447106055915
0.2020254849921912
0.11650307290256023
0.8764846343547106
0.36698176129721105
0.5927369599230587
0.44517585868015885
0.043563104001805186
0.19034441048279405
0.9912097728811204
0.7943646844942123
0.46877253078855574
0.5796571078244597
0.3820961492601782
0.800306927645579
0.10997615964151919
0.21875282796099782
0.41299147461540997
0.3421118389815092
0.5382776162587106
0.17653031996451318
0.8873753747902811
0.7427611602470279
0.9408078787382692
0.27200476359575987
0.11725222039967775
0.44307965016923845
0.22417269786819816
0.27915516891516745
0.7554655571002513
0.7573961105663329
0.5340807929169387
0.8489957503043115
0.11246877000667155
0.09880340867675841
0.27642250736244023
0.25342739350162446
0.11538105178624392
0.1880960613489151
0.09384171478450298
0.9826759479474276
0.5322538844775409
0.4287958506029099
0.0577815433498472
0.8164153096731752
0.7604779456742108
0.08258981141261756
0.44000318949110806
0.10116656590253115
0.44604101963341236
0.3114830020349473
0.2965464561711997
0.3601930986624211
0.40003065182827413
0.21776517014950514
0.44001693138852715
0.2782917043659836
0.3650467765983194
0.060958587331697345
0.8877898151986301
0.5872854222543538
0.3532499326393008
0.849485577782616
0.33297506091184914
0.5747797673102468
0.4691567101981491
0.0010968588758260012
0.7182210315950215
0.763196743093431
0.4070351333357394
0.7525952672585845
0.16501858667470515
0.13220534776337445
0.8697180207818747
0.06148882070556283
0.7176279912237078
0.4635518866125494
0.36405463982373476
0.5010772966779768
0.41005783691070974
0.5837407966610044
0.18435847805812955
0.4245891838800162
0.28424383397214115
0.17178983823396266
0.5205559625755996
0.13570582401007414
0.23771718540228903
0.7649774944875389
0.6863144785165787
0.30400168616324663
0.5307873145211488
0.6360317217186093
0.09590693889185786
0.6790848134551197
0.09435070911422372
0.9481264487840235
0.9267165090423077
0.417237730929628
0.47077046195045114
0.6518968862947077
0.40451749018393457
0.6459556021727622
0.296167123131454
0.4828854138031602
0.6557706238236278
0.8806120038498193
0.9391613693442196
0.9884106416720897
0.4207613505423069
0.6174540552310646
0.7365882599260658
0.6389624841976911
0.617746016709134
0.16479957569390535
0.6333711906336248
0.1058782315813005
0.6806365496013314
0.18862472544424236
0.7314659010153264
0.5557477003894746
0.3292524691205472
0.8084432939067483
0.011320333695039153
0.927750292699784
0.04633146361447871
0.3496725899167359
0.8024360227864236
0.09067376749590039
0.5768622148316354
0.6942778250668198
0.6582372165285051
0.4119524753186852
0.8531371620483696
0.3367631712462753
0.07266195211559534
0.504557671956718
0.10982385464012623
0.7206662686076015
0.9629720328375697
0.7695882848929614
0.4418960511684418
0.5183909030165523
0.13006178056821227
0.49055779399350286
0.9275540430098772
0.04318036627955735
0.9119016716722399
0.12399897212162614
0.7678123428486288
0.5855417989660054
0.021821291418746114
0.6964020952582359
0.2599758659489453
0.4993773011956364
0.8210199533496052
0.2278305774088949
0.5811385700944811
0.7334951963275671
0.16699379147030413
0.9557277585845441
0.5921219999436289
0.689631077228114
0.48177400254644454
0.7598854568786919
0.6272112720180303
0.9298503992613405
0.3230932259466499
0.6164303820114583
0.9584637556690723
0.6966264236252755
0.006412316579371691
0.8820558858569711
0.10694652935490012
0.9646853997837752
0.45409912802278996
0.910682522226125
0.4447249388322234
0.9765662290155888
0.9611659375950694
0.2882342825178057
0.5823803974781185
0.40476089902222157
0.8545233849436045
0.9409814418759197
0.23086413671262562
0.7520014848560095
0.6841296253260225
0.14974490646272898
0.14979902934283018
0.25552672520279884
0.6972095167730004
0.03310514218173921
0.196567251579836
0.7483989999163896
0.6798271820880473
0.962821974651888
0.9002406354993582
0.9407433143351227
0.4097647808957845
0.06013374915346503
0.1225850647315383
0.8785138735547662
0.5219302566256374
0.14806661498732865
0.2945369523949921
0.7887378544546664
0.04001697525382042
0.9475335835013539
0.2465170226059854
0.5241709393449128
0.6801285196561366
0.4525993794668466
0.06426554196514189
0.48667788691818714
0.7152813142165542
0.6432112110778689
0.612796250032261
0.47849315288476646
0.20954991015605628
0.4546501107979566
0.9469237437006086
0.37273956602439284
0.9380862771067768
0.7473198336083442
0.09003778570331633
0.12971889437176287
0.7490615851711482
0.441464806208387
0.05411584838293493
0.13544361968524754
0.22824443480931222
0.615244860528037
0.6717088406439871
0.8702251755166799
0.994837093167007
0.6228374785277992
0.11236156965605915
0.66575812920928
0.5463432457763702
0.06754111009649932
0.1811063508503139
0.30944423051550984
0.7209305202122778
0.9918863591738045
0.00142135308124125
0.7889438208658248
0.3497986712027341
0.6824296740815043
0.600252480013296
0.017438251990824938
0.6780676778871566
0.8336668703705072
0.9346579962875694
0.9313860097900033
0.6638650584500283
0.06114307790994644
0.31701161595992744
0.9143593332264572
0.8819046444259584
0.5021867875475436
0.14181841257959604
0.31978594698011875
0.03132097702473402
0.16605501156300306
0.3334220505785197
0.37630849587731063
0.6391852907836437
0.04819857538677752
0.0068975582253187895
0.7630330724641681
0.28106296597979963
0.7828251712489873
0.4799776733852923
0.5360987747553736
0.2037029559724033
0.16911904653534293
0.5645004296675324
0.49621225520968437
0.004425904480740428
0.8819657559506595
0.33963618194684386
0.29048822820186615
0.25677961437031627
0.8332009122241288
0.0798231812659651
0.41135763213969767
0.44512643688358366
0.7382445065304637
0.3312139827758074
0.8276098528876901
0.21460965718142688
0.9821030471939594
0.27358563989400864
0.638473259517923
0.6359724791254848
0.6380067660938948
0.7449865569360554
0.9977910406887531
0.4706349198240787
0.09527797601185739
0.06178323784843087
0.5660971605684608
0.7427795936819166
0.5483159983996302
0.12697493261657655
0.549133766675368
0.011741799302399158
0.28985406388528645
0.594139727531001
0.7269397554919124
0.4854690090287477
0.5244447665754706
0.4626446538604796
0.5566297243349254
0.426095258211717
0.43394116312265396
0.8524335094261914
0.16850087675265968
0.1045087925158441
0.014508810825645924
0.4935878231190145
0.45095577370375395
0.10836944077163935
0.7053949707187712
0.9992902423255146
0.7843477649148554
0.9352620097342879
0.652366736670956
0.20165713457390666
0.4905930894892663
0.7839685624931008
0.5895713523495942
0.4964255124796182
0.845184626057744
0.37193105183541775
0.2018046488519758
0.9218414484057575
0.05522460024803877
0.48410246474668384
0.10360698122531176
0.7215899240691215
0.8300961614586413
0.6323326884303242
0.4948612896259874
0.6959221598226577
0.6088992753066123
0.6022501939442009
0.8713506201747805
0.37519755330868065
0.574457865441218
0.9982738632243127
0.20602422021329403
0.4003500391263515
0.23918033787049353
0.04816849948838353
0.034814111422747374
0.17419370193965733
0.5051616760902107
0.012220063945278525
0.9211543975397944
0.594727057730779
0.9406356844119728
0.7454771241173148
0.7954482703935355
0.5694085950963199
0.03383839572779834
0.2415797400753945
0.5819280606228858
0.5847130795009434
0.1466919204685837
0.42703620274551213
0.4673071610741317
0.64044353319332
0.006808205274865031
0.18552483967505395
0.1755421799607575
0.43223861209116876
0.2754921040032059
0.9895957643166184
0.7507267149630934
0.7533152184914798
0.0170510143507272
0.16838265443220735
0.9895030839834362
0.18735756119713187
0.559909904608503
0.8085007797926664
0.8182339649647474
0.6377813583239913
0.17107843072153628
0.7235435149632394
0.05041048675775528
0.3901852532289922
0.9414389217272401
0.8843546493444592
0.191236169077456
0.1186073909047991
0.37529646046459675
0.47985977097414434
0.6100792887154967
0.4993692340794951
0.43070104578509927
0.5531075864564627
0.520931092556566
0.1429419310297817
0.9124225475825369
0.28332334011793137
0.09045073739252985
0.7618157980032265
0.27725416887551546
0.35538132255896926
0.7286869233939797
0.995704150525853
0.3369376389309764
0.8309881684836
0.8362499536015093
0.7955926223658025
0.6618084188085049
0.10324284550733864
0.5914138248190284
0.32311593554914
0.034121682634577155
0.9825775036588311
0.6335824504494667
0.3312420672737062
0.7983748912811279
0.824575224891305
0.2074365543667227
0.143174157012254
0.21648810082115233
0.22597135487012565
0.9536993773654103
0.5947030088864267
0.8799746297299862
0.9085819628089666
0.36463059787638485
0.01135450485162437
0.26780636119656265
0.9027021853253245
0.49823597772046924
0.18223499250598252
0.9231094729620963
0.3315516943112016
0.8738368230406195
0.26010662387125194
0.8491454855538905
0.6608318625949323
0.06428543129004538
0.6600285388994962
0.9739706928376108
0.4120309187564999
0.3353261877782643
0.4614448333159089
0.7100675988476723
0.7207805844955146
0.5941548300907016
0.7774118860252202
0.02714811102487147
0.4776601779740304
0.22302196850068867
0.3073341781273484
0.11546994233503938
0.45786657906137407
0.7524925211910158
0.15771768847480416
0.7846304127015173
0.5558826986234635
0.13235787558369339
0.6274999068118632
0.8193197757937014
0.244418473681435
0.3833508570678532
0.15214658621698618
0.9807383688166738
0.3711515811737627
0.36810114700347185
0.3636780777014792
0.29475267161615193
0.4735643365420401
0.22428533365018666
0.006191745866090059
0.05591662181541324
0.4032456453423947
0.47677310300059617
0.7833978871349245
0.3389846144709736
0.13417615089565516
0.09562719753012061
0.5203437127638608
0.07149888365529478
0.3651741815265268
0.5368158244527876
0.13701745122671127
0.2908415908459574
0.6132134932558984
0.11762649123556912
0.8573045150842518
0.37362842075526714
0.36370612075552344
0.7601566310040653
0.6131027222145349
0.575525899650529
0.7217176132835448
0.4254964787978679
0.04818553198128939
0.15647028689272702
0.09735697321593761
0.5215701453853399
0.8658832195214927
0.557915864745155
0.5415060285013169
0.650264834286645
0.520343214739114
0.5050046569667757
0.8325937511399388
0.22933747130446136
0.1878797672688961
0.9432185413315892
0.5200406685471535
0.5222532073967159
0.3216901298146695
0.014516766648739576
0.6238267887383699
0.38078329456038773
0.6943755357060581
0.3462118343450129
0.2718494136352092
0.6055152227636427
0.003341191215440631
0.6039509056136012
0.5822440029587597
0.8198639859911054
0.9906455364543945
0.23515442665666342
0.9518087254837155
0.8837056416086853
0.4138204811606556
0.002257258165627718
0.33576129120774567
0.2936365350615233
0.8327742081601173
0.3527843246702105
0.2744280956685543
0.3103942663874477
0.5460291090421379
0.8101956907194108
0.13649560627527535
0.46879354189150035
0.7447496736422181
0.11677311174571514
0.7678298084065318
0.722985798260197
0.691188236232847
0.8188759936019778
0.1762396248523146
0.15588547801598907
0.23478728882037103
0.306115337414667
0.7431228284258395
0.5858290635515004
0.5458016637712717
0.5652031528297812
0.07857428072020411
0.47310988209210336
0.21751962904818356
0.5568398407194763
0.9824968015309423
0.33958574617281556
0.9700010982342064
0.991992566967383
0.859153492609039
0.5186588438227773
0.9864354475867003
0.7534374876413494
0.6619001368526369
0.8341167566832155
0.5736871948465705
0.3244780329987407
0.8445216899272054
0.288970363792032
0.30604236479848623
0.08529276377521455
0.2227650908753276
0.5973335818853229
0.2612369526177645
0.9626856504473835
0.040917433332651854
0.7495783895719796
0.45435961545445025
0.6604195476975292
0.7048262779135257
0.930581166408956
0.7524445641320199
0.6863270387984812
0.6731574910227209
0.7965200510807335
0.4154898216947913
0.02121086954139173
0.8445766449440271
0.11056371312588453
0.10519622266292572
0.684862865600735
0.14386510592885315
0.10578897199593484
0.42883988306857646
0.42683253856375813
0.7121295500546694
0.25851308088749647
0.22465457418002188
0.498593503376469
0.5911531082820147
0.20537246856838465
0.5762507244944572
0.921822069445625
0.5778344583231956
0.25868703448213637
0.4634070903994143
0.6569801915902644
0.6931482097133994
0.6293368698097765
0.0162941652815789
0.6108271318953484
0.8930901277344674
0.21366407629102468
0.7132345396094024
0.4835213362239301
0.6220908723771572
0.16799940331839025
0.5361622087657452
0.9532154842745513
0.8982266951352358
0.9939121440984309
0.9709203816018999
0.461506413994357
0.9087480220478028
0.24529336602427065
0.9285662067122757
0.9348466326482594
0.16432892996817827
0.07830338506028056
0.7848631816450506
0.2281975969672203
0.844582894584164
0.5168371484614909
0.8023117932025343
0.7431871893350035
0.9332964811474085
0.7422739961184561
0.8677005204372108
0.7056790231727064
0.4630742345470935
0.135402615647763
0.7149579876568168
0.20204316009767354
0.199787670513615
0.7667590125929564
0.7163835952524096
0.44809276657179
0.33336920267902315
0.9214616948738694
0.05158170475624502
0.40271921060048044
0.41379908355884254
0.937824679305777
0.8793840380385518
0.642193743493408
0.7682497315108776
0.467426999239251
0.1296833804808557
0.5754729355685413
0.05337769561447203
0.7195429147686809
0.10511684720404446
0.6696608245838434
0.2261785799637437
0.1471061825286597
0.576470484258607
0.1576557441148907
0.3414282794110477
0.5473817470483482
0.3553585547488183
0.45548330270685256
0.9046080438420177
0.9611497689038515
0.19849297124892473
0.44194543780758977
0.5441272410098463
0.924196673091501
0.15923442342318594
0.4360876944847405
0.6042626108974218
0.34913255530409515
0.5020816498436034
0.25065342895686626
0.1535598491318524
0.31666424497962
0.015103737823665142
0.914797518402338
0.16245740372687578
0.6379167351406068
0.12501027970574796
0.5360995840746909
0.66241728910245
0.04440225916914642
0.07420486118644476
0.026615722803398967
0.9409732082858682
0.13942599785514176
0.24856008728966117
0.6612160138320178
0.4251219891011715
0.9910465783905238
0.8624555163551122
0.7202226270455867
0.11101334542036057
0.5746664786711335
0.5493280699010938
0.8309669562149793
0.5228174908552319
0.864274692023173
0.42118335398845375
0.11112014157697558
0.4671313634607941
0.5550004851538688
0.5932203442789614
0.5835242525208741
0.4016205230727792
0.6503574650269002
0.5966599020175636
0.5545716844499111
0.6828451158944517
0.32501243404112756
0.7731899791397154
0.9269928757566959
0.9449175207410008
0.5361383084673434
0.030404961202293634
0.5666485535912216
0.9352081494871527
0.8248849720694125
0.6129652038216591
0.45680560218170285
0.6523906474467367
0.6259272997267544
0.26960904826410115
0.27821237593889236
0.574920455692336
0.12680910201743245
0.8379851717036217
0.524577567121014
0.9309553883504122
0.16071374248713255
0.13536599790677428
0.7244700670707971
0.04866408999077976
0.16215921915136278
0.7261461028829217
0.8662215613294393
0.8187669394537807
0.13387019117362797
0.7922970918007195
0.867345071863383
0.027863343711942434
0.11949632433243096
0.2682789866812527
0.01871086028404534
0.7037485607434064
0.44310185476206243
0.7361957537941635
0.7591485769953579
0.7328590340912342
0.15748858149163425
0.5271117854863405
0.6774274301715195
0.03193514747545123
0.7913785288110375
0.06390001601539552
0.37731600273400545
0.8967218645848334
0.3692264575511217
0.8643143619410694
0.7027321043424308
0.1370567053090781
0.2432943012099713
0.838957263622433
0.40178489638492465
0.20687660644762218
0.5693779515568167
0.10302002052776515
0.45299649564549327
0.1527600851841271
0.5257493781391531
0.8607773443218321
0.12894286843948066
0.883367876522243
0.18965585133992136
0.5388418154325336
0.6595917732920498
0.0901400491129607
0.2205641227774322
0.5874877581372857
0.7221834191586822
0.560273639857769
0.13733797636814415
0.5709066030103713
0.3145377761684358
0.6081905951723456
0.9488576920703053
0.7564778437372297
0.5797176449559629
0.0896961810067296
0.32150050764903426
0.966247022151947
0.9539355330634862
0.19256762275472283
0.39568426995538175
0.2879758565686643
0.40584050863981247
0.3598090431187302
0.6931484527885914
0.9646941444370896
0.1054796848911792
0.9418513304553926
0.7755644761491567
0.38637721515260637
0.9256285799201578
0.6035282753873616
0.3809073236770928
0.15253677242435515
0.8809360531158745
0.7935773499775678
0.4512790460139513
0.280567932408303
0.6341388283763081
0.5913957166485488
0.21639117901213467
0.026561326580122113
0.6561961432453245
0.04835116560570896
0.49696139129810035
0.08049097773618996
0.5161891453899443
0.9483847108203918
0.7843235856853426
0.5725613357499242
0.9108560380991548
0.3357388391159475
0.6408070169854909
0.24366570240817964
0.9500388337764889
0.5424668786581606
0.8831936882343143
0.7500014374963939
0.3809634477365762
0.7269273423589766
0.7289738350082189
0.8151873066090047
0.7811012377496809
0.3309304795693606
0.05394330364651978
0.1769451000727713
0.047347337706014514
0.4730375532526523
0.5359087325632572
0.15885864454321563
0.008704537758603692
0.13746590726077557
0.8112206745427102
0.4008191768079996
0.2846958036534488
0.529859223170206
0.18005871027708054
0.2236441436689347
0.8652723126579076
0.39155093487352133
0.5416417308151722
0.043625063030049205
0.40227692504413426
0.6286644162610173
0.10931142210029066
0.9723023604601622
0.9363633282482624
0.2679969621822238
0.6458826139569283
0.4913963172584772
0.988446939503774
0.8294349750503898
0.8567048250697553
0.5585516726132482
0.249517752090469
0.41370937158353627
0.5251261750236154
0.5714620710350573
0.739131782669574
0.05033217277377844
0.7912850880529732
0.953754567541182
0.5190826808102429
0.16838351637125015
0.8265408538281918
0.3486007594037801
0.15374906151555479
0.8989923673216254
0.20014290558174253
0.025523430202156305
0.6219780696555972
0.01884520030580461
0.6147255396936089
0.7150508023332804
0.14805908035486937
0.4422180277761072
0.17624349216930568
0.05090395454317331
0.2296457204502076
0.8949584383517504
0.19357558665797114
0.9907221659086645
0.012348474003374577
0.7991784994956106
0.8162592251319438
0.3183500054292381
0.7311095739714801
0.7366113883908838
0.29800859931856394
0.6184736848808825
0.5229649168904871
0.24470711033791304
0.22569568664766848
0.15184551593847573
0.3603123934008181
0.8234945314470679
0.9161377886775881
0.5758074526675045
0.6159200491383672
0.20036732289008796
0.9198185168206692
0.4591798153705895
0.025307061849161983
0.27861541765742004
0.8956081406213343
0.5451827044598758
0.2895437616389245
0.6784870526753366
0.43778113392181695
0.41963333915919065
0.24918737006373703
0.10141529096290469
0.7145694845821708
0.7098788644652814
0.003146614646539092
0.5203784848563373
0.8124975506216288
0.510565321194008
0.3362155070062727
0.5909439579118043
0.6747924510855228
0.6738044829107821
0.15538862440735102
0.7540957578457892
