# browser_rnd sample v1
ua: Mozilla/5.0 (Windows NT 10.0; Win64; x64) AppleWebKit/537.36 (KHTML, like Gecko) Chrome/49.0.2623.110 Safari/537.36 Vivaldi/1.0.435.46
appName: Netscape
appVersion: 5.0 (Windows NT 10.0; Win64; x64) AppleWebKit/537.36 (KHTML, like Gecko) Chrome/49.0.2623.110 Safari/537.36 Vivaldi/1.0.435.46
platform: Win32
vendor: Google Inc.
oscpu: 
cpuClass: 
language: en-US
hardwareConcurrency: 4
deviceMemory: 
screen: 1024x768x24
date: Fri Jun 12 2026 13:46:23 GMT+0000 (Coordinated Universal Time)
epoch: 1781271983181
count: 4096
---
0.8105709525170892
0.2575369907853877
0.4352796862351982
0.5783347072946696
0.6057742152562955
0.9492472519456079
0.2741735407768362
0.42074164149232685
0.4379475297800852
0.6837663844069843
0.45037284635636876
0.9616510190099687
0.7969646784125612
0.39582207255339275
0.5718343218137729
0.9556728307071527
0.3773754460873351
0.18084651146270825
0.7255208071057659
0.05473449625730842
0.6775850073087704
0.7868359586498141
0.10277925461570314
0.8366546430571191
0.6096908334200319
0.9266495926832519
0.8977101226434745
0.6429534777829795
0.8120186757413095
0.3350618175372304
0.900412489302026
0.3096522825755865
0.8714293902896799
0.20624764529460116
0.8705010042682169
0.2583774884132235
0.7102694238558451
0.6264521452757303
0.6533616398536228
0.5096050617962649
0.18519879793846328
0.297117331096193
0.5161844234686233
0.4265661625207686
0.7084775757270694
0.09788406279521
0.8026551683902801
0.8179535152980524
0.5659768473679683
0.3544379072652053
0.7008823849186712
0.18979059060856862
0.2931956609114361
0.9927974850608976
0.17470704986871533
0.11870209871912785
0.9734323259270214
0.4914952149691936
0.3250383060068982
0.49595723575870054
0.23501260433878124
0.40820431835925874
0.5522140308756474
0.6564048805200295
0.3938270641006054
0.4616877056198039
0.18217494146407165
0.9100423330974381
0.5070294497917551
0.2117068563419151
0.9979581851342136
0.9853025795152335
0.966478317223016
0.09111933460476629
0.38613814296362126
0.1500518420672321
0.27435352892918097
0.21949089124890975
0.136255438426375
0.9491437679553694
0.35824120022814165
0.401615455770324
0.0302445835825933
0.976878572308008
0.9771686769849064
0.5704584548862939
0.5572944363662267
0.6213936978482248
0.7311957219345138
0.9684223402674186
0.9970225882351105
0.6572456900871753
0.7100815057497958
0.5658532244363348
0.3318679307355503
0.650123795929447
0.14590691637501507
0.05458752271936573
0.8434556715460231
0.4861429705080291
0.6008504258759404
0.0571331209559125
0.6704343319927148
0.9380918747159745
0.5936403372321475
0.6914024620679944
0.11890216193939729
0.22325281732716284
0.9677983978147939
0.38338446954211425
0.8092818955013676
0.3134851543820636
0.17219038070530823
0.6707471659505071
0.7715516477529236
0.11628426236365996
0.5099937618546475
0.24234674087553043
0.4770653608404267
0.42980040875474756
0.7623845435068903
0.6952943820909621
0.48312815591962366
0.8172826242629894
0.9976349752750437
0.6222069844043367
0.8636757776301456
0.7401305080449425
0.34297897210969874
0.2656890691952005
0.8299274099410467
0.04032357872698422
0.5517219883730315
0.8298597846921014
0.8197758826852084
0.22191174734390784
0.9087617300327437
0.8368368754949969
0.8742272008720888
0.5431865231668516
0.4490637641363411
0.7272813766810824
0.65376343079272
0.7928326836786723
0.3641980093270516
0.21294866839484894
0.6664980905301798
0.9337196705879738
0.4394980673587414
0.7195309804930483
0.28019616913292533
0.38621830210808805
0.21505794745049256
0.39827185438040535
0.3524013157325494
0.4455609428372953
0.598151821281337
0.10631536453552015
0.6024906756950532
0.5397064770368805
0.8085138974376469
0.27744201552179404
0.37285743975732943
0.04348454971109339
0.6932107811022792
0.5643236263387834
0.3745780484741852
0.11351699782204205
0.28842660644346085
0.4422713634963171
0.4733814887517853
0.9143001893207268
0.193870579361769
0.6435542084564043
0.17091729915266574
0.7528861702791028
0.8589236574572712
0.9101494451192842
0.1549646869500083
0.1542657027952783
0.017382218812314942
0.35828852806384415
0.7114762232183434
0.4054516681672029
0.3451142812612522
0.5454647497998426
0.6604225801933767
0.055539392557850675
0.006310211916575437
0.7837281527625475
0.9219025058738537
0.38611028649140167
0.2439807397069098
0.025124752721691124
0.937421904052463
0.3226748359993512
0.772874827501558
0.12256488858264136
0.40486421451296817
0.2227764577773106
0.5436671548929977
0.964459804316697
0.7890854251190096
0.06793827112663742
0.09670211090843561
0.5704690896935303
0.6546937565186632
0.5186808615887233
0.5935282142607174
0.653247816132331
0.5818483820505267
0.7525378733079031
0.15917401264783382
0.6301662702610791
0.7344362107663978
0.7746136006788593
0.9841133026316939
0.3587736128547243
0.9021884322176317
0.4577542802141743
0.39808993436847406
0.16534939246963187
0.668331906583193
0.23368875717542825
0.1922113812083328
0.5770612490404783
0.30371122723743005
0.3737594122326342
0.3618809383728412
0.02368915141920236
0.4905620733685472
0.4505048266247609
0.9021627081818957
0.8341447291229502
0.7233055169295475
0.7342526241554161
0.5300189039294159
0.3473522246535241
0.3704246809358973
0.37985786050243475
0.5839834947469587
0.3939529552136427
0.4550472953346989
0.176384701304644
0.3422235854153335
0.3120276470219203
0.4829833917929449
0.7521473582490255
0.42775932607789136
0.3245640240231795
0.6717260543598338
0.48409492498419215
0.2786927593440467
0.24020258778818793
0.2797672594528351
0.7128400759942957
0.3090004285187222
0.7699707136266267
0.18286806227808428
0.9051500821080272
0.2357398182421393
0.8015621230591914
0.6303155983135931
0.1555477496196045
0.2624514054080265
0.997482506174362
0.8104120633769867
0.10710290331217931
0.42305112815593726
0.11794167508600739
0.49935872370504386
0.9171604559570865
0.8278112345698405
0.4166883394492882
0.5224933837341226
0.25761015720966096
0.5436662441529789
0.655008878436
0.10570914708393664
0.23772739710781
0.5311838685223995
0.33457251043084035
0.5493954070277867
0.8564418027320828
0.37124246664031446
0.9403934061487775
0.05530324489421412
0.24180871803112147
0.44042402232273004
0.7236778302833944
0.809016757117927
0.6796077096799196
0.3022569197072369
0.8202095524960726
0.31006574645761664
0.9654268628507494
0.6436457830162525
0.1583551275880788
0.24364606246893694
0.4798676310070342
0.02394722502350688
0.11258045517160031
0.980336454688786
0.5559238812643359
0.3199705588748134
0.24732607838315035
0.3460247432373966
0.6147001338239104
0.07333886658153221
0.9393738609446676
0.8648145701996226
0.8503379891946454
0.28457242369563684
0.5123079793029066
0.6805900104519
0.9889831527860766
0.5366147104193837
0.5130551458369144
0.5484216518450002
0.5320892736566447
0.7624633940707826
0.573193106783441
0.20425289043943473
0.783645377611718
0.4746964289141935
0.796326777492347
0.5904351329814945
0.7018413136250079
0.9645425881805281
0.6909514206729965
0.5747266928623826
0.8958338667935333
0.25590505505771644
0.006919852959262451
0.9269402927445411
0.8598291786901999
0.6763570158378336
0.2196635950738801
0.9239284323551322
0.5292524328124111
0.3173267847559582
0.19636268100940812
0.8550716882834182
0.33094252510097855
0.8067362684982
0.7429334078270766
0.6084712442958504
0.48991495840459387
0.13169117650212558
0.31261069597265245
0.5154148746393221
0.7929137618971676
0.5626428173020142
0.16798259261510173
0.5846878833984486
0.6142171055406678
0.5828402885043464
0.24403726730298358
0.4331952866244815
0.2193854074745163
0.2230986965998818
0.2048205152017235
0.3357515236896116
0.22153191254642324
0.8305251153300715
0.9867076659734599
0.5407101275933139
0.6353396933649595
0.5193313091033842
0.28347820562013193
0.5503605794387672
0.6823323883494752
0.3688990090919999
0.7939297293583607
0.7035152096109549
0.2515162166831517
0.2521083126291206
0.08481718113807513
0.8800172154227714
0.9771374429446225
0.6926977104063601
0.605773438884422
0.3795446430325631
0.9282603291319977
0.182870400652003
0.2530042027403605
0.49238933414741215
0.27752475440896474
0.2582741046364745
0.6278680425730665
0.13443433498920676
0.8701469224255736
0.5598591644092035
0.622904703824213
0.004599719345485642
0.005770470601781819
0.7462364085197903
0.03130121521678131
0.5883277785114778
0.9149625347159411
0.44831711770247296
0.5665135121488867
0.5687738950566703
0.22649466898924353
0.9252748762883969
0.6661020053021891
0.9656529096626276
0.6771739501161886
0.4673171780406937
0.8665900349965989
0.018001665160670255
0.9914426901166025
0.0514802502230014
0.11133926660293625
0.6799178245418793
0.975195937943675
0.1592217826220652
0.6597319852248236
0.395843674861575
0.739718344950228
0.749263810740999
0.3076009378700668
0.020287183635334216
0.010963414519545633
0.8429235760500626
0.6041564380612809
0.18030225011457635
0.4118947118964207
0.2017817448196375
0.8061484509704431
0.625823939860878
0.22215754471799998
0.2975723001703845
0.6565252917143365
0.7264507386740897
0.7481459676286306
0.5537936538948713
0.5553461600829845
0.13396723408086952
0.31542697775864426
0.8240673244146726
0.7273413767700834
0.651283536208368
0.6314940881473912
0.20730177466008737
0.8487360652691058
0.8325655564788952
0.03724244981847735
0.2769734068113807
0.5583761431689795
0.07309502871430995
0.04172257936391355
0.5522668480463235
0.3790528803003246
0.7406328084989915
0.38542630384577037
0.6136368302231867
0.8681632336150771
0.19877757558628417
0.7776964659344043
0.7484366306611321
0.6479542908207514
0.38779464833333743
0.2539184531576675
0.13381362417570997
0.24404074846833979
0.5315450148658485
0.9521340392330555
0.663389591068984
0.09874003843343515
0.17865296539519715
0.5880701448829162
0.8389674921736092
0.45455605164972557
0.054846220920754085
0.15180643660788284
0.6709103183568585
0.3563532934423441
0.11354985537322548
0.8426110065796362
0.990851698729146
0.7110257084671365
0.30720976791058385
0.5410263327252096
0.9187879669276011
0.3170727344302009
0.8010957137217207
0.6015733291476852
0.6373954067780367
0.876189875425778
0.2689893391408926
0.49543710981473343
0.11249919526455932
0.33355769493901377
0.5260140384345724
0.4490632281534601
0.4852777848942107
0.42156923067245056
0.1553035330882162
0.7491715983960276
0.11970501246724496
0.24125821176579199
0.210121364580109
0.3993114740890267
0.46722788349687483
0.6226499312104601
0.35770454043123556
0.9352847642028181
0.7309624293693469
0.07483312398866038
0.7007389812291063
0.36971339366030653
0.30836818875317396
0.7062161182247395
0.22429709621479188
0.8723070642566961
0.24014723836751917
0.3710797705194897
0.8351465728331686
0.71317622130049
0.08951884644411012
0.6476483818907952
0.02631668562952938
0.9795872239154024
0.6907865578756818
0.6429063990990296
0.5390242288195983
0.15397525951558855
0.5544232910445039
0.4399024884380449
0.4815338336245627
0.5533031632767884
0.6534036558879253
0.9469175728640684
0.5160797138766962
0.22817424366461503
0.38213825536215396
0.3965447781762679
0.9746970981732717
0.016535119576276402
0.1747949433522462
0.3850743525029712
0.6822385632794679
0.7395504126345591
0.44339393554005224
0.2175062340460523
0.9267074974919347
0.1711160565742038
0.19616931239206092
0.8666705514044692
0.13221463289171798
0.744548146900923
0.36952563568994545
0.30646429733248626
0.7249306536573115
0.29921404055858214
0.03319750144991551
0.4253363737605278
0.3053364436217332
0.24743510081675613
0.6881571736488612
0.5075892912158029
0.024021402801504887
0.8695081691228077
0.9770380843106958
0.028472951211548914
0.5528648470275335
0.9508530490452691
0.9968563594771789
0.5764826951378115
0.2172880560544015
0.3561256651133131
0.586438096003177
0.5525112497260123
0.7661313623188677
0.5451447654921795
0.2059616377423481
0.9011049817620582
0.2706421859411319
0.9452523040698335
0.36782397075262474
0.4387172673321451
0.1169762515885211
0.2996469766978702
0.33154325722468214
0.012018989029380256
0.2459396377771561
0.15820650606844322
0.6327194107111365
0.32978944284586764
0.8373724417494717
0.8824784640712728
0.13010722749252346
0.6387832490431813
0.9675887617767398
0.0994470738155031
0.8297654234520633
0.23168964857664442
0.9930201946540589
0.12006706235128228
0.22484958661028043
0.5833345230358924
0.37506842174913735
0.3933332626486321
0.972548229228666
0.02951008034232494
0.880811862351589
0.35064572471062694
0.9301341036262296
0.10087069123377623
0.10155529308808364
0.20782968775958977
0.9465542459949257
0.8570350573001992
0.4393949070016596
0.2955915698015932
0.48398843665169267
0.39955261286328914
0.16156923962377334
0.4942416855077849
0.31522726251546596
0.07209888970550438
0.6856933279789563
0.6425839506673234
0.28459206370644297
0.02174348209835708
0.48926016731327726
0.007048485285510608
0.7794787070296143
0.780329561620698
0.32163943826457286
0.7796158578156207
0.298645411474445
0.08406655441146538
0.19780311143305962
0.25596148828937704
0.7560244691250126
0.4049459511194333
0.556795246575994
0.42612502761957893
0.9370433551683155
0.7943801214658608
0.9766376778644561
0.7327509518649202
0.601598872246893
0.368480590221391
0.868762770395739
0.7648102599657776
0.6001453110459571
0.28371113519582525
0.4272031246942365
0.6393433416368237
0.5067475168174818
0.51411173660154
0.2333066599031881
0.38378072828589205
0.26644169982324994
0.35091821664743317
0.03410901685044809
0.31708217989328036
0.493216151846956
0.034273775866255685
0.522939980734703
0.2841267160380294
0.2927293512552067
0.9246432457031726
0.4299890546770653
0.22309762607803618
0.6373517820277403
0.9146260843616296
0.011708314458577673
0.4067034743253557
0.6967527158241904
0.2952655486040039
0.498902235521425
0.28411527044243967
0.9610961259249173
0.048644574582425104
0.2321597508817772
0.45259225624290034
0.3586531106891211
0.8960309663040991
0.020108394462131196
0.6604764046147147
0.943386117913857
0.7570176120163665
0.9683607583845211
0.22505679376081789
0.0643263460146053
0.6250288513883677
0.07404433963890811
0.39873974645053845
0.26809972083926903
0.3114167455825325
0.4265634913029419
0.12326428129204103
0.5388091461600373
0.6393746930477939
0.877606405997295
0.30028113471186013
0.0690629936386371
0.5473377865700821
0.0926643158602114
0.41685412145542955
0.9620061172195262
0.7226176053565829
0.05474039892438842
0.4119029387916264
0.10886403036090941
0.48269413259237526
0.7897170833510623
0.03719870400207248
0.28247867978483665
0.968717050832798
0.5955296958763114
0.20410850621054122
0.7892522474511796
0.8129068393388226
0.8098985336497901
0.8161483504356795
0.30341054057725336
0.051679187640532476
0.7787479301671179
0.20001160150517583
0.7850199011017616
0.6248022086654712
0.6272500448693501
0.43439347766770586
0.542343607627203
0.5195760934062885
0.9941604384218072
0.29718394136886306
0.5032115868706564
0.591199732048824
0.834375643952203
0.3947035040074558
0.49420182163836346
0.13145946763007021
0.7792100744388772
0.6043448706623928
0.6906959141697349
0.22840849695592058
0.7773904073531168
0.9246061336372913
0.5430325355856926
0.039151782833591
0.5522463283160657
0.4610458128972068
0.861299627558272
0.9844604779879962
0.10987681142735917
0.1901627555894403
0.5759423971949467
0.5976658088867859
0.016973113805843987
0.2303736754007628
0.027845089415984958
0.39695003606348434
0.05686641338476184
0.40334552773517385
0.37824463656832963
0.4810065712708853
0.07445908570214343
0.6569969116480594
0.911004289008922
0.5433477415722119
0.4979111179496818
0.7470973154408838
0.5866446670799965
0.40558897744341427
0.8533100078908293
0.27327196162470635
0.5555565849007145
0.13946083025250688
0.3859244989809052
0.4979225085846164
0.7476136377397817
0.9924526664995621
0.4879488419494973
0.11104717995075597
0.822338044825845
0.2964452434918321
0.9783393578412549
0.887819520955589
0.7894404739833498
0.8441868965499573
0.8835123551389232
0.08113319776261485
0.2546965517827833
0.0833509834548467
0.3851431984714213
0.08223152464165895
0.24377183005963365
0.1565393523740044
0.25162885196738416
0.29356857773964573
0.6261068476909815
0.1188434400064513
0.3996225366381554
0.25437310863512574
0.5556788758349598
0.10796878990919856
0.2644000116170071
0.27465721796263365
0.4432894532929026
0.9422412504993978
0.9329357926708961
0.4977044696071722
0.8904854017864443
0.6912567797629694
0.7581934103390484
0.9629622186929905
0.00041358554726445007
0.46595901021802666
0.12410043164859452
0.17164203946373413
0.922048901882929
0.03075130045992669
0.3918296295421628
0.08723926752532152
0.6019372154270737
0.49611691430311233
0.5567786526014107
0.3720392095216756
0.9534129568423726
0.5358364143978389
0.1382685249201414
0.20858654250292208
0.47935178052447114
0.5413248859906665
0.2779182133553515
0.9805836682535127
0.6393403605383412
0.6562856839832905
0.9284027834559863
0.8184110118372234
0.8672598733473071
0.2025863799561518
0.3738874819387985
0.9653706361362311
0.10916061688905976
0.8036214662274386
0.8214764717776759
0.5478384394969411
0.5641932478635248
0.9869807182466308
0.42125348804169715
0.19425360036614636
0.3892910988058287
0.48339924964395964
0.6447906855233727
0.08949667886133139
0.21068511720069183
0.658164819546369
0.9278062061557555
0.9219834537789664
0.4532426287956368
0.8872367070604119
0.6915576284560652
0.7504302359860202
0.7093265727876563
0.8047540244745057
0.6677174877339787
0.9000448625172977
0.473154215246135
0.11161539166583978
0.4344026814645179
0.5646660398657954
0.9462018389334417
0.19672749016162405
0.316840697658225
0.44549167013648217
0.5583031043991304
0.12328972603883681
0.935477278146958
0.016353254554311913
0.8506901773446003
0.052213566127712996
0.6267216307978083
0.14930863338335154
0.6126840987766757
0.8640009437458958
0.2752802599369051
0.11504158337970782
0.9121187283882424
0.058097098503309574
0.7207942929419697
0.9429161024790333
0.012821055818595939
0.485977095823271
0.6368835266820125
0.5203845654910075
0.6307563287373528
0.2115954639171973
0.9283820447742281
0.1946582899419489
0.5941456031329875
0.972911895280111
0.6904451478672746
0.5643467348285502
0.05616824275667742
0.9518906491055439
0.536077353830759
0.08172497642372467
0.7531064219209529
0.8548531515485112
0.7927502321481179
0.8414720425399251
0.08593968564630705
0.3530578198727412
0.9347737602541781
0.903628128446498
0.37064305093653016
0.573030329348786
0.945797277927412
0.21878699117483547
0.8688202217904835
0.09345724879618977
0.9978443943148276
0.6746379386292092
0.3236798424388587
0.7355354047473248
0.586117659824053
0.03139073636041312
0.12441094865669045
0.2344344671342682
0.9215488535868344
0.9587734583435774
0.9671972577255292
0.31872337372377
0.18294816303068417
0.28879901978277056
0.8235782619451668
0.2720933376079926
0.7455900562779012
0.12856257257665504
0.4412963639761682
0.30341844732772194
0.554242616538698
0.5995689474420449
0.9649911013144656
0.499602498443102
0.492610545350499
0.49638023988216484
0.24765674277706795
0.0079863487048355
0.6233520562368535
0.48600634336559856
0.9173431709053976
0.2823420540064223
0.6570386483214379
0.06719318212102787
0.1167166311423602
0.30480508798877026
0.9893078989702488
0.2754568743919008
0.5677805429059093
0.524035828063568
0.6301208374354015
0.7149213605095897
0.03044817769496433
0.3688381632852935
0.8919345470655125
0.9907801191819132
0.8270054654582983
0.631854443323473
0.6506761062928617
0.2854515220251803
0.29616766860151444
0.9827052969650925
0.20792351444492074
0.7566520021364833
0.15396727568413304
0.4320050444137187
0.07541519099485239
0.5472030897082818
0.9501902677108145
0.09623955972458753
0.8069253228967124
0.6478470417540381
0.06328366069919844
0.2770744753049843
0.30987986993229777
0.22462173495549886
0.673962762352686
0.3880769511637885
0.9847224876559042
0.1884429048889522
0.36850484252791293
0.7561714008605602
0.31080359223937326
0.20699426728052406
0.399201629431029
0.9471213549292048
0.7243841206444666
0.5368502717092114
0.2259827322894472
0.17015223347469233
0.49016083589774606
0.9219391798956615
0.5569070493104111
0.2603414371066759
0.7908893003770543
0.771174932434789
0.32129396794859355
0.6881039953925914
0.6954754071413498
0.837048838262145
0.567085274323966
0.28092369606924805
0.6546335118740483
0.1554847250358662
0.5471713797462445
0.8612417899502229
0.6360338701646386
0.9974146703756135
0.5519283785352573
0.2427252711311283
0.3699232660251255
0.22947580092593856
0.1327966840933965
0.33659124363397597
0.5540447528711265
0.20942428463184704
0.8965508977764776
0.929261814212438
0.0810369903023993
0.9833341155281126
0.36737228712297587
0.9405923054510188
0.6860736542852368
0.9717077854185068
0.25571823175973707
0.06419030463754982
0.810432974525787
0.4784868619624749
0.20029445531918788
0.8732489798550325
0.2911052688860343
0.7808987010541966
0.4789321566099094
0.6319500412730747
0.2645007847901799
0.9511475842199748
0.04455213558029669
0.848052624077513
0.3610953459072963
0.16186964435238593
0.11196689953707395
0.9544940021464259
0.5345709332975195
0.6062751812980918
0.10473446518614593
0.8531353004004363
0.3755183114274574
0.1573140197452354
0.9773795531574683
0.10009982051668942
0.9213048637620282
0.6831330689861945
0.27927578262164965
0.10827196492819513
0.7880637482985893
0.6075204906130147
0.6962545703677838
0.3567957558196646
0.3106860488747747
0.6287406222613867
0.865669189565222
0.3711915466939597
0.009006423111281414
0.2907072150288579
0.3812654550481991
0.45437075862215925
0.6514463201640586
0.09572697352613191
0.1328474984327903
0.9821066886026766
0.1968161667659889
0.05869106235783739
0.6010882595821614
0.842859353079688
0.524560804912432
0.0007945646949658602
0.5293027860025032
0.815391686176745
0.30253754873634553
0.1351384115411678
0.475267468983408
0.14654613996766952
0.14891672604643968
0.11813374636505602
0.9024948409596436
0.25133517873055844
0.3755291711042541
0.8123376264632687
0.5530786688285123
0.7939830269883574
0.15057077477016012
0.7594955992833816
0.8807244927620352
0.999748182232725
0.5863818295499967
0.2905123116080748
0.7669528744632139
0.4826923331543236
0.7119204517884941
0.9860540867453191
0.5948878555480968
0.17870621727825253
0.599903264945016
0.8191359188389049
0.6265711504912268
0.9363464474042318
0.5561630973340705
0.47210570423017306
0.14109661553987918
0.9781856121220924
0.6626796753533064
0.3568225882494136
0.35153231093062876
0.9225339301476274
0.8424862922656688
0.4252527959726311
0.8173823023683269
0.5053160807808084
0.9454911946331108
0.9088354937348659
0.9711391803849758
0.37597708583469913
0.2421321561622669
0.44911726947544484
0.45895475687817444
0.21413446982276207
0.6531634546510847
0.07290643032175681
0.36384851024097964
0.772110299421843
0.8773327769568018
0.7431554913940892
0.6270161658883138
0.4989365531624146
0.016076600523838414
0.6879902384477354
0.8888498600889032
0.5337356589733748
0.6980662176037129
0.3341142260563641
0.2525159858341488
0.14116629803308967
0.5410210399912603
0.6415951843080889
0.6475974542301972
0.5113194193086339
0.8145597944041909
0.6495732237880345
0.03656368737337656
0.50693722987983
0.911171878254406
0.5578362546257156
0.2726139701265966
0.8719445183679064
0.645536090057069
0.5070258072611387
0.6929094426245836
0.3599069944733293
0.4890882399169667
0.4383589712397671
0.45849320147862316
0.6045897362103698
0.37289056454143377
0.2107349646345742
0.6297394490792938
0.35943876688262866
0.07105887613145567
0.5232727096423335
0.5105875024473991
0.35204293246143403
0.2601457808463439
0.2727047710514241
0.044024446214860236
0.3500057106401586
0.1521821765691853
0.3833055009166162
0.8532946720276562
0.1279085638424502
0.7419256069441105
0.4335489305792082
0.6631857757518713
0.2776093572751799
0.11224592786279075
0.48764772966804704
0.2887676287884511
0.6592415492206594
0.9387659158622894
0.2247045456414698
0.5427634644208839
0.671469244768685
0.05980651693740113
0.10503462651021267
0.8725885454577098
0.9475186143759156
0.8099095521351873
0.6463891324512681
0.5846867742601098
0.7542880469915243
0.5230223904218907
0.015214616489367394
0.6784779974197546
0.36830407831127276
0.49678529713991515
0.5783817932228441
0.2041441880288657
0.5024826788336059
0.7419544009183758
0.5738924273220063
0.9553581201524737
0.7818681926851949
0.6186762854138583
0.11503303600633807
0.8484246089526957
0.8012470870535722
0.4750544086537427
0.9606576291873703
0.18645107651825055
0.3049655687025037
0.12719819664716714
0.42799921741424884
0.11209005414892093
0.2790995357310502
0.6857112938438048
0.6920486548583327
0.2511251385890205
0.6660553785567458
0.8023395020671615
0.6327967682792968
0.2685807131658984
0.6678236331455363
0.434449701219233
0.9321727098981674
0.2404565377036314
0.34706184660576267
0.7678714850423143
0.14114209628577234
0.24943619248299442
0.9168875436671944
0.48723304000977685
0.5108250561890788
0.053705455286277015
0.2674755774803248
0.1390060300589151
0.838692185350641
0.6007572049907937
0.741111234844267
0.956540579826344
0.5906502689417377
0.6035455421624305
0.5945991050521091
0.9723009027685405
0.5668882910952082
0.42394703163666225
0.44537223698188844
0.5837424700472666
0.7325166532601657
0.8988389795109493
0.35619320548686817
0.053977208549100375
0.6678880688722502
0.3436631751204675
0.8975470888491799
0.39859060633551446
0.320538525253776
0.46133209975541245
0.17852979203390773
0.5682167028595939
0.815749895917272
0.95555634018364
0.9826421832409167
0.4576072221434244
0.4514555608405231
0.34810960187852524
0.15892596967642825
0.825013449529677
0.37961526414350777
0.14098098059230546
0.3497338282030178
0.2651808733638714
0.931021711570605
0.251141547120314
0.6292270123405601
0.3845699844962165
0.5164504081383923
0.3062604718703126
0.1934134160932932
0.4639041462686828
0.9916903146991893
0.49598318929368945
0.18529632259184092
0.24562347588554312
0.836270164738574
0.5231374040286989
0.2872169020743869
0.8501264263378185
0.5588365426257293
0.2449018623901693
0.48551762624834915
0.515478979899427
0.9347472645616688
0.29612115339120226
0.7287673062281999
0.6786948469317522
0.1776435964249179
0.46719766824379105
0.7801922724170756
0.396504499432798
0.5030218216291942
0.3012029718902107
0.42754672767256574
0.7922086957129144
0.031253741321565665
0.07581034262607123
0.69896225155221
0.36094011276806026
0.07917474913255118
0.9281815580029931
0.7906275559349951
0.12133677250995811
0.9404668206218949
0.19919255804506597
0.7648761090530054
0.0852069800076034
0.14356191399752882
0.24172757433687342
0.9786657413058728
0.6046686254849043
0.37557557155279486
0.9592225802648744
0.32724983437004607
0.5849434960377826
0.8591630682434497
0.8283157004595507
0.15008285220806616
0.5666049112532074
0.20589142082189293
0.12262250602677183
0.2594712347231447
0.7702373384217527
0.9745360578082549
0.030796292627616406
0.0429222118296928
0.048786824893007674
0.37095826586028546
0.012464413175949263
0.1404126648591264
0.09295583075515368
0.2498736701504649
0.12160899561812943
0.08242015595468621
0.17698255036042254
0.5751834112876655
0.12373127046383492
0.6468392364542743
0.6464511728487516
0.2903368694697541
0.15610010175250677
0.15410128147324476
0.6684089903241976
0.7582684637304411
0.07798701983872602
0.34583468932062433
0.9131804890763329
0.19213185468578908
0.36233342193414253
0.127378331566258
0.9840320993539651
0.7096590499535218
0.2667213507527537
0.5179764782171075
0.3661529477682146
0.4702565753949415
0.6134873610104941
0.08123135774654866
0.4478684182852053
0.3558592629023438
0.3882420359096772
0.9091734109600724
0.7698787450780742
0.0918623888464769
0.306106804017765
0.27144936418970644
0.9619172416189234
0.37548921198184626
0.01514077063935293
0.8101793769255661
0.8151308584604109
0.9245957457469423
0.8621952950434173
0.3511902692056583
0.8754238121613249
0.04028100333966789
0.9574547550801076
0.47728165755067997
0.8897264847186748
0.8745097982857999
0.547998739458198
0.8018529400559138
0.22997280029283362
0.40248420129909124
0.8384331960722302
0.6349820404953315
0.6288610124236511
0.8218114520060249
0.7075208869452083
0.22837109555728619
0.11652973715408321
0.01030534048581444
0.46259168937122075
0.9131457784947199
0.030112281566115673
0.11159213999565498
0.22856139598610792
0.8277372148542841
0.6367933479675365
0.5499488847648981
0.08328012880393021
0.9253198679691332
0.21208800728456145
0.07700508377953708
0.13719070941737477
0.5032713589216609
0.1989926072989867
0.9602586659778596
0.7245409682930322
0.1744684421631486
0.8921214379439142
0.08642784063265663
0.9780273222087634
0.625476926138244
0.5832815832024396
0.21353003997691689
0.20351811761217942
0.8118588897167123
0.39958885394676114
0.5602930136527027
0.8971039254574125
0.7672745504510161
0.5424083485388549
0.19703525026050572
0.6587891073336454
0.9512690020379027
0.9469026897501271
0.855635474455066
0.39861917730663454
0.2772711123661711
0.8910706795742716
0.1798552045617794
0.17617794608737225
0.0723628942562895
0.11959356290507928
0.33180805613404796
0.7393718220053307
0.18246158819773917
0.8127294296595453
0.3805978526197731
0.21878550373964512
0.14752658166695176
0.7826284228965974
0.01382176558728787
0.28092958748366925
0.8934466138541151
0.9257847787599078
0.5711285867734472
0.050595922455982656
0.7928390499280822
0.015293872454630986
0.21208113177266918
0.35870331532307764
0.6524740794117356
0.7943271954136137
0.40548191615116824
0.9484787424661174
0.8919504094459525
0.8190387505486594
0.08304427054296037
0.37029209226242954
0.39166616183541536
0.33101755802884525
0.927403416325461
0.015379535030481506
0.36823096860147464
0.4592017700145661
0.865014920559364
0.761734526440466
0.7933757413819864
0.9588248787973059
0.014402451256809723
0.9828592993251752
0.49614656143178903
0.10797523582909752
0.5847670147495738
0.5147908611626788
0.677572545317191
0.3208480240653069
0.28574417178295786
0.2870332164659368
0.5866339795292057
0.42197440018487664
0.3257643651645752
0.7292480286474661
0.8345545752040702
0.3109749681933833
0.14420151359735045
0.9145684413991657
0.8095181240077172
0.8608525092357626
0.2536223463059064
0.6467619176374697
0.5848651675165353
0.9947341515442361
0.7741738507502101
0.4097432960262455
0.9762573821722493
0.7227584602660977
0.2650907130336433
0.13798227981050482
0.5321856504419251
0.04573090432864935
0.5884727515035557
0.6523584789587464
0.2558474578083061
0.14179258604898415
0.6594289400324245
0.9365638824826812
0.3971107102069289
0.6189079120501608
0.3851400946215584
0.6251567538760796
0.9581334833989785
0.4122655770907797
0.15590808990463745
0.0805219629927183
0.8023019083229024
0.3926258188454579
0.16053898623179585
0.6968587623844349
0.9018889983328826
0.22294256115457434
0.567323205933193
0.6019875041096838
0.031024396499298224
0.23759868123481476
0.7015424266474255
0.2944855164080098
0.5217395569636274
0.6425515520200615
0.2544570437543572
0.017616810726949872
0.371734905825611
0.8721661440730175
0.8509957219261495
0.8743905246234926
0.502404121805659
0.2828780648074001
0.0007997243323600856
0.5529157213803975
0.12004051004569583
0.8242295561870023
0.44886678049621076
0.26145571619581087
0.33002260216940527
0.6231896402338053
0.5563907747193786
0.24979525964716776
0.6043319114078138
0.8257108960738662
0.7482082318945313
0.8734362756179792
0.551446826567616
0.28383722759976404
0.9760593971689742
0.44918620722146807
0.6754914052631658
0.2730921206652597
0.9753794503369726
0.9736492735846498
0.09331356065763918
0.678764120779737
0.7090162213676916
0.38540228997395487
0.8007997195385101
0.2988491448914363
0.6904906388371093
0.7886270781473446
0.7596045671701199
0.5579214338567691
0.8269110777228335
0.5400507884637065
0.7588408505891131
0.8341345301973362
0.3894699228023406
0.90218662907194
0.9862759715124201
0.10077608414003514
0.6233828848687797
0.6994169891430797
0.6553378759251156
0.9202556524708516
0.824993266457142
0.6048450524608464
0.6301520860502561
0.22212570807443965
0.3409557767162186
0.5971175717066395
0.8915431404625651
0.556146221051627
0.13490640365487638
0.1965700229849685
0.9874401908254282
0.9313660264400694
0.3913982410768073
0.9485474120407651
0.905692931183929
0.3660479442267248
0.48743858400720885
0.42225601521841827
0.6079111650563342
0.4990861601693657
0.40743025891457485
0.9391494127330113
0.8145174863359357
0.7054302696030226
0.8027779994918647
0.08795401456799201
0.6229837505387317
0.7824821993550224
0.6315557456647336
0.15540707229624928
0.07606981552324465
0.9204933905052157
0.7139478378058315
0.5203226737706825
0.2782569319411634
0.8355075154736564
0.6350262886094293
0.030789945701477528
0.7647077317189175
0.4239093518445256
0.36385007887026677
0.3109468850638075
0.6293428188423602
0.0344011284768162
0.2336235981172925
0.2623640818293542
0.26298789243377496
0.5793640476610598
0.840885944284796
0.6527162515888028
0.3670712288633158
0.43615664911187446
0.7171505293047677
0.4125181109332563
0.32370696024222134
0.6309227050693209
0.5661282878757319
0.6683013873401278
0.4185906949916671
0.13574655691058757
0.9526777675753475
0.19402718718598866
0.3444198891791972
0.1776979316297267
0.12526886440960672
0.16830361933198135
0.2766870881104697
0.9608414213611352
0.25745873582504486
0.25414487407396313
0.5750198771398909
0.5572032842100527
0.7600189076438835
0.3483686999038573
0.40380245082806265
0.5030158014412813
0.633606506105258
0.5293747324710754
0.2910178888214159
0.8605588181250885
0.37087737922541164
0.9468122954259643
0.7627359146295796
0.12135227764747647
0.5082826859059191
0.7215047857420771
0.3772936762626984
0.5700198997407409
0.9564759344707159
0.8747225020109064
0.710720667129221
0.5267902127559765
0.7753793654624301
0.21527727264618757
0.9811458970984923
0.4275863993417395
0.9084378288149941
0.30269525609866044
0.4847104995572089
0.3933123330449215
0.2962307831473663
0.8711043260858768
0.6664955841764528
0.5736812432138909
0.8251218321389007
0.2983361894003582
0.363649164239205
0.4632631685270274
0.9010504078563537
0.5496459318453839
0.8728603271299249
0.798529599973506
0.27726368616758634
0.25511212428686725
0.10865926271171933
0.5052471393213955
0.45817725031348644
0.15188017600536052
0.5997120787607662
0.20566042718859912
0.16015458746590716
0.5152367617864029
0.27781745487795173
0.03688721290988495
0.004575886385285832
0.5887802638423847
0.16125403899681046
0.5353971990697495
0.4546999951405135
0.7125254890151018
0.2631824833461569
0.578186685975991
0.5325778133215973
0.5081549742297251
0.49384919457809384
0.10910795558634012
0.8884470649290719
0.6870654016261026
0.9030918502735155
0.06180965025559315
0.6335930871667292
0.6424167305945907
0.20456557129656594
0.6835002978445301
0.34959845935172473
0.8693906458501348
0.07836132928305806
0.718967655317456
0.2387561868762249
0.22910012624973364
0.03442479020000566
0.7209062397006758
0.7588246044989948
0.17409062271598152
0.1616875546397829
0.9981215263181227
0.3545918527206733
0.12260909491830274
0.7124873729726775
0.9658191319431637
0.9253418038357275
0.04902885697924875
0.5503620730163927
0.6537296134049093
0.9327283554029464
0.7526212443391038
0.2675462670421451
0.13553145185521065
0.10800468459524959
0.6728632016180145
0.594926387308258
0.7664495346129749
0.3916598368772377
0.17596879656877817
0.9519246111466555
0.5220674765590956
0.1549345748833022
0.04392092519061075
0.49087718693954696
0.008968046563414989
0.1973965011012475
0.6310119980245037
0.8208406588321793
0.39300969198728697
0.08649236741863131
0.9318193005850655
0.8905266002513306
0.8968831039849199
0.1895310827555201
0.13218319906392595
0.9990428877875837
0.8579931530608633
0.9988358282396268
0.9289039390460707
0.5977540734336977
0.695548502653702
0.4881887841004793
0.03553057752136102
0.2646343641908597
0.20543086779086495
0.13958013536262204
0.9178983544761967
0.8051280364227713
0.5634403892837692
0.40729670302594734
0.3986768002936285
0.39116196703113904
0.3830602625808617
0.39302849340853085
0.3603815334002638
0.9777632287582931
0.16448483912868328
0.6236124204196318
0.39697428164993065
0.383472622709665
0.134319011785752
0.26722093365721866
0.5982632615818866
0.49327239175798
0.9287741943431354
0.829235784650949
0.5263430106332851
0.6151739468849213
0.38868845095589566
0.3689619160736195
0.9020402644613736
0.6410751350516091
0.9131917733011574
0.22563650906520616
0.9764182107572401
0.5149449125860657
0.8933314013141358
0.41071501617592876
0.5994054357206524
0.9776486278047947
0.5966368896899259
0.7080248801707603
0.11475484786598078
0.714430809724715
0.15243346019239867
0.4259536309259193
0.7508132235381331
0.28529699679992615
0.8523904539977207
0.6002267602465237
0.11580270095769407
0.5193040307366212
0.8779857345712829
0.3931357711351111
0.617541153552482
0.6150350323303064
0.1998277792170282
0.6443657174592952
0.6161720635041872
0.3082728438599014
0.7711208945741386
0.5368009781999492
0.9167588650339555
0.33652627742079555
0.6815227348657642
0.3036343127002741
0.6793138601493909
0.6689785929283989
0.5325312771421264
0.6718194125173189
0.11831210556578808
0.21541443052883413
0.9531422242086907
0.45803907552829437
0.007654059376618116
0.28879100695858884
0.1801437000634143
0.7163293314614989
0.6710793067158103
0.7539484999967434
0.35042481409054926
0.18872539687035772
0.22634935056836802
0.13652806228227354
0.6284301579934839
0.8304070716684897
0.4465512836316565
0.11107292318893425
0.10935762897104495
0.964734483162677
0.16250046114587224
0.09520278057865839
0.574968637162286
0.7849971437673944
0.7049199691096448
0.21410777054583763
0.7938493396605049
0.6843736280594999
0.9870319657777371
0.24026043457507207
0.4694226020761725
0.5929073946577454
0.6999099228896584
0.010062033097576917
0.3136426062944131
0.8269311916994444
0.6529817494744687
0.05054764053984484
0.45898861411632486
0.3271151491251829
0.42936796136242394
0.8197397267962812
0.9352387038025487
0.8447857944278612
0.25750068833086037
0.06583318040205755
0.4681843856637964
0.6342535897240518
0.4079514633767334
0.2467392278536733
0.41681684656721263
0.7868036703464076
0.24893629430923214
0.8747043162296109
0.638936143018884
0.40618272175879255
0.7072219334487861
0.9556605923534804
0.8305533054084564
0.9402147764173905
0.21620919256516702
0.44305681423029264
0.43087314587659686
0.9433237345657739
0.36266267784659445
0.4165529612229515
0.09422216504312719
0.17628537031854674
0.8906629062178655
0.594588568942477
0.6485403136475998
0.4686777214252198
0.2748302723084728
0.6280678726058353
0.9712671303265017
0.5559996669220024
0.4267514732417901
0.63132315855397
0.9091417129943657
0.798225130879328
0.34447663921669736
0.26727502132638303
0.44720740118663715
0.015104175548813936
0.9725302831168989
0.9664224393541314
0.6922864867932987
0.7281485532548551
0.967680420206938
0.5316986137932123
0.9207171949112365
0.6352413455367238
0.340158464646763
0.3494347971915628
0.16430640336606728
0.33155438102844315
0.1735105175399536
0.6083155167075693
0.12721439987191885
0.8484627720877627
0.9749215220381826
0.5160744446124332
0.009551234730764246
0.2533808046837689
0.6670315641532423
0.6660952609953177
0.2886854187786778
0.6977875087913661
0.6959487331095329
0.36819169753477743
0.7885000543151364
0.2457062554393452
0.6038654081815533
0.8245830768528088
0.49383121658050766
0.469213270173664
0.4617177108756505
0.6715587105330587
0.8394812620717473
0.411961061006904
0.27807721347390935
0.4629115553546803
0.41618042359011564
0.5043718523242473
0.6471612133449074
0.8099818647539743
0.4231038938674365
0.2046249017266104
0.4796640028546666
0.09286055589450615
0.3846050546430124
0.987754538684297
0.5508937465391739
0.17647755956003697
0.3024548549652437
0.18357065199997846
0.029326377032130146
0.059066644638489985
0.45687981772638
0.3171077790297323
0.5442636616744163
0.5097468352331986
0.44592008446803244
0.5416143417162647
0.31328903002745867
0.8953631257095593
0.9672790792780555
0.8723573059211931
0.8821721039188539
0.530263006307963
0.6271284719609227
0.607174962692693
0.8913979911822165
0.5297143080511486
0.25155055114199376
0.050227325450549865
0.7475994890081517
0.8661185471827315
0.09160868381190923
0.30766036135086705
0.76682221599809
0.7840013640868011
0.9767982080938007
0.07695146058083013
0.6229296237437372
0.8632290859069387
0.8076738776850843
0.39416717757077513
0.272880373678253
0.9366108236750479
0.1649391503687232
0.3198728223707441
0.26784835920550054
0.7356264077261598
0.13201027201471538
0.7964519613481407
0.12614949699547462
0.5385293101429347
0.6870328905404355
0.507196009080749
0.19126245445819667
0.1754146425618215
0.2347419527667134
0.880974894603274
0.4240979709933759
0.4418188297666745
0.39291627460831746
0.9283835436071952
0.814368574032446
0.515773113828421
0.9627800874642087
0.8637651220501106
0.17530922516940262
0.3424098918740752
0.5596384469076847
0.7619800434011372
0.6530248703120971
0.521144489629616
0.540949878053091
0.8421127849304066
0.7667702201073803
0.7181070854767522
0.6183602572681008
0.8086801267074293
0.9236142771993872
0.6808659666970507
0.8457145395109877
0.9874713138880211
0.39667191732515605
0.6583751235198239
0.5870440382336433
0.004322656729581764
0.12281245502314442
0.2814360727337524
0.6675854034226765
0.2763951235370874
0.8365173159274619
0.40994314192541803
0.7865315544533635
0.560073879240073
0.6607570875060176
0.31248540817038806
0.3476143692388578
0.1257465725400264
0.358311572003313
0.3378976146263897
0.7722375535475328
0.7896442577164755
0.9155688798858237
0.26643130743220844
0.9199579467409342
0.6010888244274599
0.01710716994470385
0.9670195336283391
0.7834718149953286
0.5872415842744607
0.7425611869240776
0.6887360380500334
0.7149484179010062
0.8908503965620549
0.17930666941025986
0.5095249566405069
0.18362656548945333
0.7942732117343478
0.7610389332234213
0.35721259610280054
0.39104977116866557
0.5984238723088087
0.9545369903133465
0.6342841168184727
0.287434203266008
0.47265345618045873
0.29521795014314955
0.6556470081208763
0.5740299394706885
0.15398453664758716
0.6988877390594177
0.20883290152508094
0.7788867468516865
0.7794683686663535
0.46485968819151036
0.28064886690456525
0.13911454290598413
0.03539260286318058
0.2620197271279021
0.4429763515318812
0.3940113034541317
0.7204587514653478
0.9496535073615189
0.15122996361900065
0.18311308851896335
0.39606726241385326
0.26278812426692055
0.856644658182034
0.041289600436622775
0.443223192768722
0.14080655577087375
0.8245087908459539
0.681606315977531
0.8550135419087452
0.9849228450220895
0.6750171934691824
0.7867479070530621
0.9745632394152224
0.3955501731777733
0.3842984783388905
0.3803104883975492
0.46255855021353565
0.6956086898305334
0.1450498030480929
0.10681715335409026
0.40285234898769273
0.5419885889716105
0.587466425076731
0.9773159913063811
0.8256040688085748
0.5890399682892331
0.9366840304934467
0.8124688793690287
0.32223137166528093
0.703501547366524
0.5209920890988664
0.11093994241889349
0.18317916784276966
0.7547292779545929
0.8482630661548145
0.3000268858612085
0.03986205511651808
0.9189209659101816
0.9979645420575254
0.31901411981090644
0.20980147213500677
0.2971833919440561
0.38890415247843513
0.09088045265429989
0.1790535167099505
0.5682215274395765
0.6713612447001145
0.3059688605684958
0.918636503806632
0.9022302192713139
0.5235234511417632
0.950658860824874
0.39984179508485385
0.9939172230578897
0.4876856485362817
0.5306721204870715
0.24755578857915683
0.2900983396566532
0.4667023729399298
0.9260961489958828
0.22804723468485721
0.7306842573755923
0.17336722374078328
0.23959915576693236
0.8638561875307831
0.9554451145128238
0.1399103801181507
0.7249850610670925
0.6680239572948252
0.44580171578082295
0.6552250236179002
0.04767084448264347
0.533785807277694
0.5130884883644045
0.07991193175345779
0.7192675878291468
0.2723612922190033
0.17317839026131931
0.024643394477054104
0.22916381911327233
0.9617651121802497
0.1879388484561888
0.5687824747709229
0.7707984813873787
0.4366069125830656
0.9656623325651166
0.2649861401336935
0.578281291350746
0.18542462757073652
0.6686449900457208
0.9615204706358367
0.7818039942016699
0.002077303793712071
0.9955347162974622
0.3113913246016302
0.7949850220677752
0.24463592274293067
0.23428201366604195
0.6043506158764818
0.3356508397406628
0.2779549568611712
0.02135308665310265
0.5741023807432055
0.1652128341373964
0.15873139034028316
0.6659034582205565
0.11013187768728105
0.33867849462913635
0.37979791696175513
0.16814024680552309
0.11996411177577437
0.5718822613646706
0.8698622103295213
0.4521721477189802
0.6141150606783183
0.5632652152199817
0.4633921184828773
0.7589111596376115
0.44117559753374214
0.9746501764067885
0.6764640951673602
0.5557851216022209
0.7442553712859321
0.657348456423364
0.4975774627181646
0.3144211027091972
0.04279272011796875
0.3597912536695713
0.7111300131652747
0.13009777585558457
0.2574603741433701
0.3795630067349247
0.22438004996395589
0.1160649654935626
0.09867988258041249
0.25645284009741687
0.5018347971039916
0.888124058199921
0.7357377521193607
0.7896914028956974
0.8328272148322944
0.640719422508701
0.823717497015044
0.11592537552911453
0.34545481668530353
0.7440747273336903
0.35085992187920945
0.8829209635359738
0.8533500397554656
0.8648838250669282
0.022945140002052833
0.7673141761252786
0.5306009573692447
0.9795370422928511
0.14671342453190395
0.9097938399659875
0.17058877159053476
0.6061206402251806
0.3367194873390862
0.2969916598919118
0.9912595236777613
0.06892015115013961
0.6417826419217734
0.7215497835798459
0.08065334521415335
0.2001798933978738
0.4409027135232906
0.33230505185360704
0.9376829121643699
0.8964334121735551
0.31355830866664225
0.9462098498171789
0.8506576080021802
0.4052852708610004
0.5130114007340654
0.82737644552786
0.7984716373875498
0.38277517804629024
0.2866491637235087
0.9394568543349819
0.18303464140884684
0.07615664447794646
0.9958765671859477
0.6787098410291847
0.582683415401956
0.7150452088714276
0.9019050336413124
0.010825199566306454
0.32322462550143416
0.2049889408596004
0.5745078963608705
0.23640305510408233
0.13049403560312767
0.4323610807546292
0.014825513017126202
0.9692413290894459
0.6221699771999349
0.09139039703586538
0.5085513726533597
0.20790577646763353
0.3119097800863564
0.1825647032521167
0.7496972709331455
0.3493714485496542
0.1327852405596095
0.8907304100065809
0.19934387376934226
0.049542623738003444
0.222419031590247
0.07063948993253755
0.8866667038837834
0.8017228405885919
0.3660434611705612
0.9013282449753686
0.17892435952593244
0.4920218137312631
0.12536653073041704
0.2720808987170835
0.8428172402238594
0.5476980887751224
0.12858429845987307
0.0030602245054716093
0.6414713472551954
0.6525462253468772
0.554821456236803
0.3971227750047648
0.042523998020387754
0.8579693908500361
0.4388011234014717
0.4306090211111564
0.5124385253270196
0.8762164203722413
0.40180395207109787
0.6120834815576859
0.6126494344853883
0.8604964039484431
0.07579124347263999
0.2120904778929904
0.10090297250049773
0.7692855712517721
0.14531954263704483
0.9728632802749082
0.14126312892765913
0.9466709259630595
0.7858667930030858
0.14698366909509408
0.8139021237705786
0.04012996860375684
0.4907517081108459
0.882690943176623
0.65194597839078
0.21859893346453596
0.8176925048617496
0.43877834840631524
0.5931159975404459
0.7193678840898519
0.7224629324952521
0.16679783422933858
0.8710175961222377
0.03780737231601394
0.9579514296874181
0.17824759206801355
0.31628993960171514
0.6098934696295706
0.11058168147390046
0.26695400589102203
0.8039588113484697
0.05317941251990477
0.07926442645080845
0.783074880548593
0.9200703886431343
0.9299872647184737
0.31852639197354504
0.9125170869833372
0.6240821938045036
0.8295558646105765
0.08798007370316707
0.22100322408381623
0.712085728361119
0.1455325081728922
0.45119829609546835
0.45698957167311316
0.6573411866032495
0.05290405883835092
0.9790022911446841
0.5281201233293127
0.11220973915115828
0.7518760646339915
0.15306476957142556
0.9574441831678027
0.3832827982512257
0.6062640259264713
0.2980810108648895
0.9305004739451139
0.368238700426474
0.2084879955346115
0.31352586085841616
0.42212344065991525
0.7988917290399449
0.8565707165954786
0.8811638049371198
0.06910969964329872
0.4281048440402835
0.03493622445272848
0.3930902471895439
0.008322343806059784
0.5977999330918324
0.5108580701897028
0.6154185192536543
0.18335316194923368
0.36647031343974223
0.8894408374371137
0.1901504777712788
0.9078397140984888
0.9099913317159163
0.35123719226552597
0.9986109931354101
0.5048652469683168
0.4200329622362773
0.4899227533511008
0.1863734383658322
0.4053395345702515
0.7867992121792653
0.4332137855038656
0.6120040287897373
0.8253397904007662
0.8099007340145365
0.03224869903552996
0.39405863409752384
0.152303282398617
0.6752504364386807
0.004158366056257634
0.10980767079150922
0.011390754376340295
0.4102461049991728
0.0931482035575193
0.9404988849235218
0.10484405780471895
0.7563868910045848
0.44813477469130425
0.8329341457668793
0.5695865888686622
0.7230519393709174
0.528664073387292
0.07991919043931839
0.0733404841737888
0.7354987299257623
0.08676876080455775
0.6061712153380088
0.6428090171188199
0.47451866342871285
0.9145362819824823
0.4563163654430258
0.1515510543779648
0.5269131167399941
0.7261495191713523
0.6224715587637493
0.9505598032802711
0.5286961064054507
0.030079680356731142
0.1215991948108972
0.9257303570384765
0.8084074561367296
0.9021998672873153
0.333553655130004
0.43226473269518584
0.3702951742165026
0.7623520978185656
0.19237346093481755
0.4443152489379023
0.6912859808939
0.681069392390782
0.07648162386266222
0.6243500840640741
0.44086839960259394
0.9569071400253306
0.6908686830944839
0.11240148130442851
0.11514624159179232
0.03786043886286028
0.09113511489802173
0.42261104857690657
0.6079996834601975
0.6131354992130729
0.0010049950211750147
0.05084973868501219
0.5427434786548713
0.9848314867113797
0.1470572324744872
0.563396398005775
0.9499154366708553
0.9724346378458983
0.7556445389464739
0.8036849488673463
0.8695411902809909
0.07428651205112624
0.8871905639496684
0.6719883076028144
0.6285747216413067
0.4773293153156961
0.7868725918653277
0.809214694645848
0.3081921232530045
0.35608712527593767
0.8495338124587846
0.17545353013593368
0.1857732846484179
0.6371021750814423
0.7105757801836012
0.5510520582078653
0.1539731877051449
0.9590953511914626
0.5270990563872233
0.6076159176287768
0.47062197009786644
0.09627164942480904
0.3378189388098589
0.3721879570303095
0.6045422294735792
0.6073770720211964
0.4614062890391448
0.01116754484354221
0.08064189263165211
0.2764548396247768
0.42307881495219757
0.494985617176392
0.734354355201494
0.5497461380706106
0.0007614254377472651
0.6337749179208916
0.06781317858113511
0.9461912227262848
0.8034996661170231
0.11090386923728879
0.5074739860294009
0.30504324776112446
0.4615404744718876
0.37837456746932263
0.039634504146742744
0.08338099019292988
0.7528249742667374
0.23412978210541935
0.3211414691903891
0.044481282808318756
0.10679227147282555
0.9764102505556724
0.38004902510290317
0.8288610847735727
0.6687264438848006
0.050146520864412736
0.39146513772219604
0.8542439826838446
0.055522771501843815
0.37084528909256376
0.0781045534331053
0.9703508841239998
0.48808702239646595
0.33372756790260416
0.5628707493292573
0.4805873372895493
0.8586354492530652
0.7858526624004734
0.12154835518590623
0.1878349087231852
0.5608966244871867
0.81559450834136
0.10996741691507239
0.7422006821352898
0.11228403628085548
0.5670080663933192
0.6924402543116306
0.49179037491552835
0.9646901468250255
0.9015824888807433
0.4337803934596334
0.17720966387115533
0.41907041760232366
0.6052888517128516
0.7757707977181496
0.7573875057466202
0.8666423410627608
0.21484068528279776
0.22885912246886875
0.2900102485928324
0.6659686087719281
0.8307589480696647
0.04483408785555021
0.11939567757300007
0.2734949242568876
0.07725081536959877
0.06555871326871143
0.2923282901367681
0.5231986969526385
0.9088971328265072
0.6662389831888023
0.5014697682428115
0.17872650410996416
0.010025859979159168
0.21965044388322386
0.20686284447279002
0.9651462078431623
0.048829114719489475
0.021439154080620026
0.7750862932770262
0.14589817574594655
0.42473261012652985
0.7843869402744779
0.4708686113509739
0.10389700307112637
0.919614309890253
0.5980633110737898
0.8499080508892969
0.6447231233934099
0.3952978721417719
0.9146025344461817
0.47981183845923003
0.41067679912838395
0.4924960735380268
0.7700987797018264
0.7883180965111627
0.30026952181244737
0.03358531565772149
0.436017941327689
0.4359570545044038
0.7043465486036968
0.5812922168993442
0.09719657179023011
0.21125166911064364
0.04039305797732218
0.38932496475074774
0.06752226274066331
0.17397168856115375
0.33217160139327984
0.43285873456137214
0.8644321653206999
0.17912752810753751
0.9858555868641397
0.9087573150348529
0.6281458798259127
0.6095231457610366
0.486286204767876
0.17731045409836232
0.9610604730422425
0.9395869191115878
0.5088661517367448
0.21803733898477606
0.6138486517586812
0.6428117797305666
0.585939478128833
0.9511863036038106
0.724993225431537
0.7861068604173418
0.6475573983387997
0.0787237220651773
0.615712636664407
0.843891671778698
0.07041975680416335
0.668360185856318
0.33001820083990063
0.025758925055233695
0.37078557386792244
0.03777027818092993
0.822512210129408
0.821997224318421
0.4728507330452396
0.13161433717858761
0.31771793327670017
0.09691599879578505
0.8379555273132626
0.05497252859445512
0.763945547995108
0.7041949937643315
0.7189074665811996
0.6549211140342095
0.6127467111082194
0.45898651391378253
0.8074720285261356
0.02383033365898246
0.0300267766839748
0.6125466183316652
0.43165824829933475
0.4981718323526736
0.22381175249221252
0.5713813885271164
0.4249936269324375
0.3343690857628945
0.8615741865170863
0.8440715677296393
0.10364672842238143
0.7494757802993963
0.39012362220744423
0.15106655211777387
0.8591831182891132
0.3718549609207564
0.8752333233907634
0.9945751442691837
0.8571766132721523
0.6245365532841121
0.41440663298499225
0.6009165371218921
0.38834732447271847
0.032792949851629505
0.10527119306507449
0.285716585436697
0.46438988105956036
0.7272735993730204
0.5845505496936028
0.015367750797330437
0.9712049851341888
0.9041944884913609
0.1216590453592703
0.8366230600292139
0.006858082429179735
0.2444595715209954
0.9615564422551317
0.2591521749149506
0.22918862841638932
0.9778517047997124
0.17707044166210162
0.571365022358949
0.9405960389658943
0.1451821833270326
0.7155875219498613
0.00570238667582057
0.1427948488331301
0.3547435132132619
0.23033917738408638
0.6410245598905049
0.6078459470594344
0.20366921118589976
0.2185491545332947
0.33616040985757367
0.2913694297845726
0.9985468105007771
0.7883387992141839
0.5366203576375366
0.6584329674493674
0.9603211950421806
0.2412242003660896
0.23106031663786353
0.2423238809135444
0.5914629780641754
0.05262586879295483
0.2769374332048873
0.04274888505602825
0.2918969067386219
0.08180255283754678
0.11725693156906014
0.49345850636429556
0.9439773490684591
0.4577944981921913
0.4457705222356785
0.3217470288386357
0.013181413488048133
0.9868688376562988
0.25464619376675124
0.9043850563232332
0.7341685291281257
0.6104771034482355
0.8702175024805083
0.40599461734021225
0.03458604783941266
0.8591833410205982
0.25800738453558303
0.6506831889375235
0.5801619796258686
0.160872134432956
0.3807856939339953
0.4466024137170279
0.2759420633419909
0.22985272139747237
0.6475250884759596
0.04521925066326937
0.02984905083669598
0.4091746301625496
0.7033249641163926
0.8581764332197341
0.4868068875428273
0.9299606962588833
0.28887906627030535
0.09738262650455631
0.5476598911237733
0.7929729646542201
0.6030515329795985
0.19903085058807934
0.726789943169827
0.2398966013670456
0.05312812918526477
0.35351031534714994
0.24947111831192603
0.9049854911905311
0.3136914722682631
0.8982075620591878
0.7734636208108789
0.7398604400619158
0.8426306164136321
0.7997402900955386
0.9479583860195488
0.2356965357597418
0.3096747537012716
0.4821997234226785
0.06498853988887343
0.9796557886296833
0.5608819185640095
0.9285724638055268
0.6699180187987661
0.20754646619615058
0.18118389040603033
0.9058659712596424
0.08190999026886603
0.5650140648344297
0.17740222175206988
0.05527087046747137
0.03068129078878279
0.16501880655843193
0.7216811375536827
0.9151852464153438
0.3337876878319215
0.8217378469930898
0.6007927394892758
0.3425238779675899
0.44944042105891646
0.5948548403075051
0.6481351245620299
0.10304239226618606
0.9765622711122097
0.6517239794308243
0.22017538053777996
0.5248364319530787
0.23768249257130614
0.6205614336880501
0.0964481981397014
0.09441673744878898
0.13629588655712355
0.049613228676493426
0.07349107187315074
0.9528094227454704
0.08231885288996077
0.36556525170199206
0.9208778445771415
0.08235206358710512
0.9129924603912578
0.7642989464208836
0.4969322659027666
0.5058211908278913
0.011600611438216557
0.7981550344970472
0.8285117121324552
0.23983399786345205
0.384165663347791
0.5517859912130847
0.9901832043248897
0.0358198723489922
0.2949122944272491
0.11529320376163898
0.41954647206260964
0.7123186279379536
0.4011394099988841
0.9266576160523334
0.24946979292878946
0.825858409734779
0.6368429210633804
0.3291471393832195
0.8244396409135843
0.8244388880023752
0.9631204463048093
0.41994449626929886
0.5837099847865179
0.8270551531620196
0.9836553498915221
0.6856043085449304
0.319363899052014
0.4778464096495709
0.7442014683885332
0.48909185713576186
0.17044961100290057
0.5639123407372095
0.4225087315100131
0.1626570954028408
0.6177701254692829
0.06405807693492416
0.8595103262481703
0.927951328674282
0.9702078344849494
0.08621483136820718
0.6941759197538377
0.19901027890401335
0.35053120498093304
0.2731355648380476
0.06045316455334304
0.5977046045765348
0.7124202947914622
0.7397758228826059
0.4262131832530027
0.4022404006043725
0.6338751608634918
0.2610602597263232
0.8753901911160387
0.6521372767240021
0.18370253960140936
0.43701458147403827
0.5251128259304159
0.09776462641683059
0.18271144868203582
0.21844200611632192
0.7583857451430216
0.675163222946995
0.7099035816332546
0.8658418045067553
0.035736423959895625
0.7077252873846998
0.5060444151629968
0.7913987659465058
0.5158973337680441
0.7026455215950245
0.7021413014378868
0.9099587726683787
0.9876920195088685
0.6373972197566329
0.3141953396269228
0.26376562415574445
0.41312745540405027
0.8317628648503432
0.14174012449518525
0.9292739118177531
0.216466875700273
0.8938048719220433
0.6403927431146668
0.5478793019966923
0.2345533852327868
0.12829198859108382
0.23471114463343334
0.916200647206219
0.8879206695162576
0.8149721238832501
0.3621047774484205
0.23641489974846097
0.9322581844061018
0.09827780749833948
0.6316897689121106
0.5570985226813574
0.3207141087192229
0.87850405694305
0.37963713071308525
0.6046697093421387
0.30326520648369115
0.10408104730698087
0.7347748699725924
0.5433368512578987
0.22630880710633172
0.29899519690731235
0.6807287837974387
0.8840388469979485
0.14742045731307574
0.5842991313915324
0.9519662187986646
0.9655502455280871
0.5742073816966646
0.05558242433761529
0.07585782884308157
0.07957447128725481
0.5731641059585131
0.6572937282750373
0.07950003035484698
0.1011116587163825
0.3822581558409708
0.4709279004628253
0.28162331549200803
0.14415120581780982
0.4883135871406954
0.3287120672887789
0.10461687143177056
0.4263152086511406
0.16149476363479498
0.8387492049955478
0.9299286055581495
0.8636570731511752
0.3350502188102671
0.6141616702029009
0.35283395029589815
0.23937057923475002
0.09791700895126665
0.09756433012796051
0.684208157476607
0.47359957888052784
0.812020544779434
0.12692965134902368
0.23662015847071238
0.021496285088412392
0.01778599275142989
0.907333090586196
0.10805397787073212
0.814073407374124
0.1263097754576028
0.6086762359725268
0.32326266109549207
0.2337798235343267
0.69209683638076
0.730462029355381
0.9542773282545407
0.6013202134446414
0.07388604756230244
0.042078996197808305
0.08323775287169144
0.184413754126747
0.7545341856661529
0.8741785661818557
0.6002625265587971
0.18419564100755226
0.5515621979363499
0.3636177537556595
0.009405040686577326
0.854557583131017
0.061023620137932166
0.6090240731177128
0.8493978567425344
0.9114417329957871
0.21769099797725655
0.7595940960514234
0.06520809022478824
0.9433460481863014
0.7612887883448158
0.08765912707535417
0.06403622365780648
0.03590825913738027
0.2578924279342365
0.9237895756786507
0.14686392425710837
0.8769413229572989
0.5994850085186747
0.7182948412719319
0.8859384305759168
0.30479351004056987
0.12354003478469222
0.05261448517340117
0.975149143424406
0.7107127485934159
0.9054696978422243
0.8589226046747991
0.5458124828404674
0.7055455172704417
0.8995183579034143
0.46822749508155614
0.44480743855808447
0.8873737124111949
0.27536232283161866
0.7234852087166443
0.5459423548034261
0.020937374296183586
0.082249991060795
0.49480615705913533
0.4771042932238492
0.09937708503061171
0.4827541891694005
0.9708938617011784
0.1376254854232828
0.3768017281146565
0.5025825947807216
0.1626664289654165
0.2763510816108614
0.042183990130183924
0.12384070978813111
0.39031789933360117
0.30514534524039183
0.8092826515409173
0.18144197056906242
0.3159042148417168
0.7144534645587346
0.778461892797121
0.023347236092552848
0.5691407824223409
0.8635594750310125
0.159362180185745
0.6879183378977578
0.7976992891650212
0.35431958931784724
0.1921247755461617
0.693973579085742
0.9442939296956057
0.7963338113604448
0.38810955416167414
0.48161517066329473
0.17860171401669578
0.575187698366544
0.6339606039010466
0.17934893356212878
0.555599698365175
0.20510277151103185
0.6109948752339247
0.13987412233943775
0.01892250020494579
0.6778165411426791
0.8249555258538517
0.8990065186698863
0.5693535270010153
0.404539290535904
0.4784963407585663
0.5524931317208586
0.8146004467357382
0.5564240679116244
0.053543604969071845
0.10573863594811694
0.4753080094877833
0.3909910492803734
0.4583017588001035
0.43792507674058156
0.20576969984163185
0.48365507289085685
0.012775373240431431
0.7184094025315313
0.5494523622966994
0.7101580221879822
0.6577218305241948
0.22120057246309388
0.9285066607295536
0.8198234608037616
0.7256496793431721
0.31079123863201197
0.23786785129195742
0.05856855393322502
0.543019822472953
0.8584483044354765
0.7525736036410848
0.045750469549892925
0.35408255542578115
0.5565614593505046
0.4529745913709833
0.8909838551837417
0.9019435049032787
0.46537857628404167
0.07553824697625999
0.26775861117805055
0.9527429147135471
0.6069882665493007
0.4872964294090605
0.245850464034574
0.5588914983028654
0.9932009097299139
0.7069253162538844
0.060767848106918265
0.7498986700083472
0.5447719069983508
0.782323833746887
0.24723057070820698
0.5205510553908457
0.925925245196612
0.6760528178456742
0.657580246350769
0.9397942153514729
0.5162810301576157
0.29252587955784803
0.10953300707778757
0.7557557712896594
0.17663362578544595
0.39974495825977074
0.9768850856172808
0.8471933022989186
0.9381511227495039
0.4350170765021171
0.34087650950975235
0.6284680865758885
0.11789776736829372
0.3102787243035696
0.2856567413373159
0.5219157912681125
0.6334092729856318
0.08509822500987552
0.5508665536136474
0.5994236471521184
0.2350574747186307
0.6507736944099847
0.30946725660066976
0.078151294682681
0.3115866395365148
0.49515356882170347
0.9827632297312288
0.2995485273556511
0.718876153491754
0.8367762732279835
0.360295833651469
0.6525507257773864
0.804562494467651
0.4031150453498922
0.47813033202519706
0.9191186402869498
0.6152819382951422
0.4933460554154401
0.9129187871641109
0.8294158766859077
0.1979337812542281
0.7268720099797754
0.20298087216997507
0.8565065610849341
0.6453898798031283
0.7494282426959191
0.9104322341345248
0.4108474101192887
0.20459190895398893
0.6489749683150754
0.8630174184900226
0.3444511675459734
0.6939222116605113
0.1327688315101676
0.7507093725768821
0.4142551918641766
0.02751390755486316
0.026431103862697425
0.3970169556899661
0.055037149530640095
0.2591771200900277
0.0625617807738319
0.3717442595368128
0.03423212733698744
0.5532465301564249
0.47339934461450817
0.6497326503970702
0.6940741760615612
0.5466135451894745
0.7957587641922046
0.020769181777600565
0.8743820344405389
0.3236106909353018
0.08575454962162121
0.9685098301802952
0.5386014523050144
0.3831358343049982
0.11440562443033886
0.39658247212120923
0.45355256751287
0.1643446995764113
0.9080919814148452
0.1381207889624183
0.5410036922627095
0.31854392742713866
0.9117623877786167
0.7368767651561499
0.08940165934644506
0.6700671289639071
0.057297059851322496
0.8107046093630714
0.315606735843579
0.7198317712467153
0.6027082405134707
0.43887286935959935
0.5457319055603249
0.566566755960046
0.013088763292643968
0.03140025049228945
0.5335566769662954
0.11655109622742876
0.2950657044749767
0.6064846448773267
0.7579966119856956
0.10943487913914729
0.859619565729278
0.17494525760312984
0.8679836049806455
0.9915715193649448
0.9077588236219589
0.07674100778401272
0.11647502113352615
0.3007165978220161
0.24650784510374302
0.2917749291758376
0.639687149336631
0.8495524495044271
0.9384026265020804
0.49731356072723054
0.787226581330855
0.8217348324742673
0.7027736479159215
0.9584876534568643
0.673193397515248
0.8625688268767333
0.6462376989170278
0.5478867403476488
0.10167836951587939
0.6335558017332279
0.5342678846971014
0.6190822267081861
0.9704588466830957
0.22435104560823138
0.8997776230510981
0.6605118667406611
0.4271558962345514
0.6680094879592382
0.31663701510810016
0.8197884108937665
0.7399134457566343
0.37696324752721133
0.3109299532397556
0.7721215936355683
0.9244750994163498
0.7914696358264277
0.06038358173996783
0.7665925470497787
0.16928638242912153
0.7587206295946298
0.0016965192326381384
0.3124128793876233
0.7418659238680048
0.7542941232373077
0.5635991026591751
0.9522528657039744
0.4553633903346268
0.4860130786011134
0.036603087513217725
0.7462901871998668
0.25730417558268237
0.16200854937010978
0.04355921323635625
0.5986263787683965
0.6400310947772805
0.00735226462663352
0.4450109983249597
0.20448231227073688
0.5581727813739583
0.40728280532859573
0.6297206534552633
0.6916310984155598
0.34700304920165914
0.09583802007010234
0.31087713794141036
0.773328029653231
0.1446496321265025
0.5574249355832643
0.39433622503270294
0.5696287884264084
0.17328393337241677
0.8859118845122631
0.6777460094844834
0.29387593419408864
0.9338007433270346
0.7334622224164398
0.39614237891819837
0.7314718552648212
0.670051035102641
0.8972534874255917
0.684386675638232
0.11622736096603692
0.13322865022177477
0.43419279210077133
0.22002945540442198
0.1487860136110899
0.03575116576524584
0.9350499227456843
0.37166663037606473
0.19218740700369308
0.531729760858652
0.5353855816220439
0.5464302299930293
0.275950857993845
0.7443719512181559
0.3919528350656363
0.3432690504634519
0.648795985401055
0.8202867058487195
0.9496524871378047
0.508809901795451
0.14205078432305274
0.34120474733853756
0.9955603068354111
0.7918822615132619
0.9761143898220748
0.3273261791781721
0.23966301410483104
0.9101315294225922
0.8278416087553546
0.26295660380206654
0.26837113624754205
0.22637927782011236
0.6793857919416793
0.5636303338646622
0.793464613658798
0.2882732778098378
0.8889123797824978
0.05979336269971447
0.6722235431875496
0.38867710403264444
0.7697905256300426
0.7526952791745287
0.5013169445731489
0.09931385433845819
0.06999379971152075
0.9680775125081367
0.47626999963369654
0.2915923775318525
0.5394315564594889
0.15916496954151693
0.5047453629429275
0.8053321609959776
0.3422990359505076
0.353429978379068
0.6945084887785593
0.9399373207265893
0.7800221266632386
0.5971482926867082
0.6748037769260549
0.12357974769013635
0.8132239180726635
0.9900059788070679
0.5336584885866735
0.48788562942378566
0.32650605406719846
0.16446213908202045
0.6734640084764316
0.4060152259867946
0.2926001008378911
0.4204885635867053
0.6707450560700139
0.016850277761998766
0.9409601325556449
0.5318001829392645
0.2886954545305147
0.03267206071351514
0.7467450068379577
0.6398966260978283
0.5017498125633566
0.9255782214443382
0.8498867050225134
0.7814871429034296
0.3684616141741075
0.2890948815196166
0.8070931475315946
0.1492736234666001
0.3647564328074362
0.5415534764068537
0.32711520969036356
0.6985811515871787
0.5996244383521783
0.220499014379971
0.7462987132862309
0.0657688612319467
0.708882470068587
0.4643883550212051
0.5351109257645232
0.9560384514888589
0.6468905710291653
0.9313507825372389
0.6871384883637868
0.3971140570383489
0.24559786107136117
0.1798954758657394
0.126739761372624
0.5618877448922504
0.6198664748720812
0.032745714191978026
0.5295213251039381
0.45037810452103755
0.1223797270974758
0.03694196074436373
0.3491070511050458
0.9492501736283214
0.37051011751029406
0.06136846267318585
0.5278531252437628
0.6835225046400453
0.09503183407678484
0.005984695558404418
0.12785469151473983
0.864587694027334
0.6171661693372454
0.48834702170925004
0.763271212133344
0.5308101335503084
0.7720611651749174
0.11571547369288004
0.8370868513288463
0.495030177824189
0.22896471179089595
0.09107903785309479
0.5826240254984862
0.3352136131724355
0.19480208513296282
0.7236299205943126
0.10982628503724756
0.6352520746338541
0.17517797507545718
0.16556028260900035
0.8129076508875168
0.0005241949596868078
0.6088957652909464
0.3412240953620549
0.3851158424724914
0.8792894285390747
0.3949456994048268
0.85854917915581
0.7891857468702728
0.26195575682456496
0.07679705210248833
0.9624416798813289
0.5133578082300903
0.5791922475121967
0.5508924473953636
0.20310556598086027
0.5122288729184177
0.3538055677905134
0.06696520274692075
0.49706689607905075
0.5994205997489634
0.4392984437223184
0.2715907879244186
0.2721083800680264
0.13305046681680266
0.1428121415171233
0.20134104150714482
0.39545304570895357
0.2777096824171359
0.7136308182402156
0.23569284264276047
0.8158225363058722
0.7039814466747061
0.3777256302464531
0.25725244067198005
0.13677104928234596
0.7649545908682203
0.4265111471828429
0.8869507163317873
0.3601179741094003
0.3570033102972896
0.5048749827394916
0.3155357531249052
0.6166049318036673
0.07193557178864562
0.24943059749768004
0.3720677690387668
0.6364122571885282
0.8339414425689469
0.16819336453111178
0.9511753093586108
0.6219545204646388
0.3393675297266776
0.8543750397624883
0.10954106503617123
0.4615035793844846
0.4149238848947838
0.5650076653990053
0.2136310587080812
0.8389402267283321
0.8390319688830927
0.7220785510083605
0.5449801760721675
0.7309958076342742
0.12464251465546528
0.6141833085926158
0.5160707593348235
0.9259144512779796
0.9774465769696847
0.673349201494809
0.8475154756252987
0.6595483418400918
0.5484763139143227
0.3840313554652164
0.07121885785996374
0.21435002365158295
0.9230084318624583
0.315824899210831
0.3340145683779252
0.3043857803550347
0.3211411399312545
0.016383342261984124
0.5692530040912143
0.008933383339959633
0.13218928139521857
0.48018393299867745
0.41475638367489887
0.7050002016835211
0.2764471842344116
0.7627751882974692
0.4086822548191966
0.7189186875826974
0.5595131053002182
0.6562059593058707
0.7189243950551942
0.6169903348518877
0.7483329362352684
0.09898720941875028
0.4944816549841422
0.509103726066148
0.275179591292968
0.12475393982708227
0.6021320373290096
0.3968741776807092
0.9218073643796965
0.4371149671473189
0.6607842812291012
0.327008284475623
0.49429455233117525
0.8832630796183591
0.622027135981613
0.01937010609736456
0.6141759637936095
0.8264334406226541
0.6954974451121461
0.08261073470252267
0.7943294480672098
0.7692142975594112
0.32220886375111046
0.7709064060589377
0.5315060444256317
0.11801504634982685
0.497576369654972
0.41598296652314937
0.05002547221446374
0.6807383244641296
0.6902470470357445
0.4589868766170033
0.6735619670549158
0.28238299268676914
0.3124067443398617
0.28660104008498477
0.42078793687917515
0.36159587862423437
0.6123813962386613
0.3882276567932672
0.2850143224460979
0.25837009744278183
0.04787079922987347
0.3294889798106504
0.6470402724334892
0.17661364418794578
0.7033140581521722
0.8855221974625955
0.3593913753598488
0.8663557518604947
0.8839413338778515
0.9749441809607793
0.4306731971015525
0.030117314416753915
0.9642002493989483
0.5162164114048269
0.467787000659041
0.7896354032619342
0.06331979494376849
0.5792540023034076
0.7133669038253514
0.8923819230569181
0.6228273033106277
0.10371376443479341
0.3612007567183708
0.14187174133125224
0.49430810060835384
0.9200748801578189
0.34773875771508034
0.9348950686529007
0.4625670379889133
0.05326793235694849
0.6585566875535409
0.38979337531412717
0.10352179535093153
0.7737825231564255
0.42328424551877775
0.39082493624003223
0.2889190099287313
0.5831758592424086
0.586000690452966
0.6558417303417212
0.009337821366704357
0.14891605803357733
0.5054359596541742
0.935443568712715
0.5566779512508606
0.2968258511792652
0.14097405456142642
0.13548142338674318
0.14542576494932935
0.6940311592089856
0.813220342044811
0.7530554648193326
0.7736880944171889
0.8734235123374701
0.19915868603961773
0.8823781762744733
0.805787280382843
0.7780961117141953
0.8372466922700952
0.3044948517253325
0.8125687803538593
0.4309422913241949
0.5300926474838334
0.040768175720697464
0.9061011605618758
0.6221694332024339
0.9929862269693355
0.8738985973461282
0.642746740753116
0.4272241289881664
0.30610824267162196
0.6248429595938518
0.2934632096945844
0.5278567293662331
0.5643337913361115
0.9692867215262142
0.3545483345717957
0.794634710374793
0.44432993935238896
0.4184021739594961
0.15929670222730596
0.8470386066053293
0.2894148305474642
0.5149462335402084
0.6711160875795286
0.7557719826261071
0.8142423188286556
0.5424620527447861
0.08598659295138367
0.05610328706612533
0.27726066391551396
0.691744953191763
0.8235598703987796
0.36912178781408644
0.3585721127348389
0.985243836104144
0.7839553332382716
0.020178205942908756
0.22657596514069778
0.6469822577743762
0.3298787219073058
0.328242337506337
0.4089520100388462
0.36588415030332966
0.07042609872005978
0.9149653870973309
0.7639893466761749
0.8074860800724499
0.6374534227679736
0.8898061734810045
0.12473975625794997
0.5646753316097608
0.4176211075206908
0.8344177638665893
0.20903625037147577
0.9247799701700756
0.863868196197644
0.34060095037053606
0.8837123379265215
0.018621929050051778
0.7593075409209205
0.6661033265827934
0.21535080960010888
0.8593011184182173
0.13623764404116478
0.4765006153855402
0.14001557306010937
0.28358750042402625
0.37138591054211534
0.451900133441717
0.9389421869831518
0.13772893035533462
0.2595741664014377
0.1471999785851008
0.7154631491054815
0.7609395836385779
0.15356804798235335
0.2940010828448383
0.5438666953588893
0.4811119318217425
0.48973950049053894
0.6519060295503933
0.25015067638353106
0.9871084162802488
0.7729706915488863
0.0747154218745727
0.4220099226625966
0.9406628304610292
0.569926232182774
0.3912767206717236
0.08765890075495553
0.7341622497083842
0.28650581020865307
0.26816040992057477
0.07142995978002209
0.10528140610996384
0.10541873383997569
0.563903218567285
0.8783600564835636
0.5194453450128989
0.436902289373976
0.7673916136785541
0.4023344080183686
0.0656831570604306
0.01498082512415011
0.7087774396621049
0.9838808796331424
0.12866774709544204
0.11390352838461149
0.6870303650493013
0.6196053709008569
0.2635041469456736
0.07007164559780743
0.7884838795848657
0.2599462579187577
0.612853904883587
0.10240292513960059
0.15806299691109427
0.06261064837912533
0.43039518235796415
0.03869757352951453
0.08844938579792028
0.3107000563365234
0.37615587242184767
0.09560058288926987
0.8838926047825277
0.9713589110734813
0.6555071905833112
0.32950807910109137
0.8221727290630141
0.9023203480951836
0.8199013189122768
0.6054677475451928
0.0625919806243429
0.7478504389764145
0.5876181887789254
0.6659932392552168
0.2462121959279504
0.8097345036876296
0.1773494824830213
0.4908847386682711
0.9848976279664738
0.8802865070384265
0.08023756792024517
0.6448156438484784
0.29471358690563676
0.4916447714256269
0.9608644756488809
0.7217503940235741
0.3321136279753998
0.41370555095355255
0.6318663658127979
0.9827632591113173
0.10929644011028516
0.4039286356046925
0.2777507906161294
0.878356281365603
0.08828774485419477
0.7344102069695537
0.8658826124004602
0.30203661474781485
0.29306845172076734
0.7226967258597381
0.757438580886644
0.5787097813714801
0.6467202668295531
0.5462649845936958
0.9755550235899375
0.6190586282263069
0.9326240671909436
0.484235483549857
0.7746639555703723
0.9679771937244626
0.937194249426142
0.1287145860390444
0.2893119554150432
0.35060851888133504
0.652641644368462
0.742469414639062
0.1837432586672727
0.5488167878647909
0.059416455929585554
0.8331114072606991
0.1463275012103984
0.35533713506679643
0.37735317113001354
0.08154092372971311
0.7885424016330986
0.9081125023055756
0.32274617752625234
0.22049799003063697
0.043125246772262704
0.615247273224087
0.5569521299938713
0.6253982996226144
0.24243894093891583
0.9500036507679883
0.9349691589202025
0.27310391486273056
0.5475059488753837
0.5896205679383646
0.3410943873738719
0.5786525476447413
0.12961846334516913
0.9444598068747019
0.4723141368499968
0.487267797032926
0.8700008389197478
0.8453955756196174
0.821575644911259
0.039892022092545165
0.11949753022688103
0.5236438032901625
0.3485394025124964
0.9033711796495196
0.9978164962915834
0.39605419579985024
0.9607758144336149
0.9491453026118086
0.7052121918266994
0.22975899215149687
0.17795140220603667
0.09950729706983208
0.6006418568434937
0.7113204516179956
0.47738380943389935
0.3313054035383278
0.20405881908441303
0.06378476657009458
0.4063179831291126
0.8984153206850103
0.9580404107049336
0.9974386438634932
0.6183142652443236
0.6058384084361277
0.9718828604536325
0.31413916441219003
0.019373014207858308
0.37698246344820596
0.0051771707337133765
0.5293355318206063
0.26017266747813506
0.03743953453068505
0.2891829425321526
0.708362696770185
0.7862242498457901
0.6529151233974495
0.9033567706879677
0.2854930894729688
0.063208322375923
0.9507624521395277
0.03460581262497486
0.502919878386813
0.874173196513468
0.6420285106714472
0.9430145696756236
0.8064974224107435
0.40636883853106043
0.8319799342563028
0.8222837506482958
0.4359979263024425
0.6856900531511505
0.5568007841766653
0.6873806935649787
0.7394392906711158
0.8874943332508498
0.7843951826234088
0.9756561970715407
0.41100604905833693
0.8228402910919015
0.21030168763978918
0.1686108784124083
0.3594544157542292
0.39040724923787895
0.8420381873569707
0.5903362610280107
0.5487422582095263
0.5478346246464212
0.32284348036359156
0.758180878451564
0.04599849729199046
0.11431399151750155
0.6605023360466789
0.8111940562702578
0.8387031136923291
0.8784303691614364
0.13336404843882077
0.22343961645882815
0.44719973355162446
0.9956176062171684
0.2806688954414329
0.8803720187637989
0.49066319486949994
0.8656352556848976
0.44339127965059055
0.8742961401615019
0.0637606440864904
0.47378341525405965
0.3486051632786318
0.7373639427048349
0.3061206180233118
0.6124614865932176
0.6983977697040118
0.8692057274291496
0.327521178451432
0.6888028178102505
0.597249838711158
0.2330975437708649
0.41554180535942287
0.2352887582012002
0.021603936718533667
0.673930035565729
0.539269128982184
0.9742110609242511
0.15335858335794827
0.986775270823772
0.36713323405972975
0.46235041432708224
0.3751531250243092
0.26978458273398265
0.3955388120205636
0.08755232214805697
0.7293294522728495
0.5010273190810892
0.872556171111823
0.6001724222863172
0.37762991032684967
0.3466885793478911
0.6553737785619764
0.65263227317763
0.7297787518591998
0.24942902090787067
0.13536731176822125
0.29873392633677276
0.2050636003436801
0.5974383369689715
0.6668570385982333
0.04901219361242304
0.11510737044452735
0.757256973688492
0.5280999113144766
0.8001228108612306
0.4879581007599867
0.06680102953889566
0.24056379966698427
0.5334959647894268
0.7172378472110577
0.5926289027549252
0.3967572314573191
0.3811344312538598
0.33774092862649585
0.0159742413315227
0.43220755676416434
0.8774999992862456
0.15518703803840195
0.6957111519334445
0.8194055246293608
0.24532693970659736
0.17829342791855463
0.02476027002831449
0.1431722602907708
0.40555680162399566
0.2299619333879115
0.8018813543917103
0.03428836864706297
0.0729127254960309
0.6362540436709068
0.3127072445064465
0.42086167324607837
0.6118636530936439
0.8452048249790585
0.044399007021041825
0.2601717197764162
0.8903759490216234
0.3356934936788747
0.00035505808824431995
