# browser_rnd sample v1
ua: Mozilla/5.0 (Windows NT 6.0; WOW64) AppleWebKit/537.36 (KHTML, like Gecko) Chrome/35.0.1916.153 Safari/537.36 OPR/22.0.1471.70
appName: Netscape
appVersion: 5.0 (Windows NT 6.0; WOW64) AppleWebKit/537.36 (KHTML, like Gecko) Chrome/35.0.1916.153 Safari/537.36 OPR/22.0.1471.70
platform: Win32
vendor: Opera Software ASA
oscpu: 
cpuClass: 
language: en-US
hardwareConcurrency: 
deviceMemory: 
screen: 1024x768x24
date: Fri Jun 12 2026 06:40:10 GMT-0700 (Pacific Daylight Time)
epoch: 1781271610505
count: 4096
---
0.040792671497911215
0.49561189673841
0.21011279220692813
0.26382263004779816
0.6441791485995054
0.9013074953109026
0.7469217369798571
0.6788821776863188
0.3602895736694336
0.4992761679459363
0.21691818698309362
0.6202703365124762
0.2500766343437135
0.8170736408792436
0.2505629132501781
0.5154854592401534
0.2972426775377244
0.6323816212825477
0.3798054826911539
0.10201628459617496
0.04335051984526217
0.16701575787737966
0.7391560433898121
0.5527964481152594
0.436629545642063
0.4198590957093984
0.9600501817185432
0.877386880107224
0.6391985947266221
0.17582697374746203
0.7866639057174325
0.5339113355148584
0.2659326456487179
0.4909702909644693
0.5104304903652519
0.073580801486969
0.6309420878533274
0.10799927939660847
0.41233567986637354
0.40826402930542827
0.04714116523973644
0.40072333230637014
0.20633910759352148
0.36786751565523446
0.9429710619151592
0.8589970082975924
0.6517008875962347
0.5274330119136721
0.7281690845265985
0.9001173002179712
0.02209131233394146
0.7090920261107385
0.22940964228473604
0.03551409603096545
0.8870824314653873
0.43456800607964396
0.8718334115110338
0.0008037078659981489
0.741943267872557
0.25240610959008336
0.23222045158036053
0.21177137712948024
0.5821728594601154
0.02549469657242298
0.798169004265219
0.7251814799383283
0.3261339985765517
0.5043985762167722
0.8922033554408699
0.2501116602215916
0.450541312340647
0.6228138126898557
0.599989723181352
0.5275288296397775
0.6655204005073756
0.04942294443026185
0.0171974403783679
0.2482712788041681
0.4688820180017501
0.7685648174956441
0.9305316938553005
0.7292872816324234
0.36665601702407
0.061693788040429354
0.38707656785845757
0.9418691624887288
0.7890443308278918
0.2440324886702001
0.17106193746440113
0.6834303536452353
0.2892250418663025
0.01786286337301135
0.30455943988636136
0.050251467153429985
0.2518655175808817
0.28053084341809154
0.967930649407208
0.9904717949684709
0.004964625928550959
0.8939349632710218
0.6179578872397542
0.05761749669909477
0.01117558334954083
0.11513736145570874
0.729092025430873
0.5145957560744137
0.2588937229011208
0.6689692512154579
0.9886964962352067
0.578034347621724
0.6808548520784825
0.28146510757505894
0.37463378184475005
0.48288830113597214
0.7640988947823644
0.23904438666068017
0.2675224347040057
0.40644129598513246
0.8267239963170141
0.7896429698448628
0.36487833759747446
0.45613812166266143
0.9831649388652295
0.30564395105466247
0.1158962391782552
0.7523829641286284
0.27883328194729984
0.1580454979557544
0.8563916818238795
0.7539666001684964
0.2041577931959182
0.5945478887297213
0.14951335522346199
0.08188800606876612
0.21049247030168772
0.11905245156958699
0.4423957779072225
0.6943316424731165
0.4451063007581979
0.4853790756314993
0.2320266724564135
0.9308407390490174
0.1561594728846103
0.7428466263227165
0.025154811097308993
0.7088332648854703
0.49025977053679526
0.5291957233566791
0.026720191352069378
0.3681194700766355
0.632896963506937
0.8795663574710488
0.4197988335508853
0.9682506858371198
0.8846127721481025
0.5251649161800742
0.527178019983694
0.2317103601526469
0.08719837735407054
0.2641044070478529
0.9075495700817555
0.6799024739302695
0.08625817764550447
0.38082843949086964
0.6309424678329378
0.19366296683438122
0.7294412881601602
0.9494410008192062
0.18113319133408368
0.9038671618327498
0.18139943736605346
0.9099881097208709
0.9898494922090322
0.5570278852246702
0.7407327112741768
0.3804097061511129
0.2851793207228184
0.045044790022075176
0.16753923776559532
0.2196445430163294
0.4372504239436239
0.7587339356541634
0.3591464217752218
0.8885773874353617
0.8495407612062991
0.7657460002228618
0.45426437887363136
0.7995925459545106
0.054180301958695054
0.047629478853195906
0.22435125894844532
0.560387916630134
0.8685401594266295
0.8099228949286044
0.9334290907718241
0.7173556368798018
0.3272188534028828
0.2987064472399652
0.34697605995461345
0.25887010735459626
0.34341039252467453
0.002976287854835391
0.4664120024535805
0.530711016850546
0.6236397831235081
0.6788240252062678
0.2106082383543253
0.5160978767089546
0.43905807193368673
0.021436125971376896
0.5911147592123598
0.363190924981609
0.7301586642861366
0.10142911924049258
0.5457371098455042
0.16336735081858933
0.24033412686549127
0.5212266196031123
0.41098676389083266
0.9869756225962192
0.9990183487534523
0.15163006517104805
0.9511794790159911
0.8059408790431917
0.18344891746528447
0.2450829935260117
0.2410448209848255
0.6487315588165075
0.2633037951309234
0.2864548487123102
0.4336083047091961
0.1384615208953619
0.16854145168326795
0.6480709684547037
0.9748311114963144
0.12133515416644514
0.20026255957782269
0.318080275086686
0.1390510939527303
0.7316318387165666
0.0848429873585701
0.4646221697330475
0.9311431343667209
0.7974971402436495
0.7094550300389528
0.858560865977779
0.5006905351765454
0.28645713347941637
0.4997884714975953
0.6763428775593638
0.7277915026061237
0.971045550191775
0.995242201955989
0.2776995978783816
0.5927961003035307
0.1052800000179559
0.7710532338824123
0.27744278218597174
0.7902776841074228
0.6435058380011469
0.7798580243252218
0.3088722398970276
0.16987406788393855
0.9532477187458426
0.7310716793872416
0.9953853592742234
0.7202143443282694
0.4845478078350425
0.25224967557005584
0.3722079226281494
0.42056452273391187
0.04680155776441097
0.2700224176514894
0.07994506927207112
0.8334600522648543
0.6599400928243995
0.08518481184728444
0.578755569178611
0.5336551980581135
0.4679712236393243
0.11870861845090985
0.10124068753793836
0.7505345374811441
0.5370502891018987
0.6935833913739771
0.8091282492969185
0.38581063924357295
0.007902937941253185
0.2595116114243865
0.9594624992460012
0.23737802007235587
0.6513728799764067
0.49879743414931
0.6545288942288607
0.2882291136775166
0.8862520423717797
0.44854423962533474
0.2742498579900712
0.4261733843013644
0.34784348402172327
0.18736349465325475
0.7750846270937473
0.909823389723897
0.36713453591801226
0.7555802392307669
0.6230628888588399
0.4250455005094409
0.812147211516276
0.23923289845697582
0.6268118775915354
0.5929249830078334
0.43321127025410533
0.9744941762182862
0.9273052092175931
0.6760441835504025
0.5493316652718931
0.12601768132299185
0.6805526753887534
0.578958984464407
0.32436028379015625
0.12006364739499986
0.8765131910331547
0.5120253490749747
0.45758745772764087
0.5124564929865301
0.14784615812823176
0.6672040210105479
0.61417311639525
0.8460959293879569
0.6750469277612865
0.12431666697375476
0.7661586832255125
0.7802894006017596
0.42896971642039716
0.5137129782233387
0.003424780908972025
0.5997908434364945
0.7301185524556786
0.609752788208425
0.004721745848655701
0.3265851328615099
0.668236636556685
0.6240341090597212
0.9665889395400882
0.5497479613404721
0.7352607601787895
0.5594369599130005
0.7239124870393425
0.11719861323945224
0.5690360451117158
0.9317782188300043
0.5372097701765597
0.5323559890966862
0.7563497168011963
0.8891536893788725
0.5555898791644722
0.5032182498835027
0.20791826746426523
0.394130967091769
0.7992628547362983
0.9032868153881282
0.758445146959275
0.19144820887595415
0.3355291886255145
0.11107586789876223
0.6523824180476367
0.865954966749996
0.7143443285021931
0.38010452408343554
0.7013406637124717
0.6867165591102093
0.38420328055508435
0.6972508728504181
0.963067150907591
0.16185082122683525
0.7531301872804761
0.9540249083656818
0.8348909434862435
0.11308330344036222
0.5963627961464226
0.30416141217574477
0.9621330010704696
0.044002490816637874
0.11744451918639243
0.8406464385334402
0.9964227776508778
0.7107797267381102
0.17169491853564978
0.5241841343231499
0.20484980195760727
0.35637467401102185
0.9881906500086188
0.28969597117975354
0.7463722652755678
0.4706910278182477
0.08747994992882013
0.62839350476861
0.5482895660679787
0.8738775097299367
0.39490570593625307
0.20495960023254156
0.2721016341820359
0.04409659327939153
0.5979825707618147
0.8402493714820594
0.8809829726815224
0.40823118621483445
0.620174843352288
0.3516554923262447
0.947422529803589
0.27104296279139817
0.012260301038622856
0.9711319690104574
0.468684543389827
0.34540952765382826
0.5874120725784451
0.6993322346825153
0.9397597052156925
0.3984208833426237
0.3528168951161206
0.076209761435166
0.5446988986805081
0.19630676158703864
0.22074238886125386
0.5205930836964399
0.6949220399837941
0.34104392514564097
0.9068608926609159
0.1542868462856859
0.44083323841914535
0.2641222414094955
0.2849756176583469
0.38791174185462296
0.33943504211492836
0.5447613960132003
0.3850032102782279
0.15652428730390966
0.0036118619609624147
0.8460708062630147
0.2259781500324607
0.338344247546047
0.4242900984827429
0.0703879150096327
0.05391952395439148
0.1043071502353996
0.7760623500216752
0.010210161563009024
0.7495478526689112
0.3881278643384576
0.3725123282056302
0.756103782216087
0.3833990937564522
0.9389433020260185
0.25384449400007725
0.49659532913938165
0.11423750221729279
0.41382951149716973
0.7347372928634286
0.7627060075756162
0.9363014611881226
0.12306368607096374
0.9754352490417659
0.12789921439252794
0.3735170552972704
0.08592233899980783
0.1612607107963413
0.6344306198880076
0.9831039654091001
0.24006546824239194
0.7309576186817139
0.8447685958817601
0.4499285153578967
0.6356537991669029
0.3694916267413646
0.896824199706316
0.6961277890950441
0.47303596907295287
0.7335320855490863
0.7521216433960944
0.7110422179102898
0.843591584591195
0.9749385591130704
0.12762060877867043
0.07571836444549263
0.5595531342551112
0.4917861772701144
0.3699589394964278
0.2214213628321886
0.11607743054628372
0.07478852849453688
0.5480758156627417
0.8159918389283121
0.5371412560343742
0.3847786991391331
0.97203185595572
0.02315297070890665
0.24681654735468328
0.9822831368073821
0.07548922626301646
0.6154920945409685
0.6599601833149791
0.582047458505258
0.9198617204092443
0.7794108509551734
0.30003388226032257
0.7307345303706825
0.6791350664570928
0.8169408568646759
0.1395899336785078
0.908400560496375
0.9805128478910774
0.9163958311546594
0.31866637500934303
0.21284878416918218
0.4027723155450076
0.8937669754959643
0.661811628844589
0.39732383843511343
0.47883007233031094
0.6032733325846493
0.7133359650615603
0.9044821241404861
0.7615782702341676
0.3506721288431436
0.8633097363635898
0.11487027793191373
0.22668415284715593
0.960367476567626
0.6788262606132776
0.30449288664385676
0.11924744676798582
0.09332213085144758
0.04111424181610346
0.17748109414242208
0.011692842934280634
0.6285641086287796
0.5942218760028481
0.13372324546799064
0.4991148572880775
0.08667427022010088
0.858653737930581
0.9999869079329073
0.9605857450515032
0.7979744842741638
0.6400216075126082
0.21016664616763592
0.4193770783022046
0.25336643820628524
0.7081900937482715
0.5644596812780946
0.4494031786452979
0.07748466543853283
0.9928318406455219
0.974392443196848
0.13157153851352632
0.29094659141264856
0.37109035230241716
0.7983905852306634
0.0039049885235726833
0.3227062679361552
0.5679228573571891
0.6349393103737384
0.297671684762463
0.47275336110033095
0.6036061171907932
0.5669512951280922
0.868531349580735
0.8117627936881036
0.39229285018518567
0.5087655081879348
0.654278187546879
0.5509992800652981
0.5117456554435194
0.06917849439196289
0.051211669109761715
0.7521510166116059
0.7996214276645333
0.41605448722839355
0.6341244548093528
0.19885138515383005
0.5304391875397414
0.5302090663462877
0.4402928261552006
0.6101031806319952
0.3368580949027091
0.4854750228114426
0.15362361632287502
0.055094450479373336
0.5969432462006807
0.8832931383512914
0.44279382075183094
0.15683337254449725
0.8750267445575446
0.19755333103239536
0.8975785884540528
0.310550827300176
0.8733068101573735
0.012132953153923154
0.9084713773336262
0.3390951359178871
0.2769598641898483
0.7474798788316548
0.5424643002916127
0.39637035224586725
0.8796410823706537
0.7479621476959437
0.6328696336131543
0.42783496412448585
0.8396421705838293
0.6805976433679461
0.6143973784055561
0.0321913855150342
0.21081954962573946
0.23932159109972417
0.13209485192783177
0.565995431272313
0.44999351468868554
0.6732212593778968
0.8338344558142126
0.7959574582055211
0.5211103309411556
0.3353179965633899
0.2994554201141
0.011597733944654465
0.9896288593299687
0.40300660859793425
0.29269782081246376
0.5115190006326884
0.8147933047730476
0.7786895395256579
0.16602394729852676
0.8206387262325734
0.47189863910898566
0.13527307799085975
0.9050368973985314
0.6380568845197558
0.27173018315806985
0.4730757502838969
0.45166794676333666
0.31793421087786555
0.6997297613415867
0.11405260604806244
0.12457284005358815
0.34973188722506166
0.6774394090753049
0.7612680161837488
0.7108812613878399
0.05789686203934252
0.05591977899894118
0.62674281722866
0.42650877055712044
0.5802491412032396
0.9535599637310952
0.4219728377647698
0.8606973169371486
0.45587486936710775
0.38140763132832944
0.32931158947758377
0.40391489933244884
0.5591985646169633
0.1703435000963509
0.6665924796834588
0.467485120985657
0.512223698431626
0.9682512392755598
0.9103756311815232
0.458663749974221
0.14120143558830023
0.0850055196788162
0.08822873560711741
0.18321271846070886
0.8626057382207364
0.24229153431952
0.4056518687866628
0.3208607188425958
0.9422496662009507
0.7411746073048562
0.573705198476091
0.42586547671817243
0.8548693712800741
0.9462478708010167
0.941911949776113
0.7814297676086426
0.1109330914914608
0.26728980289772153
0.18835697253234684
0.8761663727927953
0.1181265558116138
0.619736157823354
0.46370634203776717
0.3508540131151676
0.12614383222535253
0.8557964409701526
0.8709312605205923
0.6676436639390886
0.9016809819731861
0.4452478373423219
0.052606304408982396
0.22997975000180304
0.1689599435776472
0.2018237009178847
0.7713871009182185
0.4384875849355012
0.4973070304840803
0.27044418663717806
0.7338031739927828
0.7144653084687889
0.5738374162465334
0.9278342837933451
0.32316692965105176
0.46907903417013586
0.414156372891739
0.9677977915853262
0.5183131874073297
0.35847196937538683
0.27446218160912395
0.30458767781965435
0.6794566304888576
0.5534289265051484
0.8517478026915342
0.10175666026771069
0.4349464781116694
0.6234679729677737
0.5850629583001137
0.8379878310952336
0.611455564154312
0.2630743561312556
0.09370809677056968
0.3306322335265577
0.5813674028031528
0.28097433038055897
0.14570341305807233
0.28849233873188496
0.4843829742167145
0.06480854656547308
0.29996948409825563
0.1373661309480667
0.05595796066336334
0.4853793913498521
0.1235335583332926
0.21441698423586786
0.06721874722279608
0.27886354294605553
0.5246440595947206
0.8782713091932237
0.6895784111693501
0.8524261226411909
0.40796486800536513
0.8721954261418432
0.6851592562161386
0.9918086871039122
0.46262064622715116
0.6581027784850448
0.5229278262704611
0.47692156000994146
0.7853098649065942
0.08136832318268716
0.9077558962162584
0.25366582884453237
0.4208362072240561
0.7537628333084285
0.45800025179050863
0.10809706407599151
0.3158819149248302
0.9627215438522398
0.6425703384447843
0.8196754378732294
0.03887803456746042
0.3929019155912101
0.4462201315909624
0.7554670895915478
0.6933446344919503
0.687680903589353
0.9478806289844215
0.7294520922005177
0.4385569002479315
0.8797384118661284
0.43266659998334944
0.29563730326481164
0.053955217357724905
0.0035832682624459267
0.25983775896020234
0.8135628723539412
0.12379390839487314
0.045931491535156965
0.29432478710077703
0.967274509370327
0.004886263748630881
0.4933449861127883
0.6553486040793359
0.06436310894787312
0.2617431147955358
0.6834883543197066
0.42980410694144666
0.8220275093335658
0.9184209296945482
0.35805298341438174
0.8577738399617374
0.1826942095067352
0.5971677389461547
0.822406891733408
0.935678887180984
0.7079362235963345
0.2935294227208942
0.6530190645717084
0.6274387128651142
0.14006975200027227
0.4990905390586704
0.8096164998132735
0.25394996046088636
0.41230372013524175
0.8913109742570668
0.7738206321373582
0.2425419434439391
0.12090718909166753
0.18901502550579607
0.8247804804705083
0.03958072676323354
0.22022186103276908
0.9968722281046212
0.9025010718032718
0.5935262409038842
0.663033310091123
0.6195294638164341
0.7120993742719293
0.32429053680971265
0.7630644484888762
0.5136293498799205
0.7024571362417191
0.07808761857450008
0.9375213345047086
0.23809137800708413
0.7499738656915724
0.25872957543469965
0.9463634856510907
0.727470340905711
0.19103683321736753
0.7986474169883877
0.6936951547395438
0.11266129370778799
0.7499337822664529
0.3872964286711067
0.037299784598872066
0.5534963025711477
0.7880047908984125
0.17571272584609687
0.8763738756533712
0.01813885197043419
0.48709931783378124
0.6200823311228305
0.7007028369698673
0.04302801797166467
0.1998231781180948
0.21034508338198066
0.6425191573798656
0.7734272191300988
0.9237606946844608
0.932861170032993
0.15378268877975643
0.246902258368209
0.4128197552636266
0.36934100231155753
0.046456004958599806
0.8427997927647084
0.29079972044564784
0.7811549839098006
0.910559996496886
0.7523743249475956
0.22158285859040916
0.010943927569314837
0.9784894783515483
0.8614046461880207
0.7157703447155654
0.3094488689675927
0.7473140289075673
0.48445478826761246
0.5868620884139091
0.7004439306911081
0.29375585727393627
0.8332972880452871
0.6524931583553553
0.01909131626598537
0.990582685219124
0.6921726637519896
0.2837982033379376
0.7590050369035453
0.3351964021567255
0.13520733127370477
0.4727992690168321
0.3947611004114151
0.5837230742909014
0.23772548604756594
0.9595546941272914
0.9042469230480492
0.3690430293790996
0.6070053395815194
0.7157465950585902
0.9596977327018976
0.5469422810710967
0.429748967057094
0.9474890204146504
0.4081193902529776
0.6869473881088197
0.4848173044156283
0.9829826399218291
0.9677432957105339
0.8404523339122534
0.6088005094788969
0.7484076479449868
0.6432346678338945
0.028176775202155113
0.888195724459365
0.7866611005738378
0.7325438936240971
0.7160205096006393
0.013521949760615826
0.23758148518390954
0.2911626175045967
0.30417748517356813
0.15585693228058517
0.9916489135939628
0.24798254342749715
0.44292965857312083
0.48911007959395647
0.5432606702670455
0.10200064978562295
0.8101126542314887
0.06558469240553677
0.6107978960499167
0.058276145718991756
0.9986017998307943
0.3644439356867224
0.7073293395806104
0.9813028248026967
0.359162206761539
0.22945912997238338
0.7744177256245166
0.9321363782510161
0.007420385023579001
0.7683099485002458
0.06186566106043756
0.5661303042434156
0.6610070250462741
0.5283145951107144
0.9025472064968199
0.29935960937291384
0.2179982152301818
0.36102355900220573
0.033138976665213704
0.4272523862309754
0.07711600232869387
0.016056627267971635
0.34419561456888914
0.4341172880958766
0.6345735883805901
0.5686001579742879
0.990147651406005
0.03832219145260751
0.4027762699406594
0.8451042305678129
0.4925466107670218
0.3907642790582031
0.5373788042925298
0.4485697248019278
0.7346324413083494
0.8206201675347984
0.3516161066945642
0.16684589069336653
0.7580464200582355
0.7366918867919594
0.5481322554405779
0.11583614768460393
0.7047014532145113
0.9542800968047231
0.5613885407801718
0.4744349748361856
0.3477524728514254
0.5278790772426873
0.008136318996548653
0.7603124408051372
0.9583689540158957
0.30168571532703936
0.8936053216457367
0.8453915845602751
0.9270611966494471
0.17887210962362587
0.6316891612950712
0.799726435681805
0.3342388866003603
0.5806471984833479
0.17725887126289308
0.9797749242279679
0.3289814065210521
0.7154441333841532
0.30569708929397166
0.15654792333953083
0.5391521328128874
0.7268327248748392
0.3668887885287404
0.24336445517838
0.06392970448359847
0.060983991250395775
0.1979494101833552
0.9200190687552094
0.46054879459552467
0.7180420733056962
0.7424351470544934
0.6535754422657192
0.7902622066903859
0.46954706427641213
0.18794230581261218
0.12550088483840227
0.09977013478055596
0.9853412476368248
0.07808605418540537
0.016391726909205317
0.4785995874553919
0.3147035092115402
0.5965766503941268
0.2639143546111882
0.4248784580267966
0.6449396261014044
0.887409150833264
0.7386144187767059
0.7160122522618622
0.7363922044169158
0.23876895918510854
0.962144676130265
0.30458579887636006
0.871193582424894
0.2539554792456329
0.708296834025532
0.5163969525601715
0.15430435491725802
0.6107891786377877
0.804196520941332
0.023790458450093865
0.9106190917082131
0.6564963159617037
0.3713317005895078
0.3615090949460864
0.7194273394998163
0.08779732370749116
0.2742280997335911
0.767941857688129
0.44447563076391816
0.07411752245388925
0.371398160001263
0.3144206905271858
0.26903202198445797
0.031016013817861676
0.6450858684256673
0.5658280956558883
0.5259647993370891
0.9371470103505999
0.3923781851772219
0.9378388880286366
0.18102343403734267
0.9488619503099471
0.4329206112306565
0.7760845804587007
0.38066179119050503
0.03503632708452642
0.2857169066555798
0.7075842255726457
0.6993537747766823
0.25209375098347664
0.6438623913563788
0.3215659069828689
0.1133882577996701
0.029718306846916676
0.9016608854290098
0.9885529226157814
0.8546853272709996
0.7572565469890833
0.4296295566018671
0.7755284348968416
0.3421018263325095
0.16818577982485294
0.2918929869774729
0.668366422643885
0.1237749585416168
0.7266253526322544
0.6263700146228075
0.642914145020768
0.1388531238771975
0.19750764989294112
0.8558425751980394
0.7272997931577265
0.09873088309541345
0.19312524888664484
0.8222107484471053
0.19830988766625524
0.8240389476995915
0.6586176136042923
0.10370287718251348
0.07055285898968577
0.03158578183501959
0.18505528452806175
0.30567045719362795
0.45101177878677845
0.28183089499361813
0.0023178120609372854
0.180999610805884
0.13035693508572876
0.042647422989830375
0.07020320184528828
0.6016223127953708
0.20761010376736522
0.5662635613698512
0.21105132973752916
0.5705886499490589
0.39798678713850677
0.44282167428173125
0.5791741020511836
0.16161013604141772
0.18490729900076985
0.832507056882605
0.4021170912310481
0.07710495730862021
0.009052395820617676
0.3640465575736016
0.18200116930529475
0.6336054818239063
0.6535647897981107
0.7599065899848938
0.8889012448489666
0.09540546522475779
0.4545867962297052
0.46799842081964016
0.654298776993528
0.09728348744101822
0.6845062144566327
0.7863244293257594
0.5416224654763937
0.07189413276501
0.6901993516366929
0.7805412411689758
0.8689627437852323
0.6783849373459816
0.1931288877967745
0.9838390175718814
0.5005504162982106
0.8119706972502172
0.1932241094764322
0.9728517660405487
0.7474123290739954
0.6211905763484538
0.12742840545251966
0.6312081578653306
0.8630118335131556
0.8954332903958857
0.4607545672915876
0.6147251788061112
0.8261912886518985
0.08889401657506824
0.3793128505349159
0.028112180531024933
0.6992973419837654
0.22617937391623855
0.922120088012889
0.9461186921689659
0.45125933177769184
0.9215970668010414
0.2500419847201556
0.06460631010122597
0.609914337284863
0.8862244102638215
0.9805861287750304
0.30433168541640043
0.13633241085335612
0.09716417687013745
0.3094851088244468
0.1324756785761565
0.5561547803226858
0.6087166082579643
0.9961902564391494
0.46374997310340405
0.2922836006619036
0.00019989139400422573
0.7062072977423668
0.525592197664082
0.28450513863936067
0.8172800296451896
0.16369392932392657
0.1713557953480631
0.9586829645559192
0.9927705298177898
0.10478219040669501
0.9602092262357473
0.856598624959588
0.8811590471304953
0.4798550356645137
0.41937306127510965
0.32855737884528935
0.7521309049334377
0.598121349234134
0.5470881694927812
0.8383544944226742
0.29264164296910167
0.5175962166395038
0.06550214486196637
0.8563053759280592
0.05520694004371762
0.02345283655449748
0.5676640905439854
0.811501401476562
0.5683953654952347
0.4147659183945507
0.14844602602533996
0.5140978002455086
0.8958002252038568
0.0552387461066246
0.5921229717787355
0.7750010997988284
0.6285614371299744
0.8070451719686389
0.16881985357031226
0.8533072816208005
0.43454009550623596
0.5835945296566933
0.01822759467177093
0.07840918912552297
0.6020483458414674
0.01696538715623319
0.9411772291641682
0.8599503613077104
0.9382653231732547
0.11846430669538677
0.7711920165456831
0.7905304930172861
0.5211718725040555
0.4491111640818417
0.48893874208442867
0.47792984172701836
0.1782091020140797
0.517030886374414
0.7171037415973842
0.7499326597899199
0.5558193307369947
0.6467479739803821
0.10397048923186958
0.807241682196036
0.6472482646349818
0.3752490459010005
0.016655574087053537
0.30145988753065467
0.44867819687351584
0.6206198979634792
0.44882855098694563
0.49783652904443443
0.032165214186534286
0.6206726641394198
0.44799145217984915
0.16254574269987643
0.15658799931406975
0.3356964895501733
0.1684246042277664
0.47247182903811336
0.2699022861197591
0.9680476211942732
0.9392782310023904
0.5509689634200186
0.03356093866750598
0.2872812100686133
0.4260303326882422
0.8420681788120419
0.013079264666885138
0.18684230744838715
0.9229023004882038
0.15515935607254505
0.33826686372049153
0.010431088507175446
0.5310151891317219
0.07297490374185145
0.4837212071288377
0.015299275517463684
0.5163831321988255
0.6822563319001347
0.9160659860353917
0.3802174967713654
0.7093559366185218
0.0692620670888573
0.7792654011864215
0.2746325982734561
0.4889691863209009
0.9869318248238415
0.18428364163264632
0.6308445844333619
0.4659199444577098
0.7834070236422122
0.22531139105558395
0.3314510139171034
0.39573363750241697
0.11020586849190295
0.7762138722464442
0.5212860056199133
0.3968677818775177
0.07493429561145604
0.13577657798305154
0.9955410743132234
0.34245722997002304
0.9213060738984495
0.922054732684046
0.7458163325209171
0.33052466670051217
0.8114298335276544
0.10816053906455636
0.5297098925802857
0.4001981031615287
0.860871183918789
0.795687697827816
0.7886485552880913
0.953852838370949
0.7777340142056346
0.6388955982401967
0.5715496425982565
0.08318993402644992
0.028185239527374506
0.010859341127797961
0.2516317416448146
0.8083597712684423
0.04256848688237369
0.8651236051227897
0.20900165382772684
0.2915278354194015
0.9879863813985139
0.368081048829481
0.06445050402544439
0.5757632066961378
0.8783987988717854
0.9344228270929307
0.8599963169544935
0.772859871853143
0.6679185389075428
0.8931675332132727
0.8616156859789044
0.3166840218473226
0.9504732568748295
0.026075030211359262
0.49615982617251575
0.2436654269695282
0.39761681598611176
0.6598959302064031
0.12718545156531036
0.1808078265748918
0.81930211186409
0.9395213960669935
0.9706819020211697
0.36250650393776596
0.28891428420320153
0.3519109836779535
0.3162468015216291
0.722467624116689
0.5611182854045182
0.3909714890178293
0.18121304525993764
0.14225831115618348
0.5253059107344598
0.8296091898810118
0.5204935676883906
0.1917543956078589
0.8456626874394715
0.750188036588952
0.33166988054290414
0.7244281445164233
0.533705044304952
0.3450523999053985
0.19258873141370714
0.13205906585790217
0.99532700330019
0.43788379919715226
0.6856119628064334
0.2354408041574061
0.16439623478800058
0.8350105464924127
0.1235073481220752
0.03309018979780376
0.5245612931903452
0.13680894183926284
0.8020963873714209
0.6927771344780922
0.10537027684040368
0.47187295905314386
0.3781997899059206
0.7807554414030164
0.6855108183808625
0.37926241056993604
0.3579914083238691
0.5921592456288636
0.41706668166443706
0.9786516162566841
0.7628809581510723
0.35020247427746654
0.22012712247669697
0.4105431481730193
0.817126217763871
0.41058922512456775
0.8200592307839543
0.9447854293975979
0.1651209827978164
0.4163480729330331
0.7548551606014371
0.532065027859062
0.5193926368374377
0.7546418739948422
0.6572664461564273
0.2690316236112267
0.12660735589452088
0.4765262322034687
0.4253930700942874
0.18423350364901125
0.3589889910072088
0.6613279250450432
0.3258536581415683
0.46776606887578964
0.4360561587382108
0.07965283491648734
0.58209586632438
0.5945362523198128
0.9760674247518182
0.6911437429953367
0.319721088046208
0.38889069319702685
0.19386211945675313
0.28666160465218127
0.038945984560996294
0.6384081891737878
0.4431928154081106
0.6168024055659771
0.741334609221667
0.5500232672784477
0.6912876947317272
0.9891728782095015
0.22780301375314593
0.8371039147023112
0.340059767710045
0.1017767374869436
0.8499260584358126
0.5169643035624176
0.5102784840855747
0.2925968214403838
0.589655875461176
0.6717200914863497
0.2692257908638567
0.476531462976709
0.4651495616417378
0.7991807241924107
0.528968540718779
0.9305059548933059
0.10482943477109075
0.7793148490600288
0.39985072310082614
0.5175258137751371
0.7012739921920002
0.3309157486073673
0.7695951557252556
0.8520861859433353
0.29615189717151225
0.6509150716010481
0.15047868224792182
0.6635031565092504
0.13953873747959733
0.7503195472527295
0.3653818347956985
0.64634980680421
0.8014449782203883
0.8454145705327392
0.4590058424510062
0.5360320878680795
0.9310997410211712
0.9809312960132957
0.72979691112414
0.581904455088079
0.15110452403314412
0.07603822438977659
0.4213973032310605
0.020709545351564884
0.4814731068909168
0.7347928697708994
0.8968582889065146
0.3556361962109804
0.5187687533907592
0.5524974309373647
0.7987037724815309
0.6309652181807905
0.5889950376003981
0.7766388037707657
0.4618411068804562
0.3780906463507563
0.8261915410403162
0.02290648641064763
0.744968181475997
0.7445108087267727
0.5811219450552016
0.9351925267837942
0.7182958333287388
0.6147804721258581
0.01329155289568007
0.027001988841220737
0.24311791523359716
0.22915229806676507
0.1655777134001255
0.5815127051901072
0.02318733651190996
0.695584325818345
0.19177304836921394
0.45212843595072627
0.6042215034831315
0.992966442136094
0.6306679286062717
0.34551439294591546
0.5843378086574376
0.6557702186983079
0.8968165551777929
0.4971248861402273
0.05234482907690108
0.5044298272114247
0.37350974162109196
0.1909119258634746
0.46936768875457346
0.6749403758440167
0.06750554242171347
0.7049195084255189
0.8443409244064242
0.6355929567944258
0.3641692998353392
0.5872895231004804
0.47397154849022627
0.9902500784955919
0.9637076971121132
0.9541571566369385
0.4030274236574769
0.5616327333264053
0.7819126041140407
0.9272704129107296
0.06470812018960714
0.4716915625613183
0.02097022091038525
0.23549977503716946
0.09436895255930722
0.31237641465850174
0.8294022388290614
0.5575902343261987
0.012470061192288995
0.9545620263088495
0.6660312975291163
0.6484910489525646
0.9206152057740837
0.4603020176291466
0.25702384975738823
0.6373151931911707
0.7075190781615674
0.40326396306045353
0.9540421077981591
0.2949874692130834
0.48873509326949716
0.5314303000923246
0.7345817883033305
0.007251603761687875
0.6461592081468552
0.07688536588102579
0.8947352550458163
0.41567888925783336
0.6900439925957471
0.08816167339682579
0.9578028535470366
0.7978027451317757
0.293359097559005
0.6110178760718554
0.025315947830677032
0.7391434027813375
0.2344688333105296
0.6134134519379586
0.7842558342963457
0.60175875807181
0.9161177123896778
0.19424214400351048
0.4042582723777741
0.9344792680349201
0.8430892983451486
0.8360564529430121
0.27277574175968766
0.4883015458472073
0.7181570795364678
0.9807626265101135
0.6033508584368974
0.2474159854464233
0.01818330679088831
0.14819403504952788
0.9423278425820172
0.08715647249482572
0.6257667962927371
0.5904976290185004
0.09992187027819455
0.9032312158960849
0.7269895083736628
0.2566397471819073
0.7410824173130095
0.7095996395219117
0.6310645386110991
0.5159249478019774
0.48924104566685855
0.7942151038441807
0.6391003513708711
0.4796768198721111
0.28482708032242954
0.6597844730131328
0.14397910493426025
0.8870099033229053
0.3495154124684632
0.7076658357400447
0.1112525889184326
0.10202765488065779
0.24730608356185257
0.9266279973089695
0.20504699717275798
0.8144800716545433
0.8379502336028963
0.8389461985789239
0.24787267646752298
0.4485905314795673
0.932727916399017
0.7907026174943894
0.6332769780419767
0.9680000767111778
0.20412927377037704
0.09657833399251103
0.7330801924690604
0.5612643221393228
0.18216378171928227
0.7556504954118282
0.9656160685699433
0.741728259017691
0.6178759527392685
0.6210643090307713
0.8607250254135579
0.06903274799697101
0.6391086385119706
0.2774944754783064
0.5899520653765649
0.24397325422614813
0.27906922064721584
0.4774774818215519
0.7549797664396465
0.7797025472391397
0.5517128973733634
0.6514426358044147
0.7017396963201463
0.011783528607338667
0.44768912880681455
0.4162952294573188
0.9971651048399508
0.2548233107663691
0.6363723247777671
0.4198287236504257
0.45808474463410676
0.68793806550093
0.6222883218433708
0.1861651735380292
0.8245101550128311
0.29877427336759865
0.6009261985309422
0.7242709654383361
0.5417076554149389
0.7275240896269679
0.19351068953983486
0.9681386684533209
0.5909150843508542
0.0024536822456866503
0.7765870066359639
0.46182771073654294
0.09924535220488906
0.5991153640206903
0.48858780693262815
0.10680551710538566
0.6243882339913398
0.22299837251193821
0.905869523761794
0.9978219857439399
0.3807565427850932
0.7698092320933938
0.7695201069582254
0.5803490751422942
0.7221414328087121
0.7794515728019178
0.08137574908323586
0.18493965384550393
0.36778834369033575
0.5428839018568397
0.09756620437838137
0.9510907169897109
0.1179259829223156
0.01591632142663002
0.8461744443047792
0.9023535845335573
0.7632692384067923
0.2995189046487212
0.24622411909513175
0.18520273710601032
0.15376106393523514
0.48078916082158685
0.22482240060344338
0.04586909548379481
0.20719442586414516
0.8830656397622079
0.15175635530613363
0.1494330265559256
0.5643067408818752
0.5053808498196304
0.8033331083133817
0.3802743873093277
0.7932240751106292
0.4851707404013723
0.7043848189059645
0.2019624870736152
0.43009267281740904
0.985417427495122
0.5643012642394751
0.7384776251856238
0.11651461804285645
0.02602884522639215
0.42716550291515887
0.4021905604749918
0.07938789715990424
0.5538218051660806
0.9338631534483284
0.45301708998158574
0.9829244350548834
0.8435854711569846
0.05075048585422337
0.32453519362024963
0.0398449650965631
0.09956593299284577
0.3367591267451644
0.39136779750697315
0.36806583288125694
0.6192722406703979
0.8898592230398208
0.3432714797090739
0.6694994291756302
0.7710640770383179
0.7135790176689625
0.412449334282428
0.8077017914038152
0.09798474656417966
0.5531754919793457
0.9496259305160493
0.47786900983192027
0.1913743419572711
0.8631825789343566
0.8398623194079846
0.984333339612931
0.8820697113405913
0.2448959795292467
0.08995703677646816
0.7349018740933388
0.7394713598769158
0.287627644604072
0.756978714838624
0.2526937162037939
0.5340706536080688
0.9053031427320093
0.48924758075736463
0.18159582652151585
0.4190889736637473
0.9477441229391843
0.14514503302052617
0.43675140757113695
0.5367752492893487
0.5872593738604337
0.9644554841797799
0.5041622503194958
0.6090085636824369
0.2793485645670444
0.5980691323056817
0.5787907007616013
0.2343001391272992
0.5016388362273574
0.39947653096169233
0.7483343533240259
0.190759991761297
0.785640946123749
0.856877435464412
0.851304865675047
0.10047361557371914
0.013617845484986901
0.7389012246858329
0.7700220625847578
0.772907632170245
0.47929553501307964
0.351538605755195
0.6775524565018713
0.9923559224698693
0.49815473263151944
0.039009587839245796
0.8126744884066284
0.8904400463216007
0.9924988171551377
0.06693754252046347
0.1981651249807328
0.8252160735428333
0.12801205809228122
0.28339700354263186
0.35228320583701134
0.2853054341394454
0.2677997024729848
0.4381626113317907
0.5015912349335849
0.6198554658330977
0.5223969216458499
0.7074255710467696
0.6982824315782636
0.7343878687825054
0.42907487135380507
0.45267572766169906
0.7080426965840161
0.1106183787342161
0.39153497526422143
0.372080898610875
0.9499876759946346
0.1191495731472969
0.32153009064495564
0.1306215354707092
0.8218345053028315
0.2102854170370847
0.7006617423612624
0.09229425829835236
0.5220301302615553
0.868551540421322
0.07805006438866258
0.4261809417512268
0.571966225747019
0.5521161567885429
0.8429396580904722
0.9412015334237367
0.6478897766210139
0.12321344506926835
0.40443552657961845
0.2605685004964471
0.30887008644640446
0.025076242862269282
0.19372402993030846
0.6758015276864171
0.8836104280781001
0.32007811847142875
0.8555070168804377
0.6273555511143059
0.8024052544496953
0.40603355364874005
0.44763092091307044
0.41092740138992667
0.8511568284593523
0.18788359267637134
0.39542720187455416
0.49370764452032745
0.4559956679586321
0.5096707858610898
0.12264667265117168
0.04940854152664542
0.8658419696148485
0.31563549349084496
0.7128035861533135
0.06545294099487364
0.07426060759462416
0.7751295757479966
0.7147551150992513
0.8830235525965691
0.4568087749648839
0.39588727662339807
0.9333963124081492
0.04425989696756005
0.8494324197527021
0.5785538745112717
0.12203305005095899
0.9156735893338919
0.9745814751368016
0.7347645624540746
0.4767022719606757
0.9408547847997397
0.13284288556315005
0.4239752001594752
0.157780640758574
0.15685085975565016
0.07437778869643807
0.031192443799227476
0.9366920951288193
0.16853174567222595
0.5917993290349841
0.9512808625586331
0.8804350225254893
0.4015311012044549
0.21634358307346702
0.276543655898422
0.18501081503927708
0.5374914556741714
0.6217909879051149
0.9430280583910644
0.04509558458812535
0.1874361971858889
0.8059651826042682
0.24931893963366747
0.9276443037670106
0.8868040253873914
0.664479005150497
0.18956253957003355
0.014004963915795088
0.7343299761414528
0.40180429141037166
0.19443587819114327
0.8855699051637203
0.8753143248613924
0.6983916473109275
0.7329654775094241
0.49848658801056445
0.8219788162969053
0.10109290922991931
0.43721644347533584
0.1680339053273201
0.5301755857653916
0.781615175306797
0.3420136224012822
0.7757600841578096
0.5000290668103844
0.9951202305965126
0.9157764567062259
0.1697857438120991
0.7283552475273609
0.14629275491461158
0.2873544259928167
0.8515913211740553
0.9605100282933563
0.3624860590789467
0.7284345531370491
0.5941400041338056
0.7674492280930281
0.6113256805110723
0.7339905244298279
0.1554094646126032
0.7467802981846035
0.6826739693060517
0.5085531922522932
0.8317089865449816
0.7146954829804599
0.7834946382790804
0.9676306799519807
0.5542299933731556
0.7097645907197148
0.6460411809384823
0.042165102204307914
0.5704399202950299
0.562654527137056
0.5097901120316237
0.3829690751153976
0.06319566140882671
0.7163677343633026
0.9610173632390797
0.8047818050254136
0.9955808066297323
0.3654740492347628
0.38768073241226375
0.1795312014874071
0.4707325554918498
0.4870854776818305
0.4674513591453433
0.6257140536326915
0.5812365540768951
0.8538339459337294
0.02955015213228762
0.04105254099704325
0.04440963105298579
0.3888611604925245
0.5594361312687397
0.627332913922146
0.16221409267745912
0.07247209339402616
0.1797056735958904
0.728718486148864
0.8408230151981115
0.5127451212611049
0.5523648902308196
0.28760236222296953
0.42598077678121626
0.005687501979991794
0.8412479262333363
0.11821186193265021
0.28295131493359804
0.26366499648429453
0.8762361155822873
0.5332430610433221
0.02266032062470913
0.20211577299050987
0.02825090824626386
0.15931445499882102
0.9288940825499594
0.7252558406908065
0.7567035735119134
0.3558912007138133
0.2197103148791939
0.6050666028168052
0.2634762218222022
0.6201747052837163
0.31129774008877575
0.4583383100107312
0.11886007129214704
0.8867910902481526
0.16014598309993744
0.5035975421778858
0.06826407741755247
0.3195101039018482
0.31168900965712965
0.34510070038959384
0.9671615995466709
0.7884531368035823
0.6557635937351733
0.953731557354331
0.510093083139509
0.06848342856392264
0.5036816706415266
0.715638997964561
0.9791142726317048
0.4896816739346832
0.009258699370548129
0.10380293685011566
0.5624343829695135
0.19731904799118638
0.628061497118324
0.4447887660935521
0.6115974485874176
0.6628520609810948
0.27867503464221954
0.34483828488737345
0.21794406743720174
0.5372384479269385
0.8909613012801856
0.6745320076588541
0.9356414587236941
0.10906303743831813
0.014955105725675821
0.27778943069279194
0.9924073610454798
0.22316807275637984
0.07555543980561197
0.5191326984204352
0.8873507564421743
0.5882407759781927
0.906923841452226
0.33851415547542274
0.6812281194142997
0.9064605066087097
0.7208868004381657
0.006826339988037944
0.8352686371654272
0.8195812506601214
0.4196611305233091
0.44211158878169954
0.7593167957384139
0.9558169501833618
0.7378275794908404
0.5150627582333982
0.9048703506123275
0.6768801882863045
0.8783940291032195
0.9626163616776466
0.1264794992748648
0.16049844142980874
0.7045451253652573
0.17848999798297882
0.5990553654264659
0.3953962114173919
0.05069343256764114
0.3630871307104826
0.6277137589640915
0.07805507211014628
0.3590264965314418
0.4681991257239133
0.25237553217448294
0.5982478491496295
0.6383214127272367
0.20502175786532462
0.4552719509229064
0.04563435376621783
0.810260386671871
0.8381097340025008
0.9048385948408395
0.20930849015712738
0.8790834108367562
0.3793255521450192
0.5272635237779468
0.5851615725550801
0.7629258304368705
0.0769505298230797
0.3214151740539819
0.16708585037849844
0.21080943895503879
0.9981190352700651
0.4846080420538783
0.4450346208177507
0.03278143820352852
0.03772754827514291
0.2617134691681713
0.11842174944467843
0.7460692960303277
0.8464571179356426
0.403588839340955
0.8480860402341932
0.14224673272110522
0.43243032065220177
0.6288160460535437
0.4515269307885319
0.8519493204075843
0.6980557821225375
0.592318385373801
0.5789486085996032
0.02094011870212853
0.7077512068208307
0.6925941321533173
0.7331762767862529
0.4003969782497734
0.5423264231067151
0.7901823602151126
0.04440718702971935
0.5977326754946262
0.37916366127319634
0.3817464660387486
0.7208709705155343
0.3028756168205291
0.5756424113642424
0.7142859592568129
0.1838614356238395
0.7477582250721753
0.8141502435319126
0.13396773766726255
0.02161176549270749
0.8519307703245431
0.29935730597935617
0.20388726983219385
0.44895974663086236
0.8910534232854843
0.3228624761104584
0.8823416614905
0.07928990758955479
0.014764954103156924
0.6447855310980231
0.9848281969316304
0.7500316598452628
0.5822430502157658
0.29087350936606526
0.10262579703703523
0.17152186250314116
0.008723800303414464
0.2562440240290016
0.291385238757357
0.4917369200848043
0.45872397208586335
0.13977028196677566
0.8755698835011572
0.23044618521817029
0.04194998415187001
0.551025481428951
0.8986531363334507
0.20560905220918357
0.12316468358039856
0.4446429777890444
0.9614065056666732
0.6996181982103735
0.34170063911005855
0.8976097020786256
0.9083903378341347
0.19186018663458526
0.9055786808021367
0.6914827309083194
0.7130275962408632
0.0737912270706147
0.3121465053409338
0.6413049031980336
0.4958984281402081
0.675192839698866
0.8149171285331249
0.054919208865612745
0.7142724497243762
0.7598507285583764
0.7905311491340399
0.5180055480450392
0.7325723012909293
0.1987744439393282
0.16376632335595787
0.39301468804478645
0.4328070867341012
0.6693310812115669
0.7289708508178592
0.4385291326325387
0.32195140956901014
0.02674841764383018
0.5891688349656761
0.6752189774997532
0.39856573729775846
0.06729826936498284
0.7243208007421345
0.5082158870063722
0.7091864559333771
0.03788771270774305
0.5173650300130248
0.8121092054061592
0.707332267658785
0.10612363670952618
0.1382931775879115
0.010166668565943837
0.7352540292777121
0.13016710057854652
0.5724732798989862
0.6707721711136401
0.9773421341087669
0.13359416322782636
0.37533602328039706
0.5463784923776984
0.9503349948208779
0.5806982519570738
0.18551508663222194
0.8234938310924917
0.6173966925125569
0.7215114918071777
0.0791902334894985
0.01815274963155389
0.5436437309253961
0.9412752802018076
0.958564079599455
0.9768581734970212
0.2914752056822181
0.36560769914649427
0.7007896827999502
0.36619344959035516
0.41021458711475134
0.7237345231696963
0.7296922905370593
0.8372358789201826
0.9894105633720756
0.7296893708407879
0.6325054899789393
0.7309650194365531
0.9541820944286883
0.8957684794440866
0.6203022599220276
0.9970181582029909
0.5234775068238378
0.6090831980109215
0.6788540589623153
0.7641941569745541
0.24545566784217954
0.3735722622368485
0.23400119342841208
0.8679433956276625
0.8447952310089022
0.04576711170375347
0.428285104688257
0.04065432935021818
0.9061708559747785
0.24462901311926544
0.3566647588741034
0.296947683673352
0.011615707073360682
0.2677610535174608
0.5253818002529442
0.2587273712269962
0.6049132985062897
0.4861213315743953
0.9389518178068101
0.5613096973393112
0.7972158682532609
0.5874983926769346
0.49825391196645796
0.5990662849508226
0.7633749530650675
0.1667274811770767
0.6422687424346805
0.02125808480195701
0.5807102946564555
0.20529147679917514
0.1792001868598163
0.5645613237284124
0.2536919638514519
0.6039655804634094
0.1976441820152104
0.49493953329510987
0.9855923552531749
0.6494594784453511
0.5756105065811425
0.25327957165427506
0.0788052654825151
0.9170073985587806
0.22021007211878896
0.9627052673604339
0.33707927516661584
0.48733204579912126
0.8913599294610322
0.910046809585765
0.3030977640300989
0.53192975721322
0.8840102690737695
0.5293835650663823
0.4823914561420679
0.8848810372874141
0.408537870971486
0.19773843698203564
0.11339692235924304
0.9951872667297721
0.9232683163136244
0.0723210759460926
0.603679652325809
0.8494236085098237
0.455708300229162
0.3111916035413742
0.460719701834023
0.6153512955643237
0.2579589521046728
0.6888059868942946
0.4594556619413197
0.578254924621433
0.4368274328298867
0.051655461778864264
0.9405388487502933
0.43783697579056025
0.8338647710625082
0.28797274362295866
0.19625736097805202
0.03387250658124685
0.76485401019454
0.05503987497650087
0.9309004954993725
0.22210715129040182
0.8195604658685625
0.6910465334076434
0.6031479653902352
0.26309808902442455
0.6490421842318028
0.8459230437874794
0.6177013753913343
0.3042408477049321
0.36219833488576114
0.5266152368858457
0.8697840003296733
0.6640646406449378
0.6565772709436715
0.6967048207297921
0.0013496631290763617
0.730766094988212
0.1535004626493901
0.8928852190729231
0.6993422340601683
0.3037612810730934
0.741431892151013
0.13568393187597394
0.5084308285731822
0.4486054580193013
0.284198738867417
0.21933159930631518
0.8932977735530585
0.2459542229771614
0.3319391992408782
0.323850529268384
0.57117028394714
0.024746190290898085
0.13272798177786171
0.2167762944009155
0.008660532999783754
0.15356513787992299
0.08566817943938076
0.3599253483116627
0.9209182457998395
0.9563231598585844
0.984071375336498
0.17453589010983706
0.4616186101920903
0.02785112918354571
0.9822515898849815
0.4567916849628091
0.14471755758859217
0.4927866568323225
0.6566699494142085
0.321895633591339
0.9722742822486907
0.1879853787831962
0.10213391110301018
0.22046656184829772
0.47550900164060295
0.7703559941146523
0.8336013497319072
0.36185091896913946
0.26127526513300836
0.12290712958201766
0.7201580125838518
0.40481420303694904
0.11878543067723513
0.47774609574116766
0.7291202312335372
0.17334801121614873
0.6422651950269938
0.023108568973839283
0.31839082250371575
0.9449504711665213
0.09230709238909185
0.8689581423532218
0.4864840724039823
0.7043526195921004
0.6446738180238754
0.22532834904268384
0.5715908871497959
0.5255271052010357
0.8528552807401866
0.16928415629081428
0.509617229225114
0.20623437641188502
0.44646483892574906
0.1646061644423753
0.7973894181195647
0.5439571039751172
0.7350279630627483
0.09664299129508436
0.9964121663942933
0.22451321478001773
0.6131663755513728
0.3202901538461447
0.6836394635029137
0.9555510634090751
0.6979052869137377
0.83297258336097
0.9098716415464878
0.2197558511979878
0.5960062404628843
0.6421322408132255
0.6315324248280376
0.1406527862418443
0.09554411144927144
0.7553615013603121
0.6438122731633484
0.3466011588461697
0.38449469581246376
0.9000723555218428
0.0897937617264688
0.8505168415140361
0.38775065704248846
0.43005439592525363
0.479582860134542
0.274775987258181
0.9148403115104884
0.6818608387839049
0.7777494813781232
0.8418790034484118
0.7652613704558462
0.808584846323356
0.36813757685013115
0.1297270548529923
0.3842233591713011
0.8207792497705668
0.04215673846192658
0.3403391409665346
0.8989695161581039
0.7233309170696884
0.6165485251694918
0.35827112663537264
0.6771432238165289
0.46598901436664164
0.19043110660277307
0.8516118524130434
0.4911208760458976
0.4619629916269332
0.5290765785612166
0.7882510386407375
0.6300876550376415
0.6931158669758588
0.4703659836668521
0.9385203851852566
0.4710102726239711
0.9963664731476456
0.4924288899637759
0.2023496930487454
0.6204144775401801
0.7554402220994234
0.18427221826277673
0.28748270845972
0.09276903327554464
0.05036478582769632
0.1445899154059589
0.8700556438416243
0.2975536703597754
0.30771413538604975
0.8447821780573577
0.6107420832850039
0.16023668833076954
0.09956898936070502
0.370327923912555
0.8038400351069868
0.5437956110108644
0.9485845097806305
0.5152383372187614
0.03069320973008871
0.8584395197685808
0.0808475324884057
0.44812238961458206
0.5214519703295082
0.3724523298442364
0.9568063758779317
0.7535234214738011
0.14625622355379164
0.7367264158092439
0.21402210369706154
0.9887707440648228
0.8453139388002455
0.5594722079113126
0.312247370602563
0.7284961054101586
0.6954220659099519
0.6002004286274314
0.4513100788462907
0.9404410803690553
0.597514035878703
0.44663991522975266
0.340767087880522
0.818816099781543
0.0617563605774194
0.6284431016538292
0.3775811530649662
0.6714477844070643
0.47009257157333195
0.913649361114949
0.9880601086188108
0.9356551859527826
0.4752976098097861
0.345071668503806
0.45512416516430676
0.5752636068500578
0.7861417739186436
0.1652831556275487
0.16034323791973293
0.9271387646440417
0.3819754698779434
0.05600957991555333
0.39005750324577093
0.31092848372645676
0.7023960128426552
0.906275030458346
0.38091935822740197
0.532527887262404
0.779835132881999
0.9991123189684004
0.7668184058275074
0.29245853424072266
0.1517666862346232
0.2635803979355842
0.4455480289179832
0.4511650959029794
0.10908274631947279
0.15870642196387053
0.7984856420662254
0.6176265205722302
0.8968891003169119
0.8806013262365013
0.453424870967865
0.4963157046586275
0.15104980673640966
0.2156993425451219
0.4960946619976312
0.1812382338102907
0.7292252313345671
0.04244773299433291
0.61245854687877
0.4436194468289614
0.41662863292731345
0.1301706931553781
0.4836343473289162
0.358305555768311
0.1977289521601051
0.09939172957092524
0.03489344078116119
0.41903898725286126
0.07036842731758952
0.773632888449356
0.38894020672887564
0.15688583138398826
0.6964851608499885
0.679665153613314
0.5662330030463636
0.7850267987232655
0.8086206279695034
0.9312934274785221
0.6816427793819457
0.8788112825714052
0.49220210523344576
0.9872131813317537
0.4828393612988293
0.09843394230119884
0.5484834176022559
0.35081985127180815
0.5921265720389783
0.8574111734051257
0.5561907081864774
0.3684927353169769
0.4723040354438126
0.2586325465235859
0.9171684214379638
0.33740343409590423
0.6087493980303407
0.7716727904044092
0.8496080697514117
0.84844725811854
0.679554583504796
0.6568349907174706
0.44103848352096975
0.028952392749488354
0.051830715499818325
0.8938851186539978
0.7945429310202599
0.8860588064417243
0.9650052941869944
0.6251333819236606
0.12465067999437451
0.8863643556833267
0.35469625564292073
0.5075960063841194
0.17435295367613435
0.9828731697052717
0.9294160178396851
0.4348944502416998
0.017763709649443626
0.6722365850582719
0.5897752330638468
0.008156339405104518
0.05638931621797383
0.25641307909972966
0.37174689560197294
0.7781917948741466
0.841307076625526
0.1700841672718525
0.005238137440755963
0.6840173595119268
0.8382942171301693
0.2155242555309087
0.34183220425620675
0.27203479944728315
0.9669607563409954
0.14338404615409672
0.09853361686691642
0.4055975778028369
0.44429827481508255
0.6272120592184365
0.8995090301614255
0.8409764629323035
0.3486092162784189
0.24421992478892207
0.6729708088096231
0.036455014953389764
0.29783153533935547
0.09412006917409599
0.8685626972001046
0.2375709095504135
0.25074701593257487
0.699794624466449
0.21060818433761597
0.5219315253198147
0.22859500627964735
0.20566050033085048
0.05162489856593311
0.3184381630271673
0.78938027494587
0.2043205730151385
0.6714817192405462
0.9794223655480891
0.053840264212340117
0.9636390316300094
0.5777609075885266
0.6550413896329701
0.511435195337981
0.521699570119381
0.13011250435374677
0.6764613278210163
0.8553136573173106
0.10201584035530686
0.17594388453289866
0.8674684041179717
0.1850734909530729
0.8175534091424197
0.15478762052953243
0.6171197367366403
0.516223611542955
0.06182238017208874
0.6593711976893246
0.5535475753713399
0.07674381509423256
0.3595099749509245
0.11136833485215902
0.9567248888779432
0.007774568861350417
0.1881094817072153
0.06380926980637014
0.8149859858676791
0.9997553792782128
0.48721834062598646
0.12436381285078824
0.5502582252956927
0.7016253455076367
0.7529896225314587
0.3162692659534514
0.39194523403421044
0.9576650667004287
0.3730871600564569
0.5102226810995489
0.13717734650708735
0.7686970736831427
0.34746292093768716
0.31227814545854926
0.22703427006490529
0.42835928639397025
0.20648320112377405
0.16381089016795158
0.23163832328282297
0.5917646286543459
0.1324143607635051
0.5195710009429604
0.9890916720032692
0.7857983715366572
0.14653577678836882
0.7645617506932467
0.7888088878244162
0.012229972751811147
0.5578597006388009
0.5246308872010559
0.6772380510810763
0.18532313546165824
0.5045170190278441
0.08353615272790194
0.4224536509718746
0.26164473849348724
0.11038839677348733
0.08470422867685556
0.7819976536557078
0.18841039435938
0.8561457304749638
0.3012531897984445
0.7792073315940797
0.5028492100536823
0.5784955816343427
0.9101064365822822
0.3311492004431784
0.28900771914049983
0.01609835820272565
0.23975626449100673
0.8848676700145006
0.06204340071417391
0.9445108468644321
0.9349444329272956
0.3584346924908459
0.8329909995663911
0.09405258321203291
0.6236607199534774
0.114719501696527
0.3716261563822627
0.5080952835269272
0.38025727355852723
0.4320785030722618
0.28223368246108294
0.24645442957989872
0.3627454817760736
0.2693466329947114
0.6209617545828223
0.811782238772139
0.6020815840456635
0.05791575857438147
0.30439947824925184
0.27317980374209583
0.8683086771052331
0.5474912116769701
0.44192744325846434
0.4490729277022183
0.90920668723993
0.8444554195739329
0.9231452737003565
0.799709151731804
0.1366736509371549
0.6482298290356994
0.0330159452278167
0.27674859785474837
0.7585993562825024
0.8049814652185887
0.5638483362272382
0.3234509089961648
0.386424662778154
0.025432569440454245
0.6282869928982109
0.5792095707729459
0.04980041575618088
0.9637369029223919
0.24958620476536453
0.7116395118646324
0.8564165111165494
0.46595765836536884
0.6827801330946386
0.3820289592258632
0.824348364956677
0.2863240570295602
0.08062131609767675
0.10626069526188076
0.47297092038206756
0.4537510790396482
0.5167829694692045
0.05393817089498043
0.5075936571229249
0.09049829933792353
0.5669823973439634
0.2831193837337196
0.455841914517805
0.6627170688007027
0.7258423632010818
0.277797742979601
0.19062529713846743
0.1450276472605765
0.9950551728252321
0.4226703215390444
0.6981637282297015
0.42440671869553626
0.12247484992258251
0.9585867465939373
0.02737478306517005
0.4772713172715157
0.06010096240788698
0.14140405505895615
0.8774007281754166
0.6897610009182245
0.1980603237170726
0.3259347032289952
0.7327146611642092
0.9334516709204763
0.9746529790572822
0.8550157961435616
0.8875077283009887
0.47012494527734816
0.810353766893968
0.6294199784751981
0.43104158458299935
0.39167822734452784
0.2496495503000915
0.9462638276163489
0.05200092727318406
0.21671693585813046
0.8708639915566891
0.09533057641237974
0.05543015361763537
0.7148254362400621
0.7976500494405627
0.4373708094935864
0.15049193031154573
0.8827949308324605
0.11712302663363516
0.21921359095722437
0.616131380898878
0.4106361644808203
0.6004857162479311
0.6695582091342658
0.9580756300128996
0.9787352047860622
0.5866735950112343
0.4923781752586365
0.2516513920854777
0.5002694500144571
0.31017647963017225
0.7919361465610564
0.04442445398308337
0.8770500768441707
0.24977404018864036
0.31218996993266046
0.5268423738889396
0.038195041473954916
0.043002777034416795
0.736279248027131
0.8205258345697075
0.4003071116749197
0.8937292078044266
0.10347225633449852
0.9537449232302606
0.634923238074407
0.12642472912557423
0.2326577501371503
0.2625363490078598
0.22925489395856857
0.12276374967768788
0.20181447616778314
0.7585084098391235
0.11115554021671414
0.16444188333116472
0.6368327233940363
0.7593272370286286
0.2889361479319632
0.7413683049380779
0.01625511492602527
0.15412691398523748
0.1254509687423706
0.2538715838454664
0.8274099789559841
0.2941764942370355
0.6757550118491054
0.07515385374426842
0.3959025405347347
0.10581045132130384
0.474984475877136
0.25838884385302663
0.4567327434197068
0.8275997575838119
0.6966357256751508
0.6549224816262722
0.31398589932359755
0.5410158655140549
0.06606951681897044
0.17931714747101068
0.4775127593893558
0.5636325748637319
0.3286128321196884
0.6288295516278595
0.4225876161362976
0.9230987215414643
0.8456026699859649
0.8388162995688617
0.7405996075831354
0.9495547148399055
0.4148295756895095
0.37001472688280046
0.3152699312195182
0.8827908805105835
0.16306445049121976
0.7578368503600359
0.8320983198937029
0.033619694877415895
0.4809704904910177
0.5372043412644416
0.4066589283756912
0.8054649634286761
0.10925513529218733
0.6033672611229122
0.28323399601504207
0.6965860482305288
0.6666588596999645
0.008339529391378164
0.42370756925083697
0.3830686784349382
0.7121317523997277
0.8160036876797676
0.8617096908856183
0.24693790636956692
0.44667632901109755
0.07949270308017731
0.5180017417296767
0.25547993229702115
0.4921951820142567
0.8134164738003165
0.6791589253116399
0.39764521876350045
0.3389727580361068
0.9039364452473819
0.6195247676223516
0.7792679851409048
0.706889909459278
0.011064816731959581
0.3444006787613034
0.05744680599309504
0.5890195050742477
0.8955466882325709
0.3361311936751008
0.18152495427057147
0.9822739220689982
0.05729398410767317
0.9786356857512146
0.38375390437431633
0.4139308074954897
0.761653778841719
0.6080026419367641
0.22759667970240116
0.8272859891876578
0.05627013277262449
0.25421596481464803
0.2210781506728381
0.6708604730665684
0.5523083796724677
0.4952185924630612
0.1033024548087269
0.7755667564924806
0.8087534233927727
0.43806554563343525
0.9794836395885795
0.10405201418325305
0.5729548225644976
0.5858491533435881
0.3227505686227232
0.5666612833738327
0.4925750237889588
0.8707761748228222
0.7781366363633424
0.8651503184810281
0.9717464684508741
0.859438942745328
0.7456164604518563
0.6883668054360896
0.509535976452753
0.6780222586821765
0.40112657891586423
0.910490705864504
0.25230297120288014
0.32743885833770037
0.35139832040295005
0.12580303731374443
0.7218207956757396
0.7974135824479163
0.25697176111862063
0.616022989153862
0.46939366520382464
0.3511152353603393
0.8677240393590182
0.9739098083227873
0.45315059763379395
0.503494924865663
0.4770155150908977
0.45283753448165953
0.788479924434796
0.7911954885348678
0.5154251721687615
0.3326949765905738
0.3401725541334599
0.9129037738312036
0.5682846482377499
0.4912720725405961
0.17120449477806687
0.540614235214889
0.4980118877720088
0.12480655452236533
0.6391543787904084
0.1295097430702299
0.556252941954881
0.2808331293053925
0.6292855136562139
0.7739794231019914
0.9577328818850219
0.5948988529853523
0.7725678726565093
0.2963516623713076
0.2534545410890132
0.34683034219779074
0.4580151899717748
0.27346243406645954
0.9299703754950315
0.2747530466876924
0.7615863631945103
0.45390805788338184
0.38548466889187694
0.053558303974568844
0.5003891829401255
0.4855215330608189
0.03567543299868703
0.025556138716638088
0.7610887209884822
0.18324198620393872
0.32903962046839297
0.32982415962032974
0.8693101683165878
0.965664877789095
0.6098905249964446
0.579812899697572
0.9188000259455293
0.2611088373232633
0.48995365179143846
0.8278918261639774
0.0035504214465618134
0.9179817126132548
0.04394848924130201
0.2686476022936404
0.9850023675244302
0.9910481178667396
0.6050353236496449
0.920908474130556
0.7458356930874288
0.88786291773431
0.8526317698415369
0.3667898231651634
0.32668235059827566
0.44212348270229995
0.012221114477142692
0.18237076862715185
0.227276319405064
0.8533082362264395
0.45084900315850973
0.3674653461202979
0.7617212058976293
0.9891703426837921
0.24743936909362674
0.6834046584554017
0.7528692372143269
0.359426383394748
0.9057728599291295
0.08409210736863315
0.8508062129840255
0.6838159381877631
0.4493541345000267
0.9954824110027403
0.3145925123244524
0.7889280824456364
0.11735799815505743
0.6542221554554999
0.6054009539075196
0.5187631119042635
0.3433081181719899
0.4025102132000029
0.9113026109989733
0.30916414596140385
0.504175208741799
0.7051171583589166
0.5907957514282316
0.6985281480010599
0.16304675256833434
0.4276298575568944
0.08392856433056295
0.6504359964746982
0.16893340228125453
0.04022928746417165
0.02678283746354282
0.34707877319306135
0.1348130158148706
0.5055171449203044
0.19300676230341196
0.70503457239829
0.10991275892592967
0.5647981942165643
0.41673228796571493
0.8368935415055603
0.4892009338364005
0.3260608147829771
0.044485736172646284
0.8624433691147715
0.41536109731532633
0.10455511836335063
0.6168667457532138
0.7622155423741788
0.9810685303527862
0.19211400905624032
0.6658490987028927
0.09001525677740574
0.9675710292067379
0.24557868437841535
0.6608616460580379
0.9295345810241997
0.296889889286831
0.056050440995022655
0.20279718865640461
0.5846364186145365
0.9136323709972203
0.7411758422385901
0.5657294418197125
0.6009868739638478
0.9139920386951417
0.43750731041654944
0.692350702593103
0.19664574414491653
0.39604082494042814
0.6491082329303026
0.9982837913557887
0.6738827165681869
0.976146993925795
0.10737685766071081
0.3556275498121977
0.2986492009367794
0.23960785777308047
0.17541468213312328
0.1469995412044227
0.959082470741123
0.2354099894873798
0.6829859823919833
0.22128103021532297
0.4151164721697569
0.4646098390221596
0.7444066514726728
0.5511843615677208
0.882753083249554
0.6711930874735117
0.8709278686437756
0.6161767793819308
0.42882951465435326
0.9585297333542258
0.2763287506531924
0.48840802325867116
0.6709224109072238
0.7421562818344682
0.3427877612411976
0.7059494608547539
0.8811092076357454
0.6013742738869041
0.9725328267086297
0.005910904845222831
0.17599552730098367
0.9559683199040592
0.3634274227079004
0.014243843266740441
0.24399205367080867
0.39737853850238025
0.1988040986470878
0.6279583943542093
0.4934302216861397
0.5020000541117042
0.16349975229240954
0.7375592128373682
0.27531666052527726
0.024417513282969594
0.19494086341001093
0.9815346470568329
0.3986535966396332
0.825645501492545
0.99098442774266
0.44530268874950707
0.19280069321393967
0.06354912696406245
0.07628523651510477
0.8581657188478857
0.07472843071445823
0.6396797632332891
0.8743778329808265
0.6215749650727957
0.13342575752176344
0.20908908220008016
0.48163989232853055
0.8543788082897663
0.0394322220236063
0.7190701609943062
0.30621810513548553
0.6375620116014034
0.1824143435806036
0.23811070411466062
0.8182641905732453
0.9954772738274187
0.4174609708134085
0.3405262667220086
0.3494901054073125
0.2764739457052201
0.8280170308426023
0.17461923393420875
0.8122184888925403
0.5635262762662023
0.4701666657347232
0.2776707708835602
0.8887450802139938
0.8938883065711707
0.02790624462068081
0.9392497313674539
0.7311907371040434
0.22206132649444044
0.9274029636289924
0.4180207720492035
0.6380187848117203
0.5782939444761723
0.32308737258426845
0.6986755873076618
0.8766434050630778
0.9039557706564665
0.04827364510856569
0.17189438128843904
0.9641626935917884
0.09068946936167777
0.3189911018125713
0.8379242531955242
0.42197618330828846
0.8284465509932488
0.3010746147483587
0.7044260597322136
0.9870932963676751
0.3114262942690402
0.7912357365712523
0.21888361778110266
0.6699592778459191
0.10109033738262951
0.3948285502847284
0.5953716398216784
0.25916832918301225
0.7103213623631746
0.601424858905375
0.7613747143186629
0.6414607500191778
0.40940434392541647
0.02281355415470898
0.9558132069651037
0.5324848764576018
0.10365682980045676
0.1989069937262684
0.49783208570443094
0.6836507115513086
0.2838743494357914
0.15074515203014016
0.5799985178746283
0.13667233637534082
0.30814352352172136
0.6069893811363727
0.4199520838446915
0.6804866120219231
0.5456156351137906
0.09423033380880952
0.8894225989934057
0.389810940483585
0.08212896017357707
0.7386720674112439
0.6067779795266688
0.6364463123027235
0.9120680945925415
0.31559593277052045
0.8892253334634006
0.8268262108322233
0.5972024337388575
0.8384748243261129
0.5372085201088339
0.5063471852336079
0.36168063315562904
0.10295778675936162
0.32538381800986826
0.6685405082534999
0.20016961311921477
0.7977111192885786
0.4091691826470196
0.8840223257429898
0.7739784307777882
0.02875454886816442
0.5199477176647633
0.9307903524022549
0.3999693193472922
0.790354291209951
0.0717843493912369
0.8077795703429729
0.39711720729246736
0.615992482053116
0.9508259030990303
0.5224690388422459
0.19381895777769387
0.766260219970718
0.7514382358640432
0.17309202486649156
0.9084847779013216
0.6627835936378688
0.24616139708086848
0.17119565117172897
0.19344547158107162
0.6977096470072865
0.2745827049948275
0.6297631426714361
0.6946094180457294
0.5161874380428344
0.24695780500769615
0.6291548085864633
0.53393848054111
0.779676066711545
0.9324483152013272
0.585366970859468
0.5006150119006634
0.816168412566185
0.8698050889652222
0.023632554803043604
0.8618493634276092
0.5354172412771732
0.8904702262952924
0.4728434393182397
0.4418309845495969
0.47648896533064544
0.9556373001541942
0.3130932664498687
0.17426371783949435
0.25570671656169
0.2998868653085083
0.7964780807960778
0.8522372106090188
0.09188353992067277
0.03605538886040449
0.6075646919198334
0.9393830955959857
0.40223596105352044
0.05867203767411411
0.18987937737256289
0.42156197549775243
0.11951664905063808
0.8659589877352118
0.5657711166422814
0.4722584905102849
0.4771632021293044
0.23237419943325222
0.06268044956959784
0.19436310417950153
0.3968949499540031
0.26259760186076164
0.3903371829073876
0.6661983330268413
0.27940605487674475
0.7293181871064007
0.7427653064951301
0.5120107249822468
0.14147320948541164
0.11870335461571813
0.010200147749856114
0.2874310107436031
0.2077556170988828
0.266905666096136
0.9659359101206064
0.46074652182869613
0.355550202075392
0.0030577483121305704
0.8639217452146113
0.17090260866098106
0.06803040625527501
0.04439625795930624
0.11755494028329849
0.07134661125019193
0.5342892380431294
0.037086992990225554
0.6909478665329516
0.4332071039825678
0.0018222301732748747
0.300832157721743
0.012763758189976215
0.18062490317970514
0.4414986832998693
0.5397137305699289
0.12276775273494422
0.2883888562209904
0.5262297454755753
0.5997908187564462
0.8758935960941017
0.21401157532818615
0.7487518768757582
0.946107120718807
0.4029159115161747
0.6076230485923588
0.15697841299697757
0.4303953954949975
0.5493605500087142
0.3363454749342054
0.9885304411873221
0.41824218910187483
0.5586021076887846
0.30020951270125806
0.7362359929829836
0.05576802231371403
0.027640064479783177
0.9655501416418701
0.42343410779722035
0.6311208449769765
0.5514322030358016
0.3123526251874864
0.6780185003299266
0.3461479365359992
0.30814987514168024
0.6654038708657026
0.7576501762960106
0.6262753279879689
0.9786276726517826
0.5423953381832689
0.34553258982487023
0.8385551394894719
0.8611515040975064
0.9367388864047825
0.2364185939077288
0.07913470268249512
0.04642594768665731
0.20423858263529837
0.7913934090174735
0.9772310680709779
0.9366364583838731
0.3170089835766703
0.8266963281203061
0.20706945401616395
0.8701921701431274
0.824390574824065
0.2589075523428619
0.03417028579860926
0.3588102110661566
0.2735957447439432
0.4117276396136731
0.30147657077759504
0.8376465032342821
0.3982545929029584
0.536111690569669
0.30828531505540013
0.22776863281615078
0.08960714330896735
0.317172905895859
0.6575847992207855
0.002352936891838908
0.12223319057375193
0.379717614967376
0.5656545248348266
0.10608030832372606
0.5411400778684765
0.238685640739277
0.5135822521988302
0.7197742641437799
0.543146243551746
0.9357226027641445
0.46654741023667157
0.3002009119372815
0.4317334908992052
0.1257794452831149
0.46539886156097054
0.16257551847957075
0.7190981374587864
0.8982067659962922
0.8877415047027171
0.9433591021224856
0.974561883835122
0.18484407803043723
0.6650655055418611
0.5891531840898097
0.5743722699116915
0.6517260768450797
0.005711021833121777
0.4618405723012984
0.16313285706564784
0.03458931460045278
0.8603475727140903
0.9349063416011631
0.7773262320552021
0.10537001071497798
0.49545139935798943
0.16105524124577641
0.8450904053170234
0.14631704217754304
0.8775550851132721
0.4793733609840274
0.7748310142196715
0.5300736457575113
0.9990337081253529
0.3030576533637941
0.9990894109942019
0.3550676302984357
0.23079247400164604
0.3097692453302443
0.4673867663368583
0.4609829478431493
0.39890172774903476
0.1416888516396284
0.9906982418615371
0.9569430043920875
0.43531391746364534
0.5536882586311549
0.5236822704318911
0.3889951503369957
0.2024938033428043
0.10099184536375105
0.3127149313222617
0.2441868509631604
0.10530593362636864
0.23149786470457911
0.06603526906110346
0.5353620799724013
0.5532733753789216
0.023339859442785382
0.4759460939094424
0.8012912923004478
0.009659143863245845
0.718928548740223
0.7885127041954547
0.4230332833249122
0.05352524947375059
0.9532087952829897
0.8621629704721272
0.3710816614329815
0.9576601726002991
0.3672643236350268
0.2783272536471486
0.8494725578930229
0.4802965894341469
0.49643453769385815
0.3891442895401269
0.7043047721963376
0.7810527335386723
0.35291932499967515
0.8558375672437251
0.7706310912035406
0.9584775792900473
0.25633550994098186
0.22914675273932517
0.16927557764574885
0.056895842077210546
0.5025237440131605
0.5217952528037131
0.8005689338315278
0.9177324874326587
0.8049928196705878
0.8870530149433762
0.09146482055075467
0.5175150169525295
0.33647053339518607
0.21023562620393932
0.7288577824365348
0.35875197988934815
0.6308269598521292
0.9569192968774587
0.7773197274655104
0.11150464229285717
0.5826325230300426
0.3622566012199968
0.4407161073759198
0.09151709079742432
0.22952516749501228
0.09390745824202895
0.9459988446906209
0.9897363285999745
0.6153037070762366
0.5690000003669411
0.2342024496756494
0.5471429899334908
0.8521805417258292
0.9070594520308077
0.9215236720629036
0.9830103500280529
0.6471568930428475
0.7513167101424187
0.9092999342828989
0.6016710882540792
0.5568566950969398
0.5654415821190923
0.2519436364527792
0.8182919903192669
0.5569852136541158
0.8564278087578714
0.4228402052540332
0.726564654847607
0.5944657875224948
0.62222845479846
0.044811015017330647
0.8003325921017677
0.32356088724918664
0.4041169942356646
0.46112541295588017
0.16950532351620495
0.30392582435160875
0.6607565607409924
0.9940206988248974
0.8852693147491664
0.800610305275768
0.5767221376299858
0.6495660522487015
0.41338892350904644
0.7980981604196131
0.7180331037379801
0.8365562735125422
0.4390978035517037
0.668432158883661
0.2801151101011783
0.5558399357832968
0.7945741305593401
0.3494557552039623
0.5665896262507886
0.3847286496311426
0.1437694113701582
0.1856140203308314
0.6534389345906675
0.1255931502673775
0.902498354902491
0.350590658839792
0.5084829472471029
0.3449863016139716
0.07025992497801781
0.8012119920458645
0.5024308301508427
0.056386598851531744
0.3942340554203838
0.7087716220412403
0.47786475950852036
0.12421981012448668
0.7594126060139388
0.5401299358345568
0.7396459586452693
0.5791956908069551
0.8020224771462381
0.42200777819380164
0.37608724320307374
0.2891639063600451
0.8168718123342842
0.6367487572133541
0.2683071340434253
0.73734948085621
0.401013161521405
0.6964302195701748
0.9112679183017462
0.5546498086769134
0.22230422752909362
0.06053346558474004
0.15620709373615682
0.33666619658470154
0.7342143452260643
0.2611843626946211
0.5537795592099428
0.14807521225884557
0.8610748609062284
0.3501098845154047
0.5745677631348372
0.9309632745571434
0.4822628686670214
0.4874380344990641
0.8836133934091777
0.26755182165652514
0.14380682748742402
0.7105867636855692
0.5880770636722445
0.06940757273696363
0.2548523382283747
0.9353380566462874
0.4155702826101333
0.7495950993616134
0.33761653187684715
0.4655660700518638
0.28870117058977485
0.4770989501848817
0.06590109854005277
0.09443568880669773
0.380380381597206
0.5473194657824934
0.23881854047067463
0.0247288690879941
0.7612402616068721
0.9712447116617113
0.6292836607899517
0.9664807915687561
0.5994469521101564
0.8645312648732215
0.49015373759903014
0.620837302878499
0.6427493146620691
0.07024365453980863
0.6054125395603478
0.6347595304250717
0.9622381574008614
0.08794538956135511
0.13016869500279427
0.3919917270541191
0.7422370375134051
0.9379551382735372
0.2303363485261798
0.10757637675851583
0.7723862004932016
0.8145785825327039
0.9479006342589855
0.04366762889549136
0.9793457614723593
0.4846712686121464
0.5550984966102988
0.18925445643253624
0.12819283944554627
0.45195293542928994
0.5194343070033938
0.5687801574822515
0.3039295105263591
0.772081563482061
0.29285685205832124
0.40265962830744684
0.6854776097461581
0.7161943367682397
0.06746521848253906
0.8799520109314471
0.23273028922267258
0.8667510820087045
0.09618290443904698
0.6684117764234543
0.9056829630862921
0.4973108978010714
0.4007054581306875
0.05302829877473414
0.02462755306623876
0.7576625668443739
0.7264320706017315
0.17840121360495687
0.932206470053643
0.23535170312970877
0.8390314432326704
0.47398158838041127
0.0604517871979624
0.5534472709987313
0.9579793226439506
0.273409609682858
0.23290106025524437
0.7646990590728819
0.32229910348542035
0.5306376107037067
0.18933238578028977
0.7943185560870916
0.5072594503872097
0.16280282195657492
0.9131313897669315
0.4223636048845947
0.09884115820750594
0.05986132984980941
0.8535357036162168
0.5865252648945898
0.6692228773608804
0.8200614124070853
0.016906599747017026
0.8866678844206035
0.9011293591465801
0.4686546321026981
0.7682473014574498
0.07517091557383537
0.7005096483044326
0.26637472468428314
0.6233153017237782
0.7498236848041415
0.577908470062539
0.10483452444896102
0.6810081182047725
0.9377676276490092
0.8673809804022312
0.724543716525659
0.6348267623689026
0.3895726629998535
0.8287889973726124
0.4261643758509308
0.5024681042414159
0.5094751750584692
0.5108824616763741
0.44346424541436136
0.32124617090448737
0.20222043246030807
0.06327093695290387
0.06008530734106898
0.7471617790870368
0.6266892342828214
0.5039372253231704
0.6112888022325933
0.10287171858362854
0.722038661595434
0.6945499889552593
0.705432808957994
0.49918282264843583
0.6402059446554631
0.47274477570317686
0.42027909005992115
0.7771795126609504
0.45246800873428583
0.901572304777801
0.43348314822651446
0.07937973598018289
0.5625494169071317
0.4211033864412457
0.8587113667745143
0.20853286562487483
0.6461974976118654
0.9694760907441378
0.25363229494541883
0.8804003694094718
0.3705307769123465
0.9250809515360743
0.0781962878536433
0.9513595358002931
0.13134823669679463
0.3809886951930821
0.7105718217790127
0.3753957182634622
0.5437222344335169
0.4350113160908222
0.861997737782076
0.15954001061618328
0.34372684895060956
0.8305965436156839
0.3145918804220855
0.7429541009478271
0.021089531015604734
0.5417324576992542
0.8102967632003129
0.534081841353327
0.33959444612264633
0.37376101152040064
0.6061341715976596
0.8240990377962589
0.8876277219969779
0.6921049575321376
0.8609649492427707
0.5500195594504476
0.7246544840745628
0.498112935340032
0.12789240456186235
0.9615946798585355
0.2360218446701765
0.8366537196561694
0.9776425361633301
0.47750183823518455
0.5074078005272895
0.8627056621480733
0.28445130540058017
0.7959764220286161
0.925573693588376
0.1191758532077074
0.8723623570986092
0.6717062348034233
0.06922448077239096
0.9322834424674511
0.5990417383145541
0.326747017679736
0.6221825596876442
0.13369628903456032
0.9492586250416934
0.6691404005978256
0.24825842678546906
0.3718290717806667
0.4488583388738334
0.9861281178891659
0.3954453959595412
0.995097124716267
0.32897022855468094
0.4408943688031286
0.42811983171850443
0.0837698569521308
0.5835073643829674
0.2474674207624048
0.12793681817129254
0.7281830930151045
0.06756046926602721
0.556243863189593
0.9847365729510784
0.05240856297314167
0.7556898323819041
0.4870825968682766
0.5468938229605556
0.46151011856272817
0.17991036106832325
0.46190153900533915
0.3270021644420922
0.32395447161979973
0.52156787738204
0.5684354705736041
0.8915809849277139
0.8361847950145602
0.7957126421388239
0.060578067088499665
0.15256757591851056
0.6977775001432747
0.3784892405383289
0.14139746502041817
0.6873615498188883
0.9386779812630266
0.5985867166891694
0.9638086659833789
0.7967162986751646
0.49854220845736563
0.955054150428623
0.7239327998831868
0.5063291788101196
0.1349216285161674
0.501691039884463
0.20823986362665892
0.2489932798780501
0.905688768485561
0.6591809785459191
0.442948458250612
0.16141951782628894
0.5222292204853147
0.512533160392195
0.5599864232353866
0.6994699097704142
0.44153046631254256
0.2420286440756172
0.5482465322129428
0.9296738365665078
0.05372203327715397
0.7191911640111357
0.5407981227617711
0.9966737094800919
0.367179439868778
0.6162706851027906
0.9613156295381486
0.07453776127658784
0.0437329716514796
0.12994418572634459
0.4761218836065382
0.17690193513408303
0.5376807099673897
0.9654209828004241
0.056230169953778386
0.7350894827395678
0.07594470866024494
0.9112818881403655
0.660470308503136
0.8657149695791304
0.2554177741985768
0.47385694389231503
0.6671395383309573
0.5897680404596031
0.0067331993486732244
0.12577803223393857
0.06808388861827552
0.86827158392407
0.9326550448313355
0.5136075308546424
0.1920967292971909
0.25669781723991036
0.42841068329289556
0.3300556424073875
0.0793815297074616
0.5337212339509279
0.44402712280862033
0.644091579131782
0.5574444767553359
0.17256845510564744
0.3743847736623138
0.9913428428117186
0.7324313928838819
0.8213241014163941
0.1769050897564739
0.6339349469635636
0.7862747514154762
0.6910549195017666
0.5938645077403635
0.7382041539531201
0.10592578933574259
0.5221956265158951
0.9394223503768444
0.9360744743607938
0.9899824298918247
0.07372467825189233
0.2740639424882829
0.9757759277708828
0.30413104267790914
0.5102728405036032
0.23324916092678905
0.24369502230547369
0.8819693450350314
0.08661310840398073
0.8501086384057999
0.8586231591179967
0.655197576386854
0.6568004798609763
0.876599648501724
0.05580211244523525
0.9032582261133939
0.9935013630893081
0.4728778463322669
0.02820950816385448
0.3983384184539318
0.7045380955096334
0.9659825002308935
0.4192480470519513
0.9546927430201322
0.010053482605144382
0.7322988242376596
0.03830038011074066
0.05205028550699353
0.07885351497679949
0.6973641971126199
0.8296962275635451
0.9625855071935803
0.5552369649522007
0.11074675503186882
0.5795230627991259
0.48197317332960665
0.09179340139962733
0.25986472610384226
0.3958073139656335
0.4843680572230369
0.8159086857922375
0.12526784976944327
0.09251014981418848
0.2651337601710111
0.5902309271041304
0.25935808243229985
0.33360170712694526
0.7193801044486463
0.24354278482496738
0.2292749099433422
0.39629081450402737
0.3982083897572011
0.297756856540218
0.8008715808391571
0.1529089251998812
0.31712662102654576
0.8387637622654438
0.7567660612985492
0.5028234478086233
0.2934215117711574
0.6440645470283926
0.9577978570014238
0.9528041237499565
0.5860448265448213
0.0533652005251497
0.21042394428513944
0.995807031635195
0.38210799382068217
0.3057445748709142
0.9000834820326418
0.06782618234865367
0.6229878379963338
0.839159497525543
0.09147515869699419
0.5041611632332206
0.36559137026779354
0.48125717393122613
0.9274143483489752
0.7691144568379968
0.09604464913718402
0.131777910515666
0.94957604422234
0.5239057966973633
0.40291828382760286
