# browser_rnd sample v1
ua: Mozilla/5.0 (Windows NT 5.1) AppleWebKit/534.57.2 (KHTML, like Gecko) Version/5.1.7 Safari/534.57.2
appName: Netscape
appVersion: 5.0 (Windows NT 5.1) AppleWebKit/534.57.2 (KHTML, like Gecko) Version/5.1.7 Safari/534.57.2
platform: Win32
vendor: Apple Computer, Inc.
oscpu: 
cpuClass: 
language: en-US
hardwareConcurrency: 
deviceMemory: 
screen: 800x600x24
date: Fri Jun 12 2026 16:51:16 GMT-0700 (Pacific Standard Time)
epoch: 1781308276979
count: 4096
---
0.727953357854858
0.9650523187592626
0.4476100862957537
0.8010655485559255
0.6593111730180681
0.3038649340160191
0.08300520619377494
0.902884483570233
0.4141036211512983
0.0856002967339009
0.3773265623021871
0.3271978592965752
0.419714777963236
0.028212705859914422
0.576622074469924
0.709633742691949
0.47195811360143125
0.633884524460882
0.27703360468149185
0.9721831020433456
0.2618359175976366
0.21058116224594414
0.38951481389813125
0.37482703593559563
0.17143729492090642
0.9928043477702886
0.09679676569066942
0.44068068941123784
0.6581915772985667
0.10993505758233368
0.6805856262799352
0.5168501259759068
0.4639498288743198
0.054028000915423036
0.4711326325777918
0.31141225481405854
0.18814494833350182
0.9300905060954392
0.004265819676220417
0.16186834243126214
0.9626703641843051
0.28665055497549474
0.939074486028403
0.13290441082790494
0.10374818067066371
0.4247963314410299
0.06120644835755229
0.8958295900374651
0.6538850502111018
0.23040434811264277
0.22950950963422656
0.8148844842799008
0.7641162795480341
0.3831664768513292
0.840057609602809
0.49739819183014333
0.46718800556845963
0.07960870442911983
0.7621320271864533
0.3727546934969723
0.5125627715606242
0.4873316560406238
0.42827620822936296
0.5987237566150725
0.6479811198078096
0.42651719064451754
0.9929693564772606
0.995087370974943
0.796372894430533
0.6408079422544688
0.1769077000208199
0.18753329711034894
0.7341976158786565
0.6611983729526401
0.24401123262941837
0.7115878767799586
0.5261339379940182
0.14293277077376842
0.8141647481825203
0.4872111985459924
0.746588428504765
0.03932339302264154
0.7572706376668066
0.9051772302482277
0.016808133339509368
0.8764677015133202
0.40240835933946073
0.8517607790417969
0.46370602678507566
0.37116223596967757
0.7924481818918139
0.9806547451298684
0.26664073136635125
0.9108645617961884
0.6746900035068393
0.4135243524797261
0.07493900693953037
0.6206675253342837
0.1055248964112252
0.82371283066459
0.8118958484847099
0.18604737613350153
0.7666011936962605
0.70819903886877
0.9727784122806042
0.41937677981331944
0.10935973934829235
0.9419508320279419
0.5737642219755799
0.6698464343789965
0.18356640520505607
0.5191334469709545
0.7599211840424687
0.7849827611353248
0.005482262000441551
0.6662413261365145
0.8385199562180787
0.12934356671757996
0.6748140074778348
0.300442002248019
0.7571435507852584
0.9069790069479495
0.4304153781849891
0.7868488752283156
0.7993654205929488
0.8830480489414185
0.9908288200385869
0.5022739085834473
0.06986323860473931
0.6740521544124931
0.47289990494027734
0.2319753293413669
0.23096053232438862
0.9561837445944548
0.1408178862184286
0.46472879964858294
0.7550851004198194
0.3007019751239568
0.14889762713573873
0.6480431822128594
0.2991915149614215
0.2555127164814621
0.9772875839844346
0.19230285612866282
0.6254689784254879
0.2259354111738503
0.6200013225898147
0.7435792149044573
0.2879110479261726
0.9068240539636463
0.8964212236460298
0.03295459318906069
0.9168023830279708
0.6823731353506446
0.8095669124741107
0.3905133290681988
0.6853781740646809
0.6332425368018448
0.5053606210276484
0.14148711296729743
0.46874443045817316
0.07305293646641076
0.10834959102794528
0.41825306531973183
0.6706020459532738
0.2840027422644198
0.396033032797277
0.8091881363652647
0.15125000849366188
0.6693417844362557
0.0013196479994803667
0.5038955823983997
0.8242356011178344
0.45194288715720177
0.3285779694560915
0.8139075965154916
0.1902615635190159
0.1140951537527144
0.5863587011117488
0.4365643300116062
0.9492219553794712
0.42858784180134535
0.5799002831336111
0.5719580266159028
0.6401927873957902
0.11366908671334386
0.9700822145678103
0.8309245673008263
0.8262757221236825
0.9858338439371437
0.7727412895765156
0.3118367495480925
0.7837311634793878
0.6397809288464487
0.3569827568717301
0.25296266353689134
0.4450869478750974
0.947275215992704
0.30489745014347136
0.7405224030371755
0.5979642949532717
0.5077550280839205
0.060995129868388176
0.2652939895633608
0.460660066222772
0.4325230645481497
0.8785039517097175
0.5604357291013002
0.20182973961345851
0.801526932278648
0.3582815208937973
0.1852757609449327
0.26506487326696515
0.589396100724116
0.5501197820995003
0.08742158208042383
0.7855996538419276
0.3693209229968488
0.49573083082214
0.39118282892741263
0.12451188964769244
0.7023430746048689
0.14923231955617666
0.6320133283734322
0.8002278709318489
0.7087194169871509
0.3193997179623693
0.18299820739775896
0.15659797098487616
0.1473019844852388
0.0728325869422406
0.7192266597412527
0.5204181387089193
0.9255988688673824
0.7755355853587389
0.0037208583671599627
0.3574818195775151
0.7933229189366102
0.8689400861039758
0.38454880635254085
0.7021804314572364
0.7105485710781068
0.8354954631067812
0.19050882407464087
0.536632196046412
0.6145752153825015
0.30286683002486825
0.48498610593378544
0.33884095773100853
0.9092470682226121
0.9533600178547204
0.8929877986665815
0.23221796215511858
0.2524202265776694
0.48044195771217346
0.5930590257048607
0.6582877384498715
0.1454949292819947
0.9014404080808163
0.4457909103948623
0.44609452155418694
0.7896499852649868
0.8301749636884779
0.5053365076892078
0.39761569048278034
0.20375329698435962
0.4416833233553916
0.8655785291921347
0.12737324321642518
0.23311351821757853
0.2608911255374551
0.9550559902563691
0.69869679142721
0.6409352032933384
0.8184295839164406
0.9085903917439282
0.5958839415106922
0.6618406260386109
0.8609594802837819
0.1751538102980703
0.3899089724291116
0.9741266418714076
0.23744676844216883
0.4226972374599427
0.42013485031202435
0.9116655355319381
0.7783251435030252
0.9607162456959486
0.1047085898462683
0.8916703534778208
0.10949407238513231
0.5142185192089528
0.049790259916335344
0.32917243242263794
0.24840650078840554
0.4207161881495267
0.3291059040930122
0.8866344825364649
0.9661943423561752
0.9673630432225764
0.5267060848418623
0.15898100729100406
0.08727403031662107
0.7861039733979851
0.0913683904800564
0.9915640705730766
0.20723245339468122
0.45758953550830483
0.3169162895064801
0.47198045696131885
0.2292416002601385
0.3247667280957103
0.9843127457424998
0.976448055356741
0.5325468697119504
0.5569845489226282
0.66171422181651
0.887272815220058
0.9825263670645654
0.5018278690986335
0.946885708021
0.20430982345715165
0.9554375396110117
0.816892399918288
0.9395077833905816
0.6007886780425906
0.9062841017730534
0.7606624646577984
0.061712721828371286
0.7530687092803419
0.21214162022806704
0.2265668564941734
0.8254178687930107
0.9507868918590248
0.08587135095149279
0.06684058834798634
0.9336229029577225
0.31302929553203285
0.40339287160895765
0.874108899384737
0.5938212948385626
0.25918677472509444
0.9104582872241735
0.5507696515414864
0.5471057142131031
0.9744146196171641
0.06526031997054815
0.7943251265678555
0.5798265389166772
0.7802094973158091
0.8579836976714432
0.7259630889166147
0.3493088069371879
0.28358806297183037
0.4924986094702035
0.1465757240075618
0.8909244898241013
0.4225768903270364
0.21686599450185895
0.9644600513856858
0.2530434485524893
0.10759276547469199
0.9592171250842512
0.9724786169826984
0.050090492935851216
0.47206937707960606
0.7522964382078499
0.4652752529364079
0.7101481771096587
0.4122587088495493
0.34032097761519253
0.16948668286204338
0.5426298165693879
0.39367597131058574
0.9481467888690531
0.6958015500567853
0.6940284490119666
0.18610679754056036
0.21885501476936042
0.6248748358339071
0.16474915319122374
0.5327536147087812
0.605902859242633
0.12069660518318415
0.7643197665456682
0.016152405878528953
0.13614471396431327
0.08819396886974573
0.6763566883746535
0.1847078250721097
0.6695027528330684
0.8593986451160163
0.7359968430828303
0.2114937563892454
0.5886899586766958
0.10769878327846527
0.9777193288318813
0.6219253216404468
0.927789916517213
0.997674343874678
0.941181052941829
0.5380466687493026
0.2610847447067499
0.5455112105701119
0.26389358239248395
0.4349026186391711
0.11800730950199068
0.18503016931936145
0.780202352674678
0.7646221609320492
0.46579803922213614
0.19395113782957196
0.6293684644624591
0.7686617858707905
0.2644375136587769
0.6869636469054967
0.04660219792276621
0.36527409264817834
0.21184577234089375
0.34528954536654055
0.061690135626122355
0.15245919581502676
0.9460483167786151
0.5487402125727385
0.1135571263730526
0.06837042979896069
0.7813934902660549
0.24208863195963204
0.6009750650264323
0.1832330720499158
0.22720806091092527
0.39928678795695305
0.15003189002163708
0.13106888788752258
0.5028296250384301
0.7173348446376622
0.24874461768195033
0.968368315603584
0.19541460392065346
0.0963685610331595
0.11126893595792353
0.7335091687273234
0.6029226074460894
0.08496309537440538
0.17533515742979944
0.9741305559873581
0.803513168822974
0.02593852928839624
0.9202886554412544
0.9704585114959627
0.8726041896734387
0.7643719252664596
0.41906202328391373
0.6083824494853616
0.5202193257864565
0.18196257506497204
0.36950470553711057
0.5000748946331441
0.04806437925435603
0.1349859971087426
0.7651210257317871
0.0594875062815845
0.7206335570663214
0.3088614309672266
0.7196605484932661
0.5702935517765582
0.2250879982020706
0.059011671459302306
0.13987139472737908
0.5025681199040264
0.6977229509502649
0.06245632586069405
0.291361088398844
0.08524336968548596
0.03966999566182494
0.3826992812100798
0.5326614871155471
0.988451483193785
0.630092904670164
0.8723782170563936
0.15499267517589033
0.7311017231550068
0.34478059643879533
0.7481948244385421
0.6512419958598912
0.4019087818451226
0.5023000873625278
0.2492000951897353
0.3373092922847718
0.9989607492461801
0.9878150173462927
0.5289440737105906
0.4917190361302346
0.4033746381755918
0.0682835727930069
0.6085011195391417
0.9141540366690606
0.0978897635359317
0.5003630192950368
0.4880216084420681
0.16934136836789548
0.31046437309123576
0.25816844846121967
0.25061954627744853
0.7763854616787285
0.1478106842841953
0.019000448985025287
0.3304183662403375
0.7454667284619063
0.10040634265169501
0.5233583846129477
0.6317451954819262
0.5015291543677449
0.1645858627744019
0.41360872285440564
0.7893794486299157
0.08904905477538705
0.3253957729320973
0.8693162705749273
0.11237436113879085
0.27976036560721695
0.3687121281400323
0.28013496403582394
0.567241843091324
0.9709138483740389
0.9903720642905682
0.19438273133710027
0.4318288783542812
0.13435229775495827
0.8435138990171254
0.3017389364540577
0.8395230728201568
0.9002152401953936
0.3223125101067126
0.21129711042158306
0.9173587621189654
0.29113393765874207
0.31216249451972544
0.7518277512863278
0.4059296674095094
0.035029105842113495
0.730849671177566
0.7582797838840634
0.17642631940543652
0.004195689223706722
0.7018091604113579
0.20007671951316297
0.8628990792203695
0.45197404362261295
0.5208088825456798
0.20162247749976814
0.20299899578094482
0.6175000877119601
0.97856729128398
0.8573933879379183
0.46185523946769536
0.9356062989681959
0.6206552514340729
0.6094545009545982
0.16652540815994143
0.5320186670869589
0.03025995218195021
0.8013722335454077
0.21722766873426735
0.9362469613552094
0.5208660999778658
0.6415946362540126
0.34854450821876526
0.36389362695626915
0.6476330691948533
0.44335701572708786
0.451270850840956
0.5436398449819535
0.5816811237018555
0.23660501558333635
0.565383110428229
0.9319949923083186
0.1402864723931998
0.8709997069090605
0.7645477950572968
0.09659884870052338
0.4910390677396208
0.016279100440442562
0.16333403764292598
0.7190348212607205
0.8446332975290716
0.911009234143421
0.8354014391079545
0.6383462802041322
0.06979563273489475
0.6043500462546945
0.7667526826262474
0.7526850893627852
0.5715778497979045
0.09910081210546196
0.9430522029288113
0.08446628251112998
0.8820389709435403
0.48779921839013696
0.07916908129118383
0.1736670103855431
0.36361659062094986
0.26292638713493943
0.6926755788736045
0.42838750034570694
0.47325656353496015
0.4854389827232808
0.3579020770266652
0.45715047465637326
0.25728952419012785
0.4273262429051101
0.3810527855530381
0.18480383954010904
0.9986787813249975
0.1055547958239913
0.43758216965943575
0.6211410854011774
0.959387022536248
0.2045152902137488
0.13516957475803792
0.6295299858320504
0.662967661395669
0.6974415704607964
0.6769881590735167
0.9192073293961585
0.9139646193943918
0.24168648291379213
0.06341031519696116
0.6198904197663069
0.7199223875068128
0.13488414301536977
0.2033683678600937
0.5888972044922411
0.19563781609758735
0.7439917996525764
0.4146582263056189
0.6242485612165183
0.9606890410650522
0.8846705693285912
0.8227762579917908
0.3399638030678034
0.08287434047088027
0.5507240062579513
0.09715217282064259
0.9106212770566344
0.3324701767414808
0.9544212776236236
0.09619945753365755
0.7671844037249684
0.2038126396946609
0.27568919281475246
0.05316476058214903
0.7451353298965842
0.47351180925033987
0.827970401616767
0.45425553782843053
0.13119214097969234
0.9796034733299166
0.44429679680615664
0.030232764314860106
0.960025860927999
0.8404455480631441
0.8655053602997214
0.0508658392354846
0.8860667822882533
0.5011502150446177
0.1101436777971685
0.21585634048096836
0.41677593952044845
0.3003975960891694
0.6296783040743321
0.9998401482589543
0.9263064281549305
0.7467309969943017
0.8380027108360082
0.2590451445430517
0.9550168795976788
0.11367291887290776
0.9095229413360357
0.64613016997464
0.5835923803970218
0.6906060478650033
0.6289249102119356
0.9228116478770971
0.006867404095828533
0.6917603828478605
0.5297867094632238
0.9529120118822902
0.845649816095829
0.15603493386879563
0.7111377140972763
0.6380889522843063
0.9525226149708033
0.6295678501483053
0.09566336520947516
0.22699363250285387
0.31438660784624517
0.014806653605774045
0.7577276325318962
0.5847415034659207
0.35052589955739677
0.1472304763738066
0.12560409074649215
0.9443993798922747
0.4568807117175311
0.8903164844959974
0.42744439211674035
0.06943555432371795
0.6716720424592495
0.5138397244736552
0.32888553687371314
0.5001297015696764
0.657839530846104
0.9870529281906784
0.30331925372593105
0.4365383528638631
0.5199598418548703
0.15062347147613764
0.47287216666154563
0.8362369213718921
0.14504408440552652
0.2763141943141818
0.47055336530320346
0.5994196310639381
0.5784341238904744
0.8506698075216264
0.9391062201466411
0.6469515827484429
0.6475821791682392
0.6219313356559724
0.19018186000175774
0.2467206574510783
0.820071816444397
0.7817081676330417
0.36332724895328283
0.7147615172434598
0.025735061848536134
0.013678848277777433
0.9113449393771589
0.2676498650107533
0.3348962313029915
0.7276548168156296
0.28197578294202685
0.5427808249369264
0.20479780714958906
0.3545367461629212
0.00018295482732355595
0.07029153290204704
0.7763568407390267
0.24873885954730213
0.525454287417233
0.8731936810072511
0.19529098342172801
0.3593826580327004
0.6307551246136427
0.9274842387530953
0.29419724829494953
0.492178168380633
0.8619380930904299
0.3103076093830168
0.9652265526819974
0.6983311406802386
0.13893726142123342
0.840594869107008
0.5141777396202087
0.9553524516522884
0.7366393692791462
0.8927089951466769
0.9644212261773646
0.6616163738071918
0.7044231954496354
0.7967102034017444
0.714774964377284
0.7217239714227617
0.8535737812053412
0.6162834854330868
0.17573961964808404
0.8686844313051552
0.5685561939608306
0.9329452104866505
0.46448301733471453
0.7906684812624007
0.4719059045892209
0.5195820915978402
0.5457567076664418
0.47115248651243746
0.6800662858877331
0.7348916188348085
0.5028040937613696
0.9175614332780242
0.3721317588351667
0.465110908029601
0.41174484114162624
0.4249292977619916
0.9064078689552844
0.9924648082815111
0.8125066133216023
0.8847455880604684
0.022940764669328928
0.8049626175779849
0.19408938963897526
0.20030324696563184
0.6319603486917913
0.3437460095155984
0.27255537011660635
0.9953660017345101
0.10829674359411001
0.2456784623209387
0.9396775022614747
0.8004471370950341
0.999680601991713
0.9637197128031403
0.19460501451976597
0.6883315939921886
0.24178302637301385
0.4766317487228662
0.9991350008640438
0.7714102987665683
0.3767404626123607
0.6710927009116858
0.010479077696800232
0.04653706448152661
0.18929660296998918
0.2677097641862929
0.420354196568951
0.5462313522584736
0.5777398936916143
0.09925163048319519
0.9916783329099417
0.05974052241072059
0.643117947736755
0.5091909640468657
0.9795767839532346
0.16425412916578352
0.3429916671011597
0.42927219439297915
0.339182301890105
0.5471681607887149
0.6555882745888084
0.7317562063690275
0.2050907234661281
0.8610858861356974
0.021162495017051697
0.8229518220759928
0.7112540132366121
0.19490622449666262
0.02112170890904963
0.9002272163052112
0.8590005615260452
0.8879528865218163
0.19547713757492602
0.30026072543114424
0.697736794827506
0.38716361462138593
0.05038450215943158
0.9448495586402714
0.5516542941331863
0.658447852358222
0.13952917023561895
0.424298835452646
0.5133816790767014
0.16000446351245046
0.3908043163828552
0.4807698691729456
0.9440087624825537
0.7121365319471806
0.4457691595889628
0.23941938648931682
0.140105766011402
0.6627783759031445
0.19772659242153168
0.7617638378869742
0.26845510536804795
0.05580832320265472
0.09209741046652198
0.42581829940900207
0.5838194254320115
0.9294363057706505
0.20674775820225477
0.2968310466967523
0.29205824341624975
0.793680622940883
0.9116334263235331
0.9781911377795041
0.8825612696819007
0.5660854356829077
0.5719090842176229
0.8024486284703016
0.24447291833348572
0.9927977961488068
0.2047995156608522
0.15427694888785481
0.2616170917171985
0.1668362852651626
0.7787394835613668
0.2454918441362679
0.573678188258782
0.16760979732498527
0.23714516125619411
0.5439019792247564
0.7026310269720852
0.8721376447938383
0.5299834425095469
0.642160760704428
0.9370484529063106
0.6338975480757654
0.9700914958957583
0.746752452570945
0.745958162471652
0.4373203655704856
0.987978306831792
0.8948035170324147
0.48658132017590106
0.7232632229570299
0.6317107214126736
0.27867883490398526
0.25963804963976145
0.6623727325350046
0.9449298330582678
0.5520038700196892
0.3080880483612418
0.3488841666840017
0.3121793563477695
0.13790795719251037
0.22539821616373956
0.21240970585495234
0.20980761689133942
0.8891128746327013
0.7276074525434524
0.03587039979174733
0.39224110869690776
0.895266463747248
0.060209182323887944
0.8064102611970156
0.6467369378078729
0.9425498084165156
0.27739233849570155
0.7948257972020656
0.10880926996469498
0.4384790437761694
0.11525962688028812
0.7228086332324892
0.7773068347014487
0.148745970800519
0.932705739280209
0.4528105256613344
0.4928940022364259
0.8965094413142651
0.13444044650532305
0.3152254659216851
0.5574861611239612
0.9118967952672392
0.4791182123590261
0.3810203482862562
0.8204193266574293
0.09229189134202898
0.6249718421604484
0.9632086483761668
0.6137546109966934
0.40771018876694143
0.48816198436543345
0.4652015392202884
0.1946696958038956
0.8144451268017292
0.23154558474197984
0.5586938473861665
0.10593333607539535
0.0989905009046197
0.19233514391817153
0.8191962481942028
0.6077318955212831
0.687643792014569
0.4813373873475939
0.46613537170924246
0.6529736365191638
0.9384727070573717
0.34403656236827374
0.7208857096266001
0.6274918911512941
0.5976947597227991
0.41058376687578857
0.31513745710253716
0.4609161578118801
0.6747642275877297
0.0966325483750552
0.7555273931939155
0.8436148893088102
0.5893765084911138
0.4122238690033555
0.9490635651163757
0.2244597845710814
0.8155466963071376
0.10294994595460594
0.4652579149696976
0.14557873154990375
0.7961879854556173
0.9204498631879687
0.4673206899315119
0.6611359305679798
0.19788517011329532
0.7939261132851243
0.727113030385226
0.7920241137035191
0.5968055655248463
0.3508347147144377
0.7559869652613997
0.5698719583451748
0.9066478151362389
0.7558514282573014
0.9196900574024767
0.16778227291069925
0.30698861950077116
0.6411094900686294
0.22759761358611286
0.5408517592586577
0.5053990944288671
0.5849553626030684
0.9695030036382377
0.6532147559337318
0.03982312325388193
0.845597580075264
0.926009701564908
0.7408145752269775
0.533826642204076
0.9064715369604528
0.4687715140171349
0.8288327360060066
0.629915228812024
0.0020759576000273228
0.9296641857363284
0.28146166587248445
0.9625716439913958
0.14867968205362558
0.07372939120978117
0.2051968965679407
0.26482695154845715
0.4449380161240697
0.6486068079248071
0.9351561767980456
0.16975520248524845
0.02124616247601807
0.35404401388950646
0.948083340190351
0.8574641968589276
0.8987496427726
0.48048331402242184
0.45883927401155233
0.45387206552550197
0.3767687133513391
0.7082481642719358
0.2537969187833369
0.5907625623513013
0.5619471366517246
0.6761551860254258
0.09103586967103183
0.8025462096557021
0.14674451132304966
0.6733770873397589
0.7392640414182097
0.44595157355070114
0.3660045063588768
0.32101230951957405
0.03341187187470496
0.8845378612168133
0.16192623414099216
0.24824940087273717
0.7715550507418811
0.9021879106294364
0.9594834053423256
0.8365091888699681
0.4347657689359039
0.21275660884566605
0.8331941564101726
0.6615149674471468
0.1556994344573468
0.18462113104760647
0.7815504427999258
0.9224849939346313
0.13171530235558748
0.3809112145099789
0.06512518157251179
0.7767909548711032
0.2817116652149707
0.047088871942833066
0.8547942810691893
0.49129339144565165
0.5882788682356477
0.21676612552255392
0.9744201367720962
0.5621330845169723
0.4800032861530781
0.501539743039757
0.4163183399941772
0.7627653845120221
0.27904557692818344
0.4967739584390074
0.0407619324978441
0.8773848267737776
0.6727816869970411
0.47419184376485646
0.16441459278576076
0.7669042928609997
0.29880190966650844
0.039811642607674
0.8934773656073958
0.6237902666907758
0.033861818723380566
0.5169486447703093
0.6121364722494036
0.4537360668182373
0.978499379940331
0.8454955364577472
0.15110256895422935
0.5646762317046523
0.09292078576982021
0.22092958795838058
0.6267213586252183
0.22293133102357388
0.6626075995154679
0.949153792578727
0.9896205512341112
0.00873695919290185
0.8303709386382252
0.2652313432190567
0.5419286724645644
0.7200310004409403
0.5542309782467782
0.2382049101870507
0.39200863568112254
0.4649735977873206
0.7617049007676542
0.1060864485334605
0.6012772729154676
0.02842880110256374
0.8594001308083534
0.25587653974071145
0.9896796615794301
0.5007633422501385
0.38161565992049873
0.30072034639306366
0.04617212456651032
0.020074739819392562
0.7219422943890095
0.03595157293602824
0.9839715359266847
0.40425209305249155
0.3150871372781694
0.11563128791749477
0.6927158313337713
0.19807779719121754
0.7979424805380404
0.3277819314971566
0.21381474565714598
0.4741365413647145
0.3974805462639779
0.06766500091180205
0.34374476899392903
0.8511747808661312
0.6356153611559421
0.36909730616025627
0.21093834843486547
0.316420792369172
0.5302888727746904
0.11909846519120038
0.46363926446065307
0.7531047090888023
0.9135929853655398
0.5868624919094145
0.5641008575912565
0.42173469299450517
0.7345042009837925
0.1314887604676187
0.04305865173228085
0.7305098748765886
0.2643902248237282
0.9113874731119722
0.434448636835441
0.20531577756628394
0.9595629952382296
0.2647948479279876
0.2042769705876708
0.3089436427690089
0.05291695869527757
0.14106255467049778
0.9919042864348739
0.7475544658955187
0.7852663360536098
0.05565592832863331
0.36362005956470966
0.4645495058503002
0.441292324103415
0.6999213295057416
0.9103446523658931
0.12357947835698724
0.8047031038440764
0.7273365228902549
0.15842247544787824
0.9658230864442885
0.7381007536314428
0.4653948098421097
0.874053280800581
0.5896655314136297
0.543782900320366
0.12345377239398658
0.5571733477991074
0.3604470635764301
0.06712830811738968
0.1962943768594414
0.42007180373184383
0.31759453169070184
0.6846870114095509
0.14213047875091434
0.29932836233638227
0.719157780520618
0.3790720892138779
0.9022735105827451
0.3329058347735554
0.585801150649786
0.9190274248830974
0.15516808861866593
0.024863095954060555
0.3817249359562993
0.06100170384161174
0.20425864565186203
0.8954579539131373
0.22879266552627087
0.881235437002033
0.25195226492360234
0.8019295956473798
0.9182138969190419
0.6443977078888565
0.4710269554052502
0.9164164997637272
0.8820188727695495
0.48115453007631004
0.9167401993181556
0.3759064788464457
0.6730998712591827
0.21236943849362433
0.995090123033151
0.3729741720017046
0.7549720543902367
0.1231701523065567
0.4768757082056254
0.4010682147927582
0.6822469672188163
0.6952172189485282
0.40885199420154095
0.5863306003157049
0.4105942065361887
0.7608829971868545
0.047955421498045325
0.6742996226530522
0.4421756970696151
0.4107608161866665
0.015887608053162694
0.6212009536102414
0.057825572323054075
0.7466545109637082
0.5866422865074128
0.6121401637792587
0.2531656043138355
0.7495966050773859
0.6012668251059949
0.2620711817871779
0.9984566459897906
0.7547065105754882
0.10053479019552469
0.40319277718663216
0.8002256217878312
0.5449610860086977
0.07330145570449531
0.46106409817002714
0.33467073435895145
0.35384881729260087
0.5625410669017583
0.9803557039704174
0.8607727149501443
0.7307751725893468
0.9426122044678777
0.8369488327298313
0.9191658284980804
0.011367579456418753
0.5566721125505865
0.19123340537771583
0.9913479532115161
0.2897149510681629
0.35899072932079434
0.7753860801458359
0.4364901839289814
0.9915207289159298
0.46484619169496
0.7872130335308611
0.2077775434590876
0.5312689016573131
0.3921936184633523
0.34662571526132524
0.35514648724347353
0.12760572647675872
0.14391037356108427
0.8291723143775016
0.9849084296729416
0.29187123756855726
0.6983101475052536
0.7770281080156565
0.41431742697022855
0.2214363261591643
0.7870469554327428
0.4323026144411415
0.3394685904495418
0.7083394508808851
0.7373937587253749
0.5779068572446704
0.022235841490328312
0.5887747276574373
0.8700019475072622
0.24708826444111764
0.2230336011853069
0.9996557023841888
0.7053474250715226
0.6234283964149654
0.6013935068622231
0.12426494876854122
0.15133938961662352
0.6532346124295145
0.5117991487495601
0.9090484098996967
0.9456816166639328
0.6852022933308035
0.5974666520487517
0.3519449047744274
0.19065669318661094
0.1970763059798628
0.1098967285361141
0.819004773395136
0.7428482477553189
0.4916310023982078
0.20986644783988595
0.6978810620494187
0.9215264066588134
0.6643605472054332
0.7069520335644484
0.6895547413732857
0.23016817728057504
0.10246496507897973
0.04721313784830272
0.11067604296840727
0.3263030054513365
0.9812225822824985
0.7718423649203032
0.6017564861103892
0.45535669033415616
0.4536951556801796
0.017055202974006534
0.39816319150850177
0.08946879510767758
0.5829703554045409
0.28420385625213385
0.6071147015318274
0.4993905802257359
0.19076560088433325
0.33488037437200546
0.3755582356825471
0.6154359397478402
0.8560891628731042
0.161812735022977
0.22363929031416774
0.31240708753466606
0.11117417202331126
0.2219943213276565
0.15329514327459037
0.037256352603435516
0.35632550972513855
0.22893701610155404
0.9255539730656892
0.3400101773440838
0.48181500867940485
0.28505857288837433
0.9403381424490362
0.2825570113491267
0.22089622193016112
0.44029614166356623
0.47373527963645756
0.41481726081110537
0.5783518843818456
0.5617965960409492
0.1562162304762751
0.19758862582966685
0.7764797629788518
0.7625325680710375
0.48169944481924176
0.2838291747029871
0.9416329914238304
0.714208637131378
0.9459308939985931
0.04169137356802821
0.8421580120921135
0.06595055270008743
0.5998305457178503
0.5588916498236358
0.1463013517204672
0.7748199186753482
0.14245338272303343
0.5115969453472644
0.21571966516785324
0.8180009776260704
0.7441044070292264
0.6025570516940206
0.7576326956041157
0.5526670494582504
0.4767451558727771
0.3362711356021464
0.5671476717106998
0.8589692765381187
0.5386369756888598
0.7796006065327674
0.35171587602235377
0.8497264927718788
0.3232398813124746
0.8199031255207956
0.9621862662024796
0.5922824181616306
0.1659739869646728
0.7825945452786982
0.4101081674452871
0.5529529605992138
0.5822722367011011
0.6326235339511186
0.08786441339179873
0.8419955389108509
0.42144460161216557
0.6166559793055058
0.6061634481884539
0.57380744908005
0.6648568361997604
0.34234933904372156
0.8333601388148963
0.5505015735980123
0.6820687772706151
0.7523994499351829
0.69576371810399
0.7122052828781307
0.9387998548336327
0.9794708429835737
0.3728217009920627
0.38746458967216313
0.4112819416914135
0.7165461804252118
0.2302466770634055
0.3362336144782603
0.6323992661200464
0.7769490473438054
0.7683625807985663
0.8140535217244178
0.02961225714534521
0.9164970905985683
0.7174529044423252
0.875118836062029
0.5447347068693489
0.035173601005226374
0.47370551573112607
0.5749811993446201
0.35316523793153465
0.7754799234680831
0.36619761399924755
0.006955633405596018
0.7314655994996428
0.9480801937170327
0.9502103235572577
0.5006098884623498
0.9870985366869718
0.4942545455414802
0.964697859948501
0.9024558768142015
0.7143041144590825
0.7147076528053731
0.8757043743971735
0.8325574456248432
0.9879902093671262
0.4175874046050012
0.916953215142712
0.2716734493151307
0.48860377608798444
0.7231062480714172
0.8002199805341661
0.3260118165053427
0.945778604131192
0.9277605128008872
0.0218873277772218
0.7387071221601218
0.9794698597397655
0.5857134128455073
0.94891715538688
0.818311044247821
0.23452048609033227
0.17101265513338149
0.2928147464990616
0.007491092663258314
0.044000048423185945
0.7389253366272897
0.10154902120120823
0.1088805531617254
0.6970397825352848
0.9973447653464973
0.7820476284250617
0.8509266886394471
0.7599446382373571
0.9202327367383987
0.4812912836205214
0.49550433619879186
0.4576226589269936
0.3016430551651865
0.3239715965464711
0.9712314975913614
0.7673477495554835
0.8093811087310314
0.3169897876214236
0.27635182277299464
0.3030387186445296
0.5584856814239174
0.08912797062657773
0.3513139651622623
0.3239698214456439
0.6221366133540869
0.9031522881705314
0.4495736346580088
0.16850375174544752
0.14115665713325143
0.06312039191834629
0.9415624691173434
0.4631096557714045
0.0426365714520216
0.9612127719447017
0.7323150485754013
0.4234278737567365
0.6169621183071285
0.6941780443303287
0.8112851232290268
0.35209473851136863
0.20312961377203465
0.8278420376591384
0.8091054728720337
0.6987007721327245
0.9149322083685547
0.7732728673145175
0.7599682558793575
0.5889212940819561
0.44415162364020944
0.2631789678707719
0.30238666851073503
0.12064307602122426
0.49320598621852696
0.26930034765973687
0.6586686898954213
0.9610200789757073
0.8226795371156186
0.3596056206151843
0.7070124028250575
0.06490901275537908
0.24203662131913006
0.7190307795535773
0.7272228901274502
0.3326044746208936
0.9527242900803685
0.07768399454653263
0.5145465317182243
0.2523358133621514
0.2630294421687722
0.34371651802212
0.5956373922526836
0.077692202758044
0.09943778160959482
0.31713151023723185
0.4104656830895692
0.5692848411854357
0.5109170763753355
0.8319986674468964
0.06715469993650913
0.32004296872764826
0.9256732922513038
0.4402382718399167
0.41097145597450435
0.7918979097157717
0.979874019511044
0.16208245046436787
0.5358833794016391
0.4894512954633683
0.0058489039074629545
0.6453574209008366
0.12089427770115435
0.02522781817242503
0.4533625019248575
0.14136593602597713
0.275784362340346
0.7975577141623944
0.5335083997342736
0.3311424092389643
0.40472862985916436
0.35601294809021056
0.08110474259592593
0.7780500170774758
0.561619091546163
0.10609926050528884
0.2645444755908102
0.39470721362158656
0.134615998249501
0.9313374029006809
0.796662182547152
0.5180812212638557
0.9542795293964446
0.6008874920662493
0.301211120095104
0.01170416665263474
0.8957031101454049
0.5461804510559887
0.7753694849088788
0.6832650499418378
0.21027869451791048
0.786761109251529
0.9250629974994808
0.6026763229165226
0.2722422578372061
0.21759043564088643
0.7733605795074254
0.498878076672554
0.5124461790546775
0.22405027993954718
0.1344517502002418
0.3396571381017566
0.019618920981884003
0.014635790605098009
0.4548391322605312
0.07588371192105114
0.9293342733290046
0.5946740007493645
0.8937191157601774
0.008100143168121576
0.09119897987693548
0.1477617765776813
0.19496899633668363
0.16229283902794123
0.8599397938232869
0.7107197006698698
0.13341222191229463
0.8438877784647048
0.4138606167398393
0.5676438708323985
0.47463029832579195
0.2117713843472302
0.7017522586975247
0.7900934149511158
0.1062044131103903
0.8627737571951002
0.254092994146049
0.0056895180605351925
0.6411665054038167
0.9021852368023247
0.9279553890228271
0.7286070941481739
0.967358241090551
0.7298861409071833
0.4882110410835594
0.5570763535797596
0.2712735089007765
0.16731377504765987
0.22950816596858203
0.4306206745095551
0.9706041589379311
0.29885205533355474
0.6518320441246033
0.2002148844767362
0.21824819524772465
0.2675513532012701
0.6668631022330374
0.628516843309626
0.19660829682834446
0.8347078058868647
0.15885100769810379
0.3665656039956957
0.5169173364993185
0.4849783245008439
0.8148658296559006
0.137274534907192
0.6514460791368037
0.0492226358037442
0.7828538068570197
0.8181449556723237
0.47701920941472054
0.9371264753863215
0.46404268639162183
0.9088825974613428
0.8461838478688151
0.6671134431380779
0.7761797201819718
0.3198934532701969
0.46299161412753165
0.007055358029901981
0.7756241448223591
0.47527124756015837
0.02306293649598956
0.1222450714558363
0.24488838482648134
0.041963699739426374
0.2117624378297478
0.3536269539035857
0.9401814874727279
0.31828391226008534
0.9570691995322704
0.34673481597565114
0.8192995523568243
0.6411697920411825
0.3703648201189935
0.2660856156144291
0.490223228931427
0.06307622068561614
0.6198135260492563
0.5756798589136451
0.8073496448341757
0.325792912626639
0.34957652422599494
0.3819231865927577
0.6347117349505424
0.019732502987608314
0.760509699350223
0.09537152224220335
0.6951579442247748
0.9932760901283473
0.45736666582524776
0.5546940262429416
0.5552818716969341
0.6356034250929952
0.22453144006431103
0.435445767827332
0.35227903141640127
0.2893193669151515
0.45406501926481724
0.6792049400974065
0.12826500018127263
0.8566192497964948
0.13735239673405886
0.40221151849254966
0.6118306429125369
0.8226024725008756
0.7878320626914501
0.8620863242540509
0.05145954806357622
0.8665023080538958
0.37533577834255993
0.6609728999901563
0.8363544552121311
0.47831461392343044
0.45758506818674505
0.3836604207754135
0.04162696446292102
0.578655814519152
0.8800371084362268
0.08455696515738964
0.5824318702798337
0.8946534420829266
0.5422413358464837
0.4046829827129841
0.7851329094264656
0.736668718745932
0.3241362585686147
0.9209560416638851
0.023226121673360467
0.41840204619802535
0.08619977068156004
0.9640662253368646
0.7841181359253824
0.490245854947716
0.7666810734663159
0.9918472000863403
0.4709720057435334
0.8651996133849025
0.8308996269479394
0.7778875976800919
0.35942428885027766
0.30743472184985876
0.4266057109925896
0.8431576984003186
0.8373685057740659
0.2742089689709246
0.3250054141972214
0.645845954073593
0.8973181417677552
0.2759328451938927
0.4450599441770464
0.8036814290098846
0.2249983351211995
0.8747467512730509
0.6617043446749449
0.37624662509188056
0.9953782986849546
0.4041266404092312
0.5395675010513514
0.33138011093251407
0.8939582169987261
0.9066841735038906
0.8216540636494756
0.11002741078846157
0.055722063640132546
0.15621258574537933
0.05928339436650276
0.7670791037380695
0.6337783825583756
0.27149149868637323
0.7097560337278992
0.5240872362628579
0.05786097049713135
0.5111616041976959
0.5326603255234659
0.005521784769371152
0.4596286655869335
0.26780552021227777
0.21395283984020352
0.1386439937632531
0.8367503394838423
0.7709844757337123
0.5103212194517255
0.19347476516850293
0.5377167903352529
0.3208001614548266
0.7934067053720355
0.3292827804107219
0.8330122141633183
0.0782025249209255
0.9485993429552764
0.22307866625487804
0.7230780245736241
0.4041104558855295
0.9496345017105341
0.3631445150822401
0.5185164092108607
0.48948880238458514
0.625736195128411
0.3606053285766393
0.10473627457395196
0.575145524693653
0.8909140720497817
0.9893524935469031
0.23909772466868162
0.7816507981624454
0.32153436238877475
0.45232684072107077
0.5205156623851508
0.8636489424388856
0.3099447223357856
0.06011231895536184
0.10383288632147014
0.47876934497617185
0.7932988055981696
0.5893337337765843
0.12371745589189231
0.6190403557848185
0.7196556525304914
0.36340036476030946
0.18025598675012589
0.8105519036762416
0.6943250948097557
0.34850254212506115
0.8701870632357895
0.8571575994137675
0.8153739599511027
0.29815145721659064
0.9023558131884784
0.941393819404766
0.27756362524814904
0.7795128731522709
0.30494405003264546
0.2674888907931745
0.8736612922511995
0.8618337870575488
0.5962870225775987
0.3198130351956934
0.6403847911860794
0.2713750598486513
0.12099155923351645
0.7088845104444772
0.5702285529114306
0.1836221043486148
0.7270252967718989
0.9256775376852602
0.7246186046395451
0.8509980572853237
0.10580663685686886
0.3466727037448436
0.09190865303389728
0.9669860261492431
0.0047098922077566385
0.2806911119259894
0.26660188916139305
0.1819004628341645
0.3711238519754261
0.6862813527695835
0.5345395605545491
0.5189822011161596
0.47085601068101823
0.9436949295923114
0.8587868444155902
0.18130225175991654
0.7323298836126924
0.6115492787212133
0.7453745466191322
0.8635080931708217
0.727124800439924
0.43877510773018
0.5920843898784369
0.46128598717041314
0.9184501054696739
0.5445640471298248
0.09240302885882556
0.36030575004406273
0.9933511835988611
0.2522454741410911
0.4007046155165881
0.2197006808128208
0.16553385369479656
0.45388487400487065
0.28024118882603943
0.6479278481565416
0.0087671906221658
0.9846724555827677
0.8968042603228241
0.26356262410990894
0.40324473613873124
0.013385524740442634
0.2134869024157524
0.2708641872741282
0.8194697285071015
0.05169807211495936
0.42011111369356513
0.15732074435800314
0.08499270351603627
0.07949968427419662
0.16849025152623653
0.42279729060828686
0.11171174282208085
0.9209590221289545
0.6716270474717021
0.1229591527953744
0.7467644258867949
0.19591568945907056
0.9690324463881552
0.91785879409872
0.1192403668537736
0.9812206230126321
0.7005220258142799
0.5377737772651017
0.20632815221324563
0.7921678484417498
0.17467666743323207
0.44730533845722675
0.8871990654151887
0.6496947600971907
0.217232575872913
0.5927532305940986
0.30713999876752496
0.665514653082937
0.7723799895029515
0.07144923158921301
0.9447371331043541
0.6854012878611684
0.5368447611108422
0.27315014600753784
0.0560008583124727
0.016280019422993064
0.88766197161749
0.6629562580492347
0.012264678254723549
0.3011460145935416
0.7295547379180789
0.6532078098971397
0.834139674436301
0.21895654825493693
0.7965462876018137
0.5142592254560441
0.06360935838893056
0.33752373000606894
0.9273099403362721
0.0837090804707259
0.9414531399961561
0.9976044269278646
0.9259500671178102
0.9117745291441679
0.8154922013636678
0.6723495107144117
0.34532244759611785
0.6450313846580684
0.014966634334996343
0.10644648177549243
0.4361762199550867
0.04047880903817713
0.6554297294933349
0.7343917917460203
0.32649658038280904
0.8324150373227894
0.5368318129330873
0.7314655119553208
0.9770331149920821
0.47250259411521256
0.032781303161755204
0.49103197106160223
0.8978424188680947
0.5251984915230423
0.4579688115045428
0.9516269047744572
0.2800618791952729
0.874597153859213
0.21296375547535717
0.6195209308061749
0.37009054562076926
0.07045377464964986
0.14548061392270029
0.24990097130648792
0.7923450397793204
0.1991697922348976
0.06530746188946068
0.3289313626009971
0.5138237790670246
0.13705589692108333
0.4141817286144942
0.5468735450413078
0.18463046243414283
0.4065936543047428
0.39293312723748386
0.5295641662087291
0.3109004367142916
0.2756213895045221
0.503604301251471
0.09531632927246392
0.6300948122516274
0.5028583069797605
0.43410517554730177
0.06298774434253573
0.5739983902312815
0.741693542804569
0.5529086873866618
0.9015298262238503
0.03801980591379106
0.0833353956695646
0.9691617172211409
0.45214615506120026
0.7724027072545141
0.8782148424070328
0.2605206547304988
0.31474831490777433
0.4934348352253437
0.3866679291240871
0.6973759771790355
0.9573940245900303
0.4575471435673535
0.9498919579200447
0.2095448465552181
0.030787990894168615
0.052280651638284326
0.6475761577021331
0.581446799216792
0.3092548940330744
0.24980751471593976
0.5561631945893168
0.43816724536009133
0.8938040037173778
0.3982106631156057
0.5912440863903612
0.8209188524633646
0.60731056984514
0.18220821232534945
0.8563075212296098
0.4849336778279394
0.6136605171486735
0.46946472208946943
0.9233022439293563
0.5424427117686719
0.07457992946729064
0.29385181656107306
0.7900995570234954
0.6721256314776838
0.8050648926291615
0.917550636921078
0.7008409053087234
0.11270755669102073
0.31827112939208746
0.4508459325879812
0.3239961341023445
0.41959677799604833
0.12299323244951665
0.036021001636981964
0.2599221458658576
0.10523589188233018
0.69212835887447
0.9689824699889868
0.8489951654337347
0.20999716687947512
0.04715133155696094
0.8296364820562303
0.6061080240178853
0.051186636090278625
0.774285581195727
0.5610486266668886
0.4250419975724071
0.5196375839877874
0.45562792965210974
0.97454833984375
0.9171069171279669
0.3531338560860604
0.16773066413588822
0.751870852895081
0.7151611414737999
0.6226740176789463
0.009201604640111327
0.4903329354710877
0.40357055119238794
0.7475236896425486
0.8079340972471982
0.6723418945912272
0.17408845853060484
0.81098364549689
0.18495003157295287
0.6309683914296329
0.521175156114623
0.6328790322877467
0.890988650964573
0.25395084475167096
0.5982240003068
0.4819757149089128
0.5163178199436516
0.676831720629707
0.7926612517330796
0.5894746615085751
0.14256926951929927
0.8933623107150197
0.7594838803634048
0.6621541944332421
0.7260097844991833
0.2919711049180478
0.42503055767156184
0.034358799923211336
0.004395842785015702
0.3564322197344154
0.7688695669639856
0.031733464216813445
0.11182604194618762
0.17082737828604877
0.05323402606882155
0.5085353495087475
0.6446106054354459
0.11719569936394691
0.5710990491788834
0.15213849605061114
0.3054607848171145
0.7404405106790364
0.3122017455752939
0.5686871178913862
0.16273825685493648
0.060913434717804193
0.9302817366551608
0.7816125052049756
0.3764704226050526
0.361409394768998
0.6832982960622758
0.6776366599369794
0.31428812607191503
0.21905532712116838
0.2613971650134772
0.4374830862507224
0.8419030634686351
0.7514392510056496
0.8664635475724936
0.965228654909879
0.6005332798231393
0.5249593101907521
0.23424363904632628
0.12625872110947967
0.3529338852968067
0.08943140995688736
0.28063492220826447
0.27465166826732457
0.4307729718275368
0.427298448048532
0.14820646215230227
0.7240209702868015
0.02765582944266498
0.06943067186512053
0.8949349792674184
0.04017247166484594
0.3646336584351957
0.617608449421823
0.1911228585522622
0.22255598194897175
0.4462873702868819
0.3528442676179111
0.8185105959419161
0.5455213391687721
0.46710662823170424
0.9477160882670432
0.11701238597743213
0.2361788444686681
0.16538318898528814
0.6666875388473272
0.8152552857063711
0.16637099254876375
0.05169570702128112
0.743877334985882
0.30293551995418966
0.04307439480908215
0.8274473145138472
0.3185723691713065
0.008719004690647125
0.4673386770300567
0.03353078756481409
0.0332109616138041
0.10630839294753969
0.7258777890820056
0.5517101003788412
0.8497706924099475
0.39850528351962566
0.6671666451729834
0.32533470424823463
0.3525837482884526
0.4985181319061667
0.9528032611124218
0.9358411151915789
0.24048690334893763
0.7473358770366758
0.34901908761821687
0.6089207693003118
0.13445622217841446
0.760345023823902
0.7692042365670204
0.1357749414164573
0.8492532302625477
0.21165516460314393
0.7964695456903428
0.9882269455119967
0.9894115289207548
0.6116813523694873
0.2985064771492034
0.36838573892600834
0.3440723489038646
0.2858158356975764
0.6727812951430678
0.5139187145978212
0.8097563919145614
0.6375379278324544
0.7658111427444965
0.04503671848215163
0.417393981711939
0.640396672533825
0.9851424510125071
0.22962854127399623
0.09965693112462759
0.3798691302072257
0.7464216132648289
0.8763784826733172
0.6061525030527264
0.6825004676356912
0.9052090095356107
0.23742337035946548
0.4751875032670796
0.0605928678996861
0.24715597229078412
0.09392416616901755
0.9881999981589615
0.2373389347922057
0.04401760874316096
0.5816083173267543
0.7079025721177459
0.23608905379660428
0.7014342139009386
0.2632881260942668
0.18455906840972602
0.7815925215836614
0.7475813601631671
0.5396873478312045
0.5373793358448893
0.8168851013761014
0.3236243212595582
0.30875539826229215
0.16777302068658173
0.9144470884930342
0.86061333399266
0.6722909100353718
0.4462024816311896
0.9611576169263572
0.02206979552283883
0.9846617607399821
0.3963706800714135
0.5484696882776916
0.05754350405186415
0.776670093415305
0.23351168213412166
0.03737335279583931
0.9531921991147101
0.010310726007446647
0.3403855070937425
0.4616293222643435
0.757931515108794
0.9763778052292764
0.048828279599547386
0.21193073620088398
0.5064597863238305
0.2687529241666198
0.18058388610370457
0.11508793570101261
0.8875692812725902
0.1126137285027653
0.7381093089934438
0.9545911992900074
0.26634817756712437
0.8380142224486917
0.38195452629588544
0.4356550232041627
0.1870762468315661
0.5154603461269289
0.011257123900577426
0.560134727973491
0.3629383535590023
0.2642800703179091
0.8593081468716264
0.4786503976210952
0.17104010400362313
0.7938729997258633
0.5644095558673143
0.01255889656022191
0.9403010229580104
0.388611807487905
0.27279014815576375
0.057312537683174014
0.573941855924204
0.9668918389361352
0.30387634388171136
0.22425868408754468
0.6255638829898089
0.1886491479817778
0.7332181429956108
0.34010182204656303
0.40898792864754796
0.3378591106738895
0.17750241421163082
0.21854303102008998
0.0749498475342989
0.6270245790947229
0.023665126180276275
0.2822148445993662
0.8787799479905516
0.24818484345450997
0.8155891909264028
0.042502957629039884
0.10560874291695654
0.9119630777277052
0.06162461661733687
0.3418489289470017
0.4642349707428366
0.6201069408562034
0.4656496096868068
0.4156413448508829
0.4896376396063715
0.4004495039116591
0.7672367582563311
0.3039798457175493
0.6029324810951948
0.3657816331833601
0.8135908977128565
0.255148833617568
0.4511765972711146
0.7778749845456332
0.06126337684690952
0.264193675480783
0.7684417171403766
0.9365493315272033
0.9737176832277328
0.812532979529351
0.22432192252017558
0.44880271633155644
0.47091208049096167
0.901114049134776
0.5184517037123442
0.8774279640056193
0.6230559856630862
0.724135433556512
0.7909695529378951
0.6227879039943218
0.29302807594649494
0.4459601775743067
0.4501349690835923
0.49940635450184345
0.04832823132164776
0.24076884239912033
0.2694281945005059
0.7581561426632106
0.7911305336747319
0.5919509015511721
0.7475279143545777
0.3901692864019424
0.925291616236791
0.6275994542520493
0.7016665341798216
0.4634843450039625
0.4190152264200151
0.5098742567934096
0.5571644508745521
0.32448892504908144
0.02571380161680281
0.5249337865971029
0.9308108596596867
0.4214881418738514
0.8693356995936483
0.8762209573760629
0.9846960483118892
0.9929533221293241
0.13460366963408887
0.4663683141116053
0.4604821689426899
0.16655445820651948
0.48665362573228776
0.9923551045358181
0.63683279347606
0.7634825499262661
0.6454057530499995
0.009849621448665857
0.21304892003536224
0.295333118410781
0.16789222368970513
0.36930606234818697
0.5959455203264952
0.23541256529279053
0.5830785403959453
0.8035067461896688
0.5899117533117533
0.01836700038984418
0.279797789407894
0.6877886548172683
0.4649390038102865
0.2551462138071656
0.5300035818945616
0.11248633335344493
0.8145659051369876
0.11595892952755094
0.3251536590978503
0.43610762944445014
0.3516175865661353
0.5637838107068092
0.6532361421268433
0.6544655924662948
0.8821886500809342
0.8226846079342067
0.9884621798992157
0.37588318809866905
0.774950388353318
0.8179427548311651
0.18361565773375332
0.10658626048825681
0.01459346478804946
0.18932651705108583
0.6839688105974346
0.2452950223814696
0.5651988296303898
0.3463144057895988
0.8830246417783201
0.6080832297448069
0.6557832360267639
0.3791788942180574
0.21620879229158163
0.023815244436264038
0.34407530701719224
0.25161680462770164
0.14281960064545274
0.15207736054435372
0.020707596791908145
0.5925759088713676
0.146860983222723
0.9203478556592017
0.07637951080687344
0.8432979015633464
0.45026412163861096
0.03872109856456518
0.19387573678977787
0.6021245685406029
0.1996929885353893
0.643352614948526
0.9639886107761413
0.12860467261634767
0.5354253582190722
0.4713085840921849
0.9857070101425052
0.5866715032607317
0.9823579138610512
0.6693269677925855
0.5425676163285971
0.7842757543548942
0.15308888838626444
0.843720025382936
0.8896448030136526
0.5055171132553369
0.8187523642554879
0.8229190539568663
0.7140144410077482
0.25531298690475523
0.05212288093753159
0.8374579933006316
0.39685179805383086
0.22608517878688872
0.09100747341290116
0.7295134961605072
0.5897435222286731
0.21447331504896283
0.7206431743688881
0.7891944630537182
0.1556452210061252
0.028153943829238415
0.7879648779053241
0.5453169599641114
0.9166800219099969
0.482993395999074
0.8792644762434065
0.7800498916767538
0.4330841093324125
0.11665120557881892
0.48651718720793724
0.5100120641291142
0.7802783930674195
0.7346942108124495
0.06441946420818567
0.003035243833437562
0.1298030714970082
0.11596183711662889
0.13278711051680148
0.9266920315567404
0.20630145049653947
0.8954715474974364
0.24243066157214344
0.7973513584583998
0.8775023221969604
0.5285654375329614
0.1294522110838443
0.974489762680605
0.3299738650675863
0.6660719288047403
0.8548540640622377
0.7357272440567613
0.3761767914984375
0.25388923450373113
0.2704413977917284
0.3034562903922051
0.2709145494736731
0.8862957654055208
0.39596823044121265
0.6865975582040846
0.0568238184787333
0.2618313869461417
0.8996729820501059
0.38613243005238473
0.3786413015332073
0.8186838559340686
0.26621964131481946
0.23766156542114913
0.893260927638039
0.14633410493843257
0.6964043714106083
0.7978006566409022
0.7025517129804939
0.17033024411648512
0.6744688954204321
0.5795973388012499
0.6568586353678256
0.7100502366665751
0.3848839998245239
0.6752653573639691
0.7831828508060426
0.047217567916959524
0.8736444870010018
0.4618706761393696
0.9152664411813021
0.5753975885454565
0.5056636484805495
0.9278301391750574
0.9588008753489703
0.6157681166660041
0.23665795219130814
0.1095711060333997
0.4555904681328684
0.636100766947493
0.19514740351587534
0.07066222419962287
0.8806108788121492
0.5562628030311316
0.6370262722484767
0.18877240479923785
0.6120808164123446
0.1642315685749054
0.08015002915635705
0.7925314411986619
0.21329335705377162
0.4794953560922295
0.7732037585228682
0.020273692905902863
0.01575562357902527
0.93531977199018
0.42668384895659983
0.8895080080255866
0.4231118231546134
0.10584482573904097
0.8017421832773834
0.9327186178416014
0.5370548348873854
0.8524239449761808
0.7348514813929796
0.2407277801539749
0.5905636211391538
0.02280738507397473
0.5729193391744047
0.2828709981404245
0.9576595677062869
0.8590245002415031
0.5702661233954132
0.07154285511933267
0.8149683591909707
0.7637829009909183
0.03737642243504524
0.2997631230391562
0.37434104084968567
0.2871048504021019
0.4632311968598515
0.5427065363619477
0.5812638946808875
0.057563167763873935
0.8642791111487895
0.6646362056490034
0.5318145309574902
0.4623544521164149
0.7889809156768024
0.36988270888105035
0.7196784564293921
0.6534735783934593
0.5040591838769615
0.9863570546731353
0.8459819664712995
0.07018139562569559
0.2741400159429759
0.18042425741441548
0.6048961570486426
0.40021321969106793
0.6994406501762569
0.5677701435051858
0.9772130826022476
0.20688907778821886
0.4597869091667235
0.8318548989482224
0.5114937955513597
0.8377104860264808
0.6124529272783548
0.7455323000904173
0.9808432422578335
0.29959595878608525
0.3772119181230664
0.393936128821224
0.8257448272779584
0.6663583042100072
0.7775383950211108
0.8535098829306662
0.5744525657501072
0.8485621283762157
0.7414247039705515
0.12460192362777889
0.15146189113147557
0.5977545145433396
0.4288837588392198
0.7439191157463938
0.644993307068944
0.08818761934526265
0.3588160832878202
0.6246492355130613
0.8907667608000338
0.05967478919774294
0.675885969074443
0.3676657401956618
0.2144069776404649
0.46254879934713244
0.1475287531502545
0.14130514091812074
0.4119589417241514
0.3914116374216974
0.19468819559551775
0.921889869030565
0.7326610733289272
0.16696415678597987
0.8207971232477576
0.23889426211826503
0.8918726628180593
0.37622355087660253
0.17223903839476407
0.015464954311028123
0.6845530048012733
0.7235931477043778
0.9819921890739352
0.40356351621448994
0.9056136896833777
0.17140349722467363
0.14362281770445406
0.652632174314931
0.7424669396132231
0.8961138390004635
0.19542826456017792
0.26103931898251176
0.40814226120710373
0.3547083979938179
0.8677564347162843
0.8516553414519876
0.5020622683223337
0.07247857726179063
0.9481732556596398
0.42280335491523147
0.2037835076916963
0.7228560319636017
0.38267066795378923
0.3773203978780657
0.11934103164821863
0.3029328875709325
0.48173832753673196
0.15679298201575875
0.6954169431701303
0.6507603179197758
0.6849275473505259
0.5534035896416754
0.5527127650566399
0.8315455147530884
0.24617939069867134
0.9380438190419227
0.9032740984112024
0.13813641131855547
0.21279984386637807
0.5683162813074887
0.26188212796114385
0.0550858739297837
0.5108643933199346
0.9227824942208827
0.31023191823624074
0.5059067602269351
0.758261208422482
0.8176432107575238
0.29419235698878765
0.7132241388317198
0.09330952982418239
0.4627936827018857
0.43903599632903934
0.8943374992813915
0.4279794313479215
0.613611658802256
0.820884597254917
0.48106679087504745
0.6623694854788482
0.17813529213890433
0.5841684688348323
0.9586110776290298
0.3880378052126616
0.6860858250875026
0.2472067156340927
0.11308959568850696
0.7266043911222368
0.7588516885880381
0.8765905881300569
0.8897033585235476
0.1379274248611182
0.8882548776455224
0.2364668829832226
0.894905632128939
0.23168532480485737
0.6572997386101633
0.3808291160967201
0.9829369727522135
0.7063769071828574
0.7722924412228167
0.38502473081462085
0.7933742408640683
0.1802453133277595
0.3430862515233457
0.6299005737528205
0.9232271548826247
0.29727970832027495
0.5026919553056359
0.9024054775945842
0.4302137829363346
0.3055192376486957
0.6293166019022465
0.6427018651738763
0.5020177043043077
0.1268665138632059
0.34531055530533195
0.6393243949860334
0.7696505906060338
0.596859322162345
0.14514728216454387
0.8900343759451061
0.700658120913431
0.4390635963063687
0.019358552526682615
0.2489615553058684
0.7603167507331818
0.6947288287337869
0.019400504184886813
0.7217130670323968
0.19955562497489154
0.28898060182109475
0.13324516080319881
0.9886253965087235
0.17639104230329394
0.7621324837673455
0.6753816935233772
0.050972634460777044
0.8298410146962851
0.5778610282577574
0.39532697619870305
0.2390154250897467
0.44421498849987984
0.8470207545906305
0.9727341788820922
0.7004446412902325
0.6337495076004416
0.33521650335751474
0.01146238693036139
0.4731456639710814
0.8215425133239478
0.17900953209027648
0.31655113003216684
0.5592670785263181
0.7509383733849972
0.8718595297541469
0.4326247132848948
0.17231059540063143
0.3985875556245446
0.08404379826970398
0.2284007901325822
0.036622508661821485
0.691787623334676
0.2845404436811805
0.21790890186093748
0.6710920555051416
0.15334825264289975
0.4488242252264172
0.21099219261668622
0.8618916447740048
0.07028980343602598
0.7222936023026705
0.1655596778728068
0.21663942513987422
0.9955965240951627
0.7236420679837465
0.6400442684534937
0.6146972465794533
0.08696856931783259
0.9473360686097294
0.9391188591253012
0.3551968215033412
0.7957271402701735
0.1864317054860294
0.587240100139752
0.5534383426420391
0.8748967994470149
0.8512236748356372
0.2605524570681155
0.2921682889573276
0.5594957517459989
0.6915969010442495
0.7641162278596312
0.15483573521487415
0.5032962067052722
0.712057325290516
0.7927854384761304
0.18319784104824066
0.4336013465654105
0.31134408712387085
0.37093154806643724
0.865704337367788
0.1609358775895089
0.6160809721332043
0.6210849047638476
0.1798987677320838
0.785114289727062
0.9746872773393989
0.8046936094760895
0.904367535142228
0.03912904718890786
0.8086983831599355
0.11341070616617799
0.8536113402806222
0.49599129939451814
0.004977630218490958
0.9381246480625123
0.5992249604314566
0.06851616082713008
0.6051333546638489
0.9546901807188988
0.46553803887218237
0.8563005474861711
0.7243715838994831
0.35218353755772114
0.9885563421994448
0.30524739483371377
0.27530980249866843
0.560567878652364
0.7944189186673611
0.2505998285487294
0.7733013443648815
0.31315119192004204
0.2259047373663634
0.6681625135242939
0.14195006154477596
0.4246391640044749
0.16230144049040973
0.7595506601501256
0.8439700526650995
0.19724925491027534
0.9002869813703
0.08102597459219396
0.072699238313362
0.44440957996994257
0.29777563735842705
0.7934860491659492
0.4645278798416257
0.326465901453048
0.6231140224263072
0.3774886748287827
0.45219345041550696
0.7565608920995146
0.5377846315968782
0.3545576243195683
0.7439635270275176
0.5931728640571237
0.9694549995474517
0.964947234839201
0.5090264808386564
0.7955118252430111
0.6945589056704193
0.33857916155830026
0.1886427595745772
0.14524282584898174
0.032428348902612925
0.6552938192617148
0.4220625967718661
0.8027245400007814
0.6665663386229426
0.06924510165117681
0.09389490727335215
0.6374514454510063
0.796197195770219
0.15388973359949887
0.04592884611338377
0.7671337546780705
0.4191662094090134
0.4372803564183414
0.0032993925269693136
0.630142578156665
0.05530814896337688
0.7614559151697904
0.6229287087917328
0.72685811156407
0.5710578968282789
0.619240491418168
0.9330007610842586
0.45903914677910507
0.36971595883369446
0.8549853642471135
0.32573130703531206
0.4575611057225615
0.5128109904471785
0.8820681364741176
0.4004639289341867
0.38757517212070525
0.09758361941203475
0.30876449844799936
0.5676207202486694
0.5365973189473152
0.9235664790030569
0.25801227567717433
0.7557452309411019
0.9384542333427817
0.8940926510840654
0.5075297181028873
0.22667768318206072
0.5343905095942318
0.3365774624980986
0.7972974143922329
0.3373691928572953
0.8188048540614545
0.005109730176627636
0.6865681281778961
0.43071806570515037
0.4717380136717111
0.22678658971562982
0.31704905605874956
0.07509375223889947
0.36739267478697
0.8369779200293124
0.4125952075701207
0.47974021383561194
0.3746120675932616
0.07103039231151342
0.6133848878089339
0.9709949700627476
0.2763459829147905
0.03665963769890368
0.9889955497346818
0.2643368076533079
0.29334151302464306
0.4390546844806522
0.3365161332767457
0.706539002712816
0.2318550138734281
0.5738102064933628
0.523129170993343
0.6139150392264128
0.9704919862560928
0.5677899506408721
0.6549676773138344
0.5894319240469486
0.22773674968630075
0.4005210807081312
0.3949626446701586
0.5122610200196505
0.2908507341053337
0.23720040917396545
0.4467052975669503
0.00577951455488801
0.49943682248704135
0.32421381934545934
0.23369107814505696
0.9690134655684233
0.026020328979939222
0.053826806135475636
0.432940901722759
0.48725599655881524
0.5685679975431412
0.00043374462984502316
0.7544598944950849
0.36668886290863156
0.7710457590874285
0.47564566181972623
0.6105122799053788
0.8397094791289419
0.3470707710366696
0.12376048974692822
0.38492296752519906
0.3139935969375074
0.20075527648441494
0.21493961126543581
0.014443648047745228
0.32543880213052034
0.029300318332388997
0.3269219237845391
0.5833833010401577
0.6195903394836932
0.10365266702137887
0.7159949711058289
0.8972397644538432
0.8532591499388218
0.3929647724144161
0.9335970818065107
0.7462307333480567
0.2514460342936218
0.29284728737547994
0.8582171793095767
0.7976807784289122
0.2817925177514553
0.3105254059191793
0.6596102102193981
0.9409603662788868
0.4457525401376188
0.9514035298489034
0.24607649422250688
0.17953541432507336
0.5228576553054154
0.012105436762794852
0.3668086710385978
0.5647842534817755
0.6573425238020718
0.21349017089232802
0.11917327623814344
0.08633705670945346
0.21819058014079928
0.5888947688508779
0.6475064978003502
0.47328232252039015
0.9910108393523842
0.838108679978177
0.08029827894642949
0.29814297799021006
0.26648581330664456
0.849026441341266
0.08066064841113985
0.5407041038852185
0.4893131766002625
0.02281502215191722
0.6225729994475842
0.9839551991317421
0.511754413601011
0.8728210800327361
0.6106989390682429
0.784763629315421
0.07306995382532477
0.5894121290184557
0.1796255938243121
0.5888744513504207
0.7108819785062224
0.3070655013434589
0.09747750195674598
0.6358239983674139
0.3476449807640165
0.595187908038497
0.16366145364008844
0.8096008684951812
0.9047035367693752
0.45787654211744666
0.6618247574660927
0.273893715813756
0.09903578460216522
0.7086890183854848
0.6517165629193187
0.5565908257849514
0.9528713622130454
0.546984122833237
0.8678420572541654
0.48127922019921243
0.18046330870129168
0.08934609941206872
0.7212628300767392
0.737396142212674
0.7875366711523384
0.5847786974627525
0.22299058036878705
0.2999337699729949
0.1487426154781133
0.8339819472748786
0.5128229833208025
0.5517793719191104
0.14944251696579158
0.7507526739500463
0.9639626434072852
0.8564868897665292
0.181981538888067
0.9812776148319244
0.6302004826720804
0.06946238060481846
0.6066591250710189
0.9391717840917408
0.42797022382728755
0.7504791561514139
0.4463520273566246
0.6171867188531905
0.05671796319074929
0.23305628076195717
0.9740955987945199
0.7009490870404989
0.47209969465620816
0.0704166004434228
0.4375647425185889
0.2957741254940629
0.20166876795701683
0.11462455219589174
0.6995236552320421
0.34667281224392354
0.26049417117610574
0.7175660068169236
0.09495954471640289
0.05280936951749027
0.7517362597864121
0.3761638484429568
0.23877216153778136
0.37594920909032226
0.7868889146484435
0.9183275566902012
0.7995019676163793
0.2451965801883489
0.5325142189394683
0.7138060152065009
0.566774952923879
0.30584990861825645
0.6279922225512564
0.17467527370899916
0.769784304080531
0.6049921174999326
0.38924197433516383
0.37709821038879454
0.9004822461865842
0.29714252264238894
0.12215364654548466
0.1733207362703979
0.6330344651360065
0.06501088151708245
0.13643704587593675
0.25798260350711644
0.12563197873532772
0.5207168939523399
0.32644347846508026
0.7503266194835305
0.10618949215859175
0.04159278841689229
0.6736081750132143
0.10760197043418884
0.432572013232857
0.10187383880838752
0.5681835494469851
0.2095706253312528
0.362540930043906
0.7869738426525146
0.20931487949565053
0.9608114962466061
0.003909850027412176
0.5015184779185802
0.28208202426321805
0.5767339423764497
0.46157784946262836
0.05344874155707657
0.9576755573507398
0.3239647657610476
0.7774822397623211
0.2761475471779704
0.08187423646450043
0.26805459056049585
0.05179805727675557
0.5154275314416736
0.4520810095127672
0.42649991950020194
0.3706843852996826
0.8145185536704957
0.7451022292952985
0.22196914651431143
0.3942171756643802
0.2352753586601466
0.05962910270318389
0.9662251295521855
0.6096796689089388
0.6560451814439148
0.9223205626476556
0.4680277567822486
0.4027233861852437
0.018214330542832613
0.8509522129315883
0.011777362087741494
0.860517016844824
0.7230611445847899
0.1380757582373917
0.6738629271276295
0.6956344204954803
0.2078585287090391
0.534865498309955
0.7984957518056035
0.8692886172793806
0.21981000411324203
0.20921764196828008
0.23738959012553096
0.7515740436501801
0.09550212463364005
0.8617095702793449
0.8945886688306928
0.5537805005442351
0.9034389795269817
0.02496190764941275
0.17652784241363406
0.37815870554186404
0.8365664596203715
0.8837112030014396
0.4453253468964249
0.8351783063262701
0.07391175581142306
0.7831573544535786
0.685878143645823
0.08139530569314957
0.7755133213941008
0.2693142117932439
0.27377389767207205
0.8175216184463352
0.685680195922032
0.011891827220097184
0.6292421233374625
0.9275000144261867
0.4841549703851342
0.9074969014618546
0.9517953065223992
0.0438653368037194
0.9892213363200426
0.8292413994204253
0.21333570452407002
0.4310412835329771
0.4149118165951222
0.7690781478304416
0.18284553778357804
0.025350098963826895
0.42961930367164314
0.04584450740367174
0.026634941110387444
0.13513299240730703
0.7985574353951961
0.7814206480979919
0.48634872515685856
0.13915107771754265
0.3332742745988071
0.7243823218159378
0.10575303342193365
0.7224524377379566
0.4570755404420197
0.17380584497004747
0.9848449165001512
0.2262940052896738
0.06005934625864029
0.7655018982477486
0.414101718692109
0.4660307171288878
0.1509037793148309
0.14280616817995906
0.6005688777659088
0.1380801652558148
0.6158902121242136
0.9910192822571844
0.440784523030743
0.6963799861259758
0.0970332813449204
0.40841288631781936
0.3906220276840031
0.8395323581062257
0.46648611687123775
0.9745009653270245
0.2101180807221681
0.8234990341588855
0.18117185635492206
0.8084093511570245
0.25328762363642454
0.049031986854970455
0.0006487476639449596
0.1573331339750439
0.7826099428348243
0.7061748614069074
0.16285209637135267
0.12496653222478926
0.38160057715140283
0.5319733808282763
0.8960108237806708
0.3498885303270072
0.029144948348402977
0.8068964527919888
0.33639998780563474
0.21646345080807805
0.272036399692297
0.5728517235256732
0.3787707812152803
0.46890334715135396
0.8656492561567575
0.8711971442680806
0.32878963672555983
0.4391566903796047
0.8935433363076299
0.47032114514149725
0.6511155685875565
0.8455688569229096
0.38184502674266696
0.15874828514643013
0.4494359150994569
0.40339286741800606
0.3296121805906296
0.3681313164997846
0.12635416304692626
0.14517595036886632
0.7950061187148094
0.8599348727148026
0.8906928796786815
0.5381306135095656
0.5555801880545914
0.6864780252799392
0.8936184484045953
0.9420099549461156
0.26979335327632725
0.15236941818147898
0.8097266685217619
0.18422166840173304
0.2727459261659533
0.0712500389199704
0.9080304505769163
0.05713201896287501
0.6346367965452373
0.6223860427271575
0.3793696768116206
0.43817900493741035
0.004486958961933851
0.5670422515831888
0.7577503134962171
0.7590490691363811
0.6333477920852602
0.3078008438460529
0.5707969155628234
0.8521538742352277
0.7139555963221937
0.4655677753034979
0.5868934793397784
0.37512853159569204
0.522638475522399
0.2569643824826926
0.29656326095573604
0.7452267354819924
0.09992686985060573
0.8278498745057732
0.8177439372520894
0.33278386294841766
0.3221307606436312
0.48254871228709817
0.11597877857275307
0.7047760603018105
0.8282165005803108
0.44912897632457316
0.018262544414028525
0.7740368247032166
0.9713182139676064
0.9757662692572922
0.4592840711120516
0.7412226148881018
0.6068544390145689
0.26093277987092733
0.20000664377585053
0.544757230905816
0.6639978718012571
0.8826392865739763
0.6490404543001205
0.16500544478185475
0.6116197146475315
0.5360361612401903
0.6283150655217469
0.8469025352969766
0.042227595346048474
0.9075782883446664
0.4381861384026706
0.792426515603438
0.08221866609528661
0.9828011291101575
0.5379121424630284
0.8311885902658105
0.827664858661592
0.7240552494768053
0.28876138385385275
0.15873865992762148
0.1482401064131409
0.26327692763879895
0.5796714553143829
0.3911134854424745
0.44711056840606034
0.7190510926302522
0.3323018914088607
0.6689466363750398
0.6879045132081956
0.799225453287363
0.1275816336274147
0.4057877843733877
0.329875101801008
0.6461839817930013
0.911131945438683
0.45201341691426933
0.1121344524435699
0.9164481668267399
0.3364944220520556
0.8243624409660697
0.5672198750544339
0.03923624148592353
0.14305488066747785
0.1444487478584051
0.6373777415137738
0.8692912028636783
0.4191889716312289
0.9385450254194438
0.39543904014863074
0.7970190851483494
0.5438733994960785
0.9320880291052163
0.8981480463407934
0.5055851256474853
0.007593704620376229
0.649411377729848
0.4618574511259794
0.3895781293977052
0.8815263716969639
0.08306757407262921
0.3703618561848998
0.858800606103614
0.039523337967693806
0.923989619128406
0.23019488248974085
0.928518827073276
0.2150805362034589
0.5383197418414056
0.8812251044437289
0.40829894691705704
0.1279310097452253
0.06272724829614162
0.9317431743256748
0.6912278803065419
0.9721432528458536
0.014145528431981802
0.6894092515576631
0.4621875714510679
0.7243442097678781
0.14614115026779473
0.17656608042307198
0.2813552813604474
0.027784793404862285
0.06006706040352583
0.7707846378907561
0.12873832369223237
0.11021953588351607
0.5731609573122114
0.4753237294498831
0.0900807804428041
0.8982495546806604
0.9452998931519687
0.38158256001770496
0.9840122312307358
0.7989662720356137
0.4259479090105742
0.720450917026028
0.9900396286975592
0.7458914765156806
0.9984778359066695
0.49660857394337654
0.48925746348686516
0.21613993681967258
0.4020480450708419
0.4778812755830586
0.7623585569672287
0.02783424756489694
0.2705162961501628
0.9517723792232573
0.7022154319565743
0.4403309866320342
0.021649188129231334
0.31294530793093145
0.008402385050430894
0.4918062265496701
0.3377763235475868
0.1718271521385759
0.6987543110735714
0.09580462635494769
0.2810623326804489
0.6111692402046174
0.10863502137362957
0.13469706708565354
0.27162231504917145
0.07629725662991405
0.3295629683416337
0.6808125404641032
0.8535890586208552
0.789074674481526
0.5634694094769657
0.8602880376856774
0.026198890525847673
0.1860367872286588
0.508474329020828
0.28369246958754957
0.26344169001094997
0.37179273879155517
0.6379200166556984
0.1931261986028403
0.3785856980830431
0.030932160560041666
0.23962390911765397
0.30168447410687804
0.804557029157877
0.8648895537480712
0.6821115710772574
0.8263480386231095
0.3338353631552309
0.35696374834515154
0.4557796560693532
0.9108894332312047
0.8961418902035803
0.2973036968614906
0.13475938909687102
0.7657626357395202
0.960306872613728
0.5717245016712695
0.009180989116430283
0.16671460052020848
0.45618856279179454
0.8779729732777923
0.819077992811799
0.8967152677942067
0.8298849673010409
0.8691957946866751
0.012775734066963196
0.6804456268437207
0.7749944590032101
0.9022547651547939
0.9359354223124683
0.16741884383372962
0.8323387783020735
0.857513020047918
0.5341334796976298
0.06670562853105366
0.7817500720266253
0.7161599805112928
0.9200814114883542
0.0350664472207427
0.7294211480766535
0.6885281840804964
0.41576729202643037
0.17370876669883728
0.7998979708645493
0.5354897007346153
0.8105841313954443
0.20978024858050048
0.13628716953098774
0.8301446286495775
0.30274064070545137
0.6577193276025355
0.19866855908185244
0.046164341969415545
0.5759536763653159
0.425734406337142
0.08138595405034721
0.9425975864287466
0.25074786483310163
0.43813068070448935
0.19648516783490777
0.9126352274324745
0.43558716867119074
0.04958807863295078
0.26280552125535905
0.94393399823457
0.323745699133724
0.9871120618190616
0.3521791922394186
0.7438079246785492
0.26823095604777336
0.12423846870660782
0.5568243497982621
0.061958523001521826
0.5970845436677337
0.21306763356551528
0.4939089484978467
0.2042375875171274
0.5061575225554407
0.6371823230292648
0.11569049791432917
0.7431223059538752
0.8572258655913174
0.6053378717042506
0.4791045170277357
0.12907502776943147
0.7255366824101657
0.16208100109361112
0.6926226429641247
0.9622950071934611
0.17265626299194992
0.5805604869965464
0.5723515632562339
0.16467675613239408
0.9531876237597317
0.7546081044711173
0.40183708001859486
0.6018102567177266
0.6457317192107439
0.7284300508908927
0.1747263539582491
0.8239620812237263
0.9605561394710094
0.7493156571872532
0.6423811428248882
0.22442740201950073
0.43249100469984114
0.521250442834571
0.9810398377012461
0.7198686737101525
0.32633004197850823
0.7048849139828235
0.3818672790657729
0.4800077055115253
0.6910044571850449
0.2651298097334802
0.40935773542150855
0.9400555621832609
0.6928938804194331
0.39780791522935033
0.041796630481258035
0.5280305778142065
0.8840409871190786
0.26627161051146686
0.39866843819618225
0.555838042171672
0.3788446201942861
0.31678382959216833
0.4175938118714839
0.518187819281593
0.5652468022890389
0.18800469883717597
0.4375118201132864
0.5737273984123021
0.17159627960063517
0.2781839817762375
0.888019370380789
0.9480756339617074
0.7434422234073281
0.6316872325260192
0.2882903623394668
0.7192909389268607
0.4923756858333945
0.8667211758438498
0.8394813889171928
0.4922863368410617
0.20963451452553272
0.5494374455884099
0.42377021280117333
0.11977056390605867
0.3185464988928288
0.6167713238392025
0.6956748836673796
0.41504787071608007
0.6581706830766052
0.6129759352188557
0.342955575324595
0.6316010002046824
0.9297713462729007
0.7513471690472215
0.29581295349635184
0.701268614269793
0.34472786355763674
0.43481161491945386
0.5983538522850722
0.1007781932130456
0.08315584971569479
0.26840798812918365
0.2209618694614619
0.01309000700712204
0.9357990345451981
0.5304408839438111
0.5091177700087428
0.5866403661202639
0.6941406799014658
0.5288469649385661
0.3687875990290195
0.08696850761771202
0.8779579836409539
0.042228695936501026
0.7298456407152116
0.12379479128867388
0.09911231743171811
0.6076175686903298
0.6153893808368593
0.5642597153782845
0.2947631573770195
0.8630970316007733
0.0549838631413877
0.6053472412750125
0.8250522457528859
0.2372813057154417
0.31822734884917736
0.5163387453649193
0.46116256923414767
0.8964453903026879
0.4878589704167098
0.8560980588663369
0.6291023714002222
0.8688274996820837
0.3636657374445349
0.446073766797781
0.5847604852169752
0.1423014069441706
0.28644237597472966
0.9954333382192999
0.42257915483787656
0.27338748378679156
0.12141868704929948
0.8157720670569688
0.7746669116895646
0.6818710379302502
0.8933579695876688
0.7942722667939961
0.9079247354529798
0.14403724018484354
0.15717293182387948
0.17503331997431815
0.8484647395089269
0.6984503748826683
0.05549831432290375
0.604745973367244
0.7040834573563188
0.5895191384479403
0.09183254931122065
0.7953518405556679
0.43098541209474206
0.7437096491921693
0.18302648700773716
0.43432749970816076
0.13182716909796
0.601982852211222
0.32682138914242387
0.6719949028920382
0.635392167372629
0.4739087764173746
0.9723054452333599
0.868706019828096
0.24546709936112165
0.9050329651217908
0.11865448579192162
0.13727561011910439
0.628555410541594
0.7701188058126718
0.03891225694678724
0.7254268820397556
0.8733343321364373
0.00932045723311603
0.005322066601365805
0.9721156298182905
0.7272049961611629
0.9911189018748701
0.8439666840713471
0.92018515127711
0.893838262418285
0.11796787078492343
0.793937818845734
0.9544020653702319
0.0936668086796999
0.041538012912496924
0.7703158310614526
0.7237329923082143
0.594544741557911
0.7078863400965929
0.37077624071389437
0.8940741929691285
0.6427553698886186
0.8551175005268306
0.07483174721710384
0.3425226821564138
0.07816163147799671
0.9905019684229046
0.11733987950719893
0.6840072558261454
0.48119759699329734
0.6285908296704292
0.8200806370005012
0.11617737938649952
0.22845302685163915
0.5537400422617793
0.11732696695253253
0.46734380815178156
0.6383977909572423
0.4706153308507055
0.1499225595034659
0.3783772129099816
0.7609235611744225
0.07933281781151891
0.4276982042938471
0.3293702299706638
0.6366137154400349
0.7822958398610353
0.9882999572437257
0.6624398499261588
0.7568815634585917
0.8459026294294745
0.7763860851991922
0.7165284338407218
0.6020165255758911
0.5516112598124892
0.7437246802728623
0.8325755828991532
0.597907038172707
0.9580633032601327
0.1171208715531975
0.23102456564083695
0.2545465969014913
0.04893425083719194
0.08715369435958564
0.9237586555536836
0.5902668931521475
0.46438795048743486
0.3263875057455152
0.6556262993253767
0.3048336722422391
0.06405347120016813
0.3568477751687169
0.2812049009371549
0.23100300808437169
0.43075525015592575
0.8244499494321644
0.8247176739387214
0.19502861355431378
0.0877862663473934
0.9411043436266482
0.9357342810835689
0.9390496569685638
0.15457336348481476
0.8707650059368461
0.07702067634090781
0.3256448416505009
0.484591206535697
0.6781539546791464
0.6845731919165701
0.06027807365171611
0.31567601580172777
0.3908926718868315
0.18055968475528061
0.9784715068526566
0.9061281625181437
0.7188409145455807
0.38059584121219814
0.5320605447050184
0.45493150618858635
0.18119362252764404
0.6764394645579159
0.7843897819984704
0.20078499522060156
0.2782548109535128
0.6183546760585159
0.021474063163623214
0.8750923390034586
0.47752314270474017
0.8601915859617293
0.27948630112223327
0.4574165001977235
0.7483623267617077
0.9224187901709229
0.8092262225691229
0.4303403664380312
0.19720754423178732
0.8017754228785634
0.5640550658572465
0.8867887551896274
0.44864652189426124
0.8078851131722331
0.6760937010403723
0.27019991748966277
0.8853948621544987
0.18669266626238823
0.22626468585804105
0.8444061961490661
0.21084025711752474
0.04429047554731369
0.0820934243965894
0.6182432118803263
0.3489671389106661
0.4212120291776955
0.4835537008475512
0.5909029087051749
0.41949361260049045
0.3593550929799676
0.48068741778843105
0.5966153345070779
0.6451825110707432
0.18884903960861266
0.1073053739964962
0.16893994808197021
0.6213281021919101
0.9527308563701808
0.7163645967375487
0.9335343025159091
0.3009098095353693
0.9230379932560027
0.6387337949126959
0.11752062477171421
0.008714936906471848
0.32786827720701694
0.689051360823214
0.8726761038415134
0.7765134568326175
0.43779107136651874
0.36532306810840964
0.46758350683376193
0.6752808787859976
0.005533188581466675
0.42643091338686645
0.806161095853895
0.6095661451108754
0.1724373959004879
0.6751598697155714
0.7703713558148593
0.32069716742262244
0.7937769996933639
0.347448913147673
0.13741115760058165
0.2404715761076659
0.6485320050269365
0.9453398899640888
0.4922315499279648
0.07628357852809131
0.5863071482162923
0.07728516473434865
0.889853089582175
0.23124140524305403
0.6871279121842235
0.3523816771339625
0.7754979925230145
0.9018477783538401
0.2632616935297847
0.14885861380025744
0.7774823275394738
0.038677860517054796
0.7877936663571745
0.6290503013879061
0.8529315546620637
0.9876811006106436
0.9216075434815139
0.6465740641579032
0.699042979395017
0.0009157389868050814
0.5349934329278767
0.38574513723142445
0.6351812344510108
0.31443365779705346
0.11567882751114666
0.6347970052156597
0.19849597453139722
0.9726383676752448
0.14116562297567725
0.8845219279173762
0.3678558578249067
0.5081342516932636
0.30109120067209005
0.8287875184323639
0.7634638261515647
0.47342934110201895
0.24684204952791333
0.8689400411676615
0.5518696771468967
0.580358051462099
0.17481565871275961
0.7233739085495472
0.7602174913045019
0.10147497337311506
0.8532847438473254
0.3116987571120262
0.24416256579570472
0.43648999463766813
0.24335951078683138
0.48732642619870603
0.5904250077437609
0.8494917254429311
0.8953985366970301
0.33958012238144875
0.5635511777363718
0.29418951319530606
0.7023275531828403
0.1392499569337815
0.4251435436308384
0.17238922812975943
0.8379539207089692
0.12361086835153401
0.06093153962865472
0.36937494040466845
0.8854678440839052
0.43547908565960824
0.407679210184142
0.9227188359946012
0.4823626452125609
0.7813994793687016
0.24076677835546434
0.5768317037727684
0.5046206840779632
0.58785354741849
0.9246402496937662
0.5026059509254992
0.5654013848397881
0.49236073484644294
0.1926823912654072
0.6654352829791605
0.6643891320563853
0.7682313732802868
0.9415851805824786
0.7982883627992123
0.4963242949452251
0.475493103498593
0.7580232424661517
0.4112381739541888
0.9162210563663393
0.3906315809581429
0.7493947905022651
0.4044957389123738
0.5047412200365216
0.6973349216859788
0.21550408098846674
0.16502485773526132
0.12367382319644094
0.26594747928902507
0.5782228130847216
0.4327260258141905
0.5879992700647563
0.16333611449226737
0.6021021504420787
0.1751430027652532
0.1555773422587663
0.05602743267081678
0.00917859049513936
0.7326356410048902
0.946544528240338
0.6259261826053262
0.2079479368403554
0.7935750428587198
0.24517904105596244
0.8099755689036101
0.12520877923816442
0.3740795950870961
0.7459504632279277
0.42112107831053436
