# browser_rnd sample v1
ua: Hermes (React Native) pre-2023-11 — std::minstd_rand
runtime: libstdc++/libc++ std::uniform_real_distribution over std::minstd_rand (reference vector)
platform: reference
seed: 305419896
count: 4096
---
0.77402944572127297
0.51676634289739076
0.383432283343286
0.52714278954734561
0.6207764670025292
0.6254197665265161
0.039133635682898772
0.64347508657103669
0.13116091976325644
0.95321074788234894
0.44751428409062077
0.18261392196977411
0.20444691850129421
0.87008585249882708
0.88187235811628129
0.092786505839859021
0.57533839067821446
0.60827737179398567
0.4684250159626217
0.0011666181247156052
0.28464448586251923
0.38278909485766865
0.64721763455627734
0.02687408304595388
0.28374158535448313
0.52506804072308055
0.47897459590683816
0.38813480006483747
0.34734933793062028
0.64800103017869082
0.58200919852672783
0.79189240362020274
0.12921469784185546
0.53266452177801094
0.94720359525808184
0.57506161118618471
0.10618791450346285
0.44916827450280994
0.38427831305671933
0.45688239876749465
0.19536157537298046
0.6420156832703624
0.60908501686398808
0.088349278233731052
0.16657113285789693
0.98365899479131902
0.7232938491040436
0.61719981643920374
0.56010336101639635
0.9253962000832533
0.82341168841662926
0.09919245499371665
0.0025295885857446448
0.606892162617098
0.25150359365837432
0.4526928343043502
0.46473618078291512
0.25833235997559423
0.74847917652610563
0.26165640743525093
0.026400755843726254
0.03042029703582565
0.54314952367193547
0.034124557598916416
0.98586166007363074
0.19384298702509825
0.5806860919837864
0.84251855359569672
0.42709678461183376
0.49948605028347592
0.81342900605778845
0.47090890303876154
0.18337004241086999
0.23897080120317252
0.92251581568484342
0.97670360920687194
0.99916355426340864
0.12309621268422806
0.67710837830393811
0.98859803922274647
0.84068589205728272
0.78489073241058105
0.34970443842929838
0.66084218719258725
0.2802686281845671
0.40049445798990535
0.47280501118562468
0.49677189568255314
0.42525392329631295
0.30651395863162217
0.81023433681380541
0.3535600027669128
0.016994923692606141
0.55935691924797459
0.37536021343831499
0.80298701190335442
0.89595838439556408
0.098509391771709615
0.70895182786730859
0.44772254382685356
0.58497416050399442
0.082338414365606169
0.58549878640501374
0.76535469719330995
0.14053374981398101
0.0045384283707121543
0.34087471326637631
0.72024259893399778
0.64386261911979714
0.75095466496161478
0.79860707974519207
0.87973374143327165
0.32542235976004391
0.39334616076639917
0.015838246440610888
0.63246919763877507
0.0017253989000275787
0.84270809589519546
0.95016370120589688
0.062095504475852888
0.94846338467161928
0.40722807361301483
0.74812806761013562
0.79500221762804069
0.12348597720218993
0.94246331680404938
0.21845666974953484
0.64567148378735939
0.97991213769094243
0.93729631240171707
0.31591092369617502
0.093401124013126918
0.45941124506503922
0.17549735428355853
0.77353234215633304
0.50659178811724637
0.72970630142447712
0.52254330399350879
0.910202508563282
0.72613833092039182
0.46207893283456902
0.43066975561599663
0.72342177355039361
0.30646626972842517
0.55208510278607026
0.55106344390759421
0.69777242735914902
0.12231431967460916
0.52168664861373337
0.71003834286532252
0.36543291760222674
0.10426948499908341
0.1053167280754753
0.81142858665746365
0.29367176492541913
0.82974311359657726
0.018255178614674114
0.42397252518855133
0.62857744183155095
0.83859278109803592
0.64355423534253942
0.096541838347711559
0.12197523676559771
0.018031589175915803
0.66835403383688619
0.015833349036626723
0.34620155533031283
0.92592439816665573
0.8753777994063543
0.095945140139032895
0.54164277131257454
0.32758729546023097
0.19473589693932411
0.067210772182279763
0.49081194135957712
0.2717815360644778
0.16590974968780817
0.6308484561234895
0.20196230201504395
0.52706706941892267
0.66428614239351358
0.4988771056542825
0.96471651560915361
0.29548880617222595
0.058442647409180738
0.067747299196448521
0.4331634329148687
0.62783599015686187
0.49628181628121415
0.12957469759448823
0.60890265783204323
0.27584284958051281
0.59952184204442627
0.0030448071309045039
0.46437084856659055
0.4755190823209749
0.57910613247185594
0.099618993807281564
0.53549073626261723
0.05413526146746947
0.42683961895149747
0.56415451695377228
0.46116267574252612
0.58720991898232422
0.46891838365598937
0.79600169498068651
0.54109449306503321
0.50634921862975024
0.13649317028751878
0.72575689950647482
0.85240141708221773
0.5846143874516877
0.41690301185236595
0.47155146732385295
0.1198133451400839
0.073761903987043062
0.079899749122874925
0.15952903365709634
0.85697899588381021
0.94361839076519771
0.46365443958465263
0.093290604767407012
0.027996427513097662
0.93821885636635438
0.18246664718135305
0.99175630781382318
0.97148524597831354
0.69773687466968848
0.97985466402786803
0.89229322660205135
0.085649181649847625
0.82300324319752605
0.67210767629265944
0.8946798053099797
0.20701998914727823
0.55198168622603427
0.11959541214032812
0.20730315866169965
0.86933829098448334
0.82879618158853763
0.7472404638840574
0.16820307699070569
0.49408358536610114
0.42303875356671894
0.45960797063209202
0.40912475835280532
0.33170196019327786
0.79604635861581607
0.34342164156986932
0.51037861934248863
0.041268111471494021
0.30230144861043534
0.10567739587491153
0.82419879399332452
0.19288234565674794
0.8693361433047696
0.6591407316938247
0.63603059232901427
0.31897541483429859
0.87939726795118334
0.34361230026592626
0.94125858200335388
0.68771999276636253
0.31340866701611508
0.46611143857333015
0.33181558611285045
0.56396186081603217
0.4111407859368591
0.711601938866123
0.068069574829811547
0.77559910776915464
0.8520855436328284
0.18325708824571824
0.17287941246697838
0.44986949021084077
0.49782103469866096
0.29846624420773937
0.53826611085823506
0.57336678951521181
0.83422037710283525
0.26190244600903689
0.11136000580885135
0.3312209128035678
0.78975072034829674
0.3381404926689805
0.19880147407638754
0.057927222206173024
0.45586119411358555
0.33374092334098671
0.27916400114373946
0.14567464767809238
0.73288784331022816
0.49011840029121745
0.66306559733647763
0.86139465987786401
0.75476316078153327
0.24486529066332688
0.87415781507304602
0.8375314633114902
0.83166701539633447
0.66344905911264529
0.21255044069822504
0.025986576953113981
0.59878921489960324
0.025645111317505458
0.98409188859321672
0.60905600819627104
0.99192988533826454
0.24206572674755478
0.25932307926628229
0.79075175214831839
0.50903180027188666
0.069518976664669538
0.97073230738378946
0.68993798904077597
0.30728095612080442
0.94767286426125641
0.77058861388731381
0.69582672020170688
0.74765684676679289
0.14344840470261269
0.89937367206286023
0.46445124856914394
0.0081232984282371291
0.3989833998110684
0.55624296816074703
0.86777829431922893
0.4269914032798362
0.23108263302789725
0.7233704794368383
0.7270957675159897
0.89508142714851735
0.65362746863756915
0.87978848582651115
0.99524101580515423
0.88991296480358295
0.51448345464546563
0.69260960352423007
0.55606453543076928
0.96385059446044241
0.034619133966633346
0.52493471286730187
0.073168281125775447
0.13889387631039324
0.56156982233256192
0.28430377091537179
0.840399787904755
0.50800717666473505
0.8146242637390565
0.50627306138183226
0.33453310000524245
0.37622506450849053
0.65928855216068882
0.50675159950330617
0.18599275303000798
0.37994533116746759
0.92237509749170565
0.020896938168499142
0.98734416844825768
0.77094804292183161
0.52228220621009691
0.96087040705891225
0.60824837693568079
0.83794664797992502
0.93338824780164642
0.06131195356451128
0.99249025554130732
0.10091071235897653
0.7875976202246735
0.80651063692651237
0.23125837116384571
0.5445149858304672
0.36500760121871945
0.86651978875275981
0.0292872292153975
0.76143337704553848
0.35223746106727394
0.29701433398226412
0.27332937518394135
0.62556473917021016
0.85139568165797008
0.41592183269224225
0.48906449458604295
0.31267139420730561
0.20499908755108212
0.13743652253682936
0.35233504832864615
0.29228398723047966
0.57383221573569587
0.34197704733294926
0.2752828263326651
0.089851468036424478
0.72517168739371629
0.76749197407509551
0.26954171021662288
0.02088651204932002
0.19584029428871566
0.48606560396914839
0.55798078886639935
0.95106729268691692
0.10797108811569495
0.2678416028656419
0.54558874716664951
0.32896838419713981
0.044547297396688113
0.63910499430299272
0.93561912845280892
0.81801959402253133
0.46647707724793586
0.065980400166918793
0.41355522059231109
0.38904806110176327
0.092031385713730776
0.27554771676571993
0.62848184361160075
0.016913419347669233
0.41481578362049021
0.54514500017416878
0.59191403811710364
0.88578243509591192
0.85763067441023044
0.22018877888594365
0.80597173764579511
0.048578493371090284
0.42900383322987762
0.56524808033114382
0.51505573472017274
0.42640633187638233
0.82597283120825837
0.67490347888522995
0.6173903595193313
0.81790348639984323
0.56064008881360072
0.60176572150609819
0.35553783902163277
0.37554595010267339
0.44087952788003104
0.21121157897548004
0.088728406267048615
0.12072273541724123
0.028726671107408699
0.63451138647933336
0.50461825891787493
0.8362774029842257
0.1537223650393813
0.51505076343304579
0.61997927597508007
0.98397877532411193
0.54689946199453554
0.47983807713892401
0.078970959606471741
0.83776539782189607
0.66817567875137229
0.31232465623543987
0.8529125582097612
0.89796837313940381
0.69257642897613059
0.67432265482164766
0.79324919535562788
0.15589468984105526
0.61134350831399598
0.75909643279420547
0.83962085797598163
0.41405934708497949
0.85862059787660361
0.027038217302858082
0.18128588540683052
0.10156643532874161
0.57098881986708316
0.79276933371408653
0.64221457115045621
0.64837379364124603
0.39767835729138451
0.18563629207352936
0.55032068628357111
0.83944161525402294
0.63870258674193481
0.95423749541911873
0.45037709171831525
0.39449663085005127
0.54521133510270181
0.71939187559072582
0.58703564337421399
0.73469663703205379
0.70911115452627493
0.38522943727438963
0.27503675267111632
0.62745853259880657
0.55352529099112335
0.29415789004771326
0.11489666091525684
0.044512833126707917
0.30251143560000143
0.89339150829067981
0.6883169628112209
0.46765898339609457
0.96593026737619347
0.39457069766198771
0.55147475070557572
0.73428964182095302
0.073073008582669755
0.75489646606938487
0.56911404651847675
0.32605743890453615
0.51820193098626877
0.090961640843815222
0.71646079665157214
0.59771910890682678
0.48137765585531672
0.06297814320157398
0.87425730739090268
0.78558301173413803
0.60551564772082
0.59040768073249394
0.2867620462284754
0.15286787068307048
0.95048307300823009
0.22721076953356992
0.97640037333772378
0.37847600950829613
0.20913243751680261
0.8358337649626506
0.31426111802467782
0.99332473691789491
0.22591156336953086
0.40251126176775337
0.51676526323642524
0.19318271948135646
0.88059125183347398
0.73019560169461561
0.64396756121880849
0.83375853981155268
0.099231323952283762
0.7460920454410066
0.29180091535333108
0.84644770166598382
0.610863175754773
0.1925777808583814
0.56603874315234526
0.086592183182641905
0.42014718741717916
0.72869860910916429
0.047499447644476084
0.43177772066994285
0.49083704376780535
0.11601751364161189
0.25502304816221011
0.23737829257376719
0.64014428843178872
0.052791657629668406
0.60415182007216905
0.8084535797263569
0.85329772931027525
0.31821251063193218
0.1771867115937534
0.18970918113327698
0.63552113795789
0.99315222735849795
0.019769417350506597
0.197194667385866
0.85420474479543529
0.60768664606502043
0.51428526484904091
0.11696209213600503
0.77203979269659495
0.28975340198368094
0.082531334763179906
0.93395178985687399
0.076168055617793551
0.28517295619405891
0.093705505957444951
0.34495613162796829
0.34481401185834165
0.44133541937910181
0.67957203698399193
0.36121067001680379
0.20113605558989797
0.20092932062242924
0.19480757762159592
0.45223722628367624
0.78113725153050584
0.97711783565137911
0.18913689806745984
0.47656216369026294
0.26518754552238233
0.36026767389316056
0.62438150156738437
0.84367371360157017
0.3182651971515042
0.0035801534478019188
0.76443131237591144
0.70537487383681186
0.85621684736709858
0.24907279430962387
0.39485401370682244
0.6540528355660814
0.30104268965613856
0.36528843890980228
0.42640353166081091
0.44082368249377152
0.52468314815747363
0.82310259697327304
0.19545693107710888
0.076756591934258642
0.41673683465967115
0.62168522390868819
0.93625369865445074
0.0024084504261137098
0.010474627967580183
0.81905139342829858
0.98638064246744073
0.3686080995561552
0.69865417968429777
0.23135752286698091
0.16378131238117333
0.58779013765198629
0.75087566148465268
0.36335029371350858
0.89368769948808757
0.93811386454625334
0.086223163114301282
0.18033669257489268
0.99801112852456331
0.54246917137881867
0.71443326117388251
0.89593589641145266
0.71147535468665868
0.017159307217763254
0.94926151130136549
0.96389184367386171
0.37902916259189467
0.23508059726417163
0.17253619289053487
0.51793624019736662
0.38155118844627989
0.74493377206255329
0.87367753006771809
0.029355072577833756
0.39404643922430305
0.87402839342305227
0.7689410134975162
0.30942947611702681
0.18516539355766751
0.74122168105149799
0.61033304581997694
0.42601262230355169
0.16570874880380598
0.71430546620657753
0.76065785566366295
0.69581736256693738
0.93555885957135676
0.32322429959110099
0.8937190520333177
0.087882246304359035
0.38189736610637537
0.80298398163809326
0.50477935832428189
0.4923181856000024
0.20791678275306591
0.20913222374826995
0.80593960808285592
0.064684940334500521
0.92571946850894171
0.54006138559644101
0.13029600938956129
0.29778816649422907
0.60208888013696604
0.0045295383042605322
0.98638811550016159
0.96935195470201452
0.27642868419226363
0.37281579022977934
0.40239493408976268
0.47561227900772224
0.88844526096117782
0.28900156808979394
0.85673426702067934
0.054938581087475111
0.26537623697473295
0.44401755596714354
0.32157646204092893
0.22580519377674022
0.69525076226937088
0.42757678278940126
0.92767376844502625
0.018502903532922027
0.4114301237168359
0.45381234681752342
0.95185776095814889
0.1359437943426175
0.56806864043653504
0.15798990081871339
0.33405809150945032
0.070729918991961821
0.069048515680260228
0.092135496542410808
0.57542987057167694
0.40297650842984872
0.28702901334180353
0.93622142591046165
0.82852056110347094
0.89091692459668737
0.36941497595500578
0.01503735504130976
0.23815486316778528
0.87467230796941653
0.21445438300066985
0.92531282071869736
0.253197851721917
0.7503644594057598
0.91074547109394977
0.81693698569596385
0.88598256797399022
0.27368846061262769
0.69807275692552229
0.055486760000244252
0.88967019700479621
0.69744698827386242
0.069419164491076976
0.69042064636635636
0.27075328297750717
0.2531388616366359
0.83970696243709353
0.59416557135205372
0.91664203852395365
0.18336706263690994
0.11632873189828882
0.50195381059690281
0.15185369277191493
0.14348754632127456
0.38691887681428461
0.74195709053660941
0.57158392442104844
0.39206083058926589
0.23886871274843979
0.0035927409486993618
0.36159655877780361
0.74141677334454237
0.55012885435918146
0.21182226002847893
0.023443752862146585
0.11459504667789995
0.50681320653815287
0.97901443687189327
0.55190239386152429
0.87918770855238637
0.5306540528923136
0.68468149126095446
0.35846411947961687
0.19050650987892084
0.5315995248979638
0.293935692603014
0.52126865955644852
0.45787591909766906
0.7928481985415311
0.82283396144446985
0.8258705440302776
0.44712462019700727
0.28426799817060888
0.56262413599798489
0.038090974328033766
0.6566628008162414
0.10388416237096243
0.96449416993250736
0.66154197669641501
0.93941962354425423
0.23673662179993285
0.79593844297591065
0.32842998551271574
0.27175024905583328
0.0057166971581557148
0.052364320520043722
0.32557284102275102
0.13948157383388471
0.54969279375599667
0.020373475859679236
0.80041829545465626
0.35249449065724542
0.31783826830667788
0.38349152223115879
0.93016057851705536
0.94938960190864963
0.0097426408924826385
0.67623682070499846
0.57999638365002626
0.13589151449371759
0.97500330143110925
0.95991265694805206
0.86337516068974796
0.6689881865495535
0.92611532452561385
0.11488356988065997
0.52727006264000675
0.43467901773869533
0.14483615694592292
0.47849986671616418
0.10210914065655674
0.7238755474603199
0.047248022766333657
0.77647922805616743
0.9223944983787814
0.72782560361571347
0.18798095651234492
0.81591163932372524
0.7457592335353902
0.92013847147311323
0.13383176516360118
0.81342079109512133
0.41347356301823351
0.26883115727455437
0.92170601505423144
0.65653981221100188
0.6735461811443606
0.16043814880241403
0.55776631907812113
0.5559652764582621
0.70208851592802723
0.8496315941279754
0.82224154854712772
0.79916754598734729
0.25526325038035114
0.52561997848730624
0.48519804197008259
0.72779278478132403
0.27103022151978606
0.83632592650711768
0.79002046392710079
0.084955840952565961
0.86327288561964555
0.6520530052248158
0.77488616704959168
0.79153828700689866
0.35293904088927569
0.8208998368877215
0.46332061690402004
0.1161810705353776
0.62729796135381333
0.32428183683588202
0.32715167573786236
0.52901645190854474
0.20006470501109444
0.36492530445253507
0.99675021101854677
0.67667843377347381
0.6983687548625368
0.9317848187972424
0.59794311336281458
0.00090833395432992085
0.10137010973363368
0.38023523008312959
0.12868672310941545
0.29627399958175199
0.92386390608267788
0.087038905363846619
0.42951911143681071
0.39191270531195038
0.7569259659070785
0.0228001953190685
0.80393772115749906
0.86516810236874286
0.21334719748988148
0.41718496676392192
0.10931315466489606
0.39841477919934198
0.09246405822445343
0.77089653297995608
0.48785530120239212
0.59623416813821661
0.69475827468980567
0.34407058747709129
0.81653743389267597
0.4086115313208124
0.15800826084020383
0.9934629212150824
0.52016244432376235
0.1573720807563955
0.76686492657356065
0.78436876689344737
0.45707011277735432
0.88103315466711596
0.73875134011214094
0.022075205254408967
0.44373642768697891
0.70144445402733457
0.44883184569091411
0.56558337141442716
0.59947741891903505
0.077461416613969145
0.53176041841673405
0.45066640316904405
0.37488988687644048
0.49876800426620838
0.45710933997507996
0.014549001657431695
0.072732163332562272
0.48845384774318806
0.67035728436726671
0.19036128008607781
0.69639310302312352
0.46045272402109927
0.26492126520875964
0.9997766055231686
0.87297769960131499
0.97238100247983705
0.98762316991510157
0.047884812883002136
0.31055315121492272
0.77734986751613566
0.73203889183677817
0.066792864530780066
0.11932811764862174
0.7311703048413265
0.080184295532367028
0.0028702041981199257
0.95233735370091666
0.58590075767049143
0.071331482454268069
0.068409632602161416
0.3372026732544397
0.92778404800492287
0.74323886099749159
0.36051220568087322
0.5443353230940855
0.89038171357994356
0.72876476406735113
0.35245191581026764
0.9710779777488644
0.14765108153240852
0.97370204944757721
0.83847445819926092
0.15332422186956318
0.34587083515025419
0.5200235064007076
0.2806184853501214
0.38495779945740327
0.61621828867605488
0.88831197947712548
0.30140771917550302
0.8770097736297322
0.048446476103585649
0.3045094083849737
0.31014084657371832
0.51629413843219485
0.058313430357247502
0.32840202399735391
0.32827652988519962
0.42336215641494235
0.75063547055047508
0.11588738772858714
0.44730459521277871
0.8156672620547295
0.97154607810894211
0.99676318349980819
0.51064667328117086
0.20532551819282166
0.30944835342792498
0.31562122144397364
0.77078303689768213
0.44399310944413656
0.2880613275652335
0.41698129421207086
0.36160942810926805
0.78321375177015728
0.010993384073021703
0.66804622206731967
0.7812680717658782
0.56821796145640646
0.0032620483337612717
0.97261016695181279
0.75172280723639051
0.030838050634269761
0.76889268081697648
0.45140307681699932
0.28427263966131666
0.081044748558979224
0.72768958404960793
0.29461859254778944
0.053489220161488431
0.55309856221282516
0.067957492431904937
0.8902525157465736
0.47574990304684334
0.80362737343219481
0.54388478909837845
0.72034865166216255
0.4440252519388691
0.6528634567971594
0.88538141741542209
0.69810973417135591
0.31220834612818255
0.95796019282424894
0.58284816605139123
0.11950830272530849
0.52717168295738703
0.71418092191808991
0.32193973468205217
0.91009591015667413
0.26794530161449864
0.59175340885816718
0.027482837710413915
0.43921482539852091
0.92308709127130439
0.21047508565612466
0.17193592162185428
0.48362149646790481
0.3577778961550499
0.7816964121815807
0.0066923952106830867
0.20292487435716916
0.86798361601428797
0.3596299957280899
0.9334270616836764
0.6860129618224251
0.57565703600784346
0.12277197269086104
0.58276976714443451
0.056370505128136322
0.85256328469411513
0.54419625698156182
0.62970460399842743
0.15375644097963378
0.019614185679889908
0.95001309304329717
0.10210147513365395
0.004730195994388735
0.23401608634709067
0.29314519594274663
0.30631655502337873
0.76936097990030217
0.60937096320213902
0.53923257488022558
0.44542837896685483
0.83339547130282865
0.74418578218722919
0.59074814141419485
0.40143412109762355
0.47232104585092277
0.59211747515641022
0.69209934374636128
0.20913677837033764
0.50832468050443036
0.91458601419340357
0.28137770087655672
0.46010624072663747
0.42558441759996041
0.47167701568862941
0.97352426884149956
0.065008007977153462
0.90835113582119997
0.39509324347966612
0.47957315831683373
0.3533611871221321
0.15773576377580825
0.44977578705298782
0.75820968702596014
0.92762548960515101
0.024240604815296565
0.93744551064127069
0.79764894676745912
0.23818732834825243
0.2519941423295648
0.46108079605335867
0.90651477391093394
1.3847544166524441e-05
0.69497262922040848
0.73615766526017912
0.99443456859119905
0.9734478994728788
0.57328357754746229
0.87568823235246873
0.89313419774776004
0.30789374518051815
0.82428548298196369
0.088712244416573008
0.8995103128383819
0.876133218880079
0.071600613170213379
0.82748945936941509
0.74962217651444307
0.70048033558439093
0.88521659218553395
0.61241090507941598
0.58457477197793806
0.36632457829148563
0.53376556323900071
0.45216500028121492
0.90814529977413949
0.50159834748364707
0.54676756204449373
0.783520836655062
0.50990554893115625
0.64082630161773801
0.59819660034160693
0.17989163422392682
0.72454754495908369
0.71473678763211235
0.57687170627210815
0.99087602466153613
0.22485153983639822
0.98083266092946242
0.76302275308380063
0.62132360046447688
0.35186539944970874
0.62524603453706162
0.53778003916464823
0.066944892664516822
0.34325958564106834
0.197687295674736
0.61751058129522851
0.98542865776648869
0.41048772840187686
0.56891718776476174
0.77314958011166413
0.95920706988395954
0.55023232893316087
0.27234643456034036
0.96532265626145464
0.078792553975953028
0.95075219743740569
0.88086875738625048
0.7978732739628851
0.68520526332371556
0.17700112187176573
0.4220705944417516
0.069431498604146671
0.94490110986757792
0.3786491766007441
0.56612522336964533
0.88788486654237808
0.0084692268200796828
0.96467331831688752
0.17531156125308667
0.84671348014744097
0.30637406712357951
0.78702489591978664
0.95175742562033627
0.36419174541303229
0.86941977946022064
0.082234045922115973
0.26267225623362639
0.9298238094486917
0.97197433629494434
0.384494118831197
0.89511345732298075
0.52560935405683651
0.4698708335072182
0.61650631128252176
0.49888600612707884
0.27494944412089112
0.55343882329365934
0.78874133416587955
0.60007910222425298
0.93016196381238703
0.92092580380383826
0.5532919397186683
0.0033080037505589409
0.6549512394659931
0.08543481413374765
0.1350400379365358
0.42070606041657849
0.20821959819583361
0.045518192024556182
0.59492018418316139
0.61609559442121831
0.19848185635516505
0.99567881036039974
0.65716991002027614
0.20629346308359503
0.66973066904173706
0.53026869270468491
0.65623055208126291
0.98806406738287855
0.47138285068019398
0.69991358999228348
0.84711038285080686
0.034141926063953887
0.52614981360603807
0.51125534195460953
0.6297956668148732
0.75938114541833535
0.95451392372897093
0.92303234394065858
0.030461734978105816
0.32570145515250887
0.84683765826217028
0.90958716139186113
0.76628256692291186
0.52321032726773931
0.26106952196352756
0.33486909082002453
0.26441781129442693
0.40209308104420138
0.31626624151488997
0.16836312218777649
0.63665950732752585
0.86930187276084381
0.6960460163945289
0.50409423552707355
0.10021786267555839
0.45206865971936083
0.54474200350034785
0.04448423782839047
0.62987443225384177
0.82808886809502669
0.21880865707777344
0.56855720758894568
0.35330675753373103
0.9698527294258561
0.68243228649997933
0.48985023408596967
0.9211554980850577
0.084318702232872439
0.63989455319376798
0.98025110704381224
0.69303378094325219
0.80444362668437797
0.15869636676073592
0.10343245679475227
0.93785151218242724
0.97444062027112099
0.17005502086286015
0.15994377156990267
0.41258149941962352
0.2862665701164353
0.33110307251839532
0.47817046923225798
0.18836381665591359
0.30514312727380594
0.055212668457220372
0.19487719543300663
0.058481525179966382
0.34189384041609716
0.16707517294758661
0.63719599096107837
0.8186031448304999
0.24064042571638108
0.0036277500732077809
0.1861556151357647
0.96883857196913614
0.6168645224722179
0.88045453300153087
0.033062175142986025
0.78979569837630725
0.53737081322021851
0.040442900502782327
0.0032981462897073675
0.68806776990227991
0.45792168454973342
0.78195002065111463
0.37914492202351524
0.53664562654580217
0.71151561981256339
0.68800429578241418
0.68477893575323456
0.24877188609053563
0.76634728815425335
0.013251882221756967
0.52924766425980085
0.93687567589234011
0.65427511987942066
0.7107062320856895
0.7916228892671735
0.21836432808321429
0.54094143200031086
0.68044555100833559
0.076163626247788566
0.45651670331481803
0.087237965637940326
0.015846520241136305
0.48902557925574969
0.15089647288225586
0.2505739044513518
0.76320500438071215
0.79133427713598592
0.95670968592646555
0.78752292967787241
0.85676536906178413
0.45724932422657499
0.87418337381933253
0.013567601671794353
0.69983184771676099
0.16595528550214031
0.69895285052503364
0.19391366445499622
0.7207846412659068
0.71054176633083233
0.3509747987908946
0.81463665633173077
0.38980966764764907
0.89383862833033811
0.40043290438376605
0.45851497920870782
0.86011169697008572
0.28276507231278147
0.56772148538765244
0.61682893928023086
0.21088568231626281
0.44893574321672275
0.83557136834058954
0.12439590651276694
0.27997174266481167
0.36731588293361572
0.46182671218581556
0.45491567707948921
0.39130670578091181
0.73845430847392957
0.28870759974481919
0.46681712667372854
0.096999881753478581
0.44025073766792072
0.53461394059126832
0.11551319089744026
0.98678942253386071
0.93402381249714728
0.87501218077422671
0.018175639095402471
0.031334325866284533
0.50634020918604827
0.9286671422447873
0.83076804659941639
0.73469612303830589
0.9183197493446994
0.93799082333622164
0.047218428388920951
0.62420636253858641
0.4592912541627468
0.18406695863989847
0.16287813169040019
0.6255671477603939
0.72425510091721157
0.72105814328420992
0.75425415146450403
0.21006348450774021
0.39491084858974745
0.034535696176176592
0.24063228422489935
0.38131937446242475
0.14619850784536589
0.62255773339108189
0.23621385216563071
0.052264446105525386
0.73594544424162434
0.13599701695820302
0.26681104639807185
0.97729194592247015
0.73683919959384725
0.041449342410959711
0.08118360301646152
0.29860233348370929
0.18649584623343718
0.077480769481488798
0.4803468217304584
0.81534165304718764
0.88180698553125092
0.72738104833278594
0.83459489703167433
0.81996977439625596
0.66284102298628977
0.26214622963373713
0.38416805389755448
0.55860665267955301
0.36878696234864711
0.087532439218148267
0.58093853222218106
0.95358862839223313
0.59973463177501241
0.60107031417663426
0.93676573323954737
0.49303234210459951
0.28818875259745902
0.036494714781771583
0.43791342271129702
0.25113536977260226
0.61837037549921314
0.3893324989523072
0.12281190590685535
0.62547851610205896
0.07304737466366415
0.88863601528438951
0.15153360490322204
0.28349794831390002
0.95244902401900011
0.2175298575786328
0.371686911269618
0.57259128235470602
0.72877375223270247
0.64878528375893751
0.85194808534268385
0.53962687145232835
0.33161083096262772
0.11581387576556613
0.79972055882730242
0.60141176894023685
0.59571672973173384
0.40256207280204509
0.91748600402324598
0.24929206840018023
0.069733843075529003
0.81348099361607296
0.74862862985502066
0.34117656049082912
0.77416679797791821
0.77299815572401764
0.9373296919598344
0.61193042763760974
0.57296443620677628
0.80163529336898087
0.21277936136480263
0.23308286328740385
0.37743326504611224
0.086544203690363197
0.10174968781823963
0.56076515497673218
0.36185933203367138
0.63750089266654897
0.68539372513833396
0.33975357623770935
0.55490595724186431
0.93450546904209886
0.10375129837588443
0.25100720193281162
0.45713301994042632
0.084652846417070909
0.2893939967529624
0.59273075522998742
0.19291336000529768
0.28554644654127587
0.64502777806603806
0.54390353487044396
0.87165382109156186
0.039206472076473979
0.99400786567648758
0.50906465378208154
0.27887094794662609
0.92955252399605148
0.68271987363478115
0.59508431179504206
0.23815315719280264
0.40081109511325286
0.24234645629164694
0.09167862054386805
0.3484719233194597
0.26425450743023532
0.20243805285273997
0.37428614945887623
0.48290183634148837
0.27898949883530333
0.00065016751336462164
0.43130536668322378
0.95533446569555835
0.60166808457733989
0.26179612690754722
0.67263646307686742
0.42766163390597151
0.20042689799125218
0.8589664574362007
0.92289321311546424
0.95027419499998744
0.81672561928587839
0.14712164339451145
0.56535631829852995
0.3725021980050201
0.66003843833398246
0.12684634931811875
0.346645232147268
0.90811137330170655
0.29245110043742906
0.42395368672673706
0.5558148928824973
0.81276742292857929
0.5541452328695684
0.26918935295330471
0.58223616853530613
0.88309167692823487
0.83983035730104771
0.17279920577852201
0.205731668324179
0.69662375341477922
0.56309757840418417
0.37945965027535328
0.75817803266138872
0.59179761316412827
0.072847579982266361
0.2061363066722694
0.98343678394916512
0.74875727154989902
0.065447143927749349
0.73912651263054108
0.71060378374396826
0.14261662673227321
0.38774009888185007
0.65300102946736072
0.44699412347128425
0.87575247679131618
0.30994782972507479
0.56612416246158181
0.18396571732469663
0.91798004975780423
0.85137309810040762
0.51220327180587222
0.12534889616762657
0.73811736572198972
0.59418880373785654
0.27056225558224323
0.56159162681262798
0.92873491507344441
0.53844883900134433
0.73157293998032902
0.55740111128994441
0.47681591951412511
0.59292645080346074
0.33476325814716235
0.59957117426972262
0.34070706860235345
0.76306420601766167
0.2099463535902
0.58775064279135936
0.80873400574957399
0.2444964288213205
0.54538002897886739
0.25467818814736953
0.82115915939824391
0.26895658285901303
0.41188281338056054
0.15402004509387535
0.61358757732844371
0.71979626590643564
0.63658572945684122
0.58315692599679447
0.48014003668364608
0.6257154024630508
0.84521870994876114
0.56978571586865112
0.045669556696725573
0.73264407179340629
0.42815403003166053
0.61757306133319267
0.2142924849399494
0.35358930696720131
0.19405197235641652
0.54863454503009201
0.74239101010510389
0.86886399644155965
0.87804557322060917
0.99708818417602363
0.54800718442525242
0.030379793101716394
0.25065812466866882
0.90202199403307692
0.39012867039252158
0.62822172239306118
0.3806271723713745
0.0057738564283489951
0.70046423473896868
0.71822255735542206
0.36928347221558766
0.68133433630930385
0.43028624334852783
0.10372903503231147
0.84961365200741668
0.52197604987050839
0.016661834129701351
0.50835478552622726
0.26242314061089561
0.95044061929374024
0.90385480715280164
0.66788069499244151
0.5516683833544842
0.18238983440646744
0.54914029233063677
0.1248865662146505
0.61111504986028886
0.90418969697456386
0.5393636660741592
0.52541390651574371
0.56528387935145097
0.63968098820071029
0.71816532708578829
0.79625128868548745
0.76377050456287776
0.36763902739681775
0.47481248818948346
0.42580825254565052
0.039396205576578532
0.46541137975877123
0.52390898620734305
0.3764015475117915
0.44731923899321757
0.83109547719786991
0.47137626528391796
0.17101780285394322
0.68042998367977436
0.44138875925844645
0.8915240760240043
0.75816581504186686
0.59542943565775874
0.86777095576274688
0.31559290168945331
0.43735592666067225
0.21256649775107361
0.11489794311449532
0.13884532522238077
0.90835722397054641
0.10933334544777053
0.40540964083781017
0.35743804333901419
0.71940291874604223
0.13156708076661974
0.29613247768340323
0.20205001347462018
0.15415528717661053
0.67282476954885395
0.27460852333981084
0.42670699464224265
0.55734640904144839
0.5449501358710267
0.23298586055355869
0.097887286756308797
0.75819409342185462
0.44600102150770299
0.6374051846517782
0.79605636549078329
0.6907537350516425
0.23672296751615951
0.4744646576248589
0.50256358361272513
0.18826075998286596
0.60375828377095719
0.78026057899772838
0.57209478835696492
0.02607512596979137
0.1142209930815065
0.1512599200308703
0.82203304959073309
0.69012844736575485
0.089175337165888574
0.30966432541704053
0.025404174745764105
0.5146454541544494
0.8014070298772008
0.98646881696380262
0.51795076666034268
0.96880221969403979
0.5587221356897577
0.24610964887237174
0.90102456079839033
0.26497189462487525
0.23784218026977888
0.20068898903265064
0.18251258126609629
0.84763716848571447
0.18268978486728926
0.26589912974760649
0.72129057518182127
0.19104942856331117
0.62934795972223911
0.90637928250624211
0.53344881297146896
0.019738412996344039
0.65169824524612618
0.48376579354215316
0.87298868391877327
0.71779139874145748
0.31442682172053854
0.45022265035545478
0.53241370188183124
0.74905653979625142
0.20966798631826924
0.1250096061888098
0.3950224370363844
0.78548619602762004
0.50901422473704394
0.6897909543501356
0.88630165423813911
0.22887995146442855
0.2766856210387828
0.55721479468329493
0.97352422040998587
0.22163329712622964
0.18077831986473758
0.6673569738329389
0.086700786911828948
0.028066227766599405
0.87718321966904489
0.2548438496984865
0.54010420089945321
0.43883250758403181
0.49665885552638006
0.62815944313813266
0.88578137506546717
0.23874397437564399
0.021310878197203172
0.88236128932895919
0.78347859253582608
0.45115170078232797
0.55738130708156008
0.13178629596561403
0.25692371510441953
0.018457260449217992
0.70082997779924394
0.49965598004085743
0.93980289705722242
0.14975049976498173
0.96459464427809116
0.85799632019552119
0.22984033022077505
0.029734252803986075
0.87183234609933091
0.77955910273748108
0.92541299525102338
0.77378739563667587
0.73473400713914727
0.73321981765874333
0.97343728467854251
0.25860535181517447
0.59662730029420497
0.91478541895094767
0.70668502711705494
0.45795287299381698
0.00029630392963450586
0.82764959473078592
0.38849323208004738
0.1193312076830637
0.92147037204339399
0.92100769054998688
0.59450627171957782
0.73799297301481281
0.79101665468925153
0.25850585274488669
0.54315391295698412
0.54999018445728132
0.31375937173315777
0.20963222109614865
0.20775314028023639
0.19088666831777526
0.66256108210212383
0.47475953699812029
0.21595124786231379
0.13785741872080387
0.46207747489196677
0.19407148767725282
0.088513250091022386
0.38779068197994326
0.38782168962976571
0.61357770569992642
0.11690687259810145
0.3691230099415001
0.34968398168505643
0.10031886435864083
0.90525543331281244
0.13912835943664853
0.56630357680732923
0.25126376261118516
0.93531311658384608
0.23387025574556347
0.76607937909815449
0.29428615933576724
0.813207930006841
0.72045088829513837
0.48829960304378828
0.69196789390131186
0.65416541103763892
0.23575292420110097
0.95796650179910914
0.68750161089748685
0.56070139608889324
0.63389015658054126
0.32983246500203744
0.17214550482445054
0.63323465031671511
0.086530117337992249
0.78513064862487658
0.42802234967126013
0.056571816178037096
0.48574985365833068
0.69022251293604497
0.98403211901848142
0.35407864485055135
0.11807216143534499
0.80109274250617879
0.29066574952057522
0.9935481635450828
0.22017285460780003
0.95130837795626666
0.61773634974014224
0.60787669148626122
0.87239725634481802
0.61975078830842267
0.77202774376345584
0.075131814322185547
0.64073701154873308
0.71110578553680726
0.60912372218706978
0.90048963614374578
0.0043103548436653752
0.80780341926997334
0.78251154862524819
0.6286584785544661
0.61055497694505512
0.29604726456635333
0.85908389939725827
0.53172944667858946
0.77240897140322728
0.52562905475717003
0.8526642980731185
0.12319425922106474
0.51437288696823202
0.41782007512136449
0.59121322109144137
0.64504862937307372
0.12691128179254421
0.44141869853126686
0.9678093076951918
0.013614093954816664
0.50961923142205323
0.41908103817519238
0.7051515252660453
0.14740701190386266
0.49097022715295796
0.16176459377043165
0.10476807865698209
0.219328542099609
0.62124120930701021
0.30554109464655654
0.16715926961437466
0.15738150815473306
0.24879783646220971
0.45467315643546424
0.72650073514363345
0.56085199678255448
0.14833255027578729
0.11617394275631825
0.12063137119341168
0.32207492256586895
0.93550410389415373
0.61262686454869542
0.99848159826748739
0.036682514836356289
0.76955564424432377
0.40434600833299794
0.93427858038560208
0.97826307477330665
0.46397630854734351
0.20239817723873152
0.87560109454841362
0.026023323737300354
0.76444847495331225
0.74635295531947254
0.97305601190291746
0.64499299399402588
0.79001741485523402
0.29247884988579181
0.59263059610119972
0.5634270873844448
0.61596031972246512
0.27200567282950927
0.91968843472433559
0.77845438888171725
0.76952519561669541
0.30256141412808946
0.25609318048423457
0.54346290089228955
0.49148954939127842
0.41021758108980677
0.098968431731123171
0.081700944559917055
0.90404911366962204
0.15793479777435776
0.18925359521486868
0.033479767165732248
0.50927900202591447
0.56553618728080213
0.51650305699105503
0.78158920755713757
0.83625058166922139
0.45471659841074724
0.48871378023286677
0.86850162895391048
0.49683599147749613
0.71671627890485268
0.14074698877194061
0.65887735891884902
0.21815197593778443
0.78838567109350322
0.43103983952980701
0.17734611131194758
0.47731059027312445
0.30855423066607124
0.31956652172860278
0.47511286788890433
0.45745275080583303
0.80978640137301527
0.74962561051297028
0.81479276894006492
0.51838502236573003
0.57447812385501451
0.89643764981365759
0.77065460732350666
0.40948688615463108
0.0062326813833574624
0.78822184746815893
0.25013911805910188
0.30556952584372737
0.90837417448094837
0.3755146175999215
0.94750645913236331
0.25482228984773347
0.62274130656023075
0.7283151982362549
0.049913072307947344
0.23779478195566359
0.0027880205761198888
0.74545291767989119
0.89483229189526603
0.10288141418961354
0.36399531919357603
0.31165717450965991
0.83011558729396584
0.94374097063997753
0.23550207297847967
0.062645353863884437
0.58415242243659748
0.87030837562037078
0.91318231098444824
0.91570609577686202
0.67815213389939188
0.88669826130152596
0.046075053468310326
0.7342608736629741
0.85339737320944264
0.90181003098758594
0.72470039349114568
0.76584364592301735
0.062458903604911235
0.76158026814317181
0.49818997794645253
0.50792262989295489
0.15309287385989984
0.77958471537813612
0.88018078547629586
0.17724909100736913
0.051563993605791524
0.99058686849973543
0.64529629792520826
0.82544253428861325
0.38168907803481095
0.12861189561463074
0.34698868306297742
0.016139398106843488
0.64791437581215316
0.063612984773734241
0.63256401472144119
0.13895509754096075
0.94772361516811365
0.20212341517715926
0.7340813265962256
0.46681887273366757
0.88365172109617962
0.090928493036921298
0.68156851715055666
0.2489605036060395
0.41497020535283002
0.8358650653150459
0.94039519593276133
0.42853590737729108
0.60330440758885273
0.33234001406083274
0.19321970630961971
0.92299427034074499
0.52232241625946474
0.51285394702621478
0.24202382958351398
0.54974384318653524
0.95770817883334336
0.36150150664825415
0.66280025679843046
0.18141841161718567
0.16652777352427153
0.3572218968424074
0.12245153621914313
0.033475760335598972
0.80505412282354105
0.25049695431652508
0.23601649199170732
0.91940886042588532
0.91160517260818608
0.2993834473621278
0.16766260744711683
0.58198519582194319
0.79430130244977504
0.025937851411314081
0.97337573859504545
0.60483450630211555
0.22574753473416867
0.8073329169647353
0.33602676467937009
0.1607466999764782
0.82386083670504728
0.21265686583321414
0.85210852504884471
0.789719667150663
0.86423691049522189
0.20917843049310797
0.40580321804789338
0.86848656892036991
0.46239824203772278
0.11640438607816872
0.38383635679437006
0.66959500895066237
0.28195706735579057
0.21771403485212573
0.23590724530909235
0.88167755223904021
0.44794692068966563
0.13046415387966626
0.40975204131318099
0.84329417013906571
0.51516895819605568
0.64125332562405801
0.64993730617647427
0.79447416854679664
0.36693604094742976
0.15293057201220961
0.56976024352534349
0.68566895940716388
0.70417677580131222
0.20794536300609875
0.16073085463237485
0.33968138197364711
0.46412054760764854
0.088552821772198281
0.3602864464064317
0.62253627210488982
0.26069772707754096
0.47172659965392366
0.31374151648123916
0.7254022634902717
0.26494496521658412
0.72627576329324572
0.42892444688604281
0.23331809839169654
0.62453993724054224
0.11410539522558386
0.35595474424467355
0.67216676782620388
0.34241121534578178
0.89485829152236873
0.80464689215359952
0.58803954175030748
0.45037732047842871
0.23046160937499566
0.21795965593693736
0.046759613428299672
0.40716263090616261
0.54282278904365944
0.42095588540694151
0.69202283413409715
0.037612706753163229
0.20905609988658094
0.1263158761894487
0.91116505545377802
0.39027017477384085
0.11880254697483324
0.43228226135592579
0.55425686938946517
0.69344966575514344
0.79496837085985916
0.53991998312904632
0.17678909787492525
0.61739148014287193
0.40597612546574374
0.77737273249230754
0.99535673556377602
0.96371981678177121
0.26650432974671284
0.73904705369313972
0.028579286112209584
0.26913032824592209
0.29414498562848607
0.69566599701714937
0.71280252277801692
0.61955458714146239
0.28493807515564606
0.47126018311285905
0.9419655176271855
0.25483554374760448
0.81630882844289432
0.76848331539911452
0.00019879055140513866
0.3525393550754104
0.8541834471447286
0.56359261945651651
0.78091694868224248
0.46555784790457522
0.4603976806922207
0.0042702592280582279
0.088769918916386636
0.59349897932250595
0.3908553805998296
0.098290151533043574
0.1564083364218099
0.48430633496280123
0.79505179242286272
0.76305424257701437
0.77063203041096762
0.7812550625490241
0.016686239743837008
0.059014395614856816
0.60945465737153348
0.59138203233877362
0.52347967757332581
0.15546534405948784
0.5878113734737247
0.5706864010468965
0.40403003590709025
0.50604206321106637
0.71264873565254772
0.22806270407663987
0.20262757093648193
0.4756657099289856
0.68172488325412606
0.55015574285860125
0.24053315261794617
0.33341591220472294
0.3710896089028915
0.70517227765026635
0.61850309167430173
0.14753308801809542
0.68644603013181393
0.34858762385951819
0.85173094476417543
0.39839656823371355
0.64344295453635236
0.63707267209375829
0.10025872026359009
0.2841889584237155
0.40980386729576751
0.61475404392555244
0.28386233111851528
0.35409849790240672
0.39150894501787492
0.75627957100087884
0.52439778923055202
0.68317011956685536
0.13003135359143222
0.61551216010679777
0.68243079388157191
0.96085072939216687
0.30701247129569315
0.12859999949867484
0.023010414418111674
0.022843955448553721
0.64331353129223268
0.14331997636430957
0.11996479585697838
0.8574564343018406
0.94843316691759572
0.48153825466543054
0.30913609683111143
0.44632886918317338
0.56315975909455185
0.93245867879578936
0.39522845181791866
0.24640911378218491
0.92893894122551401
0.91081391444115534
0.97134454494395139
0.80309837329141154
0.066041252340025614
0.36897684243286877
0.25912498468505474
0.56172386619522263
0.61370758116252966
0.092135237279770701
0.21235569747386698
0.77549517768103182
0.62982610668398686
0.24554920561010093
0.69208505949465726
0.75372685312542465
0.44078911842335794
0.99114547265406494
0.9760616824660574
0.47214312870881897
0.90414342639467404
0.20502207442995318
0.67925604199015732
0.85141659391635538
0.13818041747750753
0.85990666915976832
0.090634338434830514
0.36370416858120214
0.53812225090348165
0.9036257478904105
0.12111456373738684
0.072863764346965038
0.59393873782579776
0.82498281293864539
0.60646686421628138
0.24498696497267514
0.25789186418129584
0.62295230056349182
0.44121680753907505
0.46922355513785241
0.81154788030000202
0.99152579308057476
0.69831554188308498
0.93369139556628211
0.61086661016525756
0.39192266293148903
0.090818450171737813
0.2383491738578844
0.13001845293352621
0.87654108874212733
0.483610699643435
0.79541205519945668
0.8826261442622938
0.85964283252409202
0.98043637572789533
0.78828245830761245
0.15875208354556905
0.32100492425442184
0.11876484866544647
0.54532940126428531
0.27170996095004413
0.16828170095015849
0.62789431930602435
0.74589397878315333
0.24975242724072116
0.33941138371743906
0.20455551759154131
0.71271285066605394
0.0058554743294276625
0.59292296126273536
0.1015893771254627
0.86466077228549076
0.80555700261669128
0.088203133651280324
0.32763459314999788
0.025627849763586216
0.91623458821066728
0.47062610392508086
0.38177805829617101
0.46912403020397792
0.9962573405721088
0.69649904255340023
0.68276266431007893
0.39690100514812499
0.18162616117469549
0.37332375115858102
0.029153718505570424
0.93787454914064194
0.69976464684209139
0.96315449069513959
0.49233555906223353
0.68356187729951778
0.33426862623724696
0.94163667334436463
0.35963980223197911
0.63177357401532974
0.12789689032267287
0.25256192461397897
0.78141879894747468
0.21148652224327091
0.30787089107635213
0.51671396953482729
0.69884466598635464
0.11519885303511729
0.0224493983242347
0.22399200783245979
0.45019768654304004
0.027847568294139324
0.36010380971719863
0.13069015361014213
0.29332729947337244
0.43600840404354657
0.84181915654117145
0.45030041753924321
0.291550460753291
0.39877322373438778
0.16032205452347678
0.11787035602221702
0.94847763265339202
0.14507451711871652
0.37837274076824956
0.7329507846834441
0.98613932926189274
0.19294275777295353
0.46909332437349682
0.95656081918486491
0.84888869703051983
0.53920844233814236
0.7237839668888052
0.97057232107828062
0.26145065902704151
0.20403874800207319
0.61214606807506833
0.82467604873339151
0.60987971031912203
0.70076551330509385
0.94752635226917492
0.84104969991680056
0.25649796324924712
0.27536761479635208
0.96825641310152311
0.089724112714063248
0.86052563823466233
0.43287954074276785
0.25508586598489708
0.11476774908573244
0.0014217467777775104
0.20301101684345016
0.93571822085242462
0.63816487897679108
0.45462742483529023
0.85973525142291918
0.20055298492378712
0.095221039412351799
0.50838689293319717
0.24979158390466757
0.54799496139657955
0.013622225398207403
0.34624617511916478
0.73520132718585607
0.06794715488289961
0.16988153020705893
0.70539883140574278
0.69069283068570086
0.75766704182557953
0.74392470150888934
0.78761665875301601
0.27316141901073976
0.8667103184891366
0.82114633015173577
0.53995023091993544
0.62958811186103658
0.011116460370816204
0.084484642265192714
0.20824418243703535
0.33367072223792138
0.21229337483832211
0.28759916042382777
0.051336178929427365
0.73555729795238622
0.44343530106041812
0.27775152894711641
0.53395322170666193
0.018975130978002217
0.90313898481188215
0.3415056891296655
0.53915651696707967
0.84041242595065735
0.28867693064993083
0.14468408749135736
0.68668042515355676
0.28218849017991948
0.30415956914840636
0.6419430213842785
0.14572066651798443
0.064674447854820807
0.974575367686079
0.75476632511107555
0.04035722064132944
0.37278554114931395
0.77953102266878405
0.29866474463572412
0.83055720082810236
0.06211334138682701
0.031395376350681917
0.68558516626125099
0.62514809990853681
0.1083033246642565
0.62442935498368546
0.11827749482632495
0.85954256360048376
0.28329210474419714
0.69843494155912289
0.01894382768820068
0.7668102118052289
0.55662685623810781
0.023625041815555598
0.52253334384852146
0.15114777791748668
0.052532966788610545
0.18754934156032213
0.42925482804550602
0.73559601373551642
0.12628954006719936
0.73093884698313871
0.53127262658049879
0.83437737064888673
0.27187157970564629
0.72053572812774525
0.72027395359271906
0.13376079714462147
0.61307397624179671
0.18001345547564587
0.97853552381814601
0.24932118057594793
0.1283893958849289
0.56730118748691338
0.77378366223684858
0.029589223382221051
0.68561150490894895
0.23053655336332826
0.42535725798490259
0.85730339034219027
0.26873011720804924
0.41082596252352749
0.058417458597973711
0.40747578101423321
0.50435259857779569
0.73900859387698981
0.028539627204139984
0.31053412484816251
0.43651031361229831
0.3868688720106524
0.53240581676928711
0.89459519346727523
0.55591327003966817
0.10810327236804856
0.91898527000613517
0.88914445094589778
0.42635806684591931
0.29765155786906405
0.057645900665615257
0.46223034223063469
0.64647631189497212
0.23855153077056412
0.74608579818770726
0.58149565545402404
0.88116573641966955
0.92257412690501894
0.91005025496509173
0.34650147740209913
0.45570383774313944
0.083493906281390168
0.104803437620388
0.98828935527397721
0.3403433684241649
0.018985175878138423
0.13809945839905632
0.28836348037034881
0.33722458047234527
0.27935400313066022
0.59576886887132907
0.31582777061998757
0.84895757167611186
0.43366390787915621
0.27294234369713527
0.41565382342375246
0.48812220525087952
0.90020708877006306
0.20527335736291841
0.39965754586716468
0.47841963163867246
0.67099192139507025
0.5343903640843034
0.74080327574111138
0.3391610877556907
0.75294619805680929
0.3016172126257568
0.61536024259179667
0.69622222215249907
0.69781768216682905
0.91585188088428171
0.87203793499162985
0.52082350346483652
0.41263046464724668
0.61835890604270394
0.040110094883935729
0.73705754132406265
0.56639843603473938
0.1264463336541303
0.17695484917838464
0.74759920653082701
0.6568285257904527
0.47227473683390653
0.28511505329238551
0.73381675931456647
0.94070820321803617
0.37013627899156415
0.088306330621675214
0.62378662912289617
0.67557433953299995
0.63563831565911377
0.3035573472754301
0.40669881544546388
0.16230770576891895
0.49098290863318034
0.8504521185238294
0.35467667034061839
0.040884686018961468
0.58367670081185197
0.38013359132143171
0.26607707234133959
0.086049327151134836
0.71674693753969254
0.59216614685754521
0.45374871946851703
0.20303924349626437
0.26265550238668517
0.54733607579880583
0.68983644379274145
0.53619358277291163
0.95131488400654496
0.69111578273725938
0.20063998748139233
0.21788921185238891
0.59295053450207302
0.12800051019119318
0.84321023216427327
0.9060161497505087
0.35889283941282835
0.93042699619061919
0.39445316718446016
0.78647318027065072
0.50601222080127306
0.32311292614886922
0.42776005661095373
0.74391031493130333
0.71010037032654938
0.9427561779229382
0.40120974676026006
0.35199329839072574
0.72276023380180077
0.38275281904486758
0.44936445856469814
0.7251673628213382
0.071136778078993962
0.87561151226733158
0.37197556224988948
0.89193920391436832
0.48592825176620708
0.21671652685667747
0.50555860676551112
0.83349367859144818
0.91764524551510585
0.62586076879191987
0.59493273082889131
0.64537286771861091
0.8811200966853292
0.80720112433776925
0.19717282699412228
0.66227501679868017
0.25556926018952647
0.68460707084879946
0.72753935499255995
0.55103816611425593
0.88133557137381113
0.78736084165241871
0.59180260537135232
0.62070239854276288
0.27902655419126221
0.45779076116456385
0.39867863376400503
0.51892753814076931
0.11915804929542666
0.26512656938678908
0.70118213087645909
0.69409359905440948
0.72681215547292222
0.71186568745099055
0.022102200664947034
0.94487817435762655
0.19039906309690963
0.14428415617056026
0.90786333733994107
0.50331747414440708
0.0023856948328047933
0.7297823334203325
0.45077455426779023
0.41630080955620652
0.89270257486113758
0.47568529872100723
0.6567305531904627
0.070137192113696165
0.73047479523968417
0.9542733787826172
0.96587563988845915
0.067896776794824254
0.8493384929113057
0.84777716273159687
0.91303803766029523
0.82218266367143111
0.10584355508491552
0.44283196984786466
0.495213463871019
0.73247826747319722
0.60424710142749327
0.72303507479741325
0.89475649242084521
0.69087473590503612
0.66353555561110233
0.98997884406930092
0.82070331504111049
0.47390593780089652
0.083750811443213946
0.42196345123431933
0.038240522460188733
0.99777013058951514
0.84873945035945253
0.21409570841593434
0.85142494706287852
0.45025315323570536
0.5829948458522366
0.74576135782326214
0.8381714640757234
0.66447778311729755
0.17815986199462214
0.12774047125605756
0.17263503349644888
0.42055898770076916
0.89961191574210586
0.10621183616071597
0.73614567398272968
0.23880422532810913
0.1998406558849142
0.6822795085016965
0.36367564510624012
0.96048241616600993
0.14645977678690522
0.86383111983889549
0.46705377005323734
0.48223276348644373
0.70031380525713882
0.41068899942052506
0.80428068105934503
0.34899473010131205
0.81052443568858812
0.12382476035164744
0.68522112747442465
0.062478542064319
0.83505799647971712
0.42057807460692137
0.29466985786035199
0.36084787581600442
0.93020305938470826
0.20462761458061887
0.031716389415327166
0.505051212847207
0.69122550157342821
0.546307175997086
0.66699369537070707
0.29698823161732185
0.86442508671795215
0.24703955983623047
0.98092573406568095
0.45373040911441265
0.64210647219084094
0.2156296239945972
0.75581809653399079
0.60200455007112474
0.8830870004034681
0.85894360915314316
0.72074353858290086
0.15135321734196605
0.49838119324666241
0.46754686967174636
0.38340958288021809
0.28027949348302861
0.46263032280686034
0.43873300939136278
0.5282179169065927
0.15497548594932387
0.68254549158121391
0.38843171062426463
0.97228016701139242
0.80598829153361584
0.86711309598527386
0.31829258289785367
0.84694673120750508
0.31524738790288265
0.55054574618476759
0.12753450155667323
0.95985968277680433
0.48692814789740346
0.078496822465967217
0.62798259983588556
0.28263505031976499
0.80727164060392687
0.91604397336088783
0.032796360749851219
0.54678622223749573
0.28885536384557003
0.04861178735014382
0.079052694001098336
0.98833641080617596
0.9543617674594691
0.23014491258987491
0.47923227133393992
0.43399814557701821
0.013964065142174032
0.24200016378583347
0.11564592170585583
0.38099593441294743
0.13760752525644904
0.47850421509234148
0.13511924266219455
0.58998087631581542
0.37033733665363722
0.37880811621955884
0.84166687872722423
0.6489762088283193
0.92138895791646092
0.18772923934358704
0.84526753405512189
0.13704596142434147
0.59645962553961307
0.51553028064484074
0.20964702851207281
0.15460345436862405
0.53788638624321572
0.60761538451955299
0.74349548932594189
0.1683974273538037
0.97718790856497562
0.87208401066329655
0.14153645497296738
0.78205195752453671
0.66252202482665334
0.37808762693630232
0.32008655709587669
0.90824549399068999
0.50851830650831509
0.087199469498155088
0.38327582831128915
0.98474976377422785
0.49745959828177666
0.89712250124034743
0.5888370788553331
0.35596047456681895
0.081485927445365661
0.51078690422176631
0.2171903846920637
0.69587191910893487
0.25226806101292731
0.60883516513241942
0.75769644165302286
0.35263382479092398
0.55720608499914692
0.5265954406690353
0.5243068804671619
0.22328608215972937
0.31846432754741966
0.42980738331153046
0.49484702396294727
0.74250092648235222
0.18325717217695214
0.47872025843915117
0.93989936410701158
0.64197996359605314
0.93997611799033509
0.37050738620022655
0.44355388621294317
0.55621796096771625
0.3701619412459014
0.22657862796459013
0.32126624873815962
0.47889968324494714
0.87791129095592768
0.27476112554102627
0.49564825649633493
0.38056803364218883
0.96976508309090803
0.95988694832198862
0.30689039748006142
0.70199213610513178
0.34350256973383642
0.4697801643759475
0.9483335831458628
0.8671266738067519
0.77947715792368566
0.34017496966861349
0.47930406897542099
0.077136885207605449
0.20710864378549762
0.36977942012292803
0.64097011690229899
0.10482252411458275
0.29831484820912835
0.70336813124025699
0.023352789380473016
0.70591445950527698
0.376726762368497
0.59960635666584994
0.79733720663613838
0.66988107636759753
0.84127714136242548
0.31550332061940911
0.4049843971015733
0.38475041313624564
0.73473264312216613
0.67317627632327759
0.4440067311655958
0.6572636728936061
0.83005830153583726
0.1668148893294342
0.32458499212315994
0.23722551833680539
0.19422929245115741
0.2250087922868361
0.18381106889203078
0.21645725154179629
0.28820000411215702
0.59053092025381648
0.54959011618850062
0.53540223526549602
0.29704574495339509
0.13718634935539872
0.26425985323767787
0.37495421983175814
0.071746973580984183
0.1214824014069224
0.41528588342833478
0.52359372391927894
0.7076824232041915
0.78051371737349573
0.061773679359439539
0.8324060321515917
0.37108345227955325
0.49116215135513891
0.62580887933253526
0.25905977326376473
0.61754581206916548
0.37046595536863119
0.93648869201313267
0.11767401661769696
0.29178301749100743
0.62426487165809497
0.53142878643817781
0.46619763948551196
0.11363878289867736
0.18551765560578831
0.83325239959604402
0.034381140021301888
0.37553441681111216
0.35717914166682974
0.78310097798730915
0.85245981429341433
0.24896412463189374
0.71232719448019255
0.89676688031271479
0.15775068856289914
0.73977083631932239
0.8996399507286531
0.48481252020675608
0.19308199210619867
0.51151702379988717
0.29485144281199382
0.84942382875496969
0.63930985090147863
0.920841026570411
0.80069822423094361
0.929037505463716
0.30416187046921828
0.87230668866181083
0.48865197277323841
0.51152681361066188
0.93202978688053506
0.19330178219658653
0.48738295391440029
0.25118587769797635
0.66296672416824953
0.0065004714204596878
0.82391303890948309
0.60530319824670165
0.15110249765817732
0.5822107037683445
0.79857781645377501
0.18553221669086578
0.79793711678195789
0.71901528474901844
0.9746994234324482
0.079477743187365765
0.41746029830773662
0.2455182246477802
0.39821109371569752
0.9638517559391504
0.19057974706835587
0.095071015723575361
0.34914898773250524
0.16982240234987922
0.62513638788250181
0.45717491715817088
0.70919963377938411
0.23082629322874115
0.55057127695397601
0.20162369172524777
0.33134789030995354
0.60804806496487529
0.68439594072146981
0.18516259540188351
0.78123477825248611
0.91816910068518565
0.58017371879005164
0.53330413467817772
0.94798422652289793
0.37757861050858821
0.0097980131938655794
0.054829371194156672
0.86017596227532644
0.5260389161323854
0.9484593711427588
0.51254890584731194
0.95053095563748158
0.85885884696500037
0.68918819555723088
0.60864358582564637
0.21766452271018699
0.99068716627804054
0.529419966283731
0.30357795266357651
0.092573414648185151
0.96131828824708021
0.26338621942412649
0.72162938507248431
0.78065684127311508
0.29521262537538906
0.90808278882169113
0.66059287655422561
0.75732169625973034
0.6388611113435203
0.46586696356368829
0.78582056026712088
0.29382966409060607
0.14279338193000771
0.91975353547318628
0.5699419959274955
0.70089415417605738
0.50173203733990535
0.022786860425369811
0.81472404840123236
0.68463777374187429
0.25704118128123393
0.048980849204974558
0.88675116241354557
0.072427550102682092
0.34178173627417868
0.3702359203652828
0.24674160506185427
0.71324392542732307
0.30325994529018185
0.072534140574690251
0.35442312993311881
0.083169734350057478
0.42520240207047394
0.23130827416096086
0.046927447698802201
0.88751537632656707
0.97091754721317569
0.59820726856465045
0.27330151135552178
0.53890534006761392
0.50740932650607418
0.94904506628107732
0.8611405603944664
0.75810923689613319
0.15285850176433755
0.097606305884176306
0.0083160142277504435
0.41819122911371059
0.44970569080125328
0.7386076688862484
0.79047606695058115
0.83319783012225324
0.33676336191873374
0.12480779325303952
0.1818881407197396
0.37411453047333043
0.85880245342855277
0.83443467315383357
0.024933381027529296
0.83784750673683839
0.18483580234770683
0.45397751318149826
0.28130936273893581
0.52303218801054541
0.012617231026287539
0.54921265651695417
0.25251591324302536
0.89518382911851235
0.88442126577135927
0.44089628466437841
0.10389400725827432
0.72053396120141311
0.10716190287339021
0.36057557376723959
0.93007966745816018
0.13618867478705898
0.092294421581602296
0.12993315300153996
0.63250698441092801
0.12987604551222398
0.42300892532459161
0.70607808440737341
0.24877169942146213
0.75336763074875468
0.36874105247966077
0.65333893373888829
0.73352040107860594
0.24929450790484817
0.55473490609073106
0.96496159142747961
0.53334322745336848
0.50712227124030351
0.035900359214733626
0.65583259810596684
0.25702604195539924
0.47399429644088298
0.82091089003742512
0.87856593585885356
0.29306500677131969
0.29341180069734135
0.84939222735344422
0.082213625859762954
0.50474486525330875
0.88371278033909173
0.88578998412526688
0.31866373941564846
0.13060144636713053
0.86686281254336151
0.16255938990970151
0.50935557434476575
0.046375994661670118
0.4000714884213174
0.79859899843484872
0.14157885567070755
0.41170871768909273
0.32735611649520402
0.58026126491260899
0.97387290733831733
0.43451949194452349
0.81344103036321325
0.17881068632453062
0.36976668104071997
0.4082588981017396
0.29511557503394525
0.95522699804715383
0.38789250447330859
0.75321630363609304
0.1186455454404782
0.061793940729797041
0.67930071438380168
0.26936027596867296
0.082824082325927015
0.36878727503999448
0.22933826371526539
0.74371672695258728
0.42511529559286049
0.06137149308955675
0.24143774153023162
0.51879756081794548
0.52182332282918786
0.15902420238203172
0.73331090469094584
0.00074934384421409845
0.55729149760965613
0.43351468624776068
0.53958186379940987
0.69030376548728023
0.21105071672944758
0.71420423782316922
0.89666834946074203
0.88673907045804401
0.034820641321741119
0.871749922433254
0.69593090872855468
0.16292555798159342
0.92541506487431557
0.65799138929069412
0.055249329662342944
0.71456581371348571
0.72271438699765489
0.42793994769549126
0.96946873237758979
0.62899243900699731
0.75726945773165921
0.61368374544259396
0.62119337887059345
0.19752732106514823
0.31483447992754543
0.17246837621560035
0.81720522830980324
0.57321432673372497
0.27501385807003642
0.92206394394769942
0.593476607061731
0.0068362814946844501
0.63448306883830408
0.5113209449475834
0.17129589957927044
0.7393180681872189
0.82894834749417279
0.14077687749975618
0.55165808254107163
0.17958233107182531
0.21608010961249466
0.99744399841775311
0.26755996940394799
0.66524941787020508
0.15375940946963038
0.10147747505615594
0.9719044479369302
0.37439686783980175
0.30820488702860349
0.12589458544268042
0.77893820433664229
0.29373099129345609
0.9368847755540457
0.27336383234323669
0.68667156059243817
0.51945414550686464
0.70027788680587755
0.51775676531222714
0.26003475447972124
0.81813468540734846
0.83151003431641501
0.03438850114571082
0.56849047732740787
0.94824714842267022
0.39901400713069229
0.56906027157942451
0.69379789964107641
0.3563139978940813
0.52642137589205162
0.30978459562445121
0.036304056497672148
0.092065909233526741
0.49629476578259135
0.79695292945883867
0.42690684486583885
0.35870756531959425
0.81478892909478062
0.34080938499328461
0.34788736044689894
0.71457917070944998
0.79348561867983425
0.40581157577965271
0.030883796043855917
0.10159918945046052
0.66842912353171713
0.8383875337517811
0.23107505648712573
0.16039046530836812
0.32000647478186411
0.45280404199760538
0.65914328099331321
0.18868965277573882
0.89071740210972294
0.43089801663603183
0.43953762331848523
0.67193070485464745
0.82257751767160181
0.69083518303046587
0.092337756645767086
0.4197153444752541
0.76117416638962421
0.039421738459278294
0.87963036665972572
0.46184230202859988
0.25628055171217773
0.64525191029953732
0.36232527889292687
0.21153570582466283
0.52018187524770354
0.39140994031081433
0.92223472501789039
0.15916753164992262
0.55109237193973715
0.1686105682128636
0.68968006893065725
0.61938180997286829
0.18513767167442519
0.58945927115133134
0.20778619880044918
0.81451626293204482
0.93034321226888217
0.93104102530482757
0.62744540606448951
0.57381638538317326
0.66386841471236002
0.949918651716819
0.58605823558538284
0.43001527687400487
0.061702235783838384
0.81392864140518761
0.80250945117066741
0.52760948333374103
0.58685970604935611
0.60469634575502351
0.35318400897256846
0.41625850572149364
0.94979523639842911
0.26599683849972033
0.91002945543893332
0.20209558514692619
0.85479071506559345
0.21045574407256845
0.26412829777108643
0.51761689678406886
0.40341532169471012
0.10528468455726113
0.47350567539410382
0.84686238238876177
0.70747443489218087
0.86703888011747554
0.10164544127744847
0.51644030053167511
0.12848303762577107
0.1676616968307878
0.3435471201710778
0.69425462035069119
0.18243393103109931
0.86697683343768528
0.037991766312488989
0.66343767905022466
0.10452582315040958
0.93798613429161892
0.7704555536944363
0.098646214165407281
0.28328896421845412
0.23959791759065671
0.99249123251813709
0.49898901560448528
0.38805692432210087
0.77565192871126154
0.25285678729412581
0.43363829446829011
0.0630772059225779
0.33735829660414779
0.60222290355096486
0.4488148734902041
0.30287698951945841
0.15165057800638546
0.26465789408161389
0.92202778586431866
0.90883306414862752
0.28278266119137513
0.41339053308061757
0.55798662774749297
0.17294710265397781
0.021774335006785859
0.78789053188856728
0.17276822105488016
0.23159811001178224
0.77385843965228973
0.79537003278335328
0.29931808817455197
0.18316572566971862
0.80635746065781844
0.31730731591376904
0.36458872746239601
0.0527039920761571
0.39527606678426896
0.069431382934513702
0.85685372223891576
0.2590524618067418
0.52306181041874
0.18180459601816462
0.61738124821540874
0.98797109610688094
0.40278155643415164
0.94200039773831001
0.5254061875641336
0.067406876951874029
0.29115218779987789
0.42050753536087943
0.40920870385024005
0.30137395510268283
0.34418727751381534
0.097968300087382193
0.27853383151110989
0.51793019713017019
0.91545865351309608
0.30539116529535859
0.269508540665717
0.074501572454242951
0.83296294367468937
0.69392864980833113
0.022481853922272116
0.8156324107445978
0.97298728131599388
0.025564312990837182
0.74874365400171838
0.46153684124723143
0.35055099965350905
0.61260626915493632
0.18332087969587127
0.85312002840844903
0.17032731338289911
0.28935328239968416
0.86557234362859081
0.052513557554977518
0.9500365922143823
0.17961505221927268
0.27621652407135461
0.73866152564304333
0.38844665545383372
0.91867052882250366
0.28670346863497498
0.58096031501193901
0.60149466234182669
0.3920536602535053
0.90921680193425369
0.97314833605220841
0.51848997868611102
0.20825547233515604
0.94540020664721847
0.32770606552659198
0.31611708753357126
0.76470776825088416
0.1949446250677897
0.097247298511911481
0.22125945224747146
0.0047946988719614675
0.84383899352168668
0.39563439029423453
0.94382015362162452
0.49328422831799379
0.21064434654278777
0.191712842041947
0.80866921310683459
0.74449015490737125
0.86067649442964234
0.63013651453672548
0.53601845837744055
0.20293834784668138
0.19686713322565788
0.24032089275030744
0.41728508163447459
0.66071675908267979
0.36492958394276315
0.44495783951406653
0.58431475596898319
0.94737183784708656
0.62887225525626922
0.47737266740173756
0.98434954938699148
0.01891343042949211
0.018595023084152625
0.95568193472536433
0.45469976897912945
0.33096928544085608
0.1453368498520218
0.91879241978408699
0.29555881890468411
0.8572362696911372
0.60647812572536675
0.66973705107582504
0.98501665370875324
0.080394145985906981
0.87607671760859818
0.57435133878510691
0.28157425023458449
0.55146786848715201
0.95469130147940151
0.058397835595808016
0.14006887432283752
0.0051366450613850425
0.212023836269536
0.9550614354725554
0.69582668140632686
0.60493111864644566
0.24810113065235026
0.96543283854636641
0.031746640555579922
0.55307737018366054
0.32622942153839168
0.55264409562838113
0.88392386327078032
0.83988937994864299
0.035728142769867278
0.93510096357362193
0.87520272843959057
0.12630025630979894
0.58269098624822391
0.18159196034063405
0.1650964077355932
0.63890892297333124
0.17258277121828228
0.97369426707287277
0.69115192283794913
0.65405046283387147
0.060714303418674731
0.60583174040159671
0.95701607690098001
0.58808587039784455
0.32874260616979634
0.63641783176324418
0.4533586480803164
0.90130031941360911
0.46096527883300997
0.73679085016648904
0.2072872230995926
0.97389615183199851
0.99928338776328163
0.37355879794597024
0.9231509365621221
0.75447980217999733
0.3193018851490369
0.27916727568005989
0.093857024736373751
0.54338823662103275
0.38859388263465611
0.45805132702524076
0.24095381334307991
0.41673907167976992
0.11757090904139082
0.23682876803866515
0.27207230380997893
0.042771477386222653
0.65286853999259842
0.099596267480626874
0.52681028827328913
0.96575760170395364
0.6175256396272355
0.76476905965697728
0.33596578931398802
0.75675850450906168
0.56840676517532251
0.66486462340349772
0.43973417978719792
0.038779068964602405
0.72585355739861612
0.12290258003531965
0.22900818525276226
0.51253075500911793
0.47069579144635582
0.74288972906876904
0.77157218035927055
0.63968045210469671
0.84581636297829998
0.55167137482436523
0.43084313235740251
0.25998422398642029
0.69198077827806082
0.41700076192530849
0.22817832068546445
0.484263161832588
0.18159435187944969
0.80672275989987141
0.062816704362614176
0.22956109870424146
0.74676760595168123
0.62759052565055451
0.25633236017773481
0.1854787160597382
0.24979012261270173
0.71616954917617093
0.13743476313313949
0.099742184073175297
0.78487919700552877
0.92587425641503984
0.66628647791630857
0.2852409486123571
0.93670229461940202
0.18235572796368832
0.51746767597658838
0.84011974016317459
0.16315718076484279
0.57581373067195962
0.45687630726878459
0.88589433005453411
0.47490026101236676
0.27717975781525972
0.74062340717079689
0.28019267841841189
0.52300670567285046
0.78190275217429805
0.90529726494026763
0.85913226675360344
0.68215708226801475
0.65253622909523257
0.22284910176974329
0.18792848499717796
0.27450970189875623
0.095447110966183121
0.486959319236415
0.15064248736695759
0.086870020645329046
0.1159610983611524
0.48877686566475115
0.63954934292807242
0.53459776833444805
0.93855443803871952
0.32713659695141967
0.0082482868932008437
0.043690452464136803
0.83073402784919226
0.68912394565552837
0.25647301283428708
0.1517100574039964
0.54441944103922435
0.32205989133332114
0.17307820054663861
0.29221415065334272
0.0023368189455666337
0.72392023319771492
0.93113273066274382
0.57784992822619863
0.93227848748603648
0.40877278560418995
0.12985460885374622
0.95421260507788941
0.38093792300602974
0.88012567908257666
0.4372174508967841
0.77303490250820406
0.10298895154788215
0.33263827070825414
0.56192855998213831
0.83757227916673549
0.010866890881772107
0.28349598642564094
0.71074078234669102
0.8592195393921509
0.20867820726881817
0.7632518511415719
0.31081545937421745
0.72601729250749047
0.14763796416856365
0.69464212657020374
0.04041052337312389
0.78214164926702012
0.84758400146603119
0.51777637832000567
0.65672778007435051
0.70190254333916668
0.18531981152868618
0.35168215319327678
0.82592398705941916
0.45124791985344048
0.72731537681211633
0.87835708912334887
0.66478639818011753
0.093699912583283126
0.9351770206628528
0.31015378355525958
0.88779624281864289
0.80281313714480773
0.28964290030869427
0.79731713605442911
0.68629054290617464
0.5036239186013326
0.49664783823465031
0.84544515767073791
0.25457704998196479
0.36843233761640742
0.54085476681547107
0.12127055779238556
0.51816458762038053
0.913702579285114
0.95009574258578511
0.42646750385152127
0.19868701436103495
0.081927753046501184
0.40395608476478689
0.58782603477119311
0.81734768421632287
0.78508875181908955
0.88850801195770301
0.0067507970071159669
0.71759910383398595
0.079520568896722585
0.68174312678206861
0.9514482865693813
0.78714640901169053
0.99929652053066487
0.54372199165158841
0.035998290905852291
0.57511461750778892
0.34987391766973031
0.56083775632342414
0.77100529323394351
0.75170970321629649
0.21771915313532736
0.82755578177811229
0.58122388697582406
0.32822906268513508
0.64065871537961605
0.35510679937296108
0.088996280235384723
0.46225477329639958
0.87392062519117908
0.62420328672551395
0.81996466198786666
0.091581876248748029
0.26193521976127648
0.78016317423215098
0.82451274986639345
0.34558162221038258
0.5665094688085458
0.34865255638764747
0.86147196196507936
0.56648322532234119
0.17491617661975747
0.32472982864278549
0.2200124140240205
0.61618313260917568
0.19349899336835177
0.32482236485907545
0.86830620851227691
0.60916353679602497
0.34495630283979978
0.5517228476186905
0.66267410597713994
0.29571829714496106
0.43028913460601792
0.070205766999734118
0.86403301294457857
0.30576931887729525
0.25074408636068862
0.97716633119719321
0.72348804876344963
0.54979061688816711
0.12709484537926344
0.1478386126882196
0.24162111468655623
0.5319782241046398
0.018234083036579127
0.28396142681379077
0.85450337632142592
0.51254950918144471
0.067552596057046846
0.49546265966366243
0.33744271013556171
0.029506287423929977
0.066289252802070653
0.69564433407030291
0.91823591863927867
0.9713337668723836
0.72706294698006635
0.72303334460667379
0.99920792437205008
0.35498040098495132
0.96603322131140146
0.3888167297315106
0.67194588385348086
0.62532224773913547
0.54363400676170626
0.4098299767713946
0.29914507013796604
0.036556665834407046
0.069915023058032377
0.32382619125570045
0.75592436591439061
0.027288483585994786
0.27585090920054817
0.34115161759851137
0.011028426583759156
0.61494161681414983
0.20470181957641134
0.29261720075587089
0.32849827063358694
0.51512509955571317
0.77499829705509682
0.35019469151421356
0.67362494282200802
0.54888627848000704
0.68917083585070815
0.6839719658407204
0.84086643238201797
0.54568325567754328
0.17471675017190544
0.90289739312513073
0.31643575960440579
0.12605197025586579
0.13113216958796847
0.96476818006974618
0.47565637774584529
0.54641159833494468
0.76855187694140159
0.66781598334352965
0.84730826031413797
0.63804851085559033
0.93061891621952142
0.093205410098709085
0.9162633809963604
0.19702154413969553
0.49026217842822817
0.36709558972148593
0.65091570716958813
0.55840200067912749
0.71281023838026314
0.52220444525937471
0.39218793581945927
0.44108957200592164
0.54294938497274869
0.5126449324819462
0.9170310803305326
0.47836093044093925
0.56548534244832382
0.90841352863227043
0.63785663214751687
0.79975464734109447
0.3168188690162273
0.10764374974132872
0.45261884013968418
0.72353483122359619
0.33479381744723002
0.85404621602057129
0.33076513527259621
0.15434030241916208
0.51042111272997737
0.59238225162136582
0.39777967877649906
0.056115626979199772
0.68165439326351274
0.67813419806560304
0.69185460153947964
0.85451594424550659
0.4533194425728988
0.76430958170044994
0.032714477765023897
0.18583148370134583
0.6870606111575317
0.43006454685837553
0.090048761025932345
0.5283221480438457
0.30819706956613635
0.60113836507453722
0.40881866420043855
0.78184157267651699
0.17206389485797169
0.18632755897424011
0.86055500802523999
0.51447946991759796
0.069942282316446655
0.038366601458123858
0.78847307738437433
0.27684141971989712
0.28888697688931264
0.81655169022100582
0.67704205965656206
0.83725592176046382
0.34582738106709277
0.54696678348232797
0.79107564977172629
0.10452029026193599
0.66745786025834597
0.53687262205971342
0.39446714667941668
0.54562891666539959
0.56816129814356664
0.99975292185020503
0.037581812193821285
0.73121767517836389
0.17613831533150687
0.94325324392837029
0.52375592096934209
0.78520583724252224
0.36248820153807559
0.85464733484074029
0.12413732005737861
0.91063787231867044
0.70904319631812074
0.83463388583315301
0.41687166013105076
0.49184798393193702
0.60736169675772489
0.83049415965445295
0.3691482960813956
0.69670492203478085
0.4842753306086387
0.24955536935180037
0.39261529132373219
0.035934067799059125
0.98476119690710195
0.21415096886270926
0.73719725373937794
0.85211495680402261
0.25790723690618395
0.79919587450038232
0.20430689463050403
0.69766085431605029
0.26246709111707167
0.56808812901616579
0.85101900523719898
0.15761497004592373
0.77737061902273785
0.11810252195846088
0.83174444902238243
0.45431978211036012
0.57698146189757371
0.96907424666466879
0.21963563450715604
0.48067256016334142
0.54410160734940594
0.019124147187422332
0.13718939172853822
0.86628255713810653
0.16303862987616555
0.50471608622332409
0.7082908142203419
0.52564417615401782
0.11138533409349066
0.41619472555530407
0.31033339991991499
0.94420966552196972
0.67105173146671937
0.18719080263399399
0.18484210467754345
0.28314422121249222
0.3483332997892859
0.7844040845360245
0.65814295191590044
0.24673165367538163
0.56980572926033202
0.57026884575974313
0.40211021399669428
0.91516757807344118
0.22208055364821028
0.89243431009132879
0.79192843021845472
0.74967513311495748
0.9307267299992058
0.48609070343997046
0.89202207181062509
0.69051292872915737
0.57636229409943174
0.31797325993899145
0.61023862664946815
0.90649449249809833
0.49672385230151872
0.45741089120129996
0.98783554586433076
0.13709548026500751
0.032133993133994308
0.35034574514286559
0.0096728022018544614
0.764611628113812
0.3954944607610229
0.032982331690881807
0.8709682081044049
0.19296965044565201
0.26309625914515739
0.29103447194285309
0.81259120588664557
0.31964300676685659
0.054884685481596293
0.60971236953422792
0.3548088600558269
0.62738529417349931
0.734956452616227
0.56411076346931055
0.89727360288855551
0.68322720036866957
0.40764736238656762
0.32585605056842504
0.85466125379630475
0.82907466823771869
0.063320929831801098
0.72601285437897067
0.70336517774184126
0.74756032164935671
0.10719524775570229
0.36419384048795383
0.43040847539049387
0.44136960763962357
0.67695570257783344
0.56956226167634261
0.03449376598416045
0.57878160812247315
0.13548640563990311
0.72038418636893209
0.35525184049064701
0.40102835007181792
0.30155924877273388
0.11622065762009176
0.49089699660854652
0.87377983975992179
0.42372393937506425
0.41612137686951467
0.42410656364783467
0.79390114901388786
0.68664252188785591
0.89592555803853247
0.82103947078095418
0.4635856814326087
0.45694742522124498
0.38165731964282368
0.91558031030541487
0.45789214777430659
0.17370084918069523
0.47584003567014305
0.51441868827827031
0.039452930252725484
0.6932037937542489
0.1516259140072285
0.43595656007826927
0.83912621519406028
0.80037851587975994
0.3704939586167792
0.53288283347136089
0.9450434947746571
0.66559133190927211
0.65470526184355671
0.13972640203178766
0.63531671976847526
0.023464972814685479
0.043302515411899112
0.23270952781715745
0.14191655786962337
0.79415206706267116
0.74160389741772392
0.49968736849776529
0.63706986265401089
0.099493038001621709
0.19335436309461662
0.011410439587796957
0.43014811289200494
0.67324225512614333
0.52166097337389894
0.27588991804450497
0.59444881680940542
0.17932030185939515
0.11681727236319785
0.76538861702071948
0.074194259579435956
0.75318314784089546
0.72323408040692727
0.44725490227657883
0.57785691441833453
0.67411298727585989
0.25276274635154994
0.045501317457084613
0.27406057153932523
0.29824821640474375
0.41022018928085741
0.36571608459119942
0.99646384384205777
0.35646111193071939
0.40291703238160148
0.60249461066585785
0.7774682597128173
0.89210382707164482
0.66754415262440381
0.98505585081590985
0.77183324851777446
0.14693580775363452
0.90058458435328714
0.035658262758410296
0.45558779648095193
0.33729714590735949
0.14100138049224972
0.05590934417651066
0.24204076839799493
0.69011388669263485
0.20952306962873099
0.51664145799418149
0.61592894048973346
0.19035524078020244
0.91056016108903803
0.15380033429578147
0.17827045053824878
0.22899021056988961
0.25999381630981938
0.27540068454682454
0.71769723636184402
0.64778816991432553
0.059051421704161458
0.79458340353349055
0.27885612048822378
0.32630689689722592
0.99643524184501298
0.49336982095255294
0.85505651317757125
0.47732949973437916
0.30624904939196157
0.87030599624313743
0.39736718746622124
0.78208024095542161
0.36341810204188585
0.063834626545603096
0.69744773896232337
0.1417271838445498
0.96779929159604849
0.050665466925562015
0.84266061911270118
0.38177882732557655
0.94273001548426505
0.93808706914853945
0.064002099227583389
0.19261994856902573
0.67947093179285878
0.94578773790640269
0.77743491189309899
0.37829086525236066
0.81754768179424731
0.54173628703114296
0.79912163817814819
0.24623199035090465
0.13625823247103513
0.72935278098091716
0.67283499982848749
0.35248375643195506
0.23485306194662955
0.8519436597340001
0.39123021157218585
0.45803350721933861
0.30422243957588557
0.12799923092936089
0.25907243470150881
0.6498380238121253
0.28108963272227871
0.60138464704176375
0.965748816435129
0.39534009874416015
0.62641575686388495
0.648730515973856
0.93050697247113212
0.46249621381379785
0.34847703196652791
0.15525406070301745
0.069758845683323856
0.46077285485845082
0.032928633984336105
0.35409522671544996
0.038553711775596959
0.18705811649577089
0.95375071018462088
0.67424310736777615
0.95505936085206944
0.87626574720392536
0.47669174809812315
0.18016764463284726
0.8380634666180754
0.68377507782035096
0.015946726565565165
0.70678921564390285
0.87322158467427868
0.78226296363567616
0.5862673119586197
0.97929131363890765
0.82577372250265102
0.24520135876431934
0.79270467008473089
0.69619670977793879
0.93999400874197403
0.3172034789273524
0.1488191192163037
0.43725152477724921
0.8524360788395734
0.97496638348879527
0.50231211195089909
0.02971735278488525
0.87418803071357842
0.42309148599235591
0.70421387742158958
0.25336331949327567
0.18084310622070721
0.061941408832315047
0.18045771975753436
0.18664086854451742
0.98821487385676887
0.65520021479137658
0.47005081228431073
0.82816516816574071
0.040698164814251578
0.75113982755849451
0.59148980139456186
0.83828230271151782
0.42815271279836309
0.060774434116270822
0.84598963909535752
0.72122481102510694
0.22832179195223637
0.15190916863505241
0.39928380707560973
0.60480196636088679
0.24323383666676288
0.90290217192207567
0.0044613191856362451
0.73258859422873501
0.91726042265936314
0.72485614080334027
0.14394642264520285
0.82824589549296845
0.35111412916325196
0.37374487909377896
0.40002336904364894
0.97046675601461585
0.49026227946453399
0.8191370540711882
0.13056283249792486
0.72108248706937739
0.08063047450687344
0.86440642729516137
0.99680238066066862
0.11705332616428213
0.58457333196432293
0.44599182709646129
0.67169684628717163
0.9313905138248787
0.26620902572008864
