# browser_rnd sample v1
ua: Mozilla/5.0 (Windows NT 6.1; Win64; x64; rv:88.0) Gecko/20100101 Firefox/88.0 Mypal/68.14.8
appName: Netscape
appVersion: 5.0 (Windows)
platform: Win32
vendor: 
oscpu: Windows NT 6.1; Win64; x64
cpuClass: 
language: en-US
hardwareConcurrency: 4
deviceMemory: 
screen: 1024x768x24
date: Fri Jun 12 2026 13:48:15 GMT+0000 (Greenwich Mean Time)
epoch: 1781272095249
count: 4096
---
0.43910837785664725
0.23950282377304954
0.6033105526994763
0.6903422754647226
0.8472216234968104
0.9179176607409475
0.1647881685983108
0.1841382450646566
0.8054235575613513
0.0926735680723264
0.7899572012861257
0.43743916245271897
0.21590856969520766
0.44106821983563593
0.8754048690187461
0.7873560587289278
0.0733124509477997
0.6067816164797483
0.9365920357824088
0.9621665440248186
0.45700469435166435
0.47063752884389154
0.7659547012932435
0.02058208405010331
0.5271673954775022
0.5373315002722957
0.6312337378331163
0.7728233691416397
0.7273643745815473
0.6610198087691538
0.08321658944036514
0.49045368248891297
0.2678625894344129
0.5977148211011643
0.13190425127400007
0.19078500757917805
0.12055378008810924
0.5449683123422974
0.9612483352862432
0.011309265531611934
0.6025575595701185
0.5870902444367844
0.8851502637178223
0.21803006817581427
0.9260356506978592
0.9939821343688238
0.645167978601688
0.19721643605851502
0.8134908712226183
0.9898080805022622
0.1438024995827476
0.13371551682507032
0.9455517830828203
0.38411504170738
0.17530366561297572
0.31894188032658466
0.9199295943554994
0.9325771275028374
0.7868596273678163
0.9684074538736965
0.14869121604563007
0.6690922442196793
0.8258882086684075
0.5708354710595802
0.5654582779451246
0.9933801161144673
0.5016645016929313
0.12801202873918627
0.5197209810939825
0.6289538473010836
0.7918038423930446
0.3395274760738778
0.341349443692341
0.4167593522490475
0.4406390860965821
0.06579047941168048
0.1895450398970686
0.4478766076556725
0.11210427918319976
0.9446239885858654
0.9908461018187895
0.7072362790511882
0.24789463338088547
0.6480105368666207
0.48563896285068886
0.2080968754128698
0.15800815023864367
0.08744057246756076
0.8534197780786741
0.3559452520584716
0.4761933699148899
0.9424353065449329
0.9586370590803068
0.38425130737852864
0.9356412748113806
0.13640428904435664
0.08663430908475911
0.8173513765593259
0.08650140956728891
0.09481799712221017
0.6672713355183433
0.5580934191074853
0.5965104799929181
0.40326569748074537
0.3937947101913244
0.8362074878291534
0.8033456284900257
0.7819064518909022
0.4127669780500913
0.2228526775879297
0.9416577882785424
0.8387554801814855
0.9537272339191437
0.05643028841618325
0.0822186165791986
0.5758075221393011
0.7447477832686356
0.08602511056635787
0.11384287066546261
0.2178341482883306
0.3358548131751423
0.39183041454679135
0.42824415705678043
0.29756691606314056
0.7195424350260509
0.6315082037085213
0.3601378164728193
0.42187794038558213
0.19248530475281
0.6802720289298966
0.7165443261035398
0.8988877252210463
0.7799987805869575
0.6551672724815139
0.9018124893763546
0.8032578160422806
0.44227439411372205
0.569844651669279
0.5960746466389064
0.4268817972229627
0.2924446823608273
0.9292452303645208
0.6953229425563194
0.6601692911575194
0.3019823728902057
0.4943751312862029
0.44130826355782493
0.13635101330894606
0.6728198336669737
0.9790575890062537
0.41850250357497
0.763096696475208
0.9065342215045817
0.3558665843083434
0.678644741630092
0.08258832149937922
0.11329721995288655
0.9640084158783344
0.816244902977472
0.18965174505750737
0.8575738261372247
0.5184625319274687
0.06659333762964281
0.48649356887451
0.011962270068023306
0.6718778517060234
0.5572458258225611
0.8421654676675105
0.23890288949450378
0.36983878773252954
0.6962912575313999
0.7037724136420862
0.43767660506438744
0.7056305856183055
0.8050885740520436
0.7263922466770523
0.40660844726505274
0.6220501266926324
0.5969538933977712
0.6243881033855317
0.8201266012856843
0.5017673477794958
0.09596613171245039
0.8156278512935684
0.9522566822585983
0.905284552846325
0.9947289754039914
0.8364819864788704
0.2772230485919541
0.025015683692836577
0.3283345866936317
0.06245328210619405
0.8457376777627522
0.7499069921696349
0.552496797224757
0.5246009182921817
0.04164457903107244
0.9841846464851014
0.8875452775620302
0.9493303395327478
0.6628983225793482
0.016137238802997222
0.033874428669478096
0.9950854160381809
0.6425302527061066
0.9517080692060205
0.9278046237783816
0.9120721464657191
0.5590466644967942
0.8278533284067853
0.5329598568812319
0.7548995679573333
0.5600753870197206
0.3589120246413612
0.6637134079703899
0.08886263751888834
0.7721783761878718
0.8841020055827292
0.9017340856716599
0.17825281965632678
0.5189401985419108
0.30728057828216393
0.1965134675297152
0.9641762211747535
0.2075299932752478
0.8561065410460686
0.3596460455398234
0.5699989291800232
0.8744259663118029
0.7270890718879135
0.6970337509623531
0.28787385977615554
0.1737721014033391
0.7674927302767774
0.6148236835020421
0.9425683027475383
0.45100464732945966
0.508289476866127
0.8610913358718606
0.46040078662261874
0.9986782876613632
0.8005481056097866
0.4929806753952535
0.44386391059908525
0.30917255025644574
0.1301809580481601
0.4000291148640357
0.2583935618274389
0.9267115235865575
0.4054129114112486
0.656336153001446
0.19585234336284463
0.3746052807411513
0.6358129161667584
0.394975981513325
0.5842510501422
0.7483478591735226
0.13956358416064363
0.30915646380361694
0.37614037630712127
0.9389425083625708
0.5195978206665424
0.8989610171843736
0.19351905749842724
0.8723278946023256
0.16453508191511967
0.5349709044105084
0.1998425584621294
0.8155799073619688
0.2362924162998744
0.28866392231980653
0.9412545352129696
0.1463867908756329
0.49558488825130476
0.9354925376715009
0.067820291893542
0.824572921610105
0.5385395973579205
0.7095948500088696
0.6267212977801514
0.8812348031848105
0.9622228889242331
0.7658340181734359
0.41709668257608
0.26421363823822364
0.2770960622680515
0.37373169533986406
0.8439204183192219
0.5282791398618847
0.2489678261488999
0.10348372938107753
0.3592426001625577
0.9603384399451101
0.025827720034416912
0.34986475509194437
0.9709478321878918
0.40190852900402774
0.18715440683008988
0.9426962225249956
0.6648942973126382
0.8063553741855921
0.019379161997275518
0.03172709451037237
0.7058957761992911
0.9615621973039147
0.20987028443659994
0.3454035093847946
0.5357242617289842
0.8051082012235061
0.08692232941353384
0.3893883285613091
0.7064267739362533
0.41869082615674735
0.1431244491242114
0.00013439021995365064
0.9612620406316
0.5496490563663384
0.005403215302786424
0.92026006808718
0.29105506153635297
0.28173395846561233
0.8103469927401136
0.2606502946799153
0.6957971435180601
0.5423573438095354
0.5478534634223355
0.8968686216873235
0.4205597577223139
0.9446204677243137
0.5664273756278158
0.9428448648876538
0.5419661013364295
0.6060215802633669
0.3705304710401386
0.3046128813588773
0.551885547722996
0.3169678826758129
0.2325802554454518
0.12632923661259876
0.5521272765636962
0.8572313161489618
0.7882023915810198
0.3984437620281097
0.9409047368174729
0.13916491512925977
0.20620107020365153
0.9878027852601359
0.8454804004643482
0.8406173428269256
0.3351797538988016
0.6317347615728481
0.9704810447443271
0.11414927155951204
0.09561704177787
0.47860749138038383
0.4942562901800016
0.4075395610002097
0.15759794754858802
0.21682752450136245
0.6948631080244353
0.8923692060169534
0.48328270088565495
0.043447342773729636
0.4331015610635566
0.6531154969936337
0.4810979444547345
0.84180419828295
0.3051774283210905
0.8187745616749617
0.3217070070915129
0.417988369882486
0.07540555610267996
0.05166882018880581
0.4459284337377998
0.8749585339636434
0.35121266839256027
0.6379664716621929
0.13472004555118933
0.09759584734625604
0.6278172135465325
0.4652304985673704
0.33574121281390945
0.15054558561204023
0.3937183422686664
0.32247154322732885
0.5982792439003181
0.9248943622668416
0.49567655331999727
0.32481677417439114
0.1201289279602007
0.4520128650185
0.8299083490979264
0.1725547967466815
0.2882712726188542
0.5718820775411411
0.5857982683380917
0.40874541439649137
0.027026124719762068
0.5565850494300861
0.831150618379644
0.2064617933979711
0.11175370775064175
0.8326160409715457
0.769260601526951
0.40433756299963175
0.24988661366913356
0.53052037529795
0.3749483979811985
0.38292785368315985
0.10852058682435961
0.38119229762830065
0.8743737315479665
0.23190122880470188
0.8821743988137091
0.16016817342264822
0.6214199010390747
0.472477828395517
0.8385064729919789
0.7015456330765797
0.9702751658250385
0.9453125688638184
0.995480734440643
0.4756869709270548
0.8852990196468088
0.8760417914869907
0.3004158377359133
0.13633309919215197
0.601315250334149
0.39484207224206225
0.7198405043775229
0.6532398932891493
0.6147881986222203
0.3216789157462545
0.38225068035074306
0.7494423063358638
0.25505989076755964
0.2586479439387186
0.5212796861181084
0.9852411715720458
0.5302051998953033
0.48979837125104675
0.3819934687444081
0.2895220079096227
0.43653134533727567
0.5224473467775997
0.7310489277627685
0.23016526201206378
0.1320394131305056
0.005035720692970758
0.009787323852602947
0.32169397076479334
0.2828759878985113
0.0879051773943994
0.4669702413786363
0.2966805279796022
0.1416400895736466
0.3795448904576476
0.2897729924979354
0.23121693314017555
0.8695355965420101
0.3541828976713187
0.9129742180614008
0.08140468715425564
0.4391477417501075
0.34696601709830577
0.2005469544333719
0.9464541991353278
0.9698364166744639
0.8105871707292024
0.2994168938719537
0.4684163936231942
0.277514599058155
0.30339382305430496
0.3225282547779734
0.928209363017597
0.5081138306272303
0.0581598538613004
0.8019755731303148
0.2027634918195389
0.6047183281187718
0.10666986095094477
0.517412852122843
0.7526631785659552
0.14063116383167462
0.7538611031687971
0.40595305933028003
0.43529134449134566
0.08397933902321697
0.2807492103102961
0.0017045649189771916
0.648534380707608
0.6900309851199324
0.24170375833468982
0.1106438768760607
0.0068738488483698346
0.7541234277277076
0.7517033179081523
0.6869858328062639
0.45319704287809526
0.8626133899705671
0.5722821119002413
0.15858789705770016
0.8430414682366876
0.22372713878567219
0.47358203158013834
0.9486164873313542
0.48406715658546906
0.6380818943934485
0.7794203912741671
0.7646513165858176
0.8490463730484152
0.23980725063278807
0.1778475405000508
0.9159166460923364
0.285140520256684
0.10007114122075811
0.7690551908277303
0.058639812618330844
0.7634453147322553
0.10446033137381494
0.6178486377717258
0.2468815379355137
0.5970782791817519
0.8277887591313038
0.1869100466058371
0.8130802999454437
0.9940551765171249
0.261476577865251
0.47512747072637673
0.6589320573498759
0.08694680282875134
0.13798091246883382
0.624606984925153
0.20352520265028606
0.46717349438277067
0.13317706965394527
0.8540894179116066
0.4811922242729455
0.2185206185969476
0.2957087355781505
0.38394678889430445
0.13449931043685914
0.8477668834680607
0.7209230037933617
0.8020289073411381
0.5519560939645843
0.8676535075107676
0.49670668053942835
0.4842203407405935
0.3718483002698356
0.5064356391258977
0.5079417575834589
0.9373626661562152
0.2476433865448301
0.3389450338581307
0.11622343858748418
0.7794258437495858
0.0020402373871961643
0.36513528509522664
0.10185606989869789
0.2159340094935701
0.7222713543958869
0.7510027822102773
0.7723000914080757
0.042592143491152035
0.49036577857862906
0.6864643606951085
0.5311891736371546
0.3589801518031912
0.07490344482228029
0.49722978092085246
0.7728024167541646
0.9971756664286918
0.6770787543612067
0.9583441604083185
0.5322387692025057
0.08798812656256483
0.9839319855701529
0.03136129441104696
0.3879362694227557
0.835900108443973
0.2035392016168316
0.41834299743447867
0.5270206414332914
0.5012419850608747
0.415982270984098
0.3072368694834142
0.1853417676626018
0.5884377320535804
0.8359402990177501
0.7770349013110411
0.46410422459603995
0.8818558307218956
0.0022928506669991355
0.25174231699665484
0.9350023016353458
0.10331459364151885
0.9489171978804349
0.2302684996415555
0.42330432898107984
0.8655041200741045
0.1537095216415426
0.01336925385220411
0.9475278168573664
0.6251643615339417
0.9915859906923056
0.6100749793281973
0.2877625417586397
0.8074200272367924
0.728675422612658
0.7796081139161449
0.5599308886622079
0.6775871489888763
0.8521867357163969
0.19553403400092473
0.8832965732982658
0.08320792310504888
0.9036364382011289
0.4723626805018729
0.4328418512243958
0.35165328260435946
0.5490109448252594
0.72922933777997
0.03372958584954777
0.12841307660995727
0.8315484425917045
0.598384477863472
0.17214176281902305
0.8863273991036963
0.6136454203986034
0.827510005342745
0.09769154792824786
0.4629277280098385
0.4346578726768504
0.2193632638363665
0.33107748115326985
0.05225705085281995
0.5442898294620032
0.6478095631210328
0.14715142295057404
0.011715593852748007
0.2149015420892273
0.7247378214792153
0.2430672193980148
0.5319742552565033
0.9123852719397013
0.8780623494175219
0.3308008168663057
0.5463182375605168
0.839595202723501
0.8285750214985677
0.9490357171731677
0.92798568994469
0.37107356701325866
0.5128446687529328
0.44787808755873315
0.07494944980620533
0.8334455905988315
0.2448141834916252
0.6239220177482124
0.4074407779377973
0.7043012678346992
0.8902102589716768
0.9244846317872735
0.0567851708664161
0.8231463606726208
0.3127116456723953
0.583790765836375
0.6886361128750401
0.09407810282761386
0.8062393267389917
0.013302765137973127
0.8738801227146686
0.9098690712161931
0.21041609094580416
0.3040458768561082
0.22077455492495557
0.7088374377604847
0.7152331172042203
0.5274427601211729
0.5659348685168464
0.607800713290505
0.26827200442612387
0.34205845038106586
0.7738632793765783
0.6225705266280575
0.14143070312751904
0.609816559304058
0.7432102971787439
0.5622883644654656
0.8463759053560367
0.11342850739790167
0.5793058960039607
0.1887879492841178
0.6778634362859901
0.646707673395307
0.7366607032741675
0.43791719528413686
0.5956418234502002
0.6027515867707668
0.2996778023538992
0.48623765740405733
0.802387474593802
0.2740342666828476
0.49003955062501225
0.17496485002770845
0.37287141420649395
0.3988221318172813
0.6579425149612863
0.7427968091808265
0.7393616478919454
0.19446609863180075
0.501588321951866
0.4255919661319756
0.23589854307111036
0.10601128079432387
0.3981657024533377
0.3707656814753775
0.976987040808226
0.5708339494939787
0.9060874625665823
0.1026945065411008
0.6003952761369034
0.802123559497942
0.7489198961507987
0.8424126332805704
0.9054225814247723
0.6986560347608451
0.6543608146906046
0.5964056661244804
0.5603498586430489
0.6206656399203999
0.4976186942138805
0.10732052553510918
0.21849539071970825
0.9119078576118111
0.7615761263295563
0.2960463181098286
0.1239122373521988
0.32468900665689016
0.3757499330060873
0.5103254799893673
0.2797815434645582
0.8653029705698048
0.9052505896498938
0.4860893385275785
0.16882459126709015
0.3554276179576874
0.8723598741811021
0.3087518712062395
0.4203762496692778
0.7666441712834349
0.7733602069730854
0.5946773438198657
0.9623917144104701
0.23306165933243506
0.9949611149526709
0.8660669875132524
0.13809979448699727
0.569854768476067
0.3869928123395765
0.6018448034681508
0.21701035422369053
0.7312058153462159
0.8153627336035987
0.13377451309119204
0.7260922656644961
0.27011316716340406
0.6890058307670096
0.9576373006159047
0.1545452580996316
0.2839537567639612
0.6138579450961761
0.5757889108615711
0.4529313118940387
0.411974770613715
0.17845054640785107
0.9159953669345062
0.9132470574869271
0.8047644928241436
0.4304193984930421
0.6378486908560217
0.5566347135477155
0.5212075616695763
0.48238405956561914
0.0690861193189608
0.42081109252987015
0.7280387108705302
0.607055922773402
0.7419773846787089
0.8103418087285548
0.7348515748889806
0.7129352219586473
0.5496601489559209
0.995709060583263
0.931142915381775
0.8278978756606552
0.801654779763271
0.7182625453270912
0.5922015928073772
0.8121671093897805
0.8110976804059885
0.48766661357596774
0.22384997850922694
0.747449547281707
0.30502543079681155
0.8150945294349488
0.23749967221459867
0.9217022121339432
0.16189485863918018
0.6283735402807437
0.961904397838308
0.03586898838121633
0.9870792508116412
0.051965828028410654
0.901414567689574
0.761999363118691
0.3098931464895258
0.4774786320500439
0.045173096309805594
0.5494973480217582
0.17209630608019655
0.6176086818647915
0.8937710459280017
0.40103998581012534
0.6915819141740657
0.5210796298861446
0.12358942468563316
0.34688486325537804
0.9937022674184809
0.5413770902385406
0.7518925890579469
0.5330997618222059
0.47475396828837946
0.006603395577429283
0.5914589167061345
0.4107640103977722
0.8278163357493779
0.6679674910393607
0.6065453903258589
0.5002854056023128
0.399849225901854
0.933980159912503
0.22739433459276193
0.8628998935643174
0.43871463838567337
0.7477969067638268
0.685894312564896
0.5507628736178087
0.33356660628824963
0.16244903088977025
0.32921319003898686
0.33744307508599036
0.34335524889181535
0.5744934537828441
0.821117020349786
0.7520644049912709
0.9915901790389151
0.7545580960453174
0.9484801728436334
0.3710273213773576
0.5458169818233658
0.43390114388719503
0.3281644429028322
0.3676102137553251
0.6848067751217416
0.46919481621298387
0.2685913156452202
0.9235844745842324
0.4027177048089643
0.11832837788805395
0.7590581448814983
0.7603347648216293
0.289806446857072
0.8299742418630699
0.9808354428625952
0.7590912255014465
0.7367472819371059
0.8227798742063251
0.4733345595191115
0.4883873992865445
0.9267981101962648
0.11733566606585133
0.14827795671692312
0.42678919509685675
0.8680551177774731
0.6877378345379518
0.2225768369793506
0.8831762165004718
0.33136846909508144
0.3908928825914245
0.004916839801403783
0.4457618281451723
0.8664304023969641
0.6792784748883345
0.7787923389007454
0.45642992313730113
0.9731112368984843
0.8125356519057376
0.5035495221784205
0.6564323793724899
0.5776506003711246
0.3352180693570782
0.1214464113304502
0.8037133995955442
0.26968699006441477
0.3105238655031194
0.601533513637007
0.29783248070550583
0.4174930404607631
0.4426956896999057
0.5584061837006213
0.28909242125198775
0.152089917590163
0.8648658678777116
0.003182444584526767
0.3634111772713766
0.5671589359103779
0.6229764885210052
0.052454833707835546
0.8640251649332175
0.8396012132804599
0.37992158270723
0.8712338460191202
0.2589761852660606
0.655370253367047
0.6262257581600866
0.8131774151755554
0.6668798412479641
0.46184409398747883
0.19321005531517277
0.547655470082449
0.7238237264008274
0.12292569724837321
0.9012044773205826
0.3299937101434435
0.7189024094158927
0.5585595241001511
0.32093880421724796
0.6074300000720414
0.48888070911817216
0.6619716676019883
0.04362870135043895
0.22071857591524968
0.46847760064299104
0.5804579324950875
0.059962489707521716
0.5250123621917504
0.7803377717641218
0.12714733150644808
0.921582332846035
0.9077374052681255
0.9358001749311476
0.2497285445632117
0.47598722477177435
0.4079096930819638
0.12295519653248188
0.19410781370500352
0.2847571077038876
0.2894394187577949
0.7460444389790418
0.6327909493486356
0.2430765832722458
0.8689671601668423
0.7098056658586498
0.4437280431843117
0.25614446940647084
0.7035840682375019
0.49158462168866535
0.8459059210721321
0.6563593143005202
0.9458709697308415
0.28808660028177524
0.13417665259984735
0.27915655924968574
0.3596683554782184
0.5302007995802777
0.39186433845776036
0.536936104605246
0.8205210914348021
0.7817528011816499
0.7475202962164078
0.6748188470561546
0.3448297207749096
0.9490744371667026
0.970666524950322
0.47322123401335614
0.5133802675850323
0.610478390749286
0.04715023529808493
0.33787833672333345
0.6511662657524736
0.9720577994754206
0.7006548158835904
0.8195726568963879
0.7166466228704087
0.6485568257158192
0.5843383875749205
0.8393609900907508
0.09053107912195613
0.19466008685641234
0.23587259706042463
0.3997301643906661
0.410215024561693
0.1569917084301803
0.019086580025189814
0.7761052237144446
0.6009723946978285
0.26718018206445604
0.7395714254041693
0.6705878208881529
0.8345940029544424
0.8342847297508784
0.18723880809189652
0.9142516419976906
0.769463597636147
0.6103772775468339
0.31971619020471986
0.7908631060763729
0.6812251354752078
0.1787026715371529
0.8690524982581889
0.2833892051402147
0.11861509047704566
0.9068134320891574
0.2944273405991802
0.938855717431008
0.21688848789709325
0.7678488482542639
0.052062080349618345
0.2618086374257941
0.8423599856259796
0.633367055237998
0.3300841217395529
0.640499940468846
0.05109032654503076
0.45737333403584723
0.6929697126488793
0.6241096569735806
0.1516813349909515
0.7646044330822711
0.8796205523504547
0.9947422403826618
0.13263878117268224
0.92336874314687
0.09180757286924757
0.8197938384505385
0.49914376762577906
0.5736209957827745
0.43433921366514394
0.0670133052828995
0.044348422608479265
0.37066021663155857
0.7879710243313985
0.5551199365577227
0.8464048487398783
0.7431777212127945
0.379768560785945
0.3233131858651771
0.23132352135777057
0.32687646180531726
0.950361868637412
0.02125910011353871
0.7494366683037067
0.9649113433576628
0.6601060678175987
0.7439888057318933
0.11613095515783545
0.8193892599925202
0.7673500989971791
0.261315576239013
0.6843567301104974
0.36360717341166116
0.527471316005584
0.14254429071369812
0.2996172418615929
0.4732196984978615
0.7626218930659301
0.8354712248488043
0.15170902586924284
0.7891247583503219
0.08617268495037478
0.6261486582439297
0.4169955098323358
0.9396090833492386
0.38954841221019054
0.15931205406231919
0.4504475579563667
0.8358843954687664
0.29385916658474875
0.9931618168896054
0.34796815006087467
0.5020983285205182
0.7433841427717293
0.17765169977893192
0.5069853643133021
0.038291153271804323
0.013078033951070545
0.4626100240702594
0.9424835579365444
0.33694740276202273
0.3520862120102821
0.6260388202777223
0.061135527482674035
0.1832818576141323
0.03189334355797002
0.24657983906550174
0.954069417209067
0.06822048877104425
0.5244924728741683
0.5301464278913957
0.25365219517693915
0.16870655957220593
0.7575167177765436
0.8951496973581231
0.06042315549018329
0.11969115020831622
0.39008514371131975
0.905255377519351
0.21970658502005935
0.8190474773303669
0.06757035584025528
0.031686065238752836
0.7320738047179407
0.6895681702620614
0.1614902802218553
0.5319050673353376
0.7680726932531545
0.1283492120884755
0.10164331753831901
0.1996716258578639
0.043144869158677546
0.8387268775045776
0.08782282969748845
0.24330889424399427
0.3620150064582306
0.42807151772730845
0.04474684948994423
0.21767864216049315
0.9581262330561251
0.05570934276760153
0.7477043319109973
0.5443424326535724
0.2492797076347989
0.9243618483314973
0.9307758046443355
0.6711112883437729
0.34730427862028224
0.10230063714738447
0.23351092677572327
0.08523454074014314
0.47618268148678966
0.2726778547361459
0.3934646157279479
0.7391449661060434
0.5068071241776386
0.4003437806489165
0.6020620927202064
0.26806129423258807
0.24011325628133828
0.8506242640302821
0.6463254689516418
0.28449537617059495
0.6306415993419409
0.15450793514024064
0.29994686022923334
0.6383042278062326
0.9808170873017256
0.35385204628110856
0.5555482996865355
0.09442242845369808
0.6930405445981662
0.8597962809998425
0.7481088890612309
0.9422963579161523
0.8564916260331407
0.18552973096223135
0.8183458119551076
0.8192847788513907
0.2875449190375995
0.5697824124570141
0.6738894629950263
0.924216522321161
0.8085776964577316
0.2369577256070008
0.08163403392221857
0.4397594874045253
0.19358307404228803
0.1560024322663467
0.4952677195863
0.09369254396444815
0.3395827346729503
0.2891209433109889
0.053933465418681825
0.527421942366841
0.8330556998623122
0.2552263011124992
0.18226789493526252
0.15119076385998698
0.7903806772691923
0.5514873437151855
0.960872449949287
0.3352796103182889
0.932852899262045
0.8099852288305308
0.2059383370216532
0.8789753818162742
0.6460329060268019
0.8400996065068012
0.7460275430313517
0.12531369684798743
0.02873198587875836
0.37797378151636774
0.7300949338613234
0.5050428716826418
0.5686301029313447
0.39281896881030376
0.8654206082432139
0.8840381233768447
0.7855837560341796
0.140273692599859
0.031681514090541096
0.8700218575823986
0.0359553895080974
0.4809726439064965
0.7281874587175517
0.778455365090768
0.16457594592281755
0.288894698160289
0.22645009517712533
0.5615687851873957
0.13367493364875127
0.9166900276501011
0.1465298810322302
0.806177864595563
0.41782308380816435
0.7043569157255274
0.3525515067501179
0.8476081090451965
0.046598571569074876
0.8726677440765285
0.9136056712024158
0.4175312788526806
0.6640133369846201
0.43953911873043083
0.9309175671876425
0.8849458077648383
0.12770155508999004
0.7564885803791099
0.8420819468398273
0.2413881995679784
0.04727738444754925
0.787107023504694
0.8370178364416592
0.8430980925602523
0.5324199605442129
0.3316366109882378
0.8458670093098323
0.02563887151042199
0.923040094294915
0.32201718771692556
0.920224269420457
0.4289206191468812
0.17590397369394206
0.8172562676832458
0.16358411677552953
0.8151487759440608
0.622511413963047
0.012305479508437078
0.12472873297387921
0.774253400719401
0.0824624095980927
0.4441700618376133
0.4460683155686157
0.40708156988721955
0.6532971858705059
0.9658906537789713
0.3215803317856526
0.42147826191658433
0.4443577953531128
0.9780970003069931
0.2118826224100282
0.5493856524589057
0.07556369396108642
0.6571479165206512
0.31837383444919753
0.8945306488644458
0.5024768680893585
0.6473685773950986
0.6244643009849117
0.7507850930998937
0.40392378843894605
0.08793485270112056
0.24778351780245966
0.1630356599268844
0.6952595754940077
0.6861151746240223
0.95664475376445
0.035057547487947316
0.18113752395783544
0.16690737911481812
0.6735771844977054
0.0549992738231061
0.5491083850612088
0.326289797852095
0.7793578612548542
0.6740573120184632
0.29924942221306916
0.18801708106846893
0.6632195027396164
0.8111490528055905
0.6052535871098484
0.21877432558714083
0.4561058821279552
0.06371836481044801
0.021077020202059482
0.3486988985835341
0.1567950337065317
0.18020432354108862
0.08318050893240825
0.5678759621788242
0.9355023401791457
0.6647175954684847
0.13671522303929984
0.8759438404140917
0.3155994033173197
0.9340666375333782
0.19826931581930052
0.38797156166376534
0.5066383476432681
0.46840873488149737
0.4106475357326177
0.6886930671990008
0.4485226951683813
0.4267653213477489
0.03344140032766618
0.7799659988245238
0.5078971788524007
0.7001676899259011
0.5333837096519314
0.6083693954584227
0.17407523060677788
0.9472697707977398
0.9960405028678552
0.27623669426105346
0.4551544733807149
0.018859591334179582
0.13496829430657398
0.21800161561875997
0.16223297119428093
0.9045700198075127
0.952351642558845
0.8487352074932873
0.5383667954103357
0.6836221627004603
0.14735811376263597
0.8665295750842567
0.2797825672465696
0.36960026568565507
0.4850967044276072
0.3732721564453454
0.7969837012492361
0.648703168652247
0.43511206677902914
0.063168588582178
0.18565528483195126
0.6041488271037735
0.7588239326369149
0.8471629410085764
0.5640547623563943
0.5100341165237138
0.62607573267307
0.8251009740433803
0.16921393023841458
0.9869056969173962
0.13386307069203562
0.1661926205554275
0.8601218299068853
0.9370372245255493
0.9626889532009394
0.012770384204820018
0.7968793007587797
0.5351204340482438
0.8497836875205944
0.7622335685315357
0.15146505064228633
0.02727356767303757
0.9295314999534059
0.6358591860974804
0.33426553338522125
0.14322413662815936
0.3398645139776596
0.3072225638332965
0.047299478970041164
0.3270339271203171
0.9460197043793149
0.17194841856134335
0.8638719292719601
0.5623779132888298
0.710663172478465
0.0295683135780882
0.600773523873744
0.5625610696567149
0.6271990403874568
0.7960423156742381
0.2863443757856945
0.5638774952517
0.5554193839724851
0.763342335689298
0.7079861632314874
0.8270015006501688
0.5061081831175884
0.26650094759813314
0.10338915836343787
0.8324789692061499
0.857815888227631
0.7693465896572133
0.15117009102698664
0.35998476650026734
0.4661283939022668
0.9448563744058899
0.10690181017870759
0.8890141227345583
0.15115742767981444
0.3415850871953269
0.3493506744752317
0.16978601090124212
0.6885323781862531
0.8616697385253659
0.2386075929420428
0.22265539045242233
0.9197512835766068
0.47833048515037524
0.5226797415904686
0.9791017658816883
0.0014024220203532334
0.11221144251770665
0.4699315483847346
0.561069730755863
0.6717616451055315
0.030347488899325814
0.27716442421415244
0.5666109205978734
0.46906046447977523
0.05642974475447193
0.9572808568546711
0.7024215311661737
0.8510874300951118
0.013047664406502957
0.25039446755357786
0.9954001159603498
0.7781259640629152
0.4110456471962277
0.3236637955986351
0.8460504345167948
0.32317702323750963
0.8894893405441431
0.43981197450186793
0.21884296337378661
0.024849264312247987
0.9370111810851565
0.6898782297687441
0.26005767198642715
0.018536877335972868
0.8882450007126306
0.4778249479955444
0.46119576574319465
0.7882789797978704
0.815021084471563
0.324440766375129
0.888682548339072
0.9052032004041418
0.4272943416031544
0.8245960974439098
0.6347776784947061
0.22740103309522341
0.445682154750058
0.0962183282290151
0.500353494769843
0.5736740090717378
0.7791693458402463
0.566346505062674
0.4418192571446229
0.9159884388622564
0.774229965114488
0.7991423752132706
0.6328381421232124
0.719666558751049
0.061484339141485767
0.9467388477895993
0.8478490936937779
0.8924795635432957
0.6084677930288833
0.9089265313914727
0.09657452873719108
0.8033110475181487
0.8342568640504392
0.6216663947007494
0.9899394896910514
0.673129427310187
0.0017334679049217927
0.43602361549189617
0.3044917917299269
0.8024124589002978
0.833897560614819
0.5833010928256211
0.20361985044908204
0.821453240791403
0.49531902414982265
0.4406133241398744
0.8264406694421353
0.8390579451642047
0.8250652023874134
0.17701779649207838
0.1565067518297455
0.9154148396074565
0.7826723788817073
0.6216138366644908
0.5693313836002805
0.15145371567642174
0.8762499508828243
0.6303962246513937
0.662856139971271
0.3445343721723795
0.11093512817942186
0.9756142953912182
0.5386040704025589
0.5152835998680102
0.522398076780159
0.8782061304079011
0.6669614798257243
0.779464322383374
0.27447325547273993
0.8741253654473508
0.06285477220476632
0.17063981059409328
0.9354835507298233
0.24935228378300456
0.0260092584457019
0.21424084921165276
0.8956556859776412
0.1793180992921508
0.697164585699168
0.760398961167295
0.9856984154867201
0.39021078325852643
0.017502182994975746
0.30079527087491864
0.28795808772672105
0.36925384332393074
0.5407494462229714
0.912062351029574
0.2458710892178847
0.7956500324100791
0.7350653080293498
0.1697739512876788
0.17455703562863634
0.8892838541365355
0.1588169099981348
0.9324437589593917
0.1107064232715278
0.10136921496785245
0.26805485968119314
0.15402867530320097
0.4999730908220753
0.16585099603471165
0.938738949831427
0.6684597325732834
0.032969486608392606
0.5211820975017085
0.5940670872497293
0.7609381334029635
0.24512579686371727
0.26893350751602085
0.24117597642738586
0.7168294742602016
0.18978806675228377
0.019532313214868813
0.1533107982289046
0.9930440042615704
0.6536290254875466
0.5428647331446017
0.24359060129920707
0.25488637640983336
0.9482522461490877
0.07908162452983547
0.7458552345534392
0.41313706202691647
0.613846936203696
0.05672278347972315
0.001409543745820807
0.7612193949957177
0.6183852261121809
0.0030055324609655765
0.12481952629811399
0.6270853748135943
0.5803111099325096
0.29759473802561454
0.796229001572058
0.028387619005384224
0.44148012382651625
0.9344276475654777
0.17598576563027168
0.9903855261307428
0.17733590267885702
0.20879120667234352
0.15713717618988843
0.4146785954680928
0.8190832870721032
0.08901805803402663
0.8990748517974758
0.898836031788853
0.49787798653028303
0.4699681856595572
0.7266596179316656
0.3845643412698154
0.21814024166995105
0.3951602536896912
0.16501358622052498
0.2403429878096508
0.2960067326595315
0.9097149631483294
0.5081003513622491
0.564683256780652
0.3722766658379927
0.3215833026443965
0.967367023051647
0.37501621374128613
0.16228363052095662
0.7103833786951225
0.3804893669149225
0.9671939542517836
0.24209552934022927
0.3397494141791869
0.615441818594488
0.8021322456143134
0.3564337564252902
0.5371311697562348
0.0008985960396995507
0.6299859487867265
0.62020474912714
0.06230188528709757
0.9193558891015884
0.7087608502730081
0.14158689050644113
0.24059545340537725
0.1831575242377338
0.1052507286212403
0.9602933437052178
0.703223744162038
0.27962008661979676
0.6207207999319607
0.5521864925356549
0.3284785094160735
0.8099283442358663
0.910383681857335
0.45517852161923444
0.8919587424899635
0.5058280477759496
0.3634204979619716
0.2114737662067303
0.8870198106868443
0.1655787764565828
0.9977671448153318
0.3962874599708316
0.890453490600454
0.8306952660755548
0.20349690300781442
0.3260776834752802
0.8734993813954232
0.4355763929310055
0.7962608729799768
0.22150762124767942
0.7767147722194937
0.4531756692685538
0.923877502175526
0.4968448135445205
0.3773866405207179
0.25046709539556145
0.7886820631258787
0.8064685795460397
0.4764934580522564
0.9413240600223711
0.373474741406581
0.6236756794282199
0.5418946156113005
0.9656926962320109
0.8373658040527177
0.38558373227134846
0.023389692128933603
0.787255955782857
0.7146723415373666
0.8772775169817746
0.2798076397116247
0.7173718991141692
0.0274706345248793
0.7281533379082508
0.08426208714917172
0.5676450699192374
0.8748293545565105
0.3379935062097348
0.9420101974682642
0.508660553054908
0.3432688620575157
0.7904520321888734
0.3287974425650685
0.27796941009505904
0.7780195409455346
0.8887001735472613
0.053362621920047815
0.5275870951368492
0.3063734183107202
0.32372739500687087
0.5276294665392011
0.9248739476486778
0.4046396322685948
0.47307291269149643
0.8303843802520688
0.5675773074205158
0.7843002618815897
0.7877995638928533
0.4883041159517494
0.926376436575896
0.7549135576046263
0.552884096780563
0.8973427834428973
0.7971368495905665
0.6785312584248444
0.33457871275447293
0.4775549779760463
0.4957556740829636
0.5037576913580268
0.9939534427248325
0.7277074369952208
0.5017656425811564
0.35905266703719463
0.07524891780741405
0.6704182881333014
0.5158214459705469
0.5630120742428898
0.019405903493222798
0.848493670715601
0.37728015889124633
0.22599620003516918
0.4724170654506108
0.6502006087686534
0.257485026125028
0.586921934661268
0.21618989967304136
0.5863015433041292
0.7375657808535603
0.32728260489250516
0.787016280597749
0.9488224515943077
0.23330526025751464
0.7658797176066893
0.1635025647543572
0.666142296780105
0.8386085822304401
0.830017518533036
0.7149621790721536
0.738561436697582
0.593659917850757
0.23295612610716065
0.23056966750625418
0.8643184582447376
0.34029595661390555
0.19191209150469601
0.2286077108021637
0.234329794883269
0.476026697326002
0.41493943172103587
0.5386225952768382
0.3582945666784466
0.9958018905721988
0.9650964452716401
0.19853821506473235
0.9814263795620266
0.5310680199328944
0.24207184786348568
0.2759168351103024
0.12348357374166352
0.42048110021689655
0.09373898651365176
0.7995305521940095
0.9948508020666432
0.8038311278473707
0.7866751956377287
0.2447469485503312
0.2927209985282069
0.4011092745475482
0.4488988800642384
0.5045047627744618
0.2871176200632396
0.46661948085919036
0.08496979494264034
0.7096656831767223
0.35877811883307686
0.991855429795565
0.6403372263919741
0.04233046878211455
0.4914185859915321
0.16501480224544873
0.05887244161369054
0.44582962312862195
0.43645013065260196
0.9397570762172448
0.31259365224818336
0.5019705745837171
0.8110254473766826
0.6824151498419628
0.3031659974875439
0.4390600398360067
0.43446685474816615
0.30834348367529896
0.9880863862448597
0.10140464573555807
0.6982222858908983
0.8913186708995356
0.26081510659745544
0.5621436921813849
0.7359651500014802
0.7560712992724866
0.36657542611764504
0.8701129301472691
0.9269075712447031
0.8992976063510437
0.21295528844768508
0.40104824791074367
0.7483720889145051
0.30504802837056466
0.9590179157126845
0.989603549918881
0.6421414860616486
0.9230125163130452
0.9359957348150667
0.6977211109343365
0.8236251550063074
0.5062174489286616
0.12625825207920283
0.8851191337787652
0.7676682694998284
0.40634758924932113
0.5758944021899532
0.31541883162531703
0.35728608687370655
0.23079330157313538
0.8183997147689147
0.17124910128960402
0.7557471537368454
0.0044989722450548
0.6252069424928387
0.7691077117679278
0.16157687829725753
0.03807115668548888
0.8494621803041414
0.8217174425763083
0.24374867154961155
0.9475482317259445
0.7725197889957481
0.6204313701272639
0.9400157082312581
0.9050108899312798
0.6154203454272199
0.35957232595970146
0.46248898013492956
0.36636976539049604
0.13721268655539454
0.10428858136023278
0.2745376555100085
0.07177615825361805
0.6265990004378039
0.49647973650439436
0.4800332190025929
0.13259036350505304
0.14641446191642904
0.6183171557869451
0.9522148900083082
0.09653050595594659
0.581697829348022
0.05955914220873826
0.5393973842549247
0.29975054601253004
0.9695753604760436
0.7761417002349142
0.6739766040350408
0.31095042558932573
0.0996664521276337
0.10309741887755164
0.744765202881892
0.3194922565439322
0.9770771964894392
0.2410392245753007
0.09107710518832957
0.9192389055837367
0.707458195404674
0.48247819296018857
0.3030636555857461
0.6495275301886776
0.5117768582946438
0.6803202815231947
0.6021967482398086
0.0780194946310041
0.009470860843939222
0.958963884354876
0.3003477688409699
0.7064275279629091
0.24207428791016639
0.9185567203497348
0.36547445759213115
0.19918480055873844
0.7893697985228757
0.79295442832844
0.7978768387565358
0.862193253924847
0.9627200869998249
0.8271134465111488
0.4130879239576192
0.05464392982668398
0.05190204179828395
0.4990995612041408
0.5760953765671532
0.647690591638226
0.8332516002306304
0.6308796569100215
0.8439158618812845
0.8252098498782892
0.3774108633369091
0.3718694616320356
0.22239043565284278
0.7710261031114415
0.3643191090871061
0.8321552373994512
0.1660587497589202
0.20123784146438028
0.7908160321286547
0.17974305166256632
0.5813045616176366
0.40658703822988496
0.6730572782296728
0.8032730233977552
0.8077561272128043
0.524390796460667
0.23489729476215448
0.5385330030201331
0.01669901995316969
0.23494216424537695
0.7408609391000947
0.31156939433383435
0.5665296361146672
0.7370767452115581
0.1438048674248963
0.02910595711656272
0.547845057973447
0.9884740443822884
0.9935972889216105
0.7293812897227255
0.09274637637668992
0.4505694521051228
0.35723755349564756
0.42145280871829904
0.3568371382178964
0.09682343233797241
0.861567796702586
0.19739847222332452
0.8408006144278772
0.9933924490131453
0.40073908116324675
0.7554020997911559
0.2873995677754697
0.3705941028312232
0.021566718146671326
0.9283764480853335
0.6543594621905813
0.8586093562925159
0.3493111721321511
0.9514038101856499
0.09725250547873265
0.5303484479419743
0.36044237871243867
0.059707086988732394
0.1288916678414741
0.966111038112219
0.5198192931856427
0.7780856782395018
0.9204945821885827
0.8823213433971862
0.17268230623540737
0.6446291798131446
0.2750724500216519
0.1231438812749367
0.6349689141480804
0.2525025632604889
0.9238170308575216
0.6488147317723101
0.5319972408105237
0.4820811274421044
0.7637018991565152
0.2112690419693104
0.3637785512526185
0.5734948115345624
0.7023662193528865
0.8607435266661141
0.29222764052056993
0.47241900227530365
0.06027914964662007
0.4136697692834732
0.26468772575226607
0.32740907986593837
0.8921244881660471
0.1172824438698018
0.8537396923599763
0.06570634459005531
0.7262446495414016
0.39883593024752195
0.8646429799096615
0.1892782970661102
0.3130151567608459
0.5671838707894218
0.6696857890782235
0.5052527880438649
0.27300881047057823
0.12855400007730333
0.9590754778743303
0.44155853478794715
0.148567017376535
0.1599853390376612
0.4898093810133629
0.005234492101886978
0.6021613804090947
0.516467543668078
0.6532269030328945
0.8615261069776533
0.559689608013592
0.9293108299345019
0.08593284704493576
0.9170219012475241
0.8112605298594261
0.1417156879073591
0.13051940331475487
0.5870664795254189
0.032098625197643726
0.730631396544116
0.438448203963653
0.314407901757186
0.9985103310210309
0.042978646580733804
0.2914866652863958
0.2804073434813582
0.11532778143172329
0.059713208438613274
0.4948728921924147
0.7591832866688794
0.5675093142866743
0.8081114117352604
0.955266158817565
0.2993033683340234
0.5420557735364235
0.6245261032968257
0.6744886540134865
0.2857998923046974
0.6303544624599605
0.586168640764983
0.3201506612602454
0.6626765374108913
0.6319502045715062
0.7757493230926882
0.6150092872733962
0.8175705971677449
0.3885738978085873
0.822213048349603
0.45511017860228253
0.7164177389047569
0.3836989021795183
0.30896755026722955
0.6155179235884095
0.16786949628873782
0.22273018596265526
0.42123618514386163
0.9931638216634809
0.30174901903062357
0.29898021775559525
0.23757870486800725
0.5901347567192835
0.9740472078028031
0.148934946360474
0.903856735655958
0.6737342641326649
0.10626217710256669
0.059669904821519126
0.21388301396742992
0.602946818862236
0.1252848712982496
0.029706946435486437
0.11496588141522246
0.13896982653819723
0.30273052845885784
0.755517027879117
0.43365735816869055
0.854978223272379
0.25461544197550423
0.7621666937406477
0.39090805722177047
0.2543090045124907
0.4155576066417821
0.6144220914055754
0.5673484086839186
0.02340809258028853
0.3420456772426027
0.5175713566281941
0.03885424120464476
0.2343415680052896
0.20299085702340725
0.9023125413665365
0.40898543403633647
0.6859225064671829
0.18681189444874458
0.47109675417107755
0.5461790671808351
0.06047040676408688
0.5380189820132123
0.9496647855661441
0.11539671083752956
0.2663179380510654
0.28852591110840997
0.12642701808050738
0.06939962257267751
0.6172665687483746
0.34073586109516407
0.26474927623327793
0.8211936762209909
0.5152951160198678
0.7893812238571665
0.007933818956402217
0.6224159405499496
0.40158682135329327
0.11536780022402893
0.0444680007746856
0.17584538033280162
0.49530821510435563
0.3540123042743333
0.6888905043827765
0.5184939267740597
0.4108457340613104
0.7229016150234602
0.005638370874691101
0.9952856580296288
0.9031228553576345
0.8563813512414756
0.3605084991978753
0.8052413702885081
0.945846118010824
0.8382562080227913
0.2017468077692821
0.09605734787452125
0.7649466589007394
0.08925902961643029
0.6141846620291722
0.6620933224354928
0.9168570501227543
0.5470606302096405
0.21762970725328235
0.9769222526627372
0.45933710000490147
0.7554036871186773
0.9272134681671997
0.9077561443066708
0.645436214057155
0.04309417532694415
0.7764085764786243
0.3710832145449253
0.11342528094697502
0.37129562077955236
0.03804592113070804
0.2204245490047656
0.5393843849308562
0.23322213538689596
0.3750889540307467
0.3214309354143322
0.24767871231636152
0.28869522263212444
0.9158295178242803
0.6977738767151098
0.9846450985274877
0.7563929438678128
0.5232050232090972
0.8513896422615962
0.9342286805691908
0.11832321678795699
0.5037091184872049
0.2913669150666275
0.879366728128117
0.04110546376749158
0.41680709149540507
0.0010977943358703168
0.2679645372060323
0.2313488878675405
0.48756220745999124
0.12407220450592327
0.41080822730222744
0.37922515739091367
0.026481197857297634
0.8343078183116429
0.09460034926543337
0.013999631674007751
0.6645648518294746
0.9691967149806516
0.34759030914256006
0.6897786141330934
0.5007830387544306
0.417558995773852
0.5551499284277159
0.369311161754728
0.92395841370219
0.9826333711147227
0.010687341333589506
0.8664366622272728
0.7018701187000985
0.364743757777212
0.3360445880102738
0.3798013367371984
0.4758539945821679
0.11951170376470521
0.294961564256607
0.5151815350911547
0.29356847865526625
0.3546650621848688
0.4316164946372283
0.8151755612166515
0.9440308224963136
0.7650168114434879
0.3416671256098375
0.1846306547496096
0.3854876372268715
0.02006847008669055
0.929047466254751
0.5064934496995909
0.5658789722229155
0.06952103783024899
0.38398032859102194
0.3298249654786809
0.2865668007117146
0.2973978077555669
0.05687033377047135
0.3929351981671827
0.14345128220470582
0.9742912858601931
0.37561376445803074
0.9610561467926085
0.013991772663148883
0.7750254956371984
0.7995674426305872
0.08724456268777836
0.1376674014823246
0.49065562747365754
0.46382479535346033
0.19474335919296915
0.3491230187580513
0.7092469137909904
0.6435728937811398
0.5337396525257959
0.0927508267608953
0.7694649544938398
0.28638178708469586
0.6331065128037848
0.8186188735337946
0.48330740000687566
0.8695830531849801
0.061576831351816796
0.4737780554937454
0.5605408784051261
0.6907132653338952
0.7947922023442621
0.9339980840071187
0.2768581634175604
0.10129072750798429
0.48561274021500145
0.150517086416885
0.5889837096388888
0.7907680888132701
0.6739242880664239
0.647892792973356
0.683015105207798
0.7298562627630797
0.02872948461924063
0.2656784779001228
0.8639885613578258
0.24375251864513026
0.017886456871334278
0.46974296806615046
0.9034162111405961
0.054863296124659344
0.7011774927361323
0.3272283426134741
0.7446493340646775
0.6295756901569912
0.2597700870516608
0.45169038082092194
0.6171205661251816
0.8708195367326786
0.4632803330529859
0.8481890092634767
0.23803624302059856
0.27005323998057473
0.29030335388739126
0.7950821147267407
0.05073451350240321
0.44456974619864387
0.3366010413252608
0.21978148377748363
0.07981686659782039
0.6345028634414264
0.9042628526519292
0.434653041163906
0.9315437508330073
0.5161235925062855
0.19252399247313778
0.18651377993582208
0.8281504964984684
0.6243133184071508
0.6776059898302333
0.4861061305148966
0.7590484258730192
0.03837055269831313
0.7112718193300035
0.1546734187876747
0.033376032012974566
0.2026927173627282
0.6037297908313708
0.6495064599329522
0.6103917108728563
0.8577678844238444
0.4124741659523917
0.10534238630705262
0.5952313528085156
0.8216068757734221
0.6166899894416932
0.8041614589260957
0.08267471592623055
0.032039119657092274
0.24408093406732634
0.08238937339655528
0.18511406620441462
0.32658303460944826
0.9796853272551579
0.5890793648299991
0.2552336219794501
0.7821691626754219
0.21235592856140195
0.9301745038679994
0.9454428772150965
0.6091666693631885
0.342524821884866
0.14155786673762538
0.1476248673371059
0.32837490364489574
0.831274227146236
0.8430167966718345
0.13453613898323857
0.6079777004793185
0.38212564345225164
0.935070708627053
0.32373979276811227
0.76110268388466
0.7438718476932376
0.42627873852957854
0.9742675395821488
0.2969446934689258
0.7988708772826928
0.6311031245284681
0.44724648808202816
0.030801969545753094
0.16770689088662227
0.28979599369810793
0.7507628795539315
0.47238125923126806
0.2303192344643028
0.9688101544478217
0.9050565033955316
0.3186853352920568
0.6557579086132125
0.2136629598831138
0.5808907954462748
0.687432992670353
0.29774130517772857
0.2497771711276513
0.8613600839079426
0.8239017406261635
0.9369121343047094
0.4986879285714084
0.9433264496187646
0.027439614060458695
0.25749571001288285
0.5780040048572687
0.6332213997728642
0.07641386042440002
0.5415798413416146
0.3854805489032396
0.8340199041994192
0.15190157910771585
0.331753039983559
0.1188199872432929
0.05834444039433728
0.6327049034449062
0.7102138287185895
0.5870490242822684
0.39645603112419014
0.475294825986615
0.8071420303066873
0.3362321060750082
0.6130553219316706
0.9520543767692108
0.5990795384007767
0.6849184238616022
0.4377470480064727
0.45184093249156343
0.46468448801544593
0.5009461175954578
0.028949497564584648
0.10236779656861494
0.07508623655801694
0.5460197681712398
0.5491667620349937
0.3026154329309041
0.6841780351389789
0.14376841224828418
0.38578776260606595
0.20141056305450034
0.6203623480565079
0.16032539381822697
0.10630520937280585
0.7409138178797176
0.3668877170132273
0.30321829356384733
0.1954180658151904
0.34840002723160124
0.7007786902027934
0.09646442114483722
0.6545563272474753
0.7731591613069017
0.5502460312011768
0.9024847274830123
0.07478181608302403
0.5199721558009232
0.16371643779717304
0.3575687059194278
0.2182695232019325
0.07239593604165928
0.566380274861239
0.37225892560364404
0.9429301918628066
0.47867079270618196
0.7911371798975757
0.018755885826461705
0.5118215100884345
0.7628166257663385
0.2706754982096634
0.9158859821212958
0.30327547470048244
0.8692979675883383
0.7420281228930928
0.9826326852669707
0.2899285449472936
0.46210850180736873
0.34148922579220686
0.9297530791606776
0.3437277114692028
0.5341764133540311
0.9734076029656993
0.8444479681853247
0.8044588737650844
0.9852479816365819
0.3162932151926017
0.23030892296585304
0.6470488166398313
0.824981417205957
0.79610344186427
0.4389969590241555
0.3217512574045872
0.9899622030594339
0.4721184331184195
0.6209508129707506
0.4353915635059148
0.9731091679958855
0.4379156387028056
0.7578255681129908
0.1995793390748195
0.3143488939551483
0.9067958637345416
0.9988776560393635
0.04507552085465327
0.8998440062621867
0.22163924276195546
0.7499079905844229
0.29666060649197057
0.8400533897525069
0.07287544220774944
0.8119216149207183
0.21896320868698682
0.8159902576178774
0.08039706703502225
0.8332349257437467
0.3529589245294721
0.10692735636613093
0.680246715976778
0.002467716865081071
0.24969962123474054
0.03027653679526643
0.5394949413382287
0.5229691433877979
0.43178686883474904
0.04663102847492029
0.9052993674351498
0.2652284116163368
0.8770479899954384
0.43233857964868216
0.47309234608224426
0.9167196163953272
0.24786671000140859
0.8260374677586079
0.24221482478329703
0.900321393517345
0.3731747107210365
0.2135466868233199
0.9850515353482118
0.3307668996902984
0.5286070207746012
0.3387769975965944
0.9103867770947511
0.8761745089614621
0.15580311564722915
0.7775982992237578
0.8707809379392918
0.26536116389935727
0.4619158202321477
0.4815081167705586
0.26055104552205766
0.939169699703312
0.32540442509264345
0.847564088459369
0.3292197719170744
0.3595255783770769
0.1317241075142348
0.03718028130220974
0.8534736347909296
0.7365673389739112
0.5736450853801869
0.3786628317598264
0.05308307530742484
0.22677484109830648
0.5298024619410864
0.04328846024769606
0.24293207695100305
0.288285477581395
0.01089463743743846
0.8519731172871114
0.823868148408082
0.46935804206013054
0.0903240908584988
0.9969341901374509
0.5044245665947765
0.6317177108647638
0.06959641426848762
0.16626252145942388
0.06898283816493112
0.9076925347164472
0.29085994657194214
0.19044652249127247
0.946334116946033
0.016760532655541227
0.14578881662544463
0.6500527989283285
0.5768657994172721
0.03678419914898745
0.3908963908732973
0.6408042493831747
0.9573355074419334
0.9586019936607079
0.37273755882229465
0.027264779686050566
0.43439764478358767
0.9525026805805118
0.8389610489893513
0.5360258343420838
0.31343448030556875
0.6658208818706302
0.4017174180748939
0.10313543023539651
0.14640761196483743
0.653006425692784
0.4363915042073713
0.9881524832368459
0.31687737412753303
0.8710810611140755
0.7293628220688503
0.2934533855721092
0.12188281135234635
0.16155126192666003
0.90643474626456
0.48387629057011683
0.7209770315510309
0.6370585677208047
0.8732429003783655
0.630858253162639
0.6151480765292747
0.6415048761716695
0.10525578759734688
0.5242511745951112
0.9377846893452637
0.9239191913405974
0.5856011295605205
0.7110239261382576
0.20395177893540006
0.5023877092299165
0.7860568149769946
0.6787460008790923
0.4438977527843865
0.6242489375695727
0.4371150249695106
0.04240068974031663
0.9535755709979008
0.18163623430705766
0.15121237503015938
0.5828931221487859
0.9618486555096163
0.5381821245973945
0.40556590457334174
0.7374475751266196
0.22386391589624255
0.16315038068848164
0.6039525037125982
0.03910569761910998
0.6265223821101638
0.9517596614440571
0.7522899874456549
0.09272287641112886
0.10792776835768259
0.9434121207460526
0.07987698451962
0.7974893476439957
0.1788655877400569
0.8979759854860122
0.4460754896897058
0.0275030078385311
0.0371993261744783
0.982217984508266
0.3888298026058876
0.046343911117591396
0.8245994495553177
0.7443519496417336
0.8847245397286444
0.8658811985923814
0.33214173735637165
0.5439377463686352
0.24975396045647358
0.1796514426146012
0.9887086697127201
0.208117758551709
0.703076129914782
0.15754285777796562
0.9638244794557621
0.47412902675743707
0.7640896708420329
0.7155171089393455
0.7159589755364583
0.32495685907426486
0.29317071521910987
0.16257439252998662
0.0774350319496595
0.6838523194212529
0.9761095761826695
0.27449685940642476
0.6175233833035161
0.04968799868096818
0.8377228891164729
0.6907364385932394
0.8012279541753903
0.08553129602749254
0.20603633313379377
0.6414114005441218
0.6495467221383819
0.949311924171495
0.12284493627571935
0.8265347882215062
0.7860686677204886
0.04853674449570511
0.24319544036458973
0.9706029075122645
0.42497819542402226
0.013625462036144564
0.07470856194825604
0.5957812556422194
0.6767093583916436
0.6607223880808274
0.5110140113904424
0.7705690134235431
0.5476490337610526
0.16823083592551247
0.9393371303073763
0.23463803181265186
0.8761267149999232
0.18215513665355265
0.8831295797761255
0.6818718762502336
0.45530523419039537
0.9063207962037655
0.5707372656290666
0.7660832274578798
0.15158206070956093
0.25516662791000866
0.6247196318618221
0.31862872529888486
0.08745716101553913
0.24773414406927907
0.8253431445185836
0.17813391463666384
0.14160074848170257
0.2905183581852916
0.7778931206352344
0.618583760651679
0.14069994389487228
0.05486095228933008
0.6235044458429235
0.5320993410684614
0.5053099211536491
0.2689386581825719
0.8518076348391176
0.5383297605528014
0.5261819956285809
0.8329488348800576
0.7945279996697148
0.1671958928560331
0.30594470348144953
0.9652751336759189
0.8435820772568552
0.8342662958249086
0.32881924957547803
0.15844004248540966
0.5917245482003838
0.8399421623361112
0.04617718766538903
0.7398840758024772
0.022404196323208003
0.839092199277546
0.8289325143338211
0.4646250024640387
0.7227094948695955
0.17606190144862144
0.35684295958596024
0.3421322716580907
0.7129917142069302
0.8644299380054389
0.41191130852966107
0.6883946145423655
0.773192458656471
0.521754154145917
0.32016724908369076
0.8550613031709196
0.017260043261801306
0.011063336409088298
0.2253016001497209
0.22829848904198613
0.7013599379158592
0.9488392643473199
0.7864643528858627
0.2343156313611685
0.3104469744206959
0.4651144932861072
0.24744546878463158
0.6222639831806996
0.32936129886145493
0.8437835829940494
0.4308623019101856
0.7598094221407968
0.39916547097663335
0.04004736873751635
0.9358024992678758
0.3333123306082445
0.6050089710366398
0.7578627291651832
0.503236192495284
0.3832730051905985
0.22197810768525295
0.8387941454102639
0.9190946736328209
0.9159471884716746
0.9373853933737535
0.845847422630251
0.10596336412045604
0.840267244775073
0.6060820949533811
0.3028774305752512
0.17039984558842236
0.9015201409142276
0.23780963267075184
0.760851120114011
0.29818029458897044
0.26008696434785583
0.8665558352803331
0.3072849305284763
0.6390128360609938
0.2908836866024913
0.9764381813845882
0.9025672112050969
0.07440092279068089
0.7661624974378576
0.004775196561828454
0.4136928001094272
0.15169716856947468
0.4974045215284406
0.27113755088151303
0.18999964674069347
0.3946102290326917
0.654913426178123
0.7423954923167208
0.0811715790045544
0.6079663334118365
0.22264027250110807
0.36037165031525686
0.3488201199522717
0.5078216316013406
0.904165284190364
0.9876863135048927
0.9597214429508131
0.7895334588880297
0.9113399274885666
0.9369444578629019
0.4921062436989486
0.777140887556336
0.9033802345485352
0.3515423090612355
0.2873879404870373
0.802353975644664
0.2258712837742013
0.39419946008636597
0.5755718980659434
0.4134147242552966
0.8669686327181589
0.6442856387823641
0.7853364697363374
0.9275973702629688
0.4835543541431969
0.8472250455916986
0.2567965917198952
0.11736399160209587
0.9462255774047867
0.3153578499442421
0.5624127004598891
0.8808533064888026
0.6408868285992807
0.8569067227530578
0.5985754331203662
0.4080388726227805
0.9746964229874151
0.3664558914434357
0.5989950332428619
0.42262569692724505
0.34885154537751717
0.6976529597446846
0.9809750140349176
0.10848133152244999
0.7891152772033764
0.49906034874907435
0.991266870463282
0.8774139021385892
0.6906197132285491
0.025785015733137406
0.40568599525686555
0.7928227110376386
0.17103339671574047
0.31699546649480337
0.020991867638641803
0.02780393738748732
0.523155272668445
0.1699954071146681
0.1468509572724398
0.5496971251116665
0.515580313008733
0.17152790830862308
0.35994866759717636
0.7751563629321465
0.06606525293947396
0.41637475236975297
0.8770262598389478
0.1252950448232476
0.7406652149603005
0.6131575242049319
0.008261492970159656
0.28377157718549884
0.7904506755139326
0.021693447466347493
0.5666313921880238
0.8335709087572023
0.6341486513831744
0.5263340367644148
0.4437451222408514
0.8768182489257197
0.3070998901980755
0.9813012115482861
0.08879098695421972
0.7784509333807654
0.4738109403203721
0.16692561935931938
0.26995739915732897
0.566204391568767
0.13064188750794858
0.13116658674572468
0.4200764232977561
0.3728429197450316
0.24787137178539798
0.26586217005548696
0.2477006201272719
0.0017794018600588712
0.35379443505676245
0.6853928941555978
0.12457809633449513
0.8679348715464505
0.6760486014856648
0.27708584167389083
0.33408785518050166
0.6330902508566575
0.2435672479608476
0.6781244136123394
0.9053916847908635
0.10289302757476815
0.11377833743204557
0.49511793910971846
0.5105277330769041
0.6870923566183318
0.2778798756520009
0.6643458535371632
0.5998726643306118
0.8677884315983024
0.41120965162125356
0.5006938793053541
0.5143500549313119
0.33001626114557936
0.8052950082419371
0.5155176564236735
0.621276376227137
0.566533340340828
0.33566655802074696
0.7621352481425613
0.7518486321568804
0.15763169058552362
0.8906158272892725
0.24913715794412916
0.8161967902345555
0.6120985909214979
0.9793033449866275
0.5360782558545942
0.6922190135218643
0.3256221574638468
0.6751117374461069
0.9808052398259876
0.5381361651562411
0.8658374695532636
0.7269180881964874
0.24956759696104647
0.6374203417409255
0.641416648938838
0.8792682461553035
0.9478943440575665
0.44662339758319847
0.3250680735450948
0.4902373196238705
0.5096241028082408
0.3200693810330665
0.6108494921145797
0.7505908567937896
0.20843269419871124
0.9945755877119344
0.45974072845267877
0.7696850149246272
0.06968511374529929
0.42468933511960316
0.5287992531614675
0.690738298195052
0.012359656459442925
0.13089928697620767
0.6879134580603888
0.247823411520533
0.7320028809784105
0.06367794863958665
0.9696622209645619
0.6195960430971005
0.9070066995223625
0.7254010495234049
0.47261462268195653
0.8140373652740236
0.147690694541864
0.17596647183700764
0.8098792332872065
0.3755203807021701
0.16384844173095492
0.19088279710565048
0.40815204659565374
0.17625943057511162
0.2477314011589672
0.2856858893737094
0.6609170535496878
0.31215782013889937
0.7012588059960564
0.737138885425067
0.2713534995551269
0.9409708310231186
0.7746714110680689
0.4050200503847693
0.08000695361317867
0.10544568591316739
0.1198940414010422
0.4948814380162577
0.2553954782808334
0.33760846824887303
0.388383363736738
0.2817514344055114
0.6537946388348124
0.08822149181414474
0.8685396046111578
0.2708248068502809
0.699249060300666
0.504900822437912
0.5293488751708841
0.1378095446803923
0.6310725347037646
0.24112820695143788
0.9874829004610349
0.6971068117048552
0.8126343001894253
0.8398250946408248
0.5523749267831244
0.23999347899105716
0.4322656417878409
0.9139944371172586
0.2796687829788853
0.44829741256390465
0.21759520126170373
0.8059201133087642
0.997556534492107
0.28955905677731897
0.05419266169315773
0.319505453914427
0.2947035553813885
0.969932829023329
0.017939282639459875
0.33155077227193197
0.3845743744527801
0.49143398696158136
0.430696763487215
0.9859696706414174
0.2290546326886791
0.17702032554545322
0.43091938652241757
0.01820719155574746
0.39801756662005905
0.3700481037844102
0.1354035425426363
0.24944289569297262
0.3615380627365504
0.7269154959401193
0.28260736006161247
0.41453631303077587
0.930079493921221
0.6358456017408699
0.16678347079741251
0.024650157148475627
0.7590802345771034
0.2438656862434605
0.9556097570479852
0.16753153350084105
0.7339295574010063
0.6999268503800222
0.08333049381835256
0.3521319175961939
0.11070507968022869
0.3819777828390307
0.7938594131434153
0.033235420580942865
0.8168920419089607
0.7420547897886787
0.8073460739407086
0.3143994947803068
0.7703211976329547
0.34719644993765675
0.8878088293262277
0.644706228279096
0.9986250259169527
0.522354591617909
0.40179740495277216
0.7838324190903703
0.3072612295136363
0.3685542475252602
0.06303501451293159
0.5868304391163643
0.5482403849897551
0.5347661177256364
0.4239331452156767
0.6600445919738339
0.21840741430877064
0.6444211710606064
0.34415796265116383
0.297308664303772
0.19832374258614027
0.17615283032817097
0.10989609713117032
0.14358062804926197
0.9276920587983868
0.43536672720105796
0.5961258095703991
0.4618799013819904
0.5754099342991238
0.8063999217291699
0.3518749943883539
0.9771268524326717
0.24074029972223865
0.16026305313983358
0.911652876373969
0.5579747063807683
0.2944751150333327
0.318383549320421
0.34057620101919395
0.8102867600115347
0.21844257838979386
0.4087782842726114
0.3520819290006203
0.8513879531191899
0.9164474975034387
0.9010958862854758
0.9235999831312748
0.3109007849808584
0.6874352209107123
0.1831748263022105
0.025457141337323352
0.14560916151254832
0.0795396165179243
0.7458112778303516
0.45176027043053746
0.17087114766530676
0.538320747057875
0.4156229109499736
0.589434575322927
0.4785980573428462
0.24020033710591082
0.2730201734649783
0.567810523138523
0.9685796505849859
0.5841582652021086
0.613913540851962
0.7105804663659546
0.1266507713264412
0.2824528255238792
0.043777869122109014
0.7913275795261416
0.9201814067721856
0.4933660182323416
0.4688361367591143
0.887630883339717
0.812369749939603
0.38796656816713726
0.19557611711007483
0.2607501603433976
0.44948640360620706
0.20380950332060033
0.004223356906871589
0.7754943368362227
0.16386861570461686
0.39077950123690797
0.8196243281492772
0.3774768356303322
0.3485491906735243
0.8019889793002093
0.9138544240574358
0.2840691439784604
0.8959874069579298
0.294376310229183
0.2849953865376865
0.45103720231146827
0.5507403943621219
0.4442751078186147
0.41951288696268274
0.1982015279096272
0.6735494274185867
0.2994068809349235
0.49965226660988904
0.24266252846925263
0.7320284742288338
0.07281903542440538
0.31670810704817776
0.6473796442407518
0.3659987708033279
0.6536985218215529
0.2641835958514688
0.9445331229155954
0.3039353483482917
0.28103409043725724
0.43230475551014225
0.47083200603027153
0.9125481604602194
0.5606574141381199
0.983852189651685
0.6947094543720687
0.6101196046143259
0.8882817006163508
0.5882742194384045
0.6663289077709003
0.010598011455683731
0.3384297983814175
0.7706412388142192
0.34780550624839635
0.8081323455983274
0.42106549924017345
0.5684786167412403
0.8656647695012112
0.5668218542483251
0.41961641199762
0.2542189049086654
0.6780371977195178
0.18372141849772483
0.7344356467940543
0.572064126544733
0.09083925141049431
0.7348691386753333
0.767630221093296
0.4205469250889894
0.6723813592302383
0.05592403735848306
0.7862665741125954
0.9655645099649531
0.23920662251833757
0.6043169005481724
0.012390139293911973
0.7445213128083663
0.6962327006888457
0.38439794726997867
0.513232777646412
0.4578293618671774
0.5153497234970592
0.03415796124440995
0.7133013326986841
0.9322999308005443
0.5681623756573433
0.10870472468627645
0.22483435666671758
0.9211979112894525
0.03662410965204055
0.03904625674839668
0.7946336329395297
0.4756499744139854
0.6007261348121447
0.9355315540455037
0.3932754673188915
0.9883372047165127
0.8170480492098091
0.7068798510477611
0.6810024561332428
0.8783395615431329
0.793909356948241
0.1852397833770233
0.9933340547013628
0.8768642684891977
0.8784316869693555
0.6481811716807466
0.7113747127781429
0.8113637111627534
0.7412197577706833
0.8055609486065567
0.07152424291182002
0.273619690335427
0.9170896586422002
0.5880683223926713
0.08403428486862774
0.8655012513986032
0.10513370154428803
0.016189332822301394
0.43835775016510425
0.4519340515685528
0.654245092641571
0.29845117544189315
0.5628619346916587
0.4841262401919475
0.04681822319796414
0.309383090578758
0.5541585341608646
0.7797797082276099
0.9435738646426741
0.4767929296945218
0.32153620840923147
0.2701826718696452
0.7743611905276527
0.014586515073713224
0.7819188178221939
0.09930234835859242
0.870935829254005
0.307604687247397
0.6751903625079382
0.004899461476541189
0.046487548776689924
0.6540905473059327
0.15109042986307686
0.6837238950769993
0.15209009656779915
0.670517837128457
0.2228694003264764
0.8186452600700193
0.5528642999432644
0.9284292082699608
0.3343555185690361
0.0863415263897509
0.6229147439484257
0.3147126463712361
0.588626431701392
0.2670389651339814
0.8113048461600367
0.7114571085807184
0.07534535260620256
0.5249156548499666
0.06811672768739241
0.1421478455192854
0.5338758579627633
0.7077296760514145
0.8560113670438952
0.06233712211164133
0.27149489168362606
0.029271715149328803
0.6023534154596211
0.501900485029432
0.22527500270685874
0.33179556568224244
0.782252830520281
0.5076983425070178
0.38831355286834834
0.7500020681632629
0.6836222078045734
0.3396987928055559
0.38223169783407995
0.27207030103375107
0.5198335773769839
0.15560381384751631
0.7262184585050971
0.716973818151284
0.951252044866865
0.01976390835645725
0.5736591302816493
0.8523297441734949
0.9515912432599988
0.20955213929901362
0.7183994032374568
0.7502067780526903
0.04097438947801402
0.9407579460615998
0.7480207378560946
0.17240664026782648
0.16350529949962156
0.725237314487605
0.18302148618303216
0.028446073322826337
0.3333728443065813
0.23032138915813338
0.3092054451144626
0.9751802384061692
0.1836595297715422
0.9599945505674781
0.0634399995751258
0.013249932309692514
0.6291079709395258
0.13151330046355736
0.5996244962580749
0.0015935900433567962
0.5618808138200522
0.5667329462354626
0.9922135136818706
0.708515833350234
0.9974700605592964
0.7185562305836081
0.08829437036678545
0.9032638744213223
0.7044131128824241
0.7390682860309774
0.5510929273098417
0.6892719696082158
0.7239349207928422
0.4047475981159103
0.4706911292659276
0.24946277067036504
0.912430217737025
0.577568340409514
0.3402201152973311
0.9275651631165475
0.7674368570104353
0.39606527133266856
0.5829373365355451
0.10306522418677444
0.9517529941242849
0.6062564841656142
0.11907123064842595
0.5276230211037508
0.5245421324014337
0.31135356681309734
0.834919112958211
0.5594338712162351
0.8203767010456454
0.6857912231280648
0.18157946193439534
0.24411882584103328
0.11696634269615547
0.48060471654769943
0.5332225418201155
0.35992645014101576
0.704253144553264
0.5037791673143674
0.24371044136624753
0.3222820536161455
0.9796778298719402
0.7196936800514173
0.026411652721512913
0.21251250758996287
0.175338829299727
0.08843262129979368
0.20850404067727224
0.9606988674427298
0.04957638964785249
0.7415625028000703
0.7742901637805221
0.4171672856295213
0.23580119324742
0.9875077263983798
0.962374459323575
0.17920165870855664
0.3734616681632601
0.7199234723262155
0.8708919518078632
0.3634381810233719
0.06271240759395014
0.140443985269889
0.7696527184351607
0.05045560360695056
0.3031610090863267
0.6033714407372949
0.6243486967226822
0.5452818166595209
0.4591515269235904
0.807356406937682
0.3004133290052029
0.7042838847998585
0.04686527030446508
0.009324649749213654
0.5887116250927753
0.4966173648386817
0.8570972505870191
0.6961892222038865
0.9458007077301654
0.7355843983458811
0.8721469631922804
0.1748272391931769
0.31533977633347754
0.3313466601243442
0.8498471369648963
0.7819836615311271
0.444300863730671
0.14208531492421417
0.6759143859286673
0.5452768897832292
0.08112602618816156
0.6137235476216811
0.34313628165613663
0.9131906277039241
0.8152219573151368
0.5802372796542825
0.2022166356329167
0.46574747902845803
0.1085976385579982
0.6627160705340049
0.5722848052263403
0.47977435629250254
0.040630276897294815
0.5596738467320449
0.924211328074744
0.8561133411192464
0.397597567829739
0.7664938671564325
0.692328544946588
0.5774929304976767
0.17002069514627483
0.48503276777528337
0.34996480705277766
0.1202749018732876
0.35281388789918233
0.2815025450910389
0.08736982410409078
0.31685439422125805
0.5188242186097178
0.8693517362737647
0.3665986055436795
0.32650817324648096
0.9380239133285176
0.41215592200069673
0.611126079261341
0.4944385200628142
0.7667364312151128
0.1931611832593929
0.9455941219531181
0.17284659364348975
0.7251894586984982
0.11140024527180059
0.9862023952680686
0.8799148735744518
0.5743346575993574
0.5297234113563132
0.27295204154642516
0.6689319463474573
0.4672342026946782
0.9334612127016901
0.7717235281723556
0.040126654490843516
0.9203810765108055
0.9008724427329019
0.7970777765175399
0.6087300149108306
0.7625680704934583
0.6432397570535406
0.5033598677984283
0.6768399238776107
0.6985446526704924
0.8127373997807608
0.34543051795692115
0.2110579982790236
0.5591747562420344
0.6721193054965243
0.9408586870560758
0.6295248136053331
0.5249911379021978
0.9967702618949541
0.6042547388769927
0.656054520946069
0.17995302043131112
0.8507129471725047
0.814845681241249
0.15241684364819252
0.3428210409017708
0.9695698075478042
0.29761856341155424
0.31630473326830055
0.665969774437682
0.773486683748057
0.7267039492406311
0.9040020659329553
0.8565001094936177
0.9164590082987474
0.7279422772343022
0.9266258428688439
0.653620977834575
0.6884504619370699
0.8538052869892239
0.1567680906839295
0.13279097234709492
0.1580117524828477
0.558145659379992
0.7608455566196469
0.08860239382043211
0.4559528369455502
0.6213000174007302
0.2807279467207463
0.8693749787562814
0.15549250291680872
0.8888115363223974
0.12234248257678182
0.6662297696246431
0.5639380180614504
0.2636390847708894
0.6657869218896411
0.35089406504952303
0.17801133796522095
0.0912793171212799
0.5252725899087283
0.0847352208883666
0.8906601216636285
0.24745023576080294
0.2332968399698344
0.020838123307396428
0.02449472930979657
0.10456533064192375
0.14185970929028147
0.6072233957511186
0.964254036173553
0.8866105019119861
0.5487920036084593
0.6200994254795611
0.05247311641019359
0.43182163025225273
0.7229391023789712
0.9209130898706483
0.4348166395917913
0.4362252284904775
0.6668968720739047
0.5522192811664369
0.4602019314633655
0.9920787378976669
0.003726859269660765
0.39613481806393835
0.6760484408121998
0.5463427619920054
0.48050702035146475
0.6398202213022957
0.18794682977988741
0.5167745349346994
0.04698900819774876
0.5068928397610135
0.13975576629200548
0.08710716448648892
0.59097951179623
0.6464976219175995
0.674438867263409
0.14295386640577346
0.6851859662086692
0.2324886086823188
0.5774719934691475
0.02363754417593744
0.6265800829175557
0.5110272213322165
0.20929270535461086
0.790205456042674
0.06929901613668266
0.36069569464004836
0.08132191981019965
0.4540680886293115
0.5704249989816712
0.8250954922178312
0.9019003889385684
0.49836320981112536
0.7755692727806428
0.5989747746242775
0.5010313250922206
0.2967734685351192
0.3136207736247918
0.6021283735916727
0.5524267050723521
0.3465623548402522
0.9017113797509934
0.3122796361055896
0.6216158317561418
0.8883317046043018
0.49590641775987465
0.04872877643346174
0.1047987834493983
0.6659990098289249
0.9767534887365777
0.9280107079848949
0.07641016154870617
0.18540999399648606
0.20623998513467667
0.763906677518647
0.6905258145760325
0.6384288406952654
0.31884681293871153
0.39259075322818715
0.021362020866021902
0.5534134770724392
0.1481099826293245
0.8048833076558204
0.4522715573035685
0.18683157337389822
0.4313054308838886
0.29493872173448277
0.0538495039306498
0.5206388738005587
0.3580586199968211
0.14151753751927432
0.5407092276935447
0.6085502712422762
0.32410025224064043
0.5402793663326256
0.4435237672826531
0.7148973576447181
0.2561266740476582
0.364207614991201
0.05049960093190631
0.6470320533105609
0.934840292773572
0.01286721737205998
0.8420183956653365
0.722645407803559
0.11807606818188521
0.10082135236184608
0.0707360958732296
0.32589584888537804
0.3718843115368369
0.5120863690136394
0.858016990011747
0.5288104657586749
0.4919325947469767
0.41180653437163584
0.5353293251240379
0.6014137046816682
0.3914414600306688
0.4767242484995302
0.11160169702971379
0.5372768046228704
0.5273478743799731
0.49893679058966667
0.3712114059858064
0.9795059196386106
0.6336232970070715
0.09546748345207356
0.7452423943496147
0.8470302680914739
0.026683013438880687
0.10025749973307696
0.42190582797900167
0.42165296113470285
0.3382243878977963
0.20140072894606986
0.5443528391530775
0.048907857439148605
0.026953175474572877
0.8120663524454649
0.9161222738722244
0.774121110093403
0.26936093683884843
0.9436581162347101
0.48416235585591305
0.5631473024003582
0.7342254264751312
0.2093558383115799
0.6482906931065457
0.5031122101033767
0.3688006609989577
0.7572201887498472
0.5600277700886317
0.601730299188117
0.47605889630566967
0.2655131119183636
0.319438204481753
0.5275253775954449
0.33642552979050866
0.40485660327913586
0.9324624979270295
0.9364347918382512
0.37041972987850413
0.7955949762656447
0.38803818232337717
0.9703938237006984
0.7573666740961397
0.3938769103127657
0.5351511764342026
0.14678210392022673
0.42906577231987497
0.6961788049675641
0.8303693321163486
0.10672345467860878
0.9186721465970383
0.7131021561862251
0.2855794826153263
0.998424103893265
0.4200290655191745
0.9424235095357931
0.23337354116038045
0.437415016078992
0.053001404924276185
0.7173140194357833
0.6647151413292446
0.5869017912054918
0.19314297158092786
0.663176923415376
0.15565896766383658
0.7389509004629106
0.5128564411928667
0.34290288007606806
0.728730495855034
0.7261044044529276
0.9587387011404239
0.43782395652639794
0.6109195512137092
0.8619631074423468
0.8647972674822075
0.6400466920673373
0.7143323136449456
0.4063521236821481
0.4944479093519226
0.49584993977751246
0.3251563386978643
0.618619091866797
0.47196960560010937
0.9213913203624247
0.47355738487311216
0.9476624532821953
0.0649016214899738
0.024114111433843566
0.6422338950277727
0.4983461619361149
0.4621519529617871
0.6148123625353239
0.71775182967303
0.00980204572612231
0.6618013911332957
0.12663925613405835
0.2743665900860084
0.20806272170039875
0.6626807904711658
0.002230738990959491
0.9595563504659257
0.24895601173559356
0.22201906522047932
0.1465415532182437
0.7641466251865433
0.013011896562434178
0.7897630424278768
0.5950510255926713
0.4147993345763623
0.518565731934245
0.06635030982145684
0.263851108943135
0.9459405144778472
0.21858975005698655
0.41495744464304085
0.021485479075113223
0.33321263486609176
0.5818087606533994
0.1882108964521222
0.24067211354065177
0.5989818930909108
0.02966602983681277
0.011651571541052341
0.2970865152261827
0.7484445819665274
0.12160868671302372
0.1504916822421416
0.603342984407462
0.7478782561630288
0.8648399268026798
0.6310518364498292
0.8913985993250145
0.7588126447737072
0.9375637237458516
0.49467718777703895
0.018913727283339177
0.46892476724095844
0.6730860360927303
0.1926629096306527
0.8668545614550202
0.29494680844587184
0.5461753367244713
0.9118677949141111
0.4334410392861717
0.03998786219338768
0.5732121667078666
0.02810331297498192
0.3966233173115944
0.069639108611113
0.14064164032164317
0.8729232291331178
0.3830490694257812
0.18915665529000325
0.3042865886895769
0.1415563719580607
0.6883224980306782
0.49433814643292084
0.18241384670625727
0.3791072809656807
0.936550768313814
0.8315977522228063
0.6558629725685483
0.383074800028564
0.0632425183579155
0.20132253785458165
0.9603438570092482
0.8326628620185857
0.8885446120593351
0.6545953826682307
0.18563824414900443
0.8415711143814429
0.14157424145593278
0.3672567143456058
0.9199572847092986
0.9363752333163081
0.8506565773200719
0.6872182555118006
0.6296887250225928
0.7606076540434383
0.0013946977658816362
0.7794067891911394
0.20010303319603895
0.44492305033278146
0.4050510473412652
0.8997069250446169
0.025797807859527344
0.40875754749528515
0.6169297095771148
0.14305697519402105
0.9983994736085927
0.9818116985586051
0.17024353163264194
0.834899779023012
0.9171008534122973
0.05054136953762112
0.6764926369677903
0.35111029130474525
0.8492277493236134
0.5839050870107158
0.2952650909575881
0.5910351179876973
0.38171013729202685
0.618348362445626
0.024990248547604232
0.3329191466751812
0.7480027527279818
0.7031194247016603
0.5811758358398147
0.09397984876432985
0.7528639802371817
0.5242114841222637
0.8358836032539636
0.9179742337194047
0.20747951939929854
0.28352901099145333
0.2752964440478586
0.3263014731625603
0.4989999092134574
0.032832881128394775
0.9165605775041445
0.08810459923756087
0.7469339281558973
0.7333675717598152
0.10121385018244888
0.16179256422019817
0.49878135610385066
0.9338487495508363
0.7811871334011777
0.19261235966447954
0.26620050994786915
0.6489499908196115
0.10404913731078458
0.5342050662073203
0.8869528591880287
0.20256089079970518
0.10043680389164578
0.8073588400211296
0.7151458299947332
0.763378743806552
0.5207026592726417
0.739544213503942
0.7229281177103098
0.48831375967976987
0.17054540951261443
0.47101694561262863
0.6402531163962912
0.6441772457893576
0.3601496726775917
0.11750112014876146
0.07820274204454147
0.6738997386936972
0.4349827724716291
0.019726416996460494
0.6155779667478045
0.25834726302135447
0.8978741461495593
0.846384908318469
0.6862775460351181
0.9963308979491801
0.9946262616165589
0.6659788206231965
0.49309907727430835
0.5240234300627515
0.14687657190715397
0.7748595868723328
0.6327719214987779
0.27232967229499816
0.4965793709128017
0.3617601745084462
0.6973454499056504
0.1211821525359208
0.04290826349040899
0.505689265844467
0.8471794545259219
0.32309874289771945
0.8290419027305251
0.45356505194334773
0.16268799431648506
0.6345971898005869
0.7675789842508175
0.18485908223552416
0.5707389907317498
0.014591358783418107
0.7766852517943121
0.0789345459376436
0.16276390118913564
0.12731373457625883
0.6639739916896176
0.5853264923590394
0.38521452625613506
0.3488434834842937
0.6239587174560735
0.04055155857487258
0.27603357539593687
0.6077939816456323
0.9089083337355962
0.7558683912562211
0.6168359341597872
0.48322888588529067
0.021896760177033125
0.8416597993472806
0.37785293945562193
0.6668870331241474
0.7206990845050865
0.17355456572849493
0.990949427391372
0.5967707145743802
0.867604315536226
0.6833586190449291
0.30521878394878066
0.18720900012743102
0.5387848625429893
0.19251716369860639
0.642208153953595
0.43049360390824
0.20200020221069726
0.843494578417572
0.1368259042312835
0.6546605459699546
0.1364233588436362
0.16334045395432695
0.2909226136264882
0.17067484745310657
0.9600610153162354
0.17021813386487827
0.5483669046464285
0.6430789485233314
0.08314639024343884
0.11990847300369745
0.5675671862909414
0.6432037966071542
0.6487335228849385
0.5614986460395804
0.8213509981668162
0.21655998638920415
0.8554418448252864
0.9744433092528921
0.8209184652028282
0.7855961990721628
0.26421987467488617
0.9238129532720321
0.6814571007107119
0.5312037938808404
0.3020102757904254
0.39157625780879457
0.9020139389826726
0.2420863279680534
0.9991711444551667
0.4567263587898347
0.5273078585117394
0.7121762650940824
0.42000082951550954
0.2339092370162532
0.6438902743111243
0.5061736486432802
0.7511343713723552
0.43514439528750826
0.026247949475271426
0.8496313065074034
0.5634514199541797
0.7421852444943215
0.08197823909958424
0.4207601484967707
0.9006264806047497
0.4058930281789148
0.012378915108318012
0.10096318466666254
0.2171733063007082
0.7336057084643715
0.7468995490035992
0.7941048802604452
0.6498769972683425
0.26835287984157574
0.7497663271376901
0.35938058679281604
0.7919900310369973
0.29945773773990936
0.4130646001773778
0.47889077526869206
0.9894228919282687
0.4920595434039614
0.7267195106231833
0.11050730580573165
0.979764237863337
0.4068288168156592
0.3033883318900402
0.36555955346532354
0.7181860369471667
0.04880083178902783
0.44172019468574264
0.18242649933702382
0.05109670536823829
0.26162434282652036
0.4970844933088866
0.2884814568646745
0.9021656712860517
0.013329729627161502
